1579192400.842000008

1579192400.842999935

1579192400.845000029

1579192400.846999884

1579192400.848999977

1579192400.849999905

1579192400.854000092

1579192400.855999947

1579192400.857000113

1579192400.858999968

1579192400.861000061

1579192400.862999916

1579192400.865999937

1579192400.868000031

1579192400.868999958

1579192400.871000051

1579192400.878000021

1579192400.900000095

1579192400.917999983

1579192400.921000004

1579192400.924999952

1579192400.927000046

1579192400.928999901

1579192400.930999994

1579192400.933000088

1579192400.937000036

1579192400.940000057

1579192400.941999912

1579192400.944000006

1579192400.944999933

1579192400.948999882

1579192400.950999975

1579192400.953000069

1579192400.953999996

1579192400.956000090

1579192400.957999945

1579192400.964999914

1579192400.967000008

1579192400.967999935

1579192400.970000029

1579192400.973999977

1579192400.976000071

1579192400.976999998

1579192400.979000092

1579192400.980999947

1579192400.984999895

1579192400.986000061

1579192400.987999916

1579192400.990000010

1579192400.992000103

1579192401.017999887

1579192401.020999908

1579192401.023000002

1579192401.025000095

1579192401.026999950

1579192401.036000013

1579192401.038000107

1579192401.039999962

1579192401.040999889

1579192401.059999943

1579192401.062999964

1579192401.065000057

1579192401.065999985

1579192401.069999933

1579192401.072000027

1579192401.073999882

1579192401.075000048

1579192401.076999903

1579192401.081000090

1579192401.082000017

1579192401.085000038

1579192401.086999893

1579192401.088999987

1579192401.089999914

1579192401.092999935

1579192401.095000029

1579192401.096999884

1579192401.098999977

1579192401.099999905

1579192401.104000092

1579192401.105000019

1579192401.107000113

1579192401.108999968

1579192401.111000061

1579192401.111999989

1579192401.115999937

1579192401.117000103

1579192401.118999958

1579192401.121000051

1579192401.122999907

1579192401.125000000

1579192401.128000021

1579192401.130000114

1579192401.131999969

1579192401.134000063

1579192401.135999918

1579192401.137000084

1579192401.141000032

1579192401.147000074

1579192401.148000002

1579192401.151999950

1579192401.153000116

1579192401.157999992

1579192401.160000086

1579192401.161000013

1579192401.164999962

1579192401.167000055

1579192401.168999910

1579192401.171000004

1579192401.171999931

1579192401.176000118

1579192401.177999973

1579192401.178999901

1579192401.180999994

1579192401.183000088

1579192401.184999943

1579192401.187999964

1579192401.190999985

1579192401.193000078

1579192401.194000006

1579192401.196000099

1579192401.200999975

1579192401.203000069

1579192401.204999924

1579192401.206000090

1579192401.207999945

1579192401.211999893

1579192401.213999987

1579192401.214999914

1579192401.217000008

1579192401.219000101

1579192401.220999956

1579192401.223999977

1579192401.226000071

1579192401.227999926

1579192401.230000019

1579192401.232000113

1579192401.233000040

1579192401.236999989

1579192401.239000082

1579192401.240000010

1579192401.242000103

1579192401.243999958

1579192401.246000051

1579192401.249000072

1579192401.250999928

1579192401.253000021

1579192401.255000114

1579192401.256000042

1579192401.259999990

1579192401.262000084

1579192401.263000011

1579192401.265000105

1579192401.266999960

1579192401.269000053

1579192401.272000074

1579192401.273999929

1579192401.276000023

1579192401.278000116

1579192401.279000044

1579192401.280999899

1579192401.283999920

1579192401.286000013

1579192401.288000107

1579192401.289999962

1579192401.292000055

1579192401.295000076

1579192401.296999931

1579192401.299000025

1579192401.301000118

1579192401.302999973

1579192401.306999922

1579192401.308000088

1579192401.309999943

1579192401.312000036

1579192401.313999891

1579192401.315000057

1579192401.319000006

1579192401.319999933

1579192401.322000027

1579192401.323999882

1579192401.325999975

1579192401.328000069

1579192401.331000090

1579192401.332999945

1579192401.335000038

1579192401.335999966

1579192401.338000059

1579192401.339999914

1579192401.342999935

1579192401.345000029

1579192401.346999884

1579192401.348999977

1579192401.349999905

1579192401.351999998

1579192401.355000019

1579192401.357000113

1579192401.358999968

1579192401.361000061

1579192401.361999989

1579192401.364000082

1579192401.368000031

1579192401.369999886

1579192401.371000051

1579192401.372999907

1579192401.375000000

1579192401.378999949

1579192401.381000042

1579192401.381999969

1579192401.384000063

1579192401.385999918

1579192401.388000011

1579192401.391000032

1579192401.392999887

1579192401.395999908

1579192401.398000002

1579192401.398999929

1579192401.403000116

1579192401.404999971

1579192401.405999899

1579192401.407999992

1579192401.410000086

1579192401.411999941

1579192401.414999962

1579192401.417000055

1579192401.418999910

1579192401.420000076

1579192401.421999931

1579192401.424000025

1579192401.427000046

1579192401.428999901

1579192401.430999994

1579192401.438999891

1579192401.440999985

1579192401.443000078

1579192401.444999933

1579192401.446000099

1579192401.447999954

1579192401.450999975

1579192401.453000069

1579192401.454999924

1579192401.457000017

1579192401.457999945

1579192401.460000038

1579192401.463999987

1579192401.466000080

1579192401.467000008

1579192401.469000101

1579192401.470999956

1579192401.474999905

1579192401.476000071

1579192401.477999926

1579192401.480000019

1579192401.482000113

1579192401.483999968

1579192401.486999989

1579192401.489000082

1579192401.490999937

1579192401.493000031

1579192401.494999886

1579192401.497999907

1579192401.500000000

1579192401.502000093

1579192401.503999949

1579192401.506000042

1579192401.506999969

1579192401.512000084

1579192401.513999939

1579192401.515000105

1579192401.516999960

1579192401.519000053

1579192401.522000074

1579192401.523999929

1579192401.526000023

1579192401.528000116

1579192401.529000044

1579192401.530999899

1579192401.533999920

1579192401.536000013

1579192401.538000107

1579192401.539999962

1579192401.540999889

1579192401.542999983

1579192401.546000004

1579192401.548000097

1579192401.552000046

1579192401.553999901

1579192401.555000067

1579192401.559000015

1579192401.561000109

1579192401.562999964

1579192401.563999891

1579192401.565999985

1579192401.569999933

1579192401.571000099

1579192401.572999954

1579192401.575000048

1579192401.576999903

1579192401.578999996

1579192401.582000017

1579192401.584000111

1579192401.585999966

1579192401.588999987

1579192401.591000080

1579192401.594000101

1579192401.595999956

1579192401.598000050

1579192401.599999905

1579192401.601999998

1579192401.604000092

1579192401.607000113

1579192401.608999968

1579192401.611000061

1579192401.612999916

1579192401.614000082

1579192401.618000031

1579192401.619999886

1579192401.621999979

1579192401.624000072

1579192401.625000000

1579192401.627000093

1579192401.631000042

1579192401.631999969

1579192401.634999990

1579192401.638000011

1579192401.641999960

1579192401.642999887

1579192401.644999981

1579192401.647000074

1579192401.648999929

1579192401.650000095

1579192401.654000044

1579192401.655999899

1579192401.657999992

1579192401.660000086

1579192401.661000013

1579192401.663000107

1579192401.665999889

1579192401.667999983

1579192401.670000076

1579192401.671999931

1579192401.674000025

1579192401.676000118

1579192401.678999901

1579192401.680999994

1579192401.683000088

1579192401.684999943

1579192401.686000109

1579192401.690000057

1579192401.693000078

1579192401.696000099

1579192401.701999903

1579192401.703999996

1579192401.706000090

1579192401.707000017

1579192401.709000111

1579192401.710999966

1579192401.713999987

1579192401.716000080

1579192401.717999935

1579192401.720000029

1579192401.721999884

1579192401.723999977

1579192401.726999998

1579192401.729000092

1579192401.730999947

1579192401.733999968

1579192401.737999916

1579192401.739000082

1579192401.740999937

1579192401.743000031

1579192401.744999886

1579192401.746999979

1579192401.750000000

1579192401.752000093

1579192401.753999949

1579192401.756000042

1579192401.756999969

1579192401.759000063

1579192401.763000011

1579192401.765000105

1579192401.766999960

1579192401.767999887

1579192401.769999981

1579192401.773999929

1579192401.775000095

1579192401.778000116

1579192401.779000044

1579192401.782000065

1579192401.783999920

1579192401.786999941

1579192401.789999962

1579192401.792000055

1579192401.792999983

1579192401.795000076

1579192401.798000097

1579192401.801000118

1579192401.802999973

1579192401.805000067

1579192401.805999994

1579192401.809999943

1579192401.811000109

1579192401.812999964

1579192401.815000057

1579192401.816999912

1579192401.819000006

1579192401.822000027

1579192401.823999882

1579192401.825999975

1579192401.828000069

1579192401.828999996

1579192401.831000090

1579192401.834000111

1579192401.835999966

1579192401.838000059

1579192401.839999914

1579192401.841000080

1579192401.842999935

1579192401.845999956

1579192401.848000050

1579192401.849999905

1579192401.851999998

1579192401.852999926

1579192401.855000019

1579192401.858000040

1579192401.859999895

1579192401.861999989

1579192401.868999958

1579192401.871000051

1579192401.872999907

1579192401.875000000

1579192401.877000093

1579192401.878000021

1579192401.881999969

1579192401.884000063

1579192401.885999918

1579192401.887000084

1579192401.888999939

1579192401.892999887

1579192401.894999981

1579192401.897000074

1579192401.898999929

1579192401.900000095

1579192401.901999950

1579192401.904999971

1579192401.907000065

1579192401.908999920

1579192401.911000013

1579192401.911999941

1579192401.914000034

1579192401.917999983

1579192401.918999910

1579192401.921000004

1579192401.923000097

1579192401.924999952

1579192401.928999901

1579192401.930000067

1579192401.931999922

1579192401.934000015

1579192401.936000109

1579192401.937000036

1579192401.940999985

1579192401.943000078

1579192401.944000006

1579192401.946000099

1579192401.947999954

1579192401.948999882

1579192401.953000069

1579192401.954999924

1579192401.956000090

1579192401.957999945

1579192401.960000038

1579192401.961999893

1579192401.964999914

1579192401.967000008

1579192401.969000101

1579192401.970999956

1579192401.973000050

1579192401.976000071

1579192401.979000092

1579192401.980999947

1579192401.983000040

1579192401.983999968

1579192401.986000061

1579192401.989000082

1579192401.990999937

1579192401.993000031

1579192401.994999886

1579192401.996000051

1579192401.997999907

1579192402.002000093

1579192402.003999949

1579192402.006000042

1579192402.007999897

1579192402.009999990

1579192402.013000011

1579192402.015000105

1579192402.016999960

1579192402.019000053

1579192402.019999981

1579192402.022000074

1579192402.025000095

1579192402.026999950

1579192402.029000044

1579192402.030999899

1579192402.032000065

1579192402.033999920

1579192402.038000107

1579192402.039999962

1579192402.040999889

1579192402.042999983

1579192402.045000076

1579192402.049000025

1579192402.051000118

1579192402.052999973

1579192402.053999901

1579192402.055999994

1579192402.058000088

1579192402.061000109

1579192402.062999964

1579192402.065000057

1579192402.066999912

1579192402.069000006

1579192402.071000099

1579192402.073999882

1579192402.075999975

1579192402.078000069

1579192402.079999924

1579192402.082000017

1579192402.085000038

1579192402.088000059

1579192402.089999914

1579192402.091000080

1579192402.092999935

1579192402.095999956

1579192402.098000050

1579192402.099999905

1579192402.101999998

1579192402.104000092

1579192402.105000019

1579192402.108999968

1579192402.111000061

1579192402.112999916

1579192402.115000010

1579192402.115999937

1579192402.119999886

1579192402.122999907

1579192402.125000000

1579192402.128000021

1579192402.131999969

1579192402.134000063

1579192402.135999918

1579192402.138000011

1579192402.138999939

1579192402.141000032

1579192402.144000053

1579192402.145999908

1579192402.148000002

1579192402.150000095

1579192402.151000023

1579192402.153000116

1579192402.155999899

1579192402.157999992

1579192402.160000086

1579192402.161999941

1579192402.163000107

1579192402.164999962

1579192402.168999910

1579192402.171000004

1579192402.173000097

1579192402.174999952

1579192402.177000046

1579192402.178999901

1579192402.181999922

1579192402.184000015

1579192402.186000109

1579192402.187999964

1579192402.190000057

1579192402.193000078

1579192402.194999933

1579192402.197000027

1579192402.197999954

1579192402.200000048

1579192402.217000008

1579192402.233999968

1579192402.236000061

1579192402.240000010

1579192402.242000103

1579192402.243000031

1579192402.244999886

1579192402.246999979

1579192402.247999907

1579192402.252000093

1579192402.253999949

1579192402.255000114

1579192402.256999969

1579192402.259000063

1579192402.260999918

1579192402.263999939

1579192402.266000032

1579192402.267999887

1579192402.269999981

1579192402.270999908

1579192402.273000002

1579192402.276999950

1579192402.279000044

1579192402.279999971

1579192402.282000065

1579192402.283999920

1579192402.286000013

1579192402.288000107

1579192402.289999962

1579192402.292000055

1579192402.293999910

1579192402.296000004

1579192402.299999952

1579192402.302000046

1579192402.303999901

1579192402.305000067

1579192402.306999922

1579192402.311000109

1579192402.312000036

1579192402.319000006

1579192402.322999954

1579192402.325000048

1579192402.325999975

1579192402.328000069

1579192402.329999924

1579192402.331000090

1579192402.335000038

1579192402.336999893

1579192402.338000059

1579192402.339999914

1579192402.342000008

1579192402.344000101

1579192402.346999884

1579192402.348999977

1579192402.351000071

1579192402.352999926

1579192402.354000092

1579192402.355999947

1579192402.361000061

1579192402.362999916

1579192402.365000010

1579192402.365999937

1579192402.368000031

1579192402.371999979

1579192402.374000072

1579192402.375999928

1579192402.378000021

1579192402.378999949

1579192402.381999969

1579192402.384999990

1579192402.388000011

1579192402.388999939

1579192402.391000032

1579192402.394999981

1579192402.397000074

1579192402.398999929

1579192402.401000023

1579192402.401999950

1579192402.404000044

1579192402.407999992

1579192402.410000086

1579192402.411999941

1579192402.413000107

1579192402.414999962

1579192402.418999910

1579192402.421000004

1579192402.421999931

1579192402.424000025

1579192402.426000118

1579192402.427000046

1579192402.430999994

1579192402.433000088

1579192402.434000015

1579192402.436000109

1579192402.437999964

1579192402.440000057

1579192402.443000078

1579192402.444999933

1579192402.447000027

1579192402.448999882

1579192402.450000048

1579192402.451999903

1579192402.456000090

1579192402.457999945

1579192402.459000111

1579192402.460999966

1579192402.463000059

1579192402.464999914

1579192402.467999935

1579192402.470000029

1579192402.471999884

1579192402.473999977

1579192402.476000071

1579192402.479000092

1579192402.480999947

1579192402.483000040

1579192402.484999895

1579192402.486999989

1579192402.490999937

1579192402.493000031

1579192402.494999886

1579192402.496999979

1579192402.497999907

1579192402.502000093

1579192402.503999949

1579192402.506000042

1579192402.507999897

1579192402.509000063

1579192402.510999918

1579192402.513999939

1579192402.516000032

1579192402.517999887

1579192402.520999908

1579192402.523000002

1579192402.526000023

1579192402.528000116

1579192402.529999971

1579192402.532000065

1579192402.533999920

1579192402.536000013

1579192402.539000034

1579192402.542000055

1579192402.542999983

1579192402.545000076

1579192402.546999931

1579192402.549999952

1579192402.552000046

1579192402.555000067

1579192402.556999922

1579192402.558000088

1579192402.559999943

1579192402.563999891

1579192402.565999985

1579192402.568000078

1579192402.569999933

1579192402.571000099

1579192402.575000048

1579192402.576999903

1579192402.578999996

1579192402.579999924

1579192402.582000017

1579192402.584000111

1579192402.585999966

1579192402.588000059

1579192402.589999914

1579192402.592000008

1579192402.594000101

1579192402.595000029

1579192402.598999977

1579192402.601000071

1579192402.602999926

1579192402.605000019

1579192402.605999947

1579192402.609999895

1579192402.611999989

1579192402.612999916

1579192402.615000010

1579192402.617000103

1579192402.618000031

1579192402.621999979

1579192402.624000072

1579192402.625000000

1579192402.627000093

1579192402.628999949

1579192402.631000042

1579192402.634999990

1579192402.637000084

1579192402.638999939

1579192402.640000105

1579192402.641999960

1579192402.645999908

1579192402.647000074

1579192402.648999929

1579192402.651000023

1579192402.653000116

1579192402.654000044

1579192402.657999992

1579192402.660000086

1579192402.661999941

1579192402.664000034

1579192402.664999962

1579192402.667000055

1579192402.671000004

1579192402.673000097

1579192402.674999952

1579192402.676000118

1579192402.677999973

1579192402.681999922

1579192402.683000088

1579192402.686000109

1579192402.687000036

1579192402.688999891

1579192402.690999985

1579192402.694999933

1579192402.697000027

1579192402.698999882

1579192402.700000048

1579192402.701999903

1579192402.704999924

1579192402.707000017

1579192402.709000111

1579192402.710999966

1579192402.711999893

1579192402.713999987

1579192402.717999935

1579192402.720000029

1579192402.720999956

1579192402.723000050

1579192402.724999905

1579192402.729000092

1579192402.730999947

1579192402.733000040

1579192402.734999895

1579192402.736000061

1579192402.737999916

1579192402.744999886

1579192402.747999907

1579192402.749000072

1579192402.750999928

1579192402.753999949

1579192402.756000042

1579192402.757999897

1579192402.759999990

1579192402.762000084

1579192402.763000011

1579192402.766999960

1579192402.769000053

1579192402.770999908

1579192402.772000074

1579192402.773999929

1579192402.776000023

1579192402.779000044

1579192402.780999899

1579192402.782999992

1579192402.785000086

1579192402.789000034

1579192402.790999889

1579192402.792999983

1579192402.793999910

1579192402.796000004

1579192402.798000097

1579192402.802000046

1579192402.803999901

1579192402.805000067

1579192402.806999922

1579192402.809000015

1579192402.812999964

1579192402.813999891

1579192402.815999985

1579192402.818000078

1579192402.819999933

1579192402.822000027

1579192402.825000048

1579192402.826999903

1579192402.828999996

1579192402.829999924

1579192402.832000017

1579192402.832999945

1579192402.835000038

1579192402.838000059

1579192402.839999914

1579192402.842000008

1579192402.842999935

1579192402.845000029

1579192402.848999977

1579192402.851000071

1579192402.852999926

1579192402.855000019

1579192402.857000113

1579192402.858000040

1579192402.861999989

1579192402.864000082

1579192402.865999937

1579192402.868000031

1579192402.868999958

1579192402.872999907

1579192402.875000000

1579192402.877000093

1579192402.878999949

1579192402.880000114

1579192402.881999969

1579192402.884999990

1579192402.887000084

1579192402.888000011

1579192402.891999960

1579192402.892999887

1579192402.897000074

1579192402.898999929

1579192402.901000023

1579192402.903000116

1579192402.904000044

1579192402.907999992

1579192402.910000086

1579192402.911999941

1579192402.914000034

1579192402.914999962

1579192402.917000055

1579192402.920000076

1579192402.921999931

1579192402.924000025

1579192402.926000118

1579192402.927000046

1579192402.928999901

1579192402.933000088

1579192402.934999943

1579192402.936000109

1579192402.937999964

1579192402.940999985

1579192402.943000078

1579192402.946000099

1579192402.947999954

1579192402.950000048

1579192402.951999903

1579192402.953000069

1579192402.957000017

1579192402.959000111

1579192402.960999966

1579192402.961999893

1579192402.963999987

1579192402.966000080

1579192402.969000101

1579192402.970999956

1579192402.973000050

1579192402.974999905

1579192402.976999998

1579192402.979000092

1579192402.982000113

1579192402.983999968

1579192402.986000061

1579192402.987999916

1579192402.992000103

1579192402.993999958

1579192402.996000051

1579192402.997999907

1579192403.000000000

1579192403.000999928

1579192403.005000114

1579192403.006999969

1579192403.009000063

1579192403.010999918

1579192403.013000011

1579192403.016000032

1579192403.017999887

1579192403.019999981

1579192403.022000074

1579192403.023999929

1579192403.026000023

1579192403.029000044

1579192403.030999899

1579192403.032999992

1579192403.033999920

1579192403.036000013

1579192403.039999962

1579192403.042000055

1579192403.042999983

1579192403.045000076

1579192403.046999931

1579192403.048000097

1579192403.052000046

1579192403.053999901

1579192403.055999994

1579192403.058000088

1579192403.059000015

1579192403.061000109

1579192403.063999891

1579192403.065999985

1579192403.068000078

1579192403.069999933

1579192403.072000027

1579192403.075999975

1579192403.078000069

1579192403.079999924

1579192403.082999945

1579192403.084000111

1579192403.088000059

1579192403.089999914

1579192403.092000008

1579192403.094000101

1579192403.095000029

1579192403.098999977

1579192403.101000071

1579192403.102999926

1579192403.105000019

1579192403.105999947

1579192403.108000040

1579192403.111999989

1579192403.114000082

1579192403.115999937

1579192403.117000103

1579192403.118999958

1579192403.122999907

1579192403.124000072

1579192403.125999928

1579192403.128000021

1579192403.130000114

1579192403.131000042

1579192403.135999918

1579192403.137000084

1579192403.138999939

1579192403.141000032

1579192403.142999887

1579192403.144999981

1579192403.148000002

1579192403.150000095

1579192403.151999950

1579192403.154000044

1579192403.154999971

1579192403.157000065

1579192403.161000013

1579192403.163000107

1579192403.164000034

1579192403.171000004

1579192403.173000097

1579192403.174999952

1579192403.177000046

1579192403.177999973

1579192403.180000067

1579192403.183000088

1579192403.184999943

1579192403.187000036

1579192403.187999964

1579192403.190000057

1579192403.191999912

1579192403.194999933

1579192403.197000027

1579192403.198999882

1579192403.200999975

1579192403.201999903

1579192403.203999996

1579192403.207999945

1579192403.209000111

1579192403.211999893

1579192403.213000059

1579192403.214999914

1579192403.217000008

1579192403.220000029

1579192403.221999884

1579192403.226999998

1579192403.230999947

1579192403.233000040

1579192403.234999895

1579192403.236999989

1579192403.237999916

1579192403.240000010

1579192403.243000031

1579192403.244999886

1579192403.246999979

1579192403.249000072

1579192403.250000000

1579192403.252000093

1579192403.255000114

1579192403.256999969

1579192403.259000063

1579192403.260999918

1579192403.262000084

1579192403.263999939

1579192403.266999960

1579192403.269000053

1579192403.270999908

1579192403.273000002

1579192403.273999929

1579192403.276000023

1579192403.279999971

1579192403.282000065

1579192403.283999920

1579192403.286000013

1579192403.286999941

1579192403.290999889

1579192403.292999983

1579192403.295000076

1579192403.296999931

1579192403.299000025

1579192403.302000046

1579192403.303999901

1579192403.305999994

1579192403.308000088

1579192403.309000015

1579192403.311000109

1579192403.313999891

1579192403.315999985

1579192403.318000078

1579192403.319999933

1579192403.321000099

1579192403.322999954

1579192403.325999975

1579192403.328999996

1579192403.331000090

1579192403.332999945

1579192403.335000038

1579192403.335999966

1579192403.339999914

1579192403.342000008

1579192403.344000101

1579192403.345000029

1579192403.346999884

1579192403.351000071

1579192403.352999926

1579192403.354000092

1579192403.355999947

1579192403.358000040

1579192403.358999968

1579192403.362999916

1579192403.364000082

1579192403.365999937

1579192403.368000031

1579192403.369999886

1579192403.371000051

1579192403.375000000

1579192403.377000093

1579192403.378999949

1579192403.381000042

1579192403.382999897

1579192403.385999918

1579192403.388000011

1579192403.390000105

1579192403.391999960

1579192403.394000053

1579192403.395999908

1579192403.398999929

1579192403.401000023

1579192403.403000116

1579192403.404999971

1579192403.405999899

1579192403.410000086

1579192403.411000013

1579192403.413000107

1579192403.414999962

1579192403.417000055

1579192403.417999983

1579192403.421999931

1579192403.424000025

1579192403.426000118

1579192403.427000046

1579192403.428999901

1579192403.430999994

1579192403.434000015

1579192403.436000109

1579192403.437999964

1579192403.440000057

1579192403.440999985

1579192403.443000078

1579192403.447000027

1579192403.447999954

1579192403.450000048

1579192403.451999903

1579192403.453999996

1579192403.454999924

1579192403.459000111

1579192403.460999966

1579192403.463000059

1579192403.463999987

1579192403.466000080

1579192403.470000029

1579192403.471999884

1579192403.473999977

1579192403.474999905

1579192403.476999998

1579192403.479000092

1579192403.480999947

1579192403.483000040

1579192403.484999895

1579192403.486999989

1579192403.489000082

1579192403.490999937

1579192403.493999958

1579192403.496000051

1579192403.497999907

1579192403.500000000

1579192403.500999928

1579192403.505000114

1579192403.506000042

1579192403.507999897

1579192403.509999990

1579192403.512000084

1579192403.513000011

1579192403.516999960

1579192403.517999887

1579192403.520999908

1579192403.523000002

1579192403.525000095

1579192403.526999950

1579192403.530999899

1579192403.532000065

1579192403.533999920

1579192403.536000013

1579192403.538000107

1579192403.542000055

1579192403.543999910

1579192403.545000076

1579192403.546999931

1579192403.549000025

1579192403.549999952

1579192403.553999901

1579192403.555999994

1579192403.556999922

1579192403.559000015

1579192403.561000109

1579192403.562000036

1579192403.565999985

1579192403.566999912

1579192403.569000006

1579192403.571000099

1579192403.572999954

1579192403.573999882

1579192403.578000069

1579192403.578999996

1579192403.586999893

1579192403.589999914

1579192403.592000008

1579192403.595000029

1579192403.595999956

1579192403.598000050

1579192403.601999998

1579192403.604000092

1579192403.605999947

1579192403.607000113

1579192403.608999968

1579192403.612999916

1579192403.614000082

1579192403.617000103

1579192403.618999958

1579192403.619999886

1579192403.621999979

1579192403.625000000

1579192403.627000093

1579192403.628999949

1579192403.631000042

1579192403.631999969

1579192403.634000063

1579192403.638000011

1579192403.640000105

1579192403.641000032

1579192403.642999887

1579192403.644999981

1579192403.647000074

1579192403.650000095

1579192403.651999950

1579192403.654000044

1579192403.655999899

1579192403.657000065

1579192403.661000013

1579192403.661999941

1579192403.664000034

1579192403.665999889

1579192403.667999983

1579192403.668999910

1579192403.673000097

1579192403.674000025

1579192403.676000118

1579192403.677999973

1579192403.680000067

1579192403.681999922

1579192403.684999943

1579192403.687000036

1579192403.688999891

1579192403.690999985

1579192403.691999912

1579192403.694000006

1579192403.697000027

1579192403.698999882

1579192403.700999975

1579192403.703000069

1579192403.703999996

1579192403.706000090

1579192403.710000038

1579192403.711999893

1579192403.714999914

1579192403.716000080

1579192403.719000101

1579192403.721999884

1579192403.723999977

1579192403.726000071

1579192403.726999998

1579192403.729000092

1579192403.733000040

1579192403.733999968

1579192403.736000061

1579192403.737999916

1579192403.740000010

1579192403.742000103

1579192403.744999886

1579192403.746999979

1579192403.749000072

1579192403.750999928

1579192403.752000093

1579192403.753999949

1579192403.757999897

1579192403.759999990

1579192403.760999918

1579192403.763000011

1579192403.765000105

1579192403.766999960

1579192403.769999981

1579192403.772000074

1579192403.773000002

1579192403.775000095

1579192403.776999950

1579192403.779999971

1579192403.782000065

1579192403.783999920

1579192403.786000013

1579192403.786999941

1579192403.789000034

1579192403.792000055

1579192403.793999910

1579192403.796000004

1579192403.798000097

1579192403.799000025

1579192403.801000118

1579192403.803999901

1579192403.805999994

1579192403.808000088

1579192403.809999943

1579192403.812000036

1579192403.812999964

1579192403.816999912

1579192403.819000006

1579192403.821000099

1579192403.822000027

1579192403.823999882

1579192403.828000069

1579192403.828999996

1579192403.831000090

1579192403.832999945

1579192403.835000038

1579192403.836999893

1579192403.839999914

1579192403.842000008

1579192403.844000101

1579192403.845999956

1579192403.848000050

1579192403.848999977

1579192403.852999926

1579192403.855000019

1579192403.857000113

1579192403.858000040

1579192403.859999895

1579192403.864000082

1579192403.865999937

1579192403.867000103

1579192403.868999958

1579192403.871000051

1579192403.872999907

1579192403.875999928

1579192403.878999949

1579192403.881000042

1579192403.881999969

1579192403.884000063

1579192403.888000011

1579192403.890000105

1579192403.891999960

1579192403.894000053

1579192403.894999981

1579192403.898999929

1579192403.901000023

1579192403.903000116

1579192403.904999971

1579192403.905999899

1579192403.908999920

1579192403.913000107

1579192403.914999962

1579192403.915999889

1579192403.917999983

1579192403.920000076

1579192403.921999931

1579192403.924999952

1579192403.927000046

1579192403.927999973

1579192403.930000067

1579192403.931999922

1579192403.934000015

1579192403.937000036

1579192403.938999891

1579192403.940999985

1579192403.941999912

1579192403.944000006

1579192403.947999954

1579192403.948999882

1579192403.950999975

1579192403.953000069

1579192403.954999924

1579192403.956000090

1579192403.960999966

1579192403.963000059

1579192403.964999914

1579192403.967000008

1579192403.969000101

1579192403.971999884

1579192403.973999977

1579192403.976000071

1579192403.977999926

1579192403.980000019

1579192403.983000040

1579192403.984999895

1579192403.986999989

1579192403.989000082

1579192403.990999937

1579192403.993000031

1579192403.996000051

1579192403.997999907

1579192404.000000000

1579192404.006999969

1579192404.009000063

1579192404.012000084

1579192404.013999939

1579192404.015000105

1579192404.019000053

1579192404.020999908

1579192404.023000002

1579192404.025000095

1579192404.026000023

1579192404.028000116

1579192404.030999899

1579192404.032999992

1579192404.035000086

1579192404.036999941

1579192404.039000034

1579192404.040999889

1579192404.043999910

1579192404.046000004

1579192404.046999931

1579192404.049000025

1579192404.051000118

1579192404.055000067

1579192404.055999994

1579192404.058000088

1579192404.059999943

1579192404.062000036

1579192404.063999891

1579192404.066999912

1579192404.069000006

1579192404.071000099

1579192404.072999954

1579192404.075000048

1579192404.078000069

1579192404.079999924

1579192404.082000017

1579192404.084000111

1579192404.085000038

1579192404.086999893

1579192404.089999914

1579192404.092000008

1579192404.094000101

1579192404.095999956

1579192404.098000050

1579192404.098999977

1579192404.104000092

1579192404.105999947

1579192404.108000040

1579192404.108999968

1579192404.111000061

1579192404.115000010

1579192404.117000103

1579192404.118000031

1579192404.119999886

1579192404.121999979

1579192404.124000072

1579192404.127000093

1579192404.128999949

1579192404.131000042

1579192404.132999897

1579192404.134000063

1579192404.135999918

1579192404.140000105

1579192404.141999960

1579192404.144000053

1579192404.145999908

1579192404.147000074

1579192404.151000023

1579192404.153000116

1579192404.154000044

1579192404.155999899

1579192404.157999992

1579192404.160000086

1579192404.163000107

1579192404.164999962

1579192404.167000055

1579192404.168999910

1579192404.170000076

1579192404.171999931

1579192404.176000118

1579192404.177999973

1579192404.180000067

1579192404.181999922

1579192404.183000088

1579192404.187000036

1579192404.188999891

1579192404.190999985

1579192404.193000078

1579192404.194999933

1579192404.197999954

1579192404.200000048

1579192404.201999903

1579192404.203999996

1579192404.204999924

1579192404.207000017

1579192404.210999966

1579192404.213000059

1579192404.213999987

1579192404.216000080

1579192404.217999935

1579192404.221999884

1579192404.223000050

1579192404.226000071

1579192404.226999998

1579192404.229000092

1579192404.230999947

1579192404.234999895

1579192404.236000061

1579192404.237999916

1579192404.240000010

1579192404.242000103

1579192404.243999958

1579192404.246999979

1579192404.249000072

1579192404.250999928

1579192404.253000021

1579192404.253999949

1579192404.257999897

1579192404.259999990

1579192404.260999918

1579192404.263000011

1579192404.265000105

1579192404.266999960

1579192404.269999981

1579192404.272000074

1579192404.273999929

1579192404.276000023

1579192404.278000116

1579192404.280999899

1579192404.282999992

1579192404.285000086

1579192404.286999941

1579192404.289000034

1579192404.293999910

1579192404.295000076

1579192404.296999931

1579192404.299000025

1579192404.301000118

1579192404.302000046

1579192404.305999994

1579192404.308000088

1579192404.309000015

1579192404.311000109

1579192404.312999964

1579192404.315000057

1579192404.318000078

1579192404.319999933

1579192404.322000027

1579192404.323999882

1579192404.325999975

1579192404.326999903

1579192404.331000090

1579192404.332999945

1579192404.335000038

1579192404.336999893

1579192404.338000059

1579192404.342000008

1579192404.342999935

1579192404.345000029

1579192404.346999884

1579192404.348999977

1579192404.351000071

1579192404.354000092

1579192404.355999947

1579192404.358000040

1579192404.359999895

1579192404.361999989

1579192404.362999916

1579192404.367000103

1579192404.368000031

1579192404.369999886

1579192404.371999979

1579192404.374000072

1579192404.375999928

1579192404.378000021

1579192404.380000114

1579192404.381999969

1579192404.384000063

1579192404.385999918

1579192404.390000105

1579192404.391999960

1579192404.394000053

1579192404.394999981

1579192404.397000074

1579192404.401000023

1579192404.401999950

1579192404.404000044

1579192404.405999899

1579192404.407999992

1579192404.408999920

1579192404.413000107

1579192404.414999962

1579192404.417000055

1579192404.418999910

1579192404.420000076

1579192404.421999931

1579192404.424999952

1579192404.427000046

1579192404.433000088

1579192404.437000036

1579192404.437999964

1579192404.440000057

1579192404.441999912

1579192404.444000006

1579192404.446000099

1579192404.448999882

1579192404.450999975

1579192404.453000069

1579192404.454999924

1579192404.457000017

1579192404.460999966

1579192404.461999893

1579192404.463999987

1579192404.466000080

1579192404.467999935

1579192404.469000101

1579192404.473000050

1579192404.473999977

1579192404.480000019

1579192404.480000019

1579192404.483999968

1579192404.486000061

1579192404.489000082

1579192404.490000010

1579192404.492000103

1579192404.493999958

1579192404.496999979

1579192404.499000072

1579192404.500999928

1579192404.503000021

1579192404.503999949

1579192404.506000042

1579192404.509000063

1579192404.510999918

1579192404.513000011

1579192404.515000105

1579192404.516999960

1579192404.520999908

1579192404.522000074

1579192404.523999929

1579192404.526000023

1579192404.528000116

1579192404.529000044

1579192404.532999992

1579192404.535000086

1579192404.536999941

1579192404.539000034

1579192404.539999962

1579192404.542000055

1579192404.546000004

1579192404.548000097

1579192404.549999952

1579192404.551000118

1579192404.552999973

1579192404.556999922

1579192404.558000088

1579192404.559999943

1579192404.562000036

1579192404.563999891

1579192404.565000057

1579192404.569000006

1579192404.569999933

1579192404.572999954

1579192404.573999882

1579192404.575999975

1579192404.579999924

1579192404.582000017

1579192404.584000111

1579192404.585999966

1579192404.586999893

1579192404.588999987

1579192404.592000008

1579192404.594000101

1579192404.595999956

1579192404.598000050

1579192404.599999905

1579192404.601000071

1579192404.605000019

1579192404.607000113

1579192404.608999968

1579192404.609999895

1579192404.611999989

1579192404.615999937

1579192404.618000031

1579192404.618999958

1579192404.621000051

1579192404.622999907

1579192404.625000000

1579192404.628000021

1579192404.630000114

1579192404.631999969

1579192404.634000063

1579192404.635999918

1579192404.638000011

1579192404.641000032

1579192404.642999887

1579192404.644999981

1579192404.647000074

1579192404.648999929

1579192404.651999950

1579192404.654000044

1579192404.655999899

1579192404.657999992

1579192404.658999920

1579192404.661000013

1579192404.664000034

1579192404.665999889

1579192404.667999983

1579192404.670000076

1579192404.671000004

1579192404.673000097

1579192404.677000046

1579192404.678999901

1579192404.681999922

1579192404.683000088

1579192404.684999943

1579192404.688999891

1579192404.690000057

1579192404.691999912

1579192404.694000006

1579192404.694999933

1579192404.697000027

1579192404.697999954

1579192404.700999975

1579192404.703000069

1579192404.704999924

1579192404.709000111

1579192404.711999893

1579192404.713999987

1579192404.716000080

1579192404.717999935

1579192404.719000101

1579192404.720999956

1579192404.723999977

1579192404.726000071

1579192404.727999926

1579192404.730000019

1579192404.732000113

1579192404.733999968

1579192404.736999989

1579192404.739000082

1579192404.742000103

1579192404.743999958

1579192404.747999907

1579192404.749000072

1579192404.750999928

1579192404.753000021

1579192404.755000114

1579192404.756000042

1579192404.759999990

1579192404.762000084

1579192404.763999939

1579192404.766000032

1579192404.766999960

1579192404.769000053

1579192404.772000074

1579192404.775000095

1579192404.776000023

1579192404.778000116

1579192404.779999971

1579192404.782999992

1579192404.785000086

1579192404.786999941

1579192404.789000034

1579192404.790999889

1579192404.792000055

1579192404.796000004

1579192404.798000097

1579192404.799999952

1579192404.801000118

1579192404.802999973

1579192404.806999922

1579192404.808000088

1579192404.809999943

1579192404.812000036

1579192404.813999891

1579192404.815999985

1579192404.819000006

1579192404.821000099

1579192404.822000027

1579192404.823999882

1579192404.825999975

1579192404.828000069

1579192404.831000090

1579192404.832999945

1579192404.835000038

1579192404.836999893

1579192404.838000059

1579192404.839999914

1579192404.844000101

1579192404.845999956

1579192404.846999884

1579192404.848999977

1579192404.855999947

1579192404.858000040

1579192404.859999895

1579192404.861999989

1579192404.864000082

1579192404.867000103

1579192404.868999958

1579192404.871000051

1579192404.874000072

1579192404.875999928

1579192404.878999949

1579192404.881000042

1579192404.882999897

1579192404.884999990

1579192404.887000084

1579192404.888999939

1579192404.891999960

1579192404.894000053

1579192404.895999908

1579192404.898000002

1579192404.898999929

1579192404.903000116

1579192404.904000044

1579192404.905999899

1579192404.907999992

1579192404.910000086

1579192404.911999941

1579192404.914999962

1579192404.917000055

1579192404.917999983

1579192404.920000076

1579192404.921999931

1579192404.924000025

1579192404.927000046

1579192404.928999901

1579192404.930999994

1579192404.933000088

1579192404.934000015

1579192404.936000109

1579192404.938999891

1579192404.940999985

1579192404.943000078

1579192404.944999933

1579192404.946000099

1579192404.947999954

1579192404.951999903

1579192404.953999996

1579192404.954999924

1579192404.957000017

1579192404.959000111

1579192404.960999966

1579192404.963999987

1579192404.966000080

1579192404.967999935

1579192404.969000101

1579192404.970999956

1579192404.973999977

1579192404.976000071

1579192404.977999926

1579192404.980000019

1579192404.980999947

1579192404.983000040

1579192404.986000061

1579192404.987999916

1579192404.990000010

1579192404.992000103

1579192404.993000031

1579192404.994999886

1579192404.999000072

1579192405.000000000

1579192405.002000093

1579192405.003999949

1579192405.006000042

1579192405.009999990

1579192405.012000084

1579192405.013000011

1579192405.015000105

1579192405.017999887

1579192405.019000053

1579192405.023000002

1579192405.025000095

1579192405.026999950

1579192405.028000116

1579192405.029999971

1579192405.033999920

1579192405.035000086

1579192405.036999941

1579192405.039000034

1579192405.040999889

1579192405.042000055

1579192405.046000004

1579192405.048000097

1579192405.049000025

1579192405.051000118

1579192405.052999973

1579192405.055000067

1579192405.058000088

1579192405.059999943

1579192405.062000036

1579192405.063999891

1579192405.065000057

1579192405.068000078

1579192405.072000027

1579192405.073999882

1579192405.075999975

1579192405.078000069

1579192405.081000090

1579192405.082999945

1579192405.085000038

1579192405.086999893

1579192405.088000059

1579192405.089999914

1579192405.094000101

1579192405.095999956

1579192405.098000050

1579192405.098999977

1579192405.101000071

1579192405.105000019

1579192405.105999947

1579192405.108000040

1579192405.109999895

1579192405.111999989

1579192405.114000082

1579192405.117000103

1579192405.118999958

1579192405.121000051

1579192405.122999907

1579192405.124000072

1579192405.125999928

1579192405.128999949

1579192405.131000042

1579192405.132999897

1579192405.134999990

1579192405.137000084

1579192405.138999939

1579192405.141999960

1579192405.144000053

1579192405.145999908

1579192405.147000074

1579192405.148999929

1579192405.153000116

1579192405.154000044

1579192405.155999899

1579192405.157999992

1579192405.160000086

1579192405.161000013

1579192405.164999962

1579192405.167000055

1579192405.168999910

1579192405.170000076

1579192405.171999931

1579192405.176000118

1579192405.177999973

1579192405.180000067

1579192405.180999994

1579192405.183000088

1579192405.184999943

1579192405.187999964

1579192405.190000057

1579192405.194999933

1579192405.197000027

1579192405.200000048

1579192405.201999903

1579192405.203999996

1579192405.206000090

1579192405.207999945

1579192405.210000038

1579192405.213000059

1579192405.214999914

1579192405.217000008

1579192405.217999935

1579192405.220000029

1579192405.223999977

1579192405.224999905

1579192405.226999998

1579192405.229000092

1579192405.230999947

1579192405.233000040

1579192405.236000061

1579192405.237999916

1579192405.240000010

1579192405.242000103

1579192405.243999958

1579192405.244999886

1579192405.249000072

1579192405.250999928

1579192405.252000093

1579192405.253999949

1579192405.256000042

1579192405.260999918

1579192405.262000084

1579192405.263999939

1579192405.266000032

1579192405.267999887

1579192405.269000053

1579192405.272000074

1579192405.279000044

1579192405.280999899

1579192405.283999920

1579192405.286000013

1579192405.288000107

1579192405.289999962

1579192405.292000055

1579192405.292999983

1579192405.296999931

1579192405.299000025

1579192405.301000118

1579192405.302999973

1579192405.303999901

1579192405.308000088

1579192405.309999943

1579192405.311000109

1579192405.312999964

1579192405.315000057

1579192405.315999985

1579192405.319999933

1579192405.321000099

1579192405.322999954

1579192405.325000048

1579192405.326999903

1579192405.328999996

1579192405.332000017

1579192405.334000111

1579192405.335999966

1579192405.338000059

1579192405.338999987

1579192405.341000080

1579192405.344000101

1579192405.345999956

1579192405.348000050

1579192405.349999905

1579192405.351999998

1579192405.352999926

1579192405.357000113

1579192405.358999968

1579192405.361000061

1579192405.361999989

1579192405.364000082

1579192405.368000031

1579192405.369999886

1579192405.371999979

1579192405.374000072

1579192405.375000000

1579192405.378999949

1579192405.381000042

1579192405.382999897

1579192405.384999990

1579192405.387000084

1579192405.388000011

1579192405.391999960

1579192405.392999887

1579192405.394999981

1579192405.397000074

1579192405.398999929

1579192405.403000116

1579192405.404000044

1579192405.405999899

1579192405.407999992

1579192405.410000086

1579192405.411000013

1579192405.414999962

1579192405.415999889

1579192405.417999983

1579192405.420000076

1579192405.421999931

1579192405.423000097

1579192405.427000046

1579192405.428999901

1579192405.430999994

1579192405.433000088

1579192405.434000015

1579192405.436000109

1579192405.438999891

1579192405.440999985

1579192405.443000078

1579192405.444999933

1579192405.446000099

1579192405.447999954

1579192405.451999903

1579192405.454999924

1579192405.457000017

1579192405.457999945

1579192405.460000038

1579192405.463999987

1579192405.464999914

1579192405.467000008

1579192405.469000101

1579192405.471999884

1579192405.474999905

1579192405.476999998

1579192405.479000092

1579192405.480999947

1579192405.483000040

1579192405.483999968

1579192405.487999916

1579192405.490000010

1579192405.492000103

1579192405.493999958

1579192405.494999886

1579192405.499000072

1579192405.500999928

1579192405.503000021

1579192405.505000114

1579192405.506000042

1579192405.507999897

1579192405.510999918

1579192405.513000011

1579192405.515000105

1579192405.516999960

1579192405.519000053

1579192405.523000002

1579192405.523999929

1579192405.526000023

1579192405.528000116

1579192405.529999971

1579192405.532000065

1579192405.535000086

1579192405.536999941

1579192405.539000034

1579192405.540999889

1579192405.542000055

1579192405.543999910

1579192405.548000097

1579192405.549999952

1579192405.551000118

1579192405.552999973

1579192405.555000067

1579192405.556999922

1579192405.559999943

1579192405.562000036

1579192405.563999891

1579192405.565000057

1579192405.566999912

1579192405.569999933

1579192405.572000027

1579192405.573999882

1579192405.575999975

1579192405.576999903

1579192405.578999996

1579192405.582999945

1579192405.584000111

1579192405.585999966

1579192405.588000059

1579192405.589999914

1579192405.594000101

1579192405.595999956

1579192405.596999884

1579192405.598999977

1579192405.601000071

1579192405.602999926

1579192405.605999947

1579192405.608000040

1579192405.609999895

1579192405.611999989

1579192405.612999916

1579192405.615000010

1579192405.618999958

1579192405.621000051

1579192405.622999907

1579192405.624000072

1579192405.625999928

1579192405.630000114

1579192405.631999969

1579192405.632999897

1579192405.634999990

1579192405.637000084

1579192405.638999939

1579192405.641999960

1579192405.644000053

1579192405.647000074

1579192405.648999929

1579192405.650000095

1579192405.651999950

1579192405.655999899

1579192405.657999992

1579192405.658999920

1579192405.661000013

1579192405.663000107

