1583316881.717000008

1583316881.717999935

1583316881.721999884

1583316881.723000050

1583316881.724999905

1583316881.726999998

1583316881.729000092

1583316881.730000019

1583316881.733999968

1583316881.736000061

1583316881.736999989

1583316881.739000082

1583316881.740999937

1583316881.744999886

1583316881.746999979

1583316881.747999907

1583316881.750000000

1583316881.752000093

1583316881.753999949

1583316881.756999969

1583316881.759000063

1583316881.760999918

1583316881.779000044

1583316881.836999893

1583316881.842999935

1583316881.845999956

1583316881.848000050

1583316881.848999977

1583316881.852999926

1583316881.859999895

1583316881.861999989

1583316881.865000010

1583316881.868000031

1583316881.868999958

1583316881.871000051

1583316881.872999907

1583316881.877000093

1583316881.878999949

1583316881.881999969

1583316881.884000063

1583316881.884999990

1583316881.888999939

1583316881.891000032

1583316881.891999960

1583316881.894000053

1583316881.895999908

1583316881.897000074

1583316881.901000023

1583316881.901999950

1583316881.904000044

1583316881.905999899

1583316881.907999992

1583316881.908999920

1583316881.913000107

1583316881.914000034

1583316881.915999889

1583316881.917999983

1583316881.918999910

1583316881.921000004

1583316881.924999952

1583316881.927000046

1583316881.927999973

1583316881.930000067

1583316881.931999922

1583316881.934000015

1583316881.937000036

1583316881.938999891

1583316881.940000057

1583316881.941999912

1583316881.944000006

1583316881.947999954

1583316881.948999882

1583316881.950999975

1583316881.953000069

1583316881.953999996

1583316881.956000090

1583316881.960000038

1583316881.960999966

1583316881.963000059

1583316881.964999914

1583316881.967000008

1583316881.967999935

1583316881.971999884

1583316881.973000050

1583316881.974999905

1583316881.976999998

1583316881.977999926

1583316881.980000019

1583316881.990000010

1583316881.992000103

1583316881.996000051

1583316881.997999907

1583316881.999000072

1583316882.005000114

1583316882.009000063

1583316882.010999918

1583316882.012000084

1583316882.013999939

1583316882.016000032

1583316882.019999981

1583316882.022000074

1583316882.023000002

1583316882.025000095

1583316882.026999950

1583316882.029000044

1583316882.032000065

1583316882.033999920

1583316882.036000013

1583316882.036999941

1583316882.039000034

1583316882.042999983

1583316882.043999910

1583316882.046000004

1583316882.048000097

1583316882.049999952

1583316882.051000118

1583316882.055000067

1583316882.055999994

1583316882.058000088

1583316882.059999943

1583316882.062000036

1583316882.062999964

1583316882.066999912

1583316882.068000078

1583316882.069999933

1583316882.072000027

1583316882.072999954

1583316882.075000048

1583316882.078999996

1583316882.079999924

1583316882.082000017

1583316882.084000111

1583316882.085000038

1583316882.086999893

1583316882.091000080

1583316882.092999935

1583316882.094000101

1583316882.095999956

1583316882.098000050

1583316882.098999977

1583316882.102999926

1583316882.105000019

1583316882.107000113

1583316882.108000040

1583316882.109999895

1583316882.111999989

1583316882.115000010

1583316882.117000103

1583316882.118999958

1583316882.121000051

1583316882.121999979

1583316882.125999928

1583316882.128000021

1583316882.130000114

1583316882.131000042

1583316882.132999897

1583316882.134999990

1583316882.138000011

1583316882.140000105

1583316882.141000032

1583316882.142999887

1583316882.144999981

1583316882.147000074

1583316882.153000116

1583316882.154000044

1583316882.155999899

1583316882.157999992

1583316882.161999941

1583316882.163000107

1583316882.164999962

1583316882.167000055

1583316882.168999910

1583316882.170000076

1583316882.174000025

1583316882.174999952

1583316882.177000046

1583316882.178999901

1583316882.180000067

1583316882.183000088

1583316882.186000109

1583316882.187999964

1583316882.188999891

1583316882.190999985

1583316882.193000078

1583316882.194999933

1583316882.197999954

1583316882.200000048

1583316882.201999903

1583316882.203999996

1583316882.204999924

1583316882.207000017

1583316882.210000038

1583316882.211999893

1583316882.213999987

1583316882.216000080

1583316882.217000008

1583316882.221999884

1583316882.224999905

1583316882.227999926

1583316882.230999947

1583316882.233999968

1583316882.236000061

1583316882.237999916

1583316882.240000010

1583316882.240999937

1583316882.243000031

1583316882.246000051

1583316882.247999907

1583316882.250000000

1583316882.250999928

1583316882.253000021

1583316882.255000114

1583316882.257999897

1583316882.259999990

1583316882.262000084

1583316882.263000011

1583316882.265000105

1583316882.266999960

1583316882.269999981

1583316882.272000074

1583316882.273000002

1583316882.275000095

1583316882.276999950

1583316882.278000116

1583316882.282000065

1583316882.282999992

1583316882.285000086

1583316882.286999941

1583316882.289000034

1583316882.289999962

1583316882.293999910

1583316882.296000004

1583316882.298000097

1583316882.299000025

1583316882.301000118

1583316882.302999973

1583316882.305999994

1583316882.308000088

1583316882.309000015

1583316882.311000109

1583316882.312999964

1583316882.313999891

1583316882.318000078

1583316882.319999933

1583316882.322000027

1583316882.323999882

1583316882.325000048

1583316882.328999996

1583316882.331000090

1583316882.332000017

1583316882.334000111

1583316882.335999966

1583316882.336999893

1583316882.341000080

1583316882.342000008

1583316882.344000101

1583316882.345999956

1583316882.346999884

1583316882.348999977

1583316882.352999926

1583316882.354000092

1583316882.355999947

1583316882.358000040

1583316882.358999968

1583316882.361000061

1583316882.365000010

1583316882.365999937

1583316882.368000031

1583316882.369999886

1583316882.371000051

1583316882.372999907

1583316882.377000093

1583316882.378000021

1583316882.380000114

1583316882.381999969

1583316882.384000063

1583316882.384999990

1583316882.388999939

1583316882.391000032

1583316882.391999960

1583316882.394000053

1583316882.395999908

1583316882.397000074

1583316882.401000023

1583316882.401999950

1583316882.404000044

1583316882.405999899

1583316882.407000065

1583316882.408999920

1583316882.413000107

1583316882.414999962

1583316882.415999889

1583316882.417999983

1583316882.420000076

1583316882.424000025

1583316882.426000118

1583316882.427000046

1583316882.428999901

1583316882.430000067

1583316882.431999922

1583316882.436000109

1583316882.437000036

1583316882.438999891

1583316882.440999985

1583316882.441999912

1583316882.444000006

1583316882.447999954

1583316882.454999924

1583316882.483999968

1583316882.525000095

1583316882.559000015

1583316882.578999996

1583316882.582000017

1583316882.585000038

1583316882.586999893

1583316882.591000080

1583316882.592000008

1583316882.594000101

1583316882.595000029

1583316882.596999884

1583316882.598999977

1583316882.602999926

1583316882.604000092

1583316882.605999947

1583316882.608000040

1583316882.608999968

1583316882.611000061

1583316882.615000010

1583316882.617000103

1583316882.618000031

1583316882.619999886

1583316882.621999979

1583316882.625999928

1583316882.627000093

1583316882.628999949

1583316882.631000042

1583316882.631999969

1583316882.634000063

1583316882.638000011

1583316882.638999939

1583316882.641000032

1583316882.642999887

1583316882.644000053

1583316882.645999908

1583316882.650000095

1583316882.651000023

1583316882.653000116

1583316882.654999971

1583316882.655999899

1583316882.657999992

1583316882.661999941

1583316882.664000034

1583316882.664999962

1583316882.667000055

1583316882.668999910

1583316882.670000076

1583316882.674000025

1583316882.674999952

1583316882.677000046

1583316882.678999901

1583316882.680999994

1583316882.681999922

1583316882.686000109

1583316882.687000036

1583316882.688999891

1583316882.690999985

1583316882.691999912

1583316882.694000006

1583316882.697999954

1583316882.700000048

1583316882.700999975

1583316882.703000069

1583316882.704999924

1583316882.706000090

1583316882.710000038

1583316882.710999966

1583316882.713000059

1583316882.714999914

1583316882.717000008

1583316882.719000101

1583316882.721999884

1583316882.723999977

1583316882.724999905

1583316882.726999998

1583316882.729000092

1583316882.733000040

1583316882.733999968

1583316882.736000061

1583316882.737999916

1583316882.740000010

1583316882.740999937

1583316882.744999886

1583316882.746000051

1583316882.752000093

1583316882.753999949

1583316882.756999969

1583316882.759000063

1583316882.760999918

1583316882.763000011

1583316882.763999939

1583316882.766000032

1583316882.769999981

1583316882.772000074

1583316882.773000002

1583316882.775000095

1583316882.776999950

1583316882.779000044

1583316882.782000065

1583316882.783999920

1583316882.785000086

1583316882.786999941

1583316882.789000034

1583316882.789999962

1583316882.793999910

1583316882.796000004

1583316882.798000097

1583316882.799000025

1583316882.801000118

1583316882.805000067

1583316882.805999994

1583316882.808000088

1583316882.809999943

1583316882.811000109

1583316882.812999964

1583316882.816999912

1583316882.819000006

1583316882.819999933

1583316882.822000027

1583316882.823999882

1583316882.825999975

1583316882.828999996

1583316882.829999924

1583316882.832000017

1583316882.834000111

1583316882.835999966

1583316882.836999893

1583316882.841000080

1583316882.842999935

1583316882.844000101

1583316882.845999956

1583316882.848000050

1583316882.848999977

1583316882.852999926

1583316882.855000019

1583316882.855999947

1583316882.858000040

1583316882.859999895

1583316882.864000082

1583316882.865000010

1583316882.867000103

1583316882.868999958

1583316882.869999886

1583316882.871999979

1583316882.875999928

1583316882.877000093

1583316882.878999949

1583316882.881000042

1583316882.881999969

1583316882.884000063

1583316882.888000011

1583316882.888999939

1583316882.891000032

1583316882.892999887

1583316882.894000053

1583316882.895999908

1583316882.900000095

1583316882.901000023

1583316882.903000116

1583316882.904999971

1583316882.905999899

1583316882.907999992

1583316882.911999941

1583316882.914000034

1583316882.914999962

1583316882.917000055

1583316882.918999910

1583316882.923000097

1583316882.924000025

1583316882.926000118

1583316882.927999973

1583316882.930000067

1583316882.930999994

1583316882.934999943

1583316882.936000109

1583316882.937999964

1583316882.940000057

1583316882.940999985

1583316882.943000078

1583316882.947000027

1583316882.947999954

1583316882.950000048

1583316882.951999903

1583316882.953999996

1583316882.954999924

1583316882.959000111

1583316882.960000038

1583316882.961999893

1583316882.963999987

1583316882.966000080

1583316882.967000008

1583316882.970999956

1583316882.971999884

1583316882.973999977

1583316882.976000071

1583316882.976999998

1583316882.979000092

1583316882.983000040

1583316882.984999895

1583316882.986999989

1583316882.987999916

1583316882.990000010

1583316882.992000103

1583316882.994999886

1583316882.996999979

1583316882.997999907

1583316883.000000000

1583316883.002000093

1583316883.003000021

1583316883.006999969

1583316883.007999897

1583316883.009999990

1583316883.012000084

1583316883.013999939

1583316883.015000105

1583316883.019000053

1583316883.020999908

1583316883.022000074

1583316883.023999929

1583316883.026000023

1583316883.026999950

1583316883.030999899

1583316883.032000065

1583316883.033999920

1583316883.036000013

1583316883.036999941

1583316883.039000034

1583316883.042000055

1583316883.043999910

1583316883.049999952

1583316883.052999973

1583316883.055000067

1583316883.056999922

1583316883.059000015

1583316883.059999943

1583316883.062000036

1583316883.065000057

1583316883.066999912

1583316883.069000006

1583316883.069999933

1583316883.072000027

1583316883.073999882

1583316883.076999903

1583316883.078999996

1583316883.081000090

1583316883.082999945

1583316883.084000111

1583316883.085999966

1583316883.089999914

1583316883.091000080

1583316883.092999935

1583316883.094000101

1583316883.095999956

1583316883.098000050

1583316883.099999905

1583316883.102999926

1583316883.104000092

1583316883.105999947

1583316883.108000040

1583316883.109999895

1583316883.112999916

1583316883.115000010

1583316883.117000103

1583316883.118999958

1583316883.119999886

1583316883.121999979

1583316883.125999928

1583316883.127000093

1583316883.128999949

1583316883.131000042

1583316883.131999969

1583316883.134000063

1583316883.138000011

1583316883.138999939

1583316883.141000032

1583316883.142999887

1583316883.144999981

1583316883.145999908

1583316883.150000095

1583316883.151999950

1583316883.153000116

1583316883.154999971

1583316883.157000065

1583316883.160000086

1583316883.161999941

1583316883.164000034

1583316883.165999889

1583316883.167000055

1583316883.168999910

1583316883.173000097

1583316883.174999952

1583316883.176000118

1583316883.177999973

1583316883.180000067

1583316883.180999994

1583316883.184999943

1583316883.187000036

1583316883.188999891

1583316883.190000057

1583316883.191999912

1583316883.194000006

1583316883.197000027

1583316883.198999882

1583316883.200000048

1583316883.201999903

1583316883.203999996

1583316883.206000090

1583316883.210000038

1583316883.210999966

1583316883.213000059

1583316883.214999914

1583316883.217000008

1583316883.217999935

1583316883.221999884

1583316883.224999905

1583316883.226000071

1583316883.227999926

1583316883.230000019

1583316883.233000040

1583316883.234999895

1583316883.236999989

1583316883.239000082

1583316883.240000010

1583316883.242000103

1583316883.246000051

1583316883.247999907

1583316883.249000072

1583316883.250999928

1583316883.253000021

1583316883.256999969

1583316883.257999897

1583316883.259999990

1583316883.262000084

1583316883.263000011

1583316883.265000105

1583316883.269000053

1583316883.270999908

1583316883.272000074

1583316883.273999929

1583316883.276000023

1583316883.276999950

1583316883.280999899

1583316883.282000065

1583316883.283999920

1583316883.286000013

1583316883.286999941

1583316883.289000034

1583316883.292999983

1583316883.293999910

1583316883.296000004

1583316883.298000097

1583316883.299999952

1583316883.302000046

1583316883.305999994

1583316883.306999922

1583316883.309000015

1583316883.311000109

1583316883.312999964

1583316883.315999985

1583316883.318000078

1583316883.319999933

1583316883.322000027

1583316883.322999954

1583316883.325000048

1583316883.328999996

1583316883.329999924

1583316883.332000017

1583316883.334000111

1583316883.335000038

1583316883.336999893

1583316883.341000080

1583316883.342000008

1583316883.344000101

1583316883.345999956

1583316883.352999926

1583316883.354000092

1583316883.355999947

1583316883.358000040

1583316883.359999895

1583316883.361000061

1583316883.365000010

1583316883.367000103

1583316883.368000031

1583316883.369999886

1583316883.371999979

1583316883.372999907

1583316883.377000093

1583316883.378000021

1583316883.380000114

1583316883.381999969

1583316883.382999897

1583316883.384999990

1583316883.388999939

1583316883.390000105

1583316883.391999960

1583316883.394000053

1583316883.394999981

1583316883.397000074

1583316883.401000023

1583316883.401999950

1583316883.404000044

1583316883.405999899

1583316883.407000065

1583316883.408999920

1583316883.413000107

1583316883.414999962

1583316883.415999889

1583316883.417999983

1583316883.420000076

1583316883.421000004

1583316883.424999952

1583316883.426000118

1583316883.427999973

1583316883.430000067

1583316883.431999922

1583316883.436000109

1583316883.437000036

1583316883.438999891

1583316883.440000057

1583316883.441999912

1583316883.444000006

1583316883.447999954

1583316883.448999882

1583316883.450999975

1583316883.451999903

1583316883.453999996

1583316883.456000090

1583316883.460000038

1583316883.460999966

1583316883.463000059

1583316883.464999914

1583316883.466000080

1583316883.467999935

1583316883.471999884

1583316883.473000050

1583316883.474999905

1583316883.476000071

1583316883.477999926

1583316883.480000019

1583316883.483000040

1583316883.484999895

1583316883.486999989

1583316883.487999916

1583316883.490000010

1583316883.492000103

1583316883.496000051

1583316883.497999907

1583316883.500000000

1583316883.502000093

1583316883.503000021

1583316883.505000114

1583316883.507999897

1583316883.509999990

1583316883.512000084

1583316883.513999939

1583316883.515000105

1583316883.519000053

1583316883.519999981

1583316883.522000074

1583316883.523999929

1583316883.526000023

1583316883.526999950

1583316883.530999899

1583316883.532000065

1583316883.533999920

1583316883.536000013

1583316883.536999941

1583316883.539000034

1583316883.542999983

1583316883.543999910

1583316883.546000004

1583316883.548000097

1583316883.549000025

1583316883.551000118

1583316883.555000067

1583316883.556999922

1583316883.558000088

1583316883.559999943

1583316883.562000036

1583316883.562999964

1583316883.566999912

1583316883.568000078

1583316883.569999933

1583316883.572000027

1583316883.572999954

1583316883.575000048

1583316883.578999996

1583316883.579999924

1583316883.582000017

1583316883.584000111

1583316883.585999966

1583316883.586999893

1583316883.591000080

1583316883.592999935

1583316883.594000101

1583316883.595999956

1583316883.598000050

1583316883.598999977

1583316883.602999926

1583316883.605000019

1583316883.605999947

1583316883.608000040

1583316883.609999895

1583316883.614000082

1583316883.615999937

1583316883.617000103

1583316883.618999958

1583316883.621000051

1583316883.621999979

1583316883.625999928

1583316883.628000021

1583316883.628999949

1583316883.631000042

1583316883.632999897

1583316883.634000063

1583316883.638000011

1583316883.640000105

1583316883.641000032

1583316883.642999887

1583316883.644999981

1583316883.651000023

1583316883.653000116

1583316883.654999971

1583316883.655999899

1583316883.657999992

1583316883.661999941

1583316883.663000107

1583316883.664999962

1583316883.667000055

1583316883.667999983

1583316883.670000076

1583316883.674000025

1583316883.674999952

1583316883.677000046

1583316883.678999901

1583316883.680000067

1583316883.681999922

1583316883.686000109

1583316883.687000036

1583316883.688999891

1583316883.690999985

1583316883.693000078

1583316883.694000006

1583316883.697999954

1583316883.698999882

1583316883.700999975

1583316883.703000069

1583316883.703999996

1583316883.706000090

1583316883.710000038

1583316883.711999893

1583316883.713999987

1583316883.714999914

1583316883.717000008

1583316883.720999956

1583316883.721999884

1583316883.723999977

1583316883.726000071

1583316883.727999926

1583316883.729000092

1583316883.733000040

1583316883.734999895

1583316883.736000061

1583316883.737999916

1583316883.740000010

1583316883.742000103

1583316883.744999886

1583316883.746999979

1583316883.749000072

1583316883.750000000

1583316883.752000093

1583316883.753999949

1583316883.756999969

1583316883.759000063

1583316883.759999990

1583316883.762000084

1583316883.763999939

1583316883.765000105

1583316883.769000053

1583316883.770999908

1583316883.772000074

1583316883.773999929

1583316883.776000023

1583316883.778000116

1583316883.780999899

1583316883.782999992

1583316883.785000086

1583316883.786000013

1583316883.788000107

1583316883.789999962

1583316883.792999983

1583316883.795000076

1583316883.796000004

1583316883.798000097

1583316883.799999952

1583316883.802000046

1583316883.805000067

1583316883.806999922

1583316883.809000015

1583316883.811000109

1583316883.812999964

1583316883.815999985

1583316883.818000078

1583316883.819999933

1583316883.822000027

1583316883.822999954

1583316883.825000048

1583316883.828000069

1583316883.829999924

1583316883.831000090

1583316883.832999945

1583316883.835000038

1583316883.836999893

1583316883.839999914

1583316883.842000008

1583316883.844000101

1583316883.845000029

1583316883.846999884

1583316883.848000050

1583316883.851999998

1583316883.854000092

1583316883.855000019

1583316883.857000113

1583316883.858999968

1583316883.859999895

1583316883.864000082

1583316883.865999937

1583316883.867000103

1583316883.868999958

1583316883.871000051

1583316883.872999907

1583316883.875999928

1583316883.878000021

1583316883.878999949

1583316883.881000042

1583316883.882999897

1583316883.884999990

1583316883.888000011

1583316883.890000105

1583316883.891000032

1583316883.892999887

1583316883.894999981

1583316883.895999908

1583316883.900000095

1583316883.901000023

1583316883.903000116

1583316883.904999971

1583316883.907000065

1583316883.910000086

1583316883.911999941

1583316883.914000034

1583316883.915999889

1583316883.917000055

1583316883.918999910

1583316883.923000097

1583316883.924000025

1583316883.926000118

1583316883.927999973

1583316883.928999901

1583316883.930999994

1583316883.934999943

1583316883.937000036

1583316883.937999964

1583316883.940000057

1583316883.941999912

1583316883.947999954

1583316883.950000048

1583316883.951999903

1583316883.953999996

1583316883.954999924

1583316883.959000111

1583316883.961999893

1583316883.963000059

1583316883.964999914

1583316883.967000008

1583316883.970999956

1583316883.971999884

1583316883.973999977

1583316883.976000071

1583316883.976999998

1583316883.979000092

1583316883.983000040

1583316883.983999968

1583316883.986000061

1583316883.987999916

1583316883.990000010

1583316883.990999937

1583316883.994999886

1583316883.996999979

1583316883.997999907

1583316884.000000000

1583316884.002000093

1583316884.005000114

1583316884.006999969

1583316884.009000063

1583316884.010999918

1583316884.013000011

1583316884.013999939

1583316884.017999887

1583316884.019000053

1583316884.020999908

1583316884.023000002

1583316884.023999929

1583316884.026000023

1583316884.029999971

1583316884.032000065

1583316884.032999992

1583316884.035000086

1583316884.036999941

1583316884.038000107

1583316884.042000055

1583316884.043999910

1583316884.045000076

1583316884.046999931

1583316884.049000025

1583316884.049999952

1583316884.053999901

1583316884.055999994

1583316884.056999922

1583316884.059000015

1583316884.061000109

1583316884.062999964

1583316884.065999985

1583316884.068000078

1583316884.069000006

1583316884.071000099

1583316884.072999954

1583316884.073999882

1583316884.078000069

1583316884.079999924

1583316884.081000090

1583316884.082999945

1583316884.085000038

1583316884.085999966

1583316884.089999914

1583316884.091000080

1583316884.092999935

1583316884.095000029

1583316884.096999884

1583316884.098000050

1583316884.101999998

1583316884.105000019

1583316884.105999947

1583316884.108000040

1583316884.109999895

1583316884.114000082

1583316884.115999937

1583316884.117000103

1583316884.118999958

1583316884.119999886

1583316884.121999979

1583316884.125999928

1583316884.127000093

1583316884.128999949

1583316884.131000042

1583316884.132999897

1583316884.134000063

1583316884.138000011

1583316884.140000105

1583316884.141000032

1583316884.142999887

1583316884.144999981

1583316884.145999908

1583316884.150000095

1583316884.151999950

1583316884.153000116

1583316884.154999971

1583316884.157000065

1583316884.158999920

1583316884.161999941

1583316884.164000034

1583316884.164999962

1583316884.167000055

1583316884.168999910

1583316884.170000076

1583316884.174000025

1583316884.176000118

1583316884.177000046

1583316884.178999901

1583316884.180999994

1583316884.183000088

1583316884.187000036

1583316884.187999964

1583316884.190000057

1583316884.191999912

1583316884.194000006

1583316884.197000027

1583316884.198999882

1583316884.200999975

1583316884.203000069

1583316884.204999924

1583316884.207000017

1583316884.210000038

1583316884.211999893

1583316884.213999987

1583316884.214999914

1583316884.217000008

1583316884.219000101

1583316884.221999884

1583316884.223999977

1583316884.226000071

1583316884.227999926

1583316884.229000092

1583316884.230999947

1583316884.234999895

1583316884.237999916

1583316884.240000010

1583316884.240999937

1583316884.243000031

1583316884.249000072

1583316884.250999928

1583316884.253000021

1583316884.255000114

1583316884.257999897

1583316884.259999990

1583316884.262000084

1583316884.263000011

1583316884.265000105

1583316884.266000032

1583316884.269999981

1583316884.272000074

1583316884.273000002

1583316884.275000095

1583316884.276999950

1583316884.278000116

1583316884.282000065

1583316884.283999920

1583316884.285000086

1583316884.286999941

1583316884.289000034

1583316884.289999962

1583316884.293999910

1583316884.296000004

1583316884.296999931

1583316884.299000025

1583316884.301000118

1583316884.303999901

1583316884.305999994

1583316884.308000088

1583316884.309999943

1583316884.312000036

1583316884.313999891

1583316884.318000078

1583316884.319000006

1583316884.321000099

1583316884.322999954

1583316884.323999882

1583316884.325999975

1583316884.329999924

1583316884.331000090

1583316884.332999945

1583316884.335000038

1583316884.336999893

1583316884.338000059

1583316884.342000008

1583316884.342999935

1583316884.345000029

1583316884.346999884

1583316884.348999977

1583316884.349999905

1583316884.354000092

1583316884.355000019

1583316884.357000113

1583316884.358999968

1583316884.359999895

1583316884.361999989

1583316884.365999937

1583316884.367000103

1583316884.368999958

1583316884.371000051

1583316884.371999979

1583316884.374000072

1583316884.378000021

1583316884.378999949

1583316884.381000042

1583316884.382999897

1583316884.384999990

1583316884.385999918

1583316884.390000105

1583316884.391999960

1583316884.392999887

1583316884.394999981

1583316884.397000074

1583316884.401000023

1583316884.404000044

1583316884.404999971

1583316884.407000065

1583316884.408999920

1583316884.411999941

1583316884.414000034

1583316884.415999889

1583316884.417999983

1583316884.418999910

1583316884.421000004

1583316884.424999952

1583316884.426000118

1583316884.427999973

1583316884.430000067

1583316884.430999994

1583316884.434000015

1583316884.437000036

1583316884.438999891

1583316884.440000057

1583316884.441999912

1583316884.444000006

1583316884.446000099

1583316884.448999882

1583316884.450999975

1583316884.451999903

1583316884.453999996

1583316884.456000090

1583316884.457999945

1583316884.460999966

1583316884.463000059

1583316884.463999987

1583316884.466000080

1583316884.467999935

1583316884.469000101

1583316884.473000050

1583316884.474999905

1583316884.476000071

1583316884.477999926

1583316884.480000019

1583316884.482000113

1583316884.484999895

1583316884.486999989

1583316884.487999916

1583316884.490000010

1583316884.492000103

1583316884.493999958

1583316884.497999907

1583316884.499000072

1583316884.500999928

1583316884.503000021

1583316884.505000114

1583316884.507999897

1583316884.509999990

1583316884.512000084

1583316884.513999939

1583316884.515000105

1583316884.516999960

1583316884.519999981

1583316884.522000074

1583316884.523000002

1583316884.525000095

1583316884.526999950

1583316884.528000116

1583316884.532000065

1583316884.532999992

1583316884.535000086

1583316884.536999941

1583316884.539000034

1583316884.539999962

1583316884.543999910

1583316884.549999952

1583316884.551000118

1583316884.552999973

1583316884.556999922

1583316884.558000088

1583316884.559999943

1583316884.562000036

1583316884.562999964

1583316884.565000057

1583316884.569000006

1583316884.571000099

1583316884.572000027

1583316884.573999882

1583316884.575999975

1583316884.578999996

1583316884.581000090

1583316884.582999945

1583316884.584000111

1583316884.585999966

1583316884.588000059

1583316884.591000080

1583316884.592999935

1583316884.595000029

1583316884.596999884

1583316884.598000050

1583316884.599999905

1583316884.604000092

1583316884.605999947

1583316884.607000113

1583316884.608999968

1583316884.611000061

1583316884.615000010

1583316884.615999937

1583316884.618000031

1583316884.619999886

1583316884.621000051

1583316884.622999907

1583316884.625999928

1583316884.628000021

1583316884.630000114

1583316884.631000042

1583316884.632999897

1583316884.634999990

1583316884.638999939

1583316884.640000105

1583316884.641999960

1583316884.642999887

1583316884.644999981

1583316884.647000074

1583316884.651000023

1583316884.651999950

1583316884.654000044

1583316884.654999971

1583316884.657000065

1583316884.658999920

1583316884.663000107

1583316884.664000034

1583316884.665999889

1583316884.667999983

1583316884.670000076

1583316884.671000004

1583316884.674999952

1583316884.676000118

1583316884.677999973

1583316884.680000067

1583316884.680999994

1583316884.683000088

1583316884.686000109

1583316884.687999964

1583316884.690000057

1583316884.690999985

1583316884.693000078

1583316884.694999933

1583316884.697999954

1583316884.700999975

1583316884.701999903

1583316884.703999996

1583316884.706000090

1583316884.710000038

1583316884.711999893

1583316884.713000059

1583316884.714999914

1583316884.717000008

1583316884.717999935

1583316884.721999884

1583316884.723000050

1583316884.724999905

1583316884.726000071

1583316884.727999926

1583316884.730000019

1583316884.733999968

1583316884.736000061

1583316884.736999989

1583316884.739000082

1583316884.740000010

1583316884.742000103

1583316884.743000031

1583316884.746999979

1583316884.747999907

1583316884.750000000

1583316884.752000093

1583316884.753999949

1583316884.755000114

1583316884.759000063

1583316884.759999990

1583316884.762000084

1583316884.763999939

1583316884.766000032

1583316884.769000053

1583316884.770999908

1583316884.773000002

1583316884.773999929

1583316884.776000023

1583316884.778000116

1583316884.782000065

1583316884.782999992

1583316884.785000086

1583316884.786000013

1583316884.788000107

1583316884.789999962

1583316884.792999983

1583316884.795000076

1583316884.796999931

1583316884.799000025

1583316884.801000118

1583316884.805000067

1583316884.806999922

1583316884.808000088

1583316884.809999943

1583316884.812000036

1583316884.812999964

1583316884.816999912

1583316884.819000006

1583316884.819999933

1583316884.822000027

1583316884.823999882

1583316884.825000048

1583316884.828999996

1583316884.831000090

1583316884.832000017

1583316884.834000111

1583316884.835999966

1583316884.836999893

1583316884.841000080

1583316884.845999956

1583316884.848000050

1583316884.849999905

1583316884.852999926

1583316884.855000019

1583316884.855999947

1583316884.858000040

1583316884.859999895

1583316884.861999989

1583316884.865000010

1583316884.867000103

1583316884.868999958

1583316884.869999886

1583316884.871999979

1583316884.874000072

1583316884.878000021

1583316884.878999949

1583316884.881000042

1583316884.882999897

1583316884.884999990

1583316884.885999918

1583316884.890000105

1583316884.891999960

1583316884.892999887

1583316884.894999981

1583316884.897000074

1583316884.900000095

1583316884.901999950

1583316884.904000044

1583316884.904999971

1583316884.907000065

1583316884.908999920

1583316884.911999941

1583316884.914000034

1583316884.914999962

1583316884.917000055

1583316884.918999910

1583316884.921000004

1583316884.924000025

1583316884.926000118

1583316884.927000046

1583316884.928999901

1583316884.930999994

1583316884.933000088

1583316884.936000109

1583316884.937999964

1583316884.938999891

1583316884.940999985

1583316884.943000078

1583316884.944000006

1583316884.947999954

1583316884.950000048

1583316884.950999975

1583316884.953000069

1583316884.954999924

1583316884.956000090

1583316884.960000038

1583316884.961999893

1583316884.963000059

1583316884.964999914

1583316884.967000008

1583316884.967999935

1583316884.971999884

1583316884.973999977

1583316884.974999905

1583316884.976999998

1583316884.979000092

1583316884.980000019

1583316884.983999968

1583316884.984999895

1583316884.986999989

1583316884.989000082

1583316884.990999937

1583316884.993000031

1583316884.997999907

1583316884.999000072

1583316885.000999928

1583316885.003000021

1583316885.003999949

1583316885.007999897

1583316885.009999990

1583316885.010999918

1583316885.013000011

1583316885.015000105

1583316885.016999960

1583316885.019999981

1583316885.022000074

1583316885.023000002

1583316885.025000095

1583316885.026999950

1583316885.028000116

1583316885.032000065

1583316885.033999920

1583316885.036000013

1583316885.036999941

1583316885.039000034

1583316885.040999889

1583316885.043999910

1583316885.046000004

1583316885.046999931

1583316885.049000025

1583316885.051000118

1583316885.052999973

1583316885.055999994

1583316885.058000088

1583316885.059999943

1583316885.062000036

1583316885.062999964

1583316885.065000057

1583316885.069000006

1583316885.069999933

1583316885.072000027

1583316885.073999882

1583316885.075000048

1583316885.076999903

1583316885.081000090

1583316885.082999945

1583316885.084000111

1583316885.085999966

1583316885.088000059

1583316885.088999987

1583316885.092999935

1583316885.094000101

1583316885.095999956

1583316885.098999977

1583316885.101000071

1583316885.105000019

1583316885.105999947

1583316885.108000040

1583316885.109999895

1583316885.111999989

1583316885.115000010

1583316885.117000103

1583316885.118999958

1583316885.119999886

1583316885.121999979

1583316885.124000072

1583316885.127000093

1583316885.128999949

1583316885.131000042

1583316885.131999969

1583316885.134000063

1583316885.135999918

1583316885.138999939

1583316885.141000032

1583316885.142999887

1583316885.148999929

1583316885.151999950

1583316885.154000044

1583316885.154999971

1583316885.157000065

1583316885.158999920

1583316885.160000086

1583316885.164000034

1583316885.165999889

1583316885.167000055

1583316885.168999910

1583316885.171000004

1583316885.171999931

1583316885.176000118

1583316885.177999973

1583316885.180000067

1583316885.180999994

1583316885.184000015

1583316885.187000036

1583316885.188999891

1583316885.190999985

1583316885.191999912

1583316885.194000006

1583316885.196000099

1583316885.200000048

1583316885.200999975

1583316885.203000069

1583316885.203999996

1583316885.206000090

1583316885.207999945

1583316885.211999893

1583316885.213000059

1583316885.214999914

1583316885.217000008

1583316885.219000101

1583316885.220000029

1583316885.223999977

1583316885.226000071

1583316885.226999998

1583316885.229000092

1583316885.230999947

1583316885.236000061

1583316885.237999916

1583316885.240000010

1583316885.240999937

1583316885.243000031

1583316885.244999886

1583316885.247999907

1583316885.250000000

1583316885.252000093

1583316885.253999949

1583316885.255000114

1583316885.256999969

1583316885.260999918

1583316885.262000084

1583316885.263999939

1583316885.266000032

1583316885.266999960

1583316885.269000053

1583316885.273000002

1583316885.275000095

1583316885.276000023

1583316885.278000116

1583316885.279999971

1583316885.282999992

1583316885.285000086

1583316885.286999941

1583316885.288000107

1583316885.289999962

1583316885.292000055

1583316885.295000076

1583316885.299000025

1583316885.299999952

1583316885.302000046

1583316885.303999901

1583316885.308000088

1583316885.309000015

1583316885.311000109

1583316885.312999964

1583316885.315000057

1583316885.315999985

1583316885.319999933

1583316885.322000027

1583316885.322999954

1583316885.325000048

1583316885.326999903

1583316885.328000069

1583316885.332000017

1583316885.334000111

1583316885.335000038

1583316885.336999893

1583316885.338999987

1583316885.339999914

1583316885.344000101

1583316885.345999956

1583316885.346999884

1583316885.348999977

1583316885.351000071

1583316885.351999998

1583316885.355999947

1583316885.358000040

1583316885.358999968

1583316885.361000061

1583316885.362999916

1583316885.364000082

1583316885.368000031

1583316885.369999886

1583316885.371000051

1583316885.372999907

1583316885.375000000

1583316885.375999928

1583316885.380000114

1583316885.381999969

1583316885.382999897

1583316885.384999990

1583316885.387000084

1583316885.388000011

1583316885.391999960

1583316885.392999887

1583316885.394999981

1583316885.397000074

1583316885.398000002

1583316885.400000095

1583316885.404000044

1583316885.405999899

1583316885.407000065

1583316885.408999920

1583316885.411000013

1583316885.414999962

1583316885.415999889

1583316885.417999983

1583316885.420000076

1583316885.421000004

1583316885.423000097

1583316885.426000118

1583316885.428999901

1583316885.430000067

1583316885.431999922

1583316885.434000015

1583316885.434999943

1583316885.438999891

1583316885.440999985

1583316885.441999912

1583316885.444000006

1583316885.450000048

1583316885.451999903

1583316885.453999996

1583316885.454999924

1583316885.457000017

1583316885.459000111

1583316885.461999893

1583316885.463999987

1583316885.466000080

1583316885.467000008

1583316885.469000101

1583316885.470999956

1583316885.474999905

1583316885.476000071

1583316885.477999926

1583316885.479000092

1583316885.480999947

1583316885.483000040

1583316885.486000061

1583316885.489000082

1583316885.490000010

1583316885.492000103

1583316885.493999958

1583316885.496999979

1583316885.499000072

1583316885.500999928

1583316885.503000021

1583316885.505000114

1583316885.506000042

1583316885.509999990

1583316885.512000084

1583316885.513000011

1583316885.515000105

1583316885.516999960

1583316885.517999887

1583316885.522000074

1583316885.523000002

1583316885.525000095

1583316885.526999950

1583316885.528000116

1583316885.529999971

1583316885.533999920

1583316885.535000086

1583316885.536999941

1583316885.539000034

1583316885.540999889

1583316885.542000055

1583316885.546000004

1583316885.546999931

1583316885.549000025

1583316885.551000118

1583316885.552000046

1583316885.553999901

1583316885.556999922

1583316885.559000015

1583316885.561000109

1583316885.565999985

1583316885.565999985

1583316885.565999985

1583316885.569000006

1583316885.571000099

1583316885.572999954

1583316885.573999882

1583316885.575999975

1583316885.578000069

1583316885.581000090

1583316885.582999945

1583316885.585000038

1583316885.585999966

1583316885.588000059

1583316885.589999914

1583316885.594000101

1583316885.596999884

1583316885.598000050

1583316885.599999905

1583316885.601999998

1583316885.605000019

1583316885.608000040

1583316885.608999968

1583316885.611000061

1583316885.612999916

1583316885.614000082

1583316885.618000031

1583316885.619999886

1583316885.621000051

1583316885.622999907

1583316885.625000000

1583316885.625999928

1583316885.630000114

1583316885.631999969

1583316885.632999897

1583316885.634999990

1583316885.637000084

1583316885.638000011

1583316885.641999960

1583316885.644000053

1583316885.644999981

1583316885.647000074

1583316885.648000002

1583316885.650000095

1583316885.653000116

1583316885.654999971

1583316885.657000065

1583316885.658999920

1583316885.660000086

1583316885.661999941

1583316885.664999962

1583316885.667000055

1583316885.668999910

1583316885.671000004

1583316885.671999931

1583316885.674000025

1583316885.677000046

1583316885.678999901

1583316885.680999994

1583316885.683000088

1583316885.684000015

1583316885.686000109

1583316885.688999891

1583316885.690999985

1583316885.693000078

1583316885.694999933

1583316885.696000099

1583316885.697999954

1583316885.701999903

1583316885.703999996

1583316885.704999924

1583316885.707000017

1583316885.709000111

1583316885.711999893

1583316885.713999987

1583316885.716000080

1583316885.717999935

1583316885.720000029

1583316885.721999884

1583316885.724999905

1583316885.726999998

1583316885.729000092

1583316885.730000019

1583316885.732000113

1583316885.733999968

1583316885.737999916

1583316885.739000082

1583316885.740999937

1583316885.743000031

1583316885.749000072

1583316885.750999928

1583316885.753000021

1583316885.755000114

1583316885.756000042

1583316885.757999897

1583316885.762000084

1583316885.763000011

1583316885.765000105

1583316885.766999960

1583316885.767999887

1583316885.769999981

1583316885.773999929

1583316885.775000095

1583316885.776999950

1583316885.779000044

1583316885.779999971

1583316885.783999920

1583316885.786000013

1583316885.788000107

1583316885.789000034

1583316885.790999889

1583316885.792999983

1583316885.796999931

1583316885.799000025

1583316885.802000046

1583316885.803999901

1583316885.805000067

1583316885.806999922

1583316885.811000109

1583316885.812999964

1583316885.815000057

1583316885.815999985

1583316885.818000078

1583316885.821000099

1583316885.822999954

1583316885.825000048

1583316885.825999975

1583316885.828000069

1583316885.829999924

1583316885.832999945

1583316885.835000038

1583316885.836999893

1583316885.838000059

1583316885.839999914

1583316885.842000008

1583316885.845000029

1583316885.846999884

1583316885.848999977

1583316885.851000071

1583316885.851999998

1583316885.854000092

1583316885.857000113

1583316885.858999968

1583316885.861000061

1583316885.862999916

1583316885.864000082

1583316885.865999937

1583316885.868999958

1583316885.871000051

1583316885.872999907

1583316885.874000072

1583316885.875999928

1583316885.878000021

1583316885.881000042

1583316885.882999897

1583316885.884999990

1583316885.885999918

1583316885.888000011

1583316885.890000105

1583316885.892999887

1583316885.894999981

1583316885.897000074

1583316885.898999929

1583316885.901000023

1583316885.904000044

1583316885.905999899

1583316885.907999992

1583316885.910000086

1583316885.911000013

1583316885.913000107

1583316885.915999889

1583316885.917999983

1583316885.920000076

1583316885.921999931

1583316885.923000097

1583316885.924999952

1583316885.927999973

1583316885.930000067

1583316885.931999922

1583316885.934000015

1583316885.934999943

1583316885.937000036

1583316885.940000057

1583316885.941999912

1583316885.944000006

1583316885.944999933

1583316885.947000027

1583316885.948999882

1583316885.951999903

1583316885.953999996

1583316885.956000090

1583316885.957000017

1583316885.959000111

1583316885.960999966

1583316885.963999987

1583316885.966000080

1583316885.967999935

1583316885.969000101

1583316885.970999956

1583316885.973000050

1583316885.976000071

1583316885.977999926

1583316885.980000019

1583316885.980999947

1583316885.983000040

1583316885.984999895

1583316885.987999916

1583316885.990000010

1583316885.992000103

1583316885.994999886

1583316885.996999979

1583316886.000000000

1583316886.002000093

1583316886.003999949

1583316886.006000042

1583316886.006999969

1583316886.009000063

1583316886.013000011

1583316886.013999939

1583316886.016000032

1583316886.017999887

1583316886.019999981

1583316886.020999908

1583316886.025000095

1583316886.026999950

1583316886.028000116

1583316886.029999971

1583316886.032000065

1583316886.033999920

1583316886.036999941

1583316886.039000034

1583316886.039999962

1583316886.042000055

1583316886.043999910

1583316886.049999952

1583316886.052000046

1583316886.053999901

1583316886.055000067

1583316886.056999922

1583316886.059999943

1583316886.062000036

1583316886.063999891

1583316886.065000057

1583316886.066999912

1583316886.069000006

1583316886.072000027

1583316886.073999882

1583316886.075999975

1583316886.076999903

1583316886.078999996

1583316886.081000090

1583316886.084000111

1583316886.085999966

1583316886.088000059

1583316886.088999987

1583316886.091000080

1583316886.092999935

1583316886.096999884

1583316886.098999977

1583316886.101000071

1583316886.102999926

1583316886.104000092

1583316886.105999947

1583316886.109999895

1583316886.111000061

1583316886.112999916

1583316886.115000010

1583316886.117000103

1583316886.118000031

1583316886.121999979

1583316886.122999907

1583316886.125000000

1583316886.127000093

1583316886.128000021

1583316886.130000114

1583316886.134000063

1583316886.134999990

1583316886.137000084

1583316886.138999939

1583316886.141000032

1583316886.141999960

1583316886.145999908

1583316886.147000074

1583316886.148999929

1583316886.151000023

1583316886.151999950

1583316886.154000044

1583316886.157999992

1583316886.158999920

1583316886.161000013

1583316886.163000107

1583316886.164000034

1583316886.165999889

1583316886.170000076

1583316886.171000004

1583316886.173000097

1583316886.174999952

1583316886.177000046

1583316886.177999973

1583316886.181999922

1583316886.183000088

1583316886.186000109

1583316886.187000036

1583316886.188999891

1583316886.191999912

1583316886.194999933

1583316886.197999954

1583316886.200999975

1583316886.206000090

1583316886.207999945

1583316886.209000111

1583316886.210999966

1583316886.213000059

1583316886.216000080

1583316886.217999935

1583316886.220000029

1583316886.221999884

1583316886.223999977

1583316886.224999905

1583316886.229000092

1583316886.230999947

1583316886.233000040

1583316886.234999895

1583316886.236000061

1583316886.237999916

1583316886.242000103

1583316886.243000031

1583316886.244999886

1583316886.246999979

1583316886.247999907

1583316886.250000000

1583316886.253999949

1583316886.255000114

1583316886.256999969

1583316886.257999897

1583316886.259999990

1583316886.262000084

1583316886.266000032

1583316886.266999960

1583316886.269000053

1583316886.270999908

1583316886.273000002

1583316886.276000023

1583316886.278000116

1583316886.279999971

1583316886.280999899

1583316886.282999992

1583316886.285000086

1583316886.288000107

1583316886.289999962

1583316886.292000055

1583316886.295000076

1583316886.296999931

1583316886.299999952

1583316886.302000046

1583316886.303999901

1583316886.305999994

1583316886.308000088

1583316886.309000015

1583316886.312000036

1583316886.313999891

1583316886.315999985

1583316886.316999912

1583316886.319000006

1583316886.321000099

1583316886.323999882

1583316886.325999975

1583316886.328000069

1583316886.329999924

1583316886.331000090

1583316886.332999945

1583316886.335999966

1583316886.338000059

1583316886.339999914

1583316886.341000080

1583316886.342999935

1583316886.345000029

1583316886.348000050

1583316886.354000092

1583316886.355999947

1583316886.358000040

1583316886.361999989

1583316886.362999916

1583316886.365000010

1583316886.367000103

1583316886.368999958

1583316886.371999979

1583316886.374000072

1583316886.375999928

1583316886.377000093

1583316886.378999949

1583316886.381000042

1583316886.384000063

1583316886.385999918

1583316886.388000011

1583316886.390000105

1583316886.391000032

1583316886.392999887

1583316886.397000074

1583316886.398000002

1583316886.400000095

1583316886.401999950

1583316886.404000044

1583316886.407000065

1583316886.408999920

1583316886.411000013

1583316886.411999941

1583316886.414000034

1583316886.415999889

1583316886.418999910

1583316886.421000004

1583316886.423000097

1583316886.424000025

1583316886.426000118

1583316886.427999973

1583316886.430999994

1583316886.433000088

1583316886.434999943

1583316886.436000109

1583316886.437999964

1583316886.440000057

1583316886.443000078

1583316886.444999933

1583316886.447000027

1583316886.447999954

1583316886.450000048

1583316886.451999903

1583316886.454999924

1583316886.457000017

1583316886.459000111

1583316886.460000038

1583316886.461999893

1583316886.463999987

1583316886.467000008

1583316886.469000101

1583316886.470999956

1583316886.471999884

1583316886.473999977

1583316886.476000071

1583316886.479000092

1583316886.480999947

1583316886.483000040

1583316886.484999895

1583316886.486999989

1583316886.489000082

1583316886.493999958

1583316886.496000051

1583316886.496999979

1583316886.499000072

1583316886.500999928

1583316886.503999949

1583316886.506000042

1583316886.507999897

1583316886.509000063

1583316886.510999918

1583316886.512000084

1583316886.516000032

1583316886.517999887

1583316886.519000053

1583316886.520999908

1583316886.523000002

1583316886.523999929

1583316886.528000116

1583316886.529999971

1583316886.530999899

1583316886.532999992

1583316886.535000086

1583316886.536000013

1583316886.539999962

1583316886.542000055

1583316886.542999983

1583316886.545000076

1583316886.546999931

1583316886.549000025

1583316886.552000046

1583316886.553999901

1583316886.555000067

1583316886.556999922

1583316886.559000015

1583316886.559999943

1583316886.563999891

1583316886.565999985

1583316886.566999912

1583316886.569000006

1583316886.571000099

1583316886.572000027

1583316886.575999975

1583316886.576999903

1583316886.578999996

1583316886.581000090

1583316886.582999945

1583316886.585000038

1583316886.588000059

1583316886.589999914

1583316886.591000080

1583316886.592999935

1583316886.595000029

1583316886.598000050

1583316886.599999905

1583316886.601999998

1583316886.604000092

1583316886.605000019

1583316886.607000113

1583316886.609999895

1583316886.611999989

1583316886.614000082

1583316886.618999958

1583316886.621999979

1583316886.624000072

1583316886.625999928

1583316886.627000093

1583316886.628999949

1583316886.631000042

1583316886.634000063

1583316886.635999918

1583316886.638000011

1583316886.638999939

1583316886.641000032

1583316886.642999887

1583316886.647000074

1583316886.648000002

1583316886.650000095

1583316886.651999950

1583316886.658999920

1583316886.661000013

1583316886.661999941

1583316886.664000034

1583316886.665999889

1583316886.667000055

1583316886.671000004

1583316886.673000097

1583316886.674000025

1583316886.676000118

1583316886.677999973

1583316886.678999901

1583316886.683000088

1583316886.684999943

1583316886.686000109

1583316886.687999964

1583316886.690000057

1583316886.694000006

1583316886.696000099

1583316886.697999954

1583316886.698999882

1583316886.700999975

1583316886.703000069

1583316886.706000090

1583316886.707999945

1583316886.710000038

1583316886.711999893

1583316886.713000059

1583316886.714999914

1583316886.717999935

1583316886.720000029

1583316886.721999884

1583316886.723000050

1583316886.724999905

1583316886.726999998

1583316886.730000019

1583316886.732000113

1583316886.733999968

1583316886.734999895

1583316886.736999989

1583316886.739000082

1583316886.742000103

1583316886.743999958

1583316886.746000051

1583316886.746999979

1583316886.749000072

1583316886.750999928

1583316886.753999949

1583316886.756000042

1583316886.757999897

1583316886.759000063

1583316886.760999918

1583316886.763000011

1583316886.766000032

1583316886.767999887

1583316886.769999981

1583316886.772000074

1583316886.773000002

1583316886.775000095

1583316886.779000044

1583316886.779999971

1583316886.782000065

1583316886.783999920

1583316886.786000013

1583316886.786999941

1583316886.790999889

1583316886.793999910

1583316886.795000076

1583316886.796999931

1583316886.799000025

1583316886.802999973

1583316886.805000067

1583316886.806999922

1583316886.809000015

1583316886.809999943

1583316886.812000036

1583316886.815999985

1583316886.816999912

1583316886.819000006

1583316886.821000099

1583316886.822000027

1583316886.825999975

1583316886.828000069

1583316886.829999924

1583316886.831000090

1583316886.832999945

1583316886.835000038

1583316886.838000059

1583316886.839999914

1583316886.842000008

1583316886.842999935

1583316886.845000029

1583316886.846999884

1583316886.849999905

1583316886.851999998

1583316886.854000092

1583316886.855000019

1583316886.857000113

1583316886.858999968

1583316886.861999989

1583316886.864000082

1583316886.865999937

1583316886.868000031

1583316886.869999886

1583316886.871000051

1583316886.875000000

1583316886.877000093

1583316886.878000021

1583316886.880000114

1583316886.881000042

1583316886.882999897

1583316886.885999918

1583316886.888000011

1583316886.890000105

1583316886.892999887

1583316886.894000053

1583316886.895999908

1583316886.900000095

1583316886.901999950

1583316886.903000116

1583316886.904999971

1583316886.907000065

1583316886.910000086

1583316886.911999941

1583316886.914000034

1583316886.914999962

1583316886.917000055

1583316886.918999910

1583316886.921999931

1583316886.924000025

1583316886.926000118

1583316886.927000046

1583316886.928999901

1583316886.930999994

1583316886.934000015

1583316886.936000109

1583316886.937999964

1583316886.938999891

1583316886.940999985

1583316886.943000078

1583316886.946000099

1583316886.947999954

1583316886.950000048

1583316886.950999975

1583316886.957999945

1583316886.960000038

1583316886.961999893

1583316886.963999987

1583316886.966000080

1583316886.967000008

1583316886.970999956

1583316886.971999884

1583316886.973999977

1583316886.976000071

1583316886.977999926

1583316886.979000092

1583316886.983000040

1583316886.983999968

1583316886.986000061

1583316886.987999916

1583316886.990000010

1583316886.993999958

1583316886.996999979

1583316886.997999907

1583316887.000000000

1583316887.000999928

1583316887.003000021

1583316887.006000042

1583316887.007999897

1583316887.009999990

1583316887.010999918

1583316887.013000011

1583316887.015000105

1583316887.017999887

1583316887.019999981

1583316887.022000074

1583316887.023000002

1583316887.025000095

1583316887.026999950

1583316887.029999971

1583316887.032000065

1583316887.033999920

1583316887.036000013

1583316887.038000107

1583316887.039000034

1583316887.042999983

1583316887.043999910

1583316887.046000004

1583316887.048000097

1583316887.049000025

1583316887.051000118

1583316887.055000067

1583316887.056999922

1583316887.058000088

1583316887.059999943

1583316887.062000036

1583316887.063999891

1583316887.066999912

1583316887.069000006

1583316887.071000099

1583316887.072000027

1583316887.073999882

1583316887.075999975

1583316887.079999924

1583316887.081000090

1583316887.082999945

1583316887.085000038

1583316887.085999966

1583316887.088000059

1583316887.092999935

1583316887.095000029

1583316887.096999884

1583316887.098000050

1583316887.099999905

1583316887.104000092

1583316887.105000019

1583316887.107000113

1583316887.108999968

1583316887.109999895

1583316887.111999989

1583316887.115999937

1583316887.117000103

1583316887.118999958

1583316887.121000051

1583316887.121999979

1583316887.124000072

1583316887.128000021

1583316887.128999949

1583316887.131000042

1583316887.132999897

1583316887.134000063

1583316887.135999918

1583316887.140000105

1583316887.141000032

1583316887.142999887

1583316887.144999981

1583316887.145999908

1583316887.148000002

1583316887.151999950

1583316887.153000116

1583316887.154999971

1583316887.157000065

1583316887.157999992

1583316887.160000086

1583316887.164000034

1583316887.164999962

1583316887.167000055

1583316887.168999910

1583316887.170000076

1583316887.171999931

1583316887.176000118

1583316887.177000046

1583316887.178999901

1583316887.180999994

1583316887.181999922

1583316887.186000109

1583316887.187999964

1583316887.190000057

1583316887.191999912

1583316887.194000006

1583316887.194999933

1583316887.198999882

1583316887.200999975

1583316887.201999903

1583316887.203999996

1583316887.206000090

1583316887.210000038

1583316887.211999893

1583316887.213999987

1583316887.216000080

1583316887.217999935

1583316887.219000101

1583316887.223000050

1583316887.224999905

1583316887.226000071

1583316887.227999926

1583316887.230000019

1583316887.232000113

1583316887.234999895

1583316887.236999989

1583316887.237999916

1583316887.240000010

1583316887.242000103

1583316887.243000031

1583316887.246999979

1583316887.249000072

1583316887.250000000

1583316887.252000093

1583316887.257999897

1583316887.259999990

1583316887.262000084

1583316887.263000011

1583316887.265000105

1583316887.266999960

1583316887.269999981

1583316887.272000074

1583316887.273999929

1583316887.275000095

1583316887.276999950

1583316887.279000044

1583316887.282000065

1583316887.283999920

1583316887.286000013

1583316887.286999941

1583316887.289000034

1583316887.290999889

1583316887.295000076

1583316887.296999931

1583316887.299000025

1583316887.299999952

1583316887.302000046

1583316887.303999901

1583316887.308000088

1583316887.309000015

1583316887.311000109

1583316887.312999964

1583316887.313999891

1583316887.315999985

1583316887.319999933

1583316887.321000099

1583316887.322999954

1583316887.325000048

1583316887.326999903

1583316887.329999924

1583316887.332000017

1583316887.334000111

1583316887.335000038

1583316887.336999893

1583316887.338999987

1583316887.342000008

1583316887.344000101

1583316887.345999956

1583316887.348000050

1583316887.348999977

1583316887.351000071

1583316887.354000092

1583316887.355999947

1583316887.358000040

1583316887.359999895

1583316887.361000061

1583316887.362999916

1583316887.365999937

1583316887.368000031

1583316887.369999886

1583316887.371000051

1583316887.372999907

1583316887.375000000

1583316887.378000021

1583316887.380000114

1583316887.381999969

1583316887.382999897

1583316887.384999990

1583316887.387000084

1583316887.390000105

1583316887.392999887

1583316887.394999981

1583316887.397000074

1583316887.398999929

1583316887.401999950

1583316887.404000044

1583316887.405999899

1583316887.407000065

1583316887.408999920

1583316887.411000013

1583316887.414000034

1583316887.415999889

1583316887.417999983

1583316887.418999910

1583316887.421000004

1583316887.423000097

1583316887.426000118

1583316887.427999973

1583316887.430000067

1583316887.430999994

1583316887.433000088

1583316887.434999943

1583316887.437999964

1583316887.440000057

1583316887.441999912

1583316887.443000078

1583316887.444999933

1583316887.447000027

1583316887.450000048

1583316887.451999903

1583316887.453999996

1583316887.454999924

1583316887.457000017

1583316887.459000111

1583316887.461999893

1583316887.463999987

1583316887.466000080

1583316887.467000008

1583316887.469000101

1583316887.470999956

1583316887.473999977

1583316887.476000071

1583316887.477999926

1583316887.479000092

1583316887.480999947

1583316887.483000040

1583316887.486000061

1583316887.489000082

1583316887.490000010

1583316887.493999958

1583316887.494999886

1583316887.499000072

1583316887.500999928

1583316887.502000093

1583316887.503999949

1583316887.505000114

1583316887.506999969

1583316887.510999918

1583316887.513000011

1583316887.513999939

1583316887.516000032

1583316887.517999887

1583316887.519000053

1583316887.523000002

1583316887.523999929

1583316887.526000023

1583316887.528000116

1583316887.529000044

1583316887.530999899

1583316887.533999920

1583316887.536000013

1583316887.538000107

1583316887.539999962

1583316887.542000055

1583316887.542999983

1583316887.546999931

1583316887.549000025

1583316887.549999952

1583316887.552000046

1583316887.559000015

1583316887.561000109

1583316887.562000036

1583316887.563999891

1583316887.565999985

1583316887.566999912

1583316887.571000099

1583316887.572999954

1583316887.573999882

1583316887.575999975

1583316887.578000069

1583316887.579999924

1583316887.582999945

1583316887.585000038

1583316887.585999966

1583316887.588000059

1583316887.589999914

1583316887.594000101

1583316887.595999956

1583316887.598000050

1583316887.598999977

1583316887.601000071

1583316887.602999926

1583316887.605999947

1583316887.608000040

1583316887.609999895

1583316887.611000061

1583316887.612999916

1583316887.615000010

1583316887.618000031

1583316887.619999886

1583316887.621999979

1583316887.622999907

1583316887.625000000

1583316887.627000093

1583316887.630000114

1583316887.631999969

1583316887.634000063

1583316887.635999918

1583316887.638000011

1583316887.638999939

1583316887.642999887

1583316887.644000053

1583316887.645999908

1583316887.648000002

1583316887.648999929

1583316887.651000023

1583316887.654000044

1583316887.655999899

1583316887.657999992

1583316887.658999920

1583316887.661000013

1583316887.663000107

1583316887.665999889

1583316887.667999983

1583316887.670000076

1583316887.671999931

1583316887.673000097

1583316887.674999952

1583316887.677999973

1583316887.680000067

1583316887.681999922

1583316887.683000088

1583316887.684999943

1583316887.687000036

1583316887.690000057

1583316887.693000078

1583316887.694999933

1583316887.697000027

1583316887.697999954

1583316887.701999903

1583316887.703999996

1583316887.706000090

1583316887.707999945

1583316887.709000111

1583316887.710999966

1583316887.714999914

1583316887.716000080

1583316887.717999935

1583316887.720000029

1583316887.721999884

1583316887.723000050

1583316887.726999998

1583316887.727999926

1583316887.730000019

1583316887.732000113

1583316887.733999968

1583316887.734999895

1583316887.739000082

1583316887.740999937

1583316887.742000103

1583316887.743999958

1583316887.746000051

1583316887.746999979

1583316887.750999928

1583316887.753000021

1583316887.753999949

1583316887.756000042

1583316887.757999897

1583316887.759000063

1583316887.763000011

1583316887.765000105

1583316887.766000032

1583316887.767999887

1583316887.769999981

1583316887.772000074

1583316887.775000095

1583316887.776999950

1583316887.779000044

1583316887.780999899

1583316887.782000065

1583316887.783999920

1583316887.788000107

1583316887.789000034

1583316887.790999889

1583316887.793999910

1583316887.796000004

1583316887.799999952

1583316887.802000046

1583316887.802999973

1583316887.805000067

1583316887.806999922

1583316887.809999943

1583316887.812000036

1583316887.813999891

1583316887.815000057

1583316887.816999912

1583316887.819000006

1583316887.822000027

1583316887.823999882

1583316887.825999975

1583316887.828000069

1583316887.828999996

1583316887.831000090

1583316887.834000111

1583316887.835999966

1583316887.838000059

1583316887.839999914

1583316887.841000080

1583316887.842999935

1583316887.845999956

1583316887.848000050

1583316887.849999905

1583316887.851999998

1583316887.852999926

1583316887.859999895

1583316887.861000061

1583316887.862999916

1583316887.865000010

1583316887.867000103

1583316887.869999886

1583316887.871999979

1583316887.874000072

1583316887.875000000

1583316887.877000093

1583316887.878999949

1583316887.881999969

1583316887.884000063

1583316887.885999918

1583316887.887000084

1583316887.888999939

1583316887.891000032

1583316887.894999981

1583316887.897000074

1583316887.898999929

1583316887.900000095

1583316887.901999950

1583316887.904000044

1583316887.907000065

1583316887.908999920

1583316887.910000086

1583316887.911999941

1583316887.914000034

1583316887.914999962

1583316887.918999910

1583316887.920000076

1583316887.921999931

1583316887.924000025

1583316887.926000118

1583316887.927000046

1583316887.930999994

1583316887.931999922

1583316887.934000015

1583316887.936000109

1583316887.937000036

1583316887.938999891

1583316887.943000078

1583316887.944000006

1583316887.946000099

1583316887.947000027

1583316887.948999882

1583316887.950999975

1583316887.954999924

1583316887.957000017

1583316887.957999945

1583316887.960000038

1583316887.961999893

1583316887.963000059

1583316887.967000008

1583316887.967999935

1583316887.970000029

1583316887.971999884

1583316887.973000050

1583316887.974999905

1583316887.979000092

1583316887.980000019

1583316887.982000113

1583316887.983999968

1583316887.984999895

1583316887.987999916

1583316887.993000031

1583316887.994999886

1583316887.996000051

1583316887.997999907

1583316888.000000000

1583316888.003000021

1583316888.005000114

1583316888.006999969

1583316888.009000063

1583316888.009999990

1583316888.012000084

1583316888.016000032

1583316888.016999960

1583316888.019000053

1583316888.020999908

1583316888.022000074

1583316888.023999929

1583316888.028000116

1583316888.029000044

1583316888.030999899

1583316888.032999992

1583316888.033999920

1583316888.036000013

1583316888.039999962

1583316888.042000055

1583316888.042999983

1583316888.045000076

1583316888.046999931

1583316888.049999952

1583316888.052000046

1583316888.053999901

1583316888.055000067

1583316888.056999922

1583316888.059000015

1583316888.062000036

1583316888.063999891

1583316888.065999985

1583316888.066999912

1583316888.069000006

1583316888.071000099

1583316888.073999882

1583316888.075999975

1583316888.078000069

1583316888.078999996

1583316888.081000090

1583316888.082999945

1583316888.085999966

1583316888.088000059

1583316888.089999914

1583316888.092999935

1583316888.095000029

1583316888.098000050

1583316888.099999905

1583316888.101999998

1583316888.104000092

1583316888.105999947

1583316888.107000113

1583316888.111000061

1583316888.111999989

1583316888.114000082

1583316888.115999937

1583316888.118000031

1583316888.118999958

1583316888.122999907

1583316888.125000000

1583316888.125999928

1583316888.128000021

1583316888.130000114

1583316888.131000042

1583316888.134999990

1583316888.135999918

1583316888.138000011

1583316888.140000105

1583316888.141000032

1583316888.142999887

1583316888.147000074

1583316888.148999929

1583316888.150000095

1583316888.151999950

1583316888.154000044

1583316888.154999971

1583316888.161000013

1583316888.163000107

1583316888.164999962

1583316888.165999889

1583316888.167999983

1583316888.171999931

1583316888.173000097

1583316888.174999952

1583316888.177000046

1583316888.177999973

1583316888.180000067

1583316888.184000015

1583316888.186000109

1583316888.187999964

1583316888.190000057

1583316888.190999985

1583316888.194999933

1583316888.197000027

1583316888.197999954

1583316888.200000048

1583316888.201999903

1583316888.203000069

1583316888.207000017

1583316888.207999945

1583316888.210000038

1583316888.211999893

1583316888.213999987

1583316888.214999914

1583316888.219000101

1583316888.220999956

1583316888.223000050

1583316888.226000071

1583316888.226999998

1583316888.230999947

1583316888.233000040

1583316888.234999895

1583316888.236000061

1583316888.237999916

1583316888.240000010

1583316888.243000031

1583316888.244999886

1583316888.246999979

1583316888.247999907

1583316888.252000093

1583316888.252000093

1583316888.255000114

1583316888.256999969

1583316888.257999897

1583316888.259999990

1583316888.262000084

1583316888.263000011

1583316888.266999960

1583316888.269000053

1583316888.269999981

1583316888.272000074

1583316888.273999929

1583316888.275000095

1583316888.279000044

1583316888.280999899

1583316888.282000065

1583316888.283999920

1583316888.286000013

1583316888.286999941

1583316888.290999889

1583316888.293999910

1583316888.296000004

1583316888.296999931

1583316888.299000025

1583316888.303999901

1583316888.305999994

1583316888.306999922

1583316888.309000015

1583316888.311000109

1583316888.312999964

1583316888.315999985

1583316888.318000078

1583316888.319999933

1583316888.322000027

1583316888.322999954

1583316888.325000048

1583316888.328000069

1583316888.329999924

1583316888.332000017

1583316888.332999945

1583316888.335000038

1583316888.336999893

1583316888.341000080

1583316888.342000008

1583316888.344000101

1583316888.345999956

1583316888.346999884

1583316888.348999977

1583316888.352999926

1583316888.354000092

1583316888.355999947

1583316888.358000040

1583316888.359999895

1583316888.362999916

1583316888.365000010

1583316888.367000103

1583316888.368000031

1583316888.369999886

1583316888.371999979

1583316888.375000000

1583316888.377000093

1583316888.378999949

1583316888.380000114

1583316888.381999969

1583316888.384000063

1583316888.387000084

1583316888.388999939

1583316888.391000032

1583316888.394000053

1583316888.394999981

1583316888.397000074

1583316888.401000023

1583316888.401999950

1583316888.404000044

1583316888.405999899

1583316888.407999992

1583316888.411000013

1583316888.413000107

1583316888.414999962

1583316888.415999889

1583316888.417999983

1583316888.420000076

1583316888.423000097

1583316888.424999952

1583316888.427000046

1583316888.428999901

1583316888.430999994

1583316888.431999922

1583316888.436000109

1583316888.437999964

1583316888.438999891

1583316888.440999985

1583316888.443000078

1583316888.444999933

1583316888.447999954

1583316888.450000048

1583316888.450999975

1583316888.453000069

1583316888.454999924

1583316888.460999966

1583316888.461999893

1583316888.463999987

1583316888.466000080

1583316888.467000008

1583316888.469000101

1583316888.473000050

1583316888.473999977

1583316888.476000071

1583316888.477999926

1583316888.479000092

1583316888.480999947

1583316888.484999895

1583316888.486000061

1583316888.487999916

1583316888.490999937

1583316888.494999886

1583316888.496999979

1583316888.499000072

1583316888.500999928

1583316888.503000021

1583316888.503999949

1583316888.507999897

1583316888.509999990

1583316888.512000084

1583316888.513000011

1583316888.515000105

1583316888.516999960

1583316888.520999908

1583316888.522000074

1583316888.523999929

1583316888.526000023

1583316888.528000116

1583316888.530999899

1583316888.532999992

1583316888.535000086

1583316888.536999941

1583316888.539000034

1583316888.540999889

1583316888.543999910

1583316888.546999931

1583316888.549000025

1583316888.551000118

1583316888.552000046

1583316888.555999994

1583316888.558000088

1583316888.559000015

1583316888.561000109

1583316888.562999964

1583316888.565000057

1583316888.569000006

1583316888.569999933

1583316888.572000027

1583316888.573999882

1583316888.575999975

1583316888.578999996

1583316888.581000090

1583316888.582999945

1583316888.585000038

1583316888.586999893

1583316888.588000059

1583316888.592000008

1583316888.595000029

1583316888.596999884

1583316888.598999977

1583316888.601000071

1583316888.605000019

1583316888.607000113

1583316888.608000040

1583316888.609999895

1583316888.611999989

1583316888.615000010

1583316888.617000103

1583316888.618999958

1583316888.621000051

1583316888.622999907

1583316888.625000000

1583316888.628000021

1583316888.630000114

1583316888.631999969

1583316888.634000063

1583316888.635999918

1583316888.638999939

1583316888.641000032

1583316888.642999887

1583316888.644999981

1583316888.645999908

1583316888.648000002

1583316888.651999950

1583316888.654000044

1583316888.654999971

1583316888.657000065

1583316888.658999920

1583316888.661000013

1583316888.664999962

1583316888.665999889

1583316888.667999983

1583316888.670000076

1583316888.671999931

1583316888.674999952

1583316888.677000046

1583316888.678999901

1583316888.680999994

1583316888.681999922

1583316888.684000015

1583316888.687999964

1583316888.690000057

1583316888.690999985

1583316888.694999933

1583316888.697000027

1583316888.700999975

1583316888.703000069

1583316888.703999996

1583316888.706000090

1583316888.707999945

1583316888.710999966

1583316888.713000059

1583316888.714999914

1583316888.717000008

1583316888.719000101

1583316888.720000029

1583316888.723999977

1583316888.726000071

1583316888.727999926

1583316888.730000019

1583316888.730999947

1583316888.734999895

1583316888.736999989

1583316888.739000082

1583316888.740999937

1583316888.742000103

1583316888.743999958

1583316888.747999907

1583316888.750000000

1583316888.752000093

1583316888.753000021

1583316888.755000114

1583316888.756999969

1583316888.760999918

1583316888.763000011

1583316888.765000105

1583316888.766999960

1583316888.767999887

1583316888.772000074

1583316888.773999929

1583316888.779999971

1583316888.782999992

1583316888.785000086

1583316888.786999941

1583316888.789000034

1583316888.790999889

1583316888.795000076

1583316888.796999931

1583316888.799999952

1583316888.801000118

1583316888.802999973

1583316888.805000067

1583316888.809000015

1583316888.809999943

1583316888.812000036

1583316888.813999891

1583316888.815999985

1583316888.819000006

1583316888.821000099

1583316888.822999954

1583316888.825000048

1583316888.826999903

1583316888.828999996

1583316888.832000017

1583316888.834000111

1583316888.835000038

1583316888.836999893

1583316888.838999987

1583316888.841000080

1583316888.845000029

1583316888.845999956

1583316888.848000050

1583316888.849999905

1583316888.851999998

1583316888.855999947

1583316888.858000040

1583316888.858999968

1583316888.861000061

1583316888.862999916

1583316888.865000010

1583316888.868999958

1583316888.869999886

1583316888.871999979

1583316888.874000072

1583316888.875999928

1583316888.878999949

1583316888.881000042

1583316888.882999897

1583316888.884999990

1583316888.887000084

1583316888.888999939

1583316888.894000053

1583316888.895999908

1583316888.898000002

1583316888.898999929

1583316888.901000023

1583316888.904999971

1583316888.907000065

1583316888.907999992

1583316888.910000086

1583316888.911999941

1583316888.914999962

1583316888.917000055

1583316888.918999910

1583316888.921000004

1583316888.923000097

1583316888.924000025

1583316888.927999973

1583316888.930000067

1583316888.931999922

1583316888.933000088

1583316888.934999943

1583316888.937000036

1583316888.940999985

1583316888.941999912

1583316888.944000006

1583316888.946000099

1583316888.947999954

1583316888.950999975

1583316888.953000069

1583316888.954999924

1583316888.957000017

1583316888.959000111

1583316888.960000038

1583316888.963999987

1583316888.966000080

1583316888.967000008

1583316888.969000101

1583316888.970999956

1583316888.973000050

1583316888.976999998

1583316888.977999926

1583316888.980000019

1583316888.982000113

1583316888.983999968

1583316888.986999989

1583316888.990000010

1583316888.990999937

1583316888.994999886

1583316888.996000051

1583316889.000000000

1583316889.002000093

1583316889.003999949

1583316889.006000042

1583316889.006999969

1583316889.009000063

1583316889.013000011

1583316889.015000105

1583316889.016000032

1583316889.017999887

1583316889.019999981

1583316889.023000002

1583316889.025000095

1583316889.026999950

1583316889.029000044

1583316889.029999971

1583316889.032000065

1583316889.036000013

1583316889.038000107

1583316889.039999962

1583316889.042000055

1583316889.042999983

1583316889.046999931

1583316889.049000025

1583316889.051000118

1583316889.052999973

1583316889.055000067

1583316889.056999922

1583316889.059999943

1583316889.062000036

1583316889.063999891

1583316889.065999985

1583316889.066999912

1583316889.069000006

1583316889.072999954

1583316889.073999882

1583316889.075999975

1583316889.078000069

1583316889.079999924

1583316889.082999945

1583316889.085000038

1583316889.086999893

1583316889.088999987

1583316889.091000080

1583316889.098999977

1583316889.101000071

1583316889.102999926

1583316889.105000019

1583316889.108999968

1583316889.111000061

1583316889.111999989

1583316889.114000082

1583316889.115999937

1583316889.118999958

1583316889.121000051

1583316889.122999907

1583316889.125000000

1583316889.125999928

1583316889.128000021

1583316889.131999969

1583316889.134000063

1583316889.134999990

1583316889.137000084

1583316889.138999939

1583316889.141000032

1583316889.144999981

1583316889.145999908

1583316889.148000002

1583316889.150000095

1583316889.151999950

1583316889.154999971

1583316889.157000065

1583316889.158999920

1583316889.161000013

1583316889.163000107

1583316889.164000034

1583316889.167999983

1583316889.170000076

1583316889.171000004

1583316889.174000025

1583316889.174999952

1583316889.177000046

1583316889.180999994

1583316889.181999922

1583316889.184000015

1583316889.187000036

1583316889.187999964

1583316889.191999912

1583316889.194000006

1583316889.196000099

1583316889.197999954

1583316889.198999882

1583316889.203000069

1583316889.204999924

1583316889.207000017

1583316889.209000111

1583316889.210999966

1583316889.211999893

1583316889.216000080

1583316889.217999935

1583316889.220000029

1583316889.221999884

1583316889.223999977

1583316889.226999998

1583316889.229000092

1583316889.230999947

1583316889.233000040

1583316889.236000061

1583316889.240000010

1583316889.242000103

1583316889.243000031

1583316889.244999886

1583316889.246999979

1583316889.249000072

1583316889.253000021

1583316889.253999949

1583316889.256000042

1583316889.257999897

1583316889.259999990

1583316889.263999939

1583316889.265000105

1583316889.266999960

1583316889.269000053

1583316889.270999908

1583316889.273000002

1583316889.276999950

1583316889.278000116

1583316889.279999971

1583316889.282000065

1583316889.283999920

1583316889.286999941

1583316889.289000034

1583316889.290999889

1583316889.293999910

1583316889.296000004

1583316889.299999952

1583316889.302000046

1583316889.303999901

1583316889.305999994

1583316889.306999922

1583316889.311000109

1583316889.312999964

1583316889.315000057

1583316889.315999985

1583316889.318000078

1583316889.319999933

1583316889.323999882

1583316889.325000048

1583316889.326999903

1583316889.328999996

1583316889.331000090

1583316889.332999945

1583316889.336999893

1583316889.338000059

1583316889.339999914

1583316889.342000008

1583316889.344000101

1583316889.346999884

1583316889.348999977

1583316889.351000071

1583316889.352999926

1583316889.354000092

1583316889.355999947

1583316889.359999895

1583316889.361999989

1583316889.362999916

1583316889.365999937

1583316889.367000103

1583316889.368999958

1583316889.372999907

1583316889.374000072

1583316889.375999928

1583316889.378000021

1583316889.380000114

1583316889.382999897

1583316889.384999990

1583316889.387000084

1583316889.388999939

1583316889.390000105

1583316889.394999981

1583316889.397000074

1583316889.398999929

1583316889.401000023

1583316889.403000116

1583316889.404999971

1583316889.407999992

1583316889.410000086

1583316889.411999941

1583316889.414000034

1583316889.420000076

1583316889.421999931

1583316889.424000025

1583316889.426000118

1583316889.427000046

1583316889.430999994

1583316889.433000088

1583316889.434999943

1583316889.437000036

1583316889.438999891

1583316889.440000057

1583316889.444000006

1583316889.446000099

1583316889.447000027

1583316889.448999882

1583316889.450999975

1583316889.453000069

1583316889.457000017

1583316889.457999945

1583316889.460000038

1583316889.461999893

1583316889.463999987

1583316889.467999935

1583316889.470000029

1583316889.471999884

1583316889.473000050

1583316889.474999905

1583316889.476999998

1583316889.480999947

1583316889.482000113

1583316889.483999968

1583316889.486000061

1583316889.487999916

1583316889.490999937

1583316889.493999958

1583316889.496000051

1583316889.497999907

1583316889.500000000

1583316889.503999949

1583316889.506000042

1583316889.506999969

1583316889.509000063

1583316889.510999918

1583316889.513999939

1583316889.516000032

1583316889.517999887

1583316889.519999981

1583316889.522000074

1583316889.523000002

1583316889.526999950

1583316889.529000044

1583316889.529999971

1583316889.532000065

1583316889.533999920

1583316889.536000013

1583316889.539999962

1583316889.542000055

1583316889.542999983

1583316889.545000076

1583316889.546999931

1583316889.551000118

1583316889.552000046

1583316889.553999901

1583316889.555999994

1583316889.558000088

1583316889.559999943

1583316889.563999891

1583316889.565000057

1583316889.566999912

1583316889.569000006

1583316889.571000099

1583316889.573999882

1583316889.575999975

1583316889.578000069

1583316889.579999924

1583316889.581000090

1583316889.582999945

1583316889.586999893

1583316889.588999987

1583316889.591000080

1583316889.594000101

1583316889.595999956

1583316889.599999905

1583316889.601999998

1583316889.602999926

1583316889.605000019

1583316889.607000113

1583316889.609999895

1583316889.611999989

1583316889.614000082

1583316889.615999937

1583316889.617000103

1583316889.618999958

1583316889.622999907

1583316889.625000000

1583316889.625999928

1583316889.628000021

1583316889.630000114

1583316889.631999969

1583316889.634999990

1583316889.637000084

1583316889.638999939

1583316889.641000032

1583316889.642999887

1583316889.645999908

1583316889.648000002

1583316889.650000095

1583316889.651999950

1583316889.654000044

1583316889.654999971

1583316889.658999920

1583316889.661000013

1583316889.663000107

1583316889.664999962

1583316889.665999889

1583316889.670000076

1583316889.671999931

1583316889.674000025

1583316889.674999952

1583316889.677000046

1583316889.678999901

1583316889.683000088

1583316889.684999943

1583316889.686000109

1583316889.687999964

1583316889.690000057

1583316889.694000006

1583316889.696000099

1583316889.697999954

1583316889.700000048

1583316889.701999903

1583316889.703000069

1583316889.707000017

1583316889.709000111

1583316889.710000038

1583316889.711999893

1583316889.713999987

1583316889.716000080

1583316889.720000029

1583316889.720999956

1583316889.723000050

1583316889.724999905

1583316889.726999998

1583316889.730000019

1583316889.732000113

1583316889.737999916

1583316889.740000010

1583316889.743000031

1583316889.744999886

1583316889.746999979

1583316889.749000072

1583316889.750999928

1583316889.755000114

1583316889.756000042

1583316889.757999897

1583316889.759999990

1583316889.762000084

1583316889.763999939

1583316889.767999887

1583316889.769000053

1583316889.770999908

1583316889.773000002

1583316889.775000095

1583316889.778000116

1583316889.779999971

1583316889.782000065

1583316889.783999920

1583316889.786000013

1583316889.786999941

1583316889.792999983

1583316889.795000076

1583316889.796999931

1583316889.798000097

1583316889.802000046

1583316889.803999901

1583316889.805999994

1583316889.808000088

1583316889.809999943

1583316889.812000036

1583316889.815999985

1583316889.816999912

1583316889.819000006

1583316889.821000099

1583316889.822999954

1583316889.825999975

1583316889.828000069

1583316889.829999924

1583316889.832000017

1583316889.832999945

1583316889.835000038

1583316889.838999987

1583316889.841000080

1583316889.842000008

1583316889.844000101

1583316889.845999956

1583316889.848000050

1583316889.851999998

1583316889.852999926

1583316889.855000019

1583316889.857000113

1583316889.858999968

1583316889.861999989

1583316889.864000082

1583316889.865999937

1583316889.868000031

1583316889.869999886

1583316889.871000051

1583316889.875000000

1583316889.877000093

1583316889.878999949

1583316889.881000042

1583316889.881999969

1583316889.884000063

1583316889.888000011

1583316889.888999939

1583316889.892999887

1583316889.894000053

1583316889.898000002

1583316889.900000095

1583316889.901999950

1583316889.904000044

1583316889.904999971

1583316889.907000065

1583316889.911000013

1583316889.913000107

1583316889.914000034

1583316889.915999889

1583316889.917999983

1583316889.921999931

1583316889.924000025

1583316889.926000118

1583316889.927999973

1583316889.928999901

1583316889.930999994

1583316889.934999943

1583316889.937000036

1583316889.937999964

1583316889.940000057

1583316889.941999912

1583316889.944000006

1583316889.947000027

1583316889.948999882

1583316889.950999975

1583316889.953000069

1583316889.954999924

1583316889.957999945

1583316889.960000038

1583316889.961999893

1583316889.963999987

1583316889.964999914

1583316889.967000008

1583316889.970999956

1583316889.973000050

1583316889.974999905

1583316889.976000071

1583316889.977999926

1583316889.980000019

1583316889.983999968

1583316889.984999895

1583316889.986999989

1583316889.989000082

1583316889.993999958

1583316889.996000051

1583316889.997999907

1583316890.000000000

1583316890.000999928

1583316890.003000021

1583316890.006999969

1583316890.009000063

1583316890.009999990

1583316890.012000084

1583316890.013999939

1583316890.016000032

1583316890.019000053

1583316890.020999908

1583316890.023000002

1583316890.025000095

1583316890.026999950

1583316890.029999971

1583316890.032000065

1583316890.033999920

1583316890.036000013

1583316890.036999941

1583316890.039000034

1583316890.042999983

1583316890.045000076

1583316890.046999931

1583316890.049000025

1583316890.049999952

1583316890.056999922

1583316890.058000088

1583316890.059999943

1583316890.062000036

1583316890.063999891

1583316890.068000078

1583316890.069999933

1583316890.072000027

1583316890.072999954

1583316890.075000048

1583316890.078999996

1583316890.081000090

1583316890.082000017

1583316890.084000111

1583316890.086999893

1583316890.089999914

1583316890.094000101

1583316890.095000029

1583316890.096999884

1583316890.098999977

1583316890.102999926

1583316890.105000019

1583316890.107000113

1583316890.108999968

1583316890.109999895

1583316890.114000082

1583316890.115999937

1583316890.118000031

1583316890.118999958

1583316890.121000051

1583316890.122999907

1583316890.125999928

1583316890.128000021

1583316890.130000114

1583316890.131999969

1583316890.134000063

1583316890.134999990

1583316890.138999939

1583316890.141000032

1583316890.141999960

1583316890.144000053

1583316890.145999908

1583316890.148000002

1583316890.151999950

1583316890.153000116

1583316890.154999971

1583316890.157000065

1583316890.158999920

1583316890.161999941

1583316890.164000034

1583316890.165999889

1583316890.167999983

1583316890.170000076

1583316890.171999931

1583316890.174999952

1583316890.177000046

1583316890.178999901

1583316890.180999994

1583316890.183000088

1583316890.186000109

1583316890.187999964

1583316890.190000057

1583316890.193000078

1583316890.196000099

1583316890.200999975

1583316890.203999996

1583316890.206000090

1583316890.207999945

1583316890.211999893

1583316890.213999987

1583316890.214999914

1583316890.217000008

1583316890.219000101

1583316890.223000050

1583316890.224999905

1583316890.226000071

1583316890.227999926

1583316890.230000019

1583316890.232000113

1583316890.236000061

1583316890.236999989

1583316890.239000082

1583316890.240999937

1583316890.243000031

1583316890.246000051

1583316890.247999907

1583316890.250000000

1583316890.252000093

1583316890.253000021

1583316890.255000114

1583316890.259000063

1583316890.260999918

1583316890.263000011

1583316890.265000105

1583316890.266000032

1583316890.267999887

1583316890.272000074

1583316890.273999929

1583316890.275000095

1583316890.276999950

1583316890.279000044

1583316890.282999992

1583316890.283999920

1583316890.286000013

1583316890.288000107

1583316890.289999962

1583316890.293999910

1583316890.296000004

1583316890.298000097

1583316890.299999952

1583316890.302000046

1583316890.303999901

1583316890.306999922

1583316890.309000015

1583316890.311000109

1583316890.312999964

1583316890.315000057

1583316890.318000078

1583316890.319999933

1583316890.322000027

1583316890.323999882

1583316890.325999975

1583316890.326999903

1583316890.331000090

1583316890.332999945

1583316890.334000111

1583316890.335999966

1583316890.338000059

1583316890.339999914

1583316890.344000101

1583316890.345000029

1583316890.346999884

1583316890.348999977

1583316890.349999905

1583316890.354000092

1583316890.355999947

1583316890.358000040

1583316890.359999895

1583316890.361999989

1583316890.362999916

1583316890.367000103

1583316890.368999958

1583316890.369999886

1583316890.371999979

1583316890.374000072

1583316890.380000114

1583316890.381999969

1583316890.384000063

1583316890.385999918

1583316890.387000084

1583316890.392999887

1583316890.394999981

1583316890.397000074

1583316890.398000002

1583316890.401999950

1583316890.404000044

1583316890.405999899

1583316890.407999992

1583316890.410000086

1583316890.411000013

1583316890.414999962

1583316890.417000055

1583316890.417999983

1583316890.421000004

1583316890.421999931

1583316890.426000118

1583316890.427999973

1583316890.430000067

1583316890.430999994

1583316890.433000088

1583316890.434999943

1583316890.438999891

1583316890.440999985

1583316890.441999912

1583316890.444000006

1583316890.446000099

1583316890.447999954

1583316890.451999903

1583316890.453999996

1583316890.454999924

1583316890.457000017

1583316890.459000111

1583316890.461999893

1583316890.463999987

1583316890.466000080

1583316890.467999935

1583316890.469000101

1583316890.470999956

1583316890.474999905

1583316890.476999998

1583316890.479000092

1583316890.480999947

1583316890.482000113

1583316890.486000061

1583316890.487999916

1583316890.490000010

1583316890.493999958

1583316890.496000051

1583316890.499000072

