0.000000000

0.003278689

0.006557377

0.009836066

0.013114754

0.016393443

0.019672131

0.022950820

0.026229508

0.029508197

0.032786885

0.036065574

0.039344262

0.042622951

0.045901639

0.049180328

0.052459016

0.055737705

0.059016393

0.062295082

0.065573770

0.068852459

0.072131148

0.075409836

0.078688525

0.081967213

0.085245902

0.088524590

0.091803279

0.095081967

0.098360656

0.101639344

0.104918033

0.108196721

0.111475410

0.114754098

0.118032787

0.121311475

0.124590164

0.127868852

0.131147541

0.134426230

0.137704918

0.140983607

0.144262295

0.147540984

0.150819672

0.154098361

0.157377049

0.160655738

0.163934426

0.167213115

0.170491803

0.173770492

0.177049180

0.180327869

0.183606557

0.186885246

0.190163934

0.193442623

0.196721311

0.200000000

0.203278689

0.206557377

0.209836066

0.213114754

0.216393443

0.219672131

0.222950820

0.226229508

0.229508197

0.232786885

0.236065574

0.239344262

0.242622951

0.245901639

0.249180328

0.252459016

0.255737705

0.259016393

0.262295082

0.265573770

0.268852459

0.272131148

0.275409836

0.278688525

0.281967213

0.285245902

0.288524590

0.291803279

0.295081967

0.298360656

0.301639344

0.304918033

0.308196721

0.311475410

0.314754098

0.318032787

0.321311475

0.324590164

0.327868852

0.331147541

0.334426230

0.337704918

0.340983607

0.344262295

0.347540984

0.350819672

0.354098361

0.357377049

0.360655738

0.363934426

0.367213115

0.370491803

0.373770492

0.377049180

0.380327869

0.383606557

0.386885246

0.390163934

0.393442623

0.396721311

0.400000000

0.403278689

0.406557377

0.409836066

0.413114754

0.416393443

0.419672131

0.422950820

0.426229508

0.429508197

0.432786885

0.436065574

0.439344262

0.442622951

0.445901639

0.449180328

0.452459016

0.455737705

0.459016393

0.462295082

0.465573770

0.468852459

0.472131148

0.475409836

0.478688525

0.481967213

0.485245902

0.488524590

0.491803279

0.495081967

0.498360656

0.501639344

0.504918033

0.508196721

0.511475410

0.514754098

0.518032787

0.521311475

0.524590164

0.527868852

0.531147541

0.534426230

0.537704918

0.540983607

0.544262295

0.547540984

0.550819672

0.554098361

0.557377049

0.560655738

0.563934426

0.567213115

0.570491803

0.573770492

0.577049180

0.580327869

0.583606557

0.586885246

0.590163934

0.593442623

0.596721311

0.600000000

0.603278689

0.606557377

0.609836066

0.613114754

0.616393443

0.619672131

0.622950820

0.626229508

0.629508197

0.632786885

0.636065574

0.639344262

0.642622951

0.645901639

0.649180328

0.652459016

0.655737705

0.659016393

0.662295082

0.665573770

0.668852459

0.672131148

0.675409836

0.678688525

0.681967213

0.685245902

0.688524590

0.691803279

0.695081967

0.698360656

0.701639344

0.704918033

0.708196721

0.711475410

0.714754098

0.718032787

0.721311475

0.724590164

0.727868852

0.731147541

0.734426230

0.737704918

0.740983607

0.744262295

0.747540984

0.750819672

0.754098361

0.757377049

0.760655738

0.763934426

0.767213115

0.770491803

0.773770492

0.777049180

0.780327869

0.783606557

0.786885246

0.790163934

0.793442623

0.796721311

0.800000000

0.803278689

0.806557377

0.809836066

0.813114754

0.816393443

0.819672131

0.822950820

0.826229508

0.829508197

0.832786885

0.836065574

0.839344262

0.842622951

0.845901639

0.849180328

0.852459016

0.855737705

0.859016393

0.862295082

0.865573770

0.868852459

0.872131148

0.875409836

0.878688525

0.881967213

0.885245902

0.888524590

0.891803279

0.895081967

0.898360656

0.901639344

0.904918033

0.908196721

0.911475410

0.914754098

0.918032787

0.921311475

0.924590164

0.927868852

0.931147541

0.934426230

0.937704918

0.940983607

0.944262295

0.947540984

0.950819672

0.954098361

0.957377049

0.960655738

0.963934426

0.967213115

0.970491803

0.973770492

0.977049180

0.980327869

0.983606557

0.986885246

0.990163934

0.993442623

0.996721311

1.000000000

1.003278689

1.006557377

1.009836066

1.013114754

1.016393443

1.019672131

1.022950820

1.026229508

1.029508197

1.032786885

1.036065574

1.039344262

1.042622951

1.045901639

1.049180328

1.052459016

1.055737705

1.059016393

1.062295082

1.065573770

1.068852459

1.072131148

1.075409836

1.078688525

1.081967213

1.085245902

1.088524590

1.091803279

1.095081967

1.098360656

1.101639344

1.104918033

1.108196721

1.111475410

1.114754098

1.118032787

1.121311475

1.124590164

1.127868852

1.131147541

1.134426230

1.137704918

1.140983607

1.144262295

1.147540984

1.150819672

1.154098361

1.157377049

1.160655738

1.163934426

1.167213115

1.170491803

1.173770492

1.177049180

1.180327869

1.183606557

1.186885246

1.190163934

1.193442623

1.196721311

1.200000000

1.203278689

1.206557377

1.209836066

1.213114754

1.216393443

1.219672131

1.222950820

1.226229508

1.229508197

1.232786885

1.236065574

1.239344262

1.242622951

1.245901639

1.249180328

1.252459016

1.255737705

1.259016393

1.262295082

1.265573770

1.268852459

1.272131148

1.275409836

1.278688525

1.281967213

1.285245902

1.288524590

1.291803279

1.295081967

1.298360656

1.301639344

1.304918033

1.308196721

1.311475410

1.314754098

1.318032787

1.321311475

1.324590164

1.327868852

1.331147541

1.334426230

1.337704918

1.340983607

1.344262295

1.347540984

1.350819672

1.354098361

1.357377049

1.360655738

1.363934426

1.367213115

1.370491803

1.373770492

1.377049180

1.380327869

1.383606557

1.386885246

1.390163934

1.393442623

1.396721311

1.400000000

1.403278689

1.406557377

1.409836066

1.413114754

1.416393443

1.419672131

1.422950820

1.426229508

1.429508197

1.432786885

1.436065574

1.439344262

1.442622951

1.445901639

1.449180328

1.452459016

1.455737705

1.459016393

1.462295082

1.465573770

1.468852459

1.472131148

1.475409836

1.478688525

1.481967213

1.485245902

1.488524590

1.491803279

1.495081967

1.498360656

1.501639344

1.504918033

1.508196721

1.511475410

1.514754098

1.518032787

1.521311475

1.524590164

1.527868852

1.531147541

1.534426230

1.537704918

1.540983607

1.544262295

1.547540984

1.550819672

1.554098361

1.557377049

1.560655738

1.563934426

1.567213115

1.570491803

1.573770492

1.577049180

1.580327869

1.583606557

1.586885246

1.590163934

1.593442623

1.596721311

1.600000000

1.603278689

1.606557377

1.609836066

1.613114754

1.616393443

1.619672131

1.622950820

1.626229508

1.629508197

1.632786885

1.636065574

1.639344262

1.642622951

1.645901639

1.649180328

1.652459016

1.655737705

1.659016393

1.662295082

1.665573770

1.668852459

1.672131148

1.675409836

1.678688525

1.681967213

1.685245902

1.688524590

1.691803279

1.695081967

1.698360656

1.701639344

1.704918033

1.708196721

1.711475410

1.714754098

1.718032787

1.721311475

1.724590164

1.727868852

1.731147541

1.734426230

1.737704918

1.740983607

1.744262295

1.747540984

1.750819672

1.754098361

1.757377049

1.760655738

1.763934426

1.767213115

1.770491803

1.773770492

1.777049180

1.780327869

1.783606557

1.786885246

1.790163934

1.793442623

1.796721311

1.800000000

1.803278689

1.806557377

1.809836066

1.813114754

1.816393443

1.819672131

1.822950820

1.826229508

1.829508197

1.832786885

1.836065574

1.839344262

1.842622951

1.845901639

1.849180328

1.852459016

1.855737705

1.859016393

1.862295082

1.865573770

1.868852459

1.872131148

1.875409836

1.878688525

1.881967213

1.885245902

1.888524590

1.891803279

1.895081967

1.898360656

1.901639344

1.904918033

1.908196721

1.911475410

1.914754098

1.918032787

1.921311475

1.924590164

1.927868852

1.931147541

1.934426230

1.937704918

1.940983607

1.944262295

1.947540984

1.950819672

1.954098361

1.957377049

1.960655738

1.963934426

1.967213115

1.970491803

1.973770492

1.977049180

1.980327869

1.983606557

1.986885246

1.990163934

1.993442623

1.996721311

2.000000000

2.003278689

2.006557377

2.009836066

2.013114754

2.016393443

2.019672131

2.022950820

2.026229508

2.029508197

2.032786885

2.036065574

2.039344262

2.042622951

2.045901639

2.049180328

2.052459016

2.055737705

2.059016393

2.062295082

2.065573770

2.068852459

2.072131148

2.075409836

2.078688525

2.081967213

2.085245902

2.088524590

2.091803279

2.095081967

2.098360656

2.101639344

2.104918033

2.108196721

2.111475410

2.114754098

2.118032787

2.121311475

2.124590164

2.127868852

2.131147541

2.134426230

2.137704918

2.140983607

2.144262295

2.147540984

2.150819672

2.154098361

2.157377049

2.160655738

2.163934426

2.167213115

2.170491803

2.173770492

2.177049180

2.180327869

2.183606557

2.186885246

2.190163934

2.193442623

2.196721311

2.200000000

2.203278689

2.206557377

2.209836066

2.213114754

2.216393443

2.219672131

2.222950820

2.226229508

2.229508197

2.232786885

2.236065574

2.239344262

2.242622951

2.245901639

2.249180328

2.252459016

2.255737705

2.259016393

2.262295082

2.265573770

2.268852459

2.272131148

2.275409836

2.278688525

2.281967213

2.285245902

2.288524590

2.291803279

2.295081967

2.298360656

2.301639344

2.304918033

2.308196721

2.311475410

2.314754098

2.318032787

2.321311475

2.324590164

2.327868852

2.331147541

2.334426230

2.337704918

2.340983607

2.344262295

2.347540984

2.350819672

2.354098361

2.357377049

2.360655738

2.363934426

2.367213115

2.370491803

2.373770492

2.377049180

2.380327869

2.383606557

2.386885246

2.390163934

2.393442623

2.396721311

2.400000000

2.403278689

2.406557377

2.409836066

2.413114754

2.416393443

2.419672131

2.422950820

2.426229508

2.429508197

2.432786885

2.436065574

2.439344262

2.442622951

2.445901639

2.449180328

2.452459016

2.455737705

2.459016393

2.462295082

2.465573770

2.468852459

2.472131148

2.475409836

2.478688525

2.481967213

2.485245902

2.488524590

2.491803279

2.495081967

2.498360656

2.501639344

2.504918033

2.508196721

2.511475410

2.514754098

2.518032787

2.521311475

2.524590164

2.527868852

2.531147541

2.534426230

2.537704918

2.540983607

2.544262295

2.547540984

2.550819672

2.554098361

2.557377049

2.560655738

2.563934426

2.567213115

2.570491803

2.573770492

2.577049180

2.580327869

2.583606557

2.586885246

2.590163934

2.593442623

2.596721311

2.600000000

2.603278689

2.606557377

2.609836066

2.613114754

2.616393443

2.619672131

2.622950820

2.626229508

2.629508197

2.632786885

2.636065574

2.639344262

2.642622951

2.645901639

2.649180328

2.652459016

2.655737705

2.659016393

2.662295082

2.665573770

2.668852459

2.672131148

2.675409836

2.678688525

2.681967213

2.685245902

2.688524590

2.691803279

2.695081967

2.698360656

2.701639344

2.704918033

2.708196721

2.711475410

2.714754098

2.718032787

2.721311475

2.724590164

2.727868852

2.731147541

2.734426230

2.737704918

2.740983607

2.744262295

2.747540984

2.750819672

2.754098361

2.757377049

2.760655738

2.763934426

2.767213115

2.770491803

2.773770492

2.777049180

2.780327869

2.783606557

2.786885246

2.790163934

2.793442623

2.796721311

2.800000000

2.803278689

2.806557377

2.809836066

2.813114754

2.816393443

2.819672131

2.822950820

2.826229508

2.829508197

2.832786885

2.836065574

2.839344262

2.842622951

2.845901639

2.849180328

2.852459016

2.855737705

2.859016393

2.862295082

2.865573770

2.868852459

2.872131148

2.875409836

2.878688525

2.881967213

2.885245902

2.888524590

2.891803279

2.895081967

2.898360656

2.901639344

2.904918033

2.908196721

2.911475410

2.914754098

2.918032787

2.921311475

2.924590164

2.927868852

2.931147541

2.934426230

2.937704918

2.940983607

2.944262295

2.947540984

2.950819672

2.954098361

2.957377049

2.960655738

2.963934426

2.967213115

2.970491803

2.973770492

2.977049180

2.980327869

2.983606557

2.986885246

2.990163934

2.993442623

2.996721311

3.000000000

3.003278689

3.006557377

3.009836066

3.013114754

3.016393443

3.019672131

3.022950820

3.026229508

3.029508197

3.032786885

3.036065574

3.039344262

3.042622951

3.045901639

3.049180328

3.052459016

3.055737705

3.059016393

3.062295082

3.065573770

3.068852459

3.072131148

3.075409836

3.078688525

3.081967213

3.085245902

3.088524590

3.091803279

3.095081967

3.098360656

3.101639344

3.104918033

3.108196721

3.111475410

3.114754098

3.118032787

3.121311475

3.124590164

3.127868852

3.131147541

3.134426230

3.137704918

3.140983607

3.144262295

3.147540984

3.150819672

3.154098361

3.157377049

3.160655738

3.163934426

3.167213115

3.170491803

3.173770492

3.177049180

3.180327869

3.183606557

3.186885246

3.190163934

3.193442623

3.196721311

3.200000000

3.203278689

3.206557377

3.209836066

3.213114754

3.216393443

3.219672131

3.222950820

3.226229508

3.229508197

3.232786885

3.236065574

3.239344262

3.242622951

3.245901639

3.249180328

3.252459016

3.255737705

3.259016393

3.262295082

3.265573770

3.268852459

3.272131148

3.275409836

3.278688525

3.281967213

3.285245902

3.288524590

3.291803279

3.295081967

3.298360656

3.301639344

3.304918033

3.308196721

3.311475410

3.314754098

3.318032787

3.321311475

3.324590164

3.327868852

3.331147541

3.334426230

3.337704918

3.340983607

3.344262295

3.347540984

3.350819672

3.354098361

3.357377049

3.360655738

3.363934426

3.367213115

3.370491803

3.373770492

3.377049180

3.380327869

3.383606557

3.386885246

3.390163934

3.393442623

3.396721311

3.400000000

3.403278689

3.406557377

3.409836066

3.413114754

3.416393443

3.419672131

3.422950820

3.426229508

3.429508197

3.432786885

3.436065574

3.439344262

3.442622951

3.445901639

3.449180328

3.452459016

3.455737705

3.459016393

3.462295082

3.465573770

3.468852459

3.472131148

3.475409836

3.478688525

3.481967213

3.485245902

3.488524590

3.491803279

3.495081967

3.498360656

3.501639344

3.504918033

3.508196721

3.511475410

3.514754098

3.518032787

3.521311475

3.524590164

3.527868852

3.531147541

3.534426230

3.537704918

3.540983607

3.544262295

3.547540984

3.550819672

3.554098361

3.557377049

3.560655738

3.563934426

3.567213115

3.570491803

3.573770492

3.577049180

3.580327869

3.583606557

3.586885246

3.590163934

3.593442623

3.596721311

3.600000000

3.603278689

3.606557377

3.609836066

3.613114754

3.616393443

3.619672131

3.622950820

3.626229508

3.629508197

3.632786885

3.636065574

3.639344262

3.642622951

3.645901639

3.649180328

3.652459016

3.655737705

3.659016393

3.662295082

3.665573770

3.668852459

3.672131148

3.675409836

3.678688525

3.681967213

3.685245902

3.688524590

3.691803279

3.695081967

3.698360656

3.701639344

3.704918033

3.708196721

3.711475410

3.714754098

3.718032787

3.721311475

3.724590164

3.727868852

3.731147541

3.734426230

3.737704918

3.740983607

3.744262295

3.747540984

3.750819672

3.754098361

3.757377049

3.760655738

3.763934426

3.767213115

3.770491803

3.773770492

3.777049180

3.780327869

3.783606557

3.786885246

3.790163934

3.793442623

3.796721311

3.800000000

3.803278689

3.806557377

3.809836066

3.813114754

3.816393443

3.819672131

3.822950820

3.826229508

3.829508197

3.832786885

3.836065574

3.839344262

3.842622951

3.845901639

3.849180328

3.852459016

3.855737705

3.859016393

3.862295082

3.865573770

3.868852459

3.872131148

3.875409836

3.878688525

3.881967213

3.885245902

3.888524590

3.891803279

3.895081967

3.898360656

3.901639344

3.904918033

3.908196721

3.911475410

3.914754098

3.918032787

3.921311475

3.924590164

3.927868852

3.931147541

3.934426230

3.937704918

3.940983607

3.944262295

3.947540984

3.950819672

3.954098361

3.957377049

3.960655738

3.963934426

3.967213115

3.970491803

3.973770492

3.977049180

3.980327869

3.983606557

3.986885246

3.990163934

3.993442623

3.996721311

4.000000000

4.003278689

4.006557377

4.009836066

4.013114754

4.016393443

4.019672131

4.022950820

4.026229508

4.029508197

4.032786885

4.036065574

4.039344262

4.042622951

4.045901639

4.049180328

4.052459016

4.055737705

4.059016393

4.062295082

4.065573770

4.068852459

4.072131148

4.075409836

4.078688525

4.081967213

4.085245902

4.088524590

4.091803279

4.095081967

4.098360656

4.101639344

4.104918033

4.108196721

4.111475410

4.114754098

4.118032787

4.121311475

4.124590164

4.127868852

4.131147541

4.134426230

4.137704918

4.140983607

4.144262295

4.147540984

4.150819672

4.154098361

4.157377049

4.160655738

4.163934426

4.167213115

4.170491803

4.173770492

4.177049180

4.180327869

4.183606557

4.186885246

4.190163934

4.193442623

4.196721311

4.200000000

4.203278689

4.206557377

4.209836066

4.213114754

4.216393443

4.219672131

4.222950820

4.226229508

4.229508197

4.232786885

4.236065574

4.239344262

4.242622951

4.245901639

4.249180328

4.252459016

4.255737705

4.259016393

4.262295082

4.265573770

4.268852459

4.272131148

4.275409836

4.278688525

4.281967213

4.285245902

4.288524590

4.291803279

4.295081967

4.298360656

4.301639344

4.304918033

4.308196721

4.311475410

4.314754098

4.318032787

4.321311475

4.324590164

4.327868852

4.331147541

4.334426230

4.337704918

4.340983607

4.344262295

4.347540984

4.350819672

4.354098361

4.357377049

4.360655738

4.363934426

4.367213115

4.370491803

4.373770492

4.377049180

4.380327869

4.383606557

4.386885246

4.390163934

4.393442623

4.396721311

4.400000000

4.403278689

4.406557377

4.409836066

4.413114754

4.416393443

4.419672131

4.422950820

4.426229508

4.429508197

4.432786885

4.436065574

4.439344262

4.442622951

4.445901639

4.449180328

4.452459016

4.455737705

4.459016393

4.462295082

4.465573770

4.468852459

4.472131148

4.475409836

4.478688525

4.481967213

4.485245902

4.488524590

4.491803279

4.495081967

4.498360656

4.501639344

4.504918033

4.508196721

4.511475410

4.514754098

4.518032787

4.521311475

4.524590164

4.527868852

4.531147541

4.534426230

4.537704918

4.540983607

4.544262295

4.547540984

4.550819672

4.554098361

4.557377049

4.560655738

4.563934426

4.567213115

4.570491803

4.573770492

4.577049180

4.580327869

4.583606557

4.586885246

4.590163934

4.593442623

4.596721311

4.600000000

4.603278689

4.606557377

4.609836066

4.613114754

4.616393443

4.619672131

4.622950820

4.626229508

4.629508197

4.632786885

4.636065574

4.639344262

4.642622951

4.645901639

4.649180328

4.652459016

4.655737705

4.659016393

4.662295082

4.665573770

4.668852459

4.672131148

4.675409836

4.678688525

4.681967213

4.685245902

4.688524590

4.691803279

4.695081967

4.698360656

4.701639344

4.704918033

4.708196721

4.711475410

4.714754098

4.718032787

4.721311475

4.724590164

4.727868852

4.731147541

4.734426230

4.737704918

4.740983607

4.744262295

4.747540984

4.750819672

4.754098361

4.757377049

4.760655738

4.763934426

4.767213115

4.770491803

4.773770492

4.777049180

4.780327869

4.783606557

4.786885246

4.790163934

4.793442623

4.796721311

4.800000000

4.803278689

4.806557377

4.809836066

4.813114754

4.816393443

4.819672131

4.822950820

4.826229508

4.829508197

4.832786885

4.836065574

4.839344262

4.842622951

4.845901639

4.849180328

4.852459016

4.855737705

4.859016393

4.862295082

4.865573770

4.868852459

4.872131148

4.875409836

4.878688525

4.881967213

4.885245902

4.888524590

4.891803279

4.895081967

4.898360656

4.901639344

4.904918033

4.908196721

4.911475410

4.914754098

4.918032787

4.921311475

4.924590164

4.927868852

4.931147541

4.934426230

4.937704918

4.940983607

4.944262295

4.947540984

4.950819672

4.954098361

4.957377049

4.960655738

4.963934426

4.967213115

4.970491803

4.973770492

4.977049180

4.980327869

4.983606557

4.986885246

4.990163934

4.993442623

4.996721311

5.000000000

5.003278689

5.006557377

5.009836066

5.013114754

5.016393443

5.019672131

5.022950820

5.026229508

5.029508197

5.032786885

5.036065574

5.039344262

5.042622951

5.045901639

5.049180328

5.052459016

5.055737705

5.059016393

5.062295082

5.065573770

5.068852459

5.072131148

5.075409836

5.078688525

5.081967213

5.085245902

5.088524590

5.091803279

5.095081967

5.098360656

5.101639344

5.104918033

5.108196721

5.111475410

5.114754098

5.118032787

5.121311475

5.124590164

5.127868852

5.131147541

5.134426230

5.137704918

5.140983607

5.144262295

5.147540984

5.150819672

5.154098361

5.157377049

5.160655738

5.163934426

5.167213115

5.170491803

5.173770492

5.177049180

5.180327869

5.183606557

5.186885246

5.190163934

5.193442623

5.196721311

5.200000000

5.203278689

5.206557377

5.209836066

5.213114754

5.216393443

5.219672131

5.222950820

5.226229508

5.229508197

5.232786885

5.236065574

5.239344262

5.242622951

5.245901639

5.249180328

5.252459016

5.255737705

5.259016393

5.262295082

5.265573770

5.268852459

5.272131148

5.275409836

5.278688525

5.281967213

5.285245902

5.288524590

5.291803279

5.295081967

5.298360656

5.301639344

5.304918033

5.308196721

5.311475410

5.314754098

5.318032787

5.321311475

5.324590164

5.327868852

5.331147541

5.334426230

5.337704918

5.340983607

5.344262295

5.347540984

5.350819672

5.354098361

5.357377049

5.360655738

5.363934426

5.367213115

5.370491803

5.373770492

5.377049180

5.380327869

5.383606557

5.386885246

5.390163934

5.393442623

5.396721311

5.400000000

5.403278689

5.406557377

5.409836066

5.413114754

5.416393443

5.419672131

5.422950820

5.426229508

5.429508197

5.432786885

5.436065574

5.439344262

5.442622951

5.445901639

5.449180328

5.452459016

5.455737705

5.459016393

5.462295082

5.465573770

5.468852459

5.472131148

5.475409836

5.478688525

5.481967213

5.485245902

5.488524590

5.491803279

5.495081967

5.498360656

5.501639344

5.504918033

5.508196721

5.511475410

5.514754098

5.518032787

5.521311475

5.524590164

5.527868852

5.531147541

5.534426230

5.537704918

5.540983607

5.544262295

5.547540984

5.550819672

5.554098361

5.557377049

5.560655738

5.563934426

5.567213115

5.570491803

5.573770492

5.577049180

5.580327869

5.583606557

5.586885246

5.590163934

5.593442623

5.596721311

5.600000000

5.603278689

5.606557377

5.609836066

5.613114754

5.616393443

5.619672131

5.622950820

5.626229508

5.629508197

5.632786885

5.636065574

5.639344262

5.642622951

5.645901639

5.649180328

5.652459016

5.655737705

5.659016393

5.662295082

5.665573770

5.668852459

5.672131148

5.675409836

5.678688525

5.681967213

5.685245902

5.688524590

5.691803279

5.695081967

5.698360656

5.701639344

5.704918033

5.708196721

5.711475410

5.714754098

5.718032787

5.721311475

5.724590164

5.727868852

5.731147541

5.734426230

5.737704918

5.740983607

5.744262295

5.747540984

5.750819672

5.754098361

5.757377049

5.760655738

5.763934426

5.767213115

5.770491803

5.773770492

5.777049180

5.780327869

5.783606557

5.786885246

5.790163934

5.793442623

5.796721311

5.800000000

5.803278689

5.806557377

5.809836066

5.813114754

5.816393443

5.819672131

5.822950820

5.826229508

5.829508197

5.832786885

5.836065574

5.839344262

5.842622951

5.845901639

5.849180328

5.852459016

5.855737705

5.859016393

5.862295082

5.865573770

5.868852459

5.872131148

5.875409836

5.878688525

5.881967213

5.885245902

5.888524590

5.891803279

5.895081967

5.898360656

5.901639344

5.904918033

5.908196721

5.911475410

5.914754098

5.918032787

5.921311475

5.924590164

5.927868852

5.931147541

5.934426230

5.937704918

5.940983607

5.944262295

5.947540984

5.950819672

5.954098361

5.957377049

5.960655738

5.963934426

5.967213115

5.970491803

5.973770492

5.977049180

5.980327869

5.983606557

5.986885246

5.990163934

5.993442623

5.996721311

6.000000000

6.003278689

6.006557377

6.009836066

6.013114754

6.016393443

6.019672131

6.022950820

6.026229508

6.029508197

6.032786885

6.036065574

6.039344262

6.042622951

6.045901639

6.049180328

6.052459016

6.055737705

6.059016393

6.062295082

6.065573770

6.068852459

6.072131148

6.075409836

6.078688525

6.081967213

6.085245902

6.088524590

6.091803279

6.095081967

6.098360656

6.101639344

6.104918033

6.108196721

6.111475410

6.114754098

6.118032787

6.121311475

6.124590164

6.127868852

6.131147541

6.134426230

6.137704918

6.140983607

6.144262295

6.147540984

6.150819672

6.154098361

6.157377049

6.160655738

6.163934426

6.167213115

6.170491803

6.173770492

6.177049180

6.180327869

6.183606557

6.186885246

6.190163934

6.193442623

6.196721311

6.200000000

6.203278689

6.206557377

6.209836066

6.213114754

6.216393443

6.219672131

6.222950820

6.226229508

6.229508197

6.232786885

6.236065574

6.239344262

6.242622951

6.245901639

6.249180328

6.252459016

6.255737705

6.259016393

6.262295082

6.265573770

6.268852459

6.272131148

6.275409836

6.278688525

6.281967213

6.285245902

6.288524590

6.291803279

6.295081967

6.298360656

6.301639344

6.304918033

6.308196721

6.311475410

6.314754098

6.318032787

6.321311475

6.324590164

6.327868852

6.331147541

6.334426230

6.337704918

6.340983607

6.344262295

6.347540984

6.350819672

6.354098361

6.357377049

6.360655738

6.363934426

6.367213115

6.370491803

6.373770492

6.377049180

6.380327869

6.383606557

6.386885246

6.390163934

6.393442623

6.396721311

6.400000000

6.403278689

6.406557377

6.409836066

6.413114754

6.416393443

6.419672131

6.422950820

6.426229508

6.429508197

6.432786885

6.436065574

6.439344262

6.442622951

6.445901639

6.449180328

6.452459016

6.455737705

6.459016393

6.462295082

6.465573770

6.468852459

6.472131148

6.475409836

6.478688525

6.481967213

6.485245902

6.488524590

6.491803279

6.495081967

6.498360656

6.501639344

6.504918033

6.508196721

6.511475410

6.514754098

6.518032787

6.521311475

6.524590164

6.527868852

6.531147541

6.534426230

6.537704918

6.540983607

6.544262295

6.547540984

6.550819672

6.554098361

6.557377049

6.560655738

6.563934426

6.567213115

6.570491803

6.573770492

6.577049180

6.580327869

6.583606557

6.586885246

6.590163934

6.593442623

6.596721311

6.600000000

6.603278689

6.606557377

6.609836066

6.613114754

6.616393443

6.619672131

6.622950820

6.626229508

6.629508197

6.632786885

6.636065574

6.639344262

6.642622951

6.645901639

6.649180328

6.652459016

6.655737705

6.659016393

6.662295082

6.665573770

6.668852459

6.672131148

6.675409836

6.678688525

6.681967213

6.685245902

6.688524590

6.691803279

6.695081967

6.698360656

6.701639344

6.704918033

6.708196721

6.711475410

6.714754098

6.718032787

6.721311475

6.724590164

6.727868852

6.731147541

6.734426230

6.737704918

6.740983607

6.744262295

6.747540984

6.750819672

6.754098361

6.757377049

6.760655738

6.763934426

6.767213115

6.770491803

6.773770492

6.777049180

6.780327869

6.783606557

6.786885246

6.790163934

6.793442623

6.796721311

6.800000000

6.803278689

6.806557377

6.809836066

6.813114754

6.816393443

6.819672131

6.822950820

6.826229508

6.829508197

6.832786885

6.836065574

6.839344262

6.842622951

6.845901639

6.849180328

6.852459016

6.855737705

6.859016393

6.862295082

6.865573770

6.868852459

6.872131148

6.875409836

6.878688525

6.881967213

6.885245902

6.888524590

6.891803279

6.895081967

6.898360656

6.901639344

6.904918033

6.908196721

6.911475410

6.914754098

6.918032787

6.921311475

6.924590164

6.927868852

6.931147541

6.934426230

6.937704918

6.940983607

6.944262295

6.947540984

6.950819672

6.954098361

6.957377049

6.960655738

6.963934426

6.967213115

6.970491803

6.973770492

6.977049180

6.980327869

6.983606557

6.986885246

6.990163934

6.993442623

6.996721311

7.000000000

7.003278689

7.006557377

7.009836066

7.013114754

7.016393443

7.019672131

7.022950820

7.026229508

7.029508197

7.032786885

7.036065574

7.039344262

7.042622951

7.045901639

7.049180328

7.052459016

7.055737705

7.059016393

7.062295082

7.065573770

7.068852459

7.072131148

7.075409836

7.078688525

7.081967213

7.085245902

7.088524590

7.091803279

7.095081967

7.098360656

7.101639344

7.104918033

7.108196721

7.111475410

7.114754098

7.118032787

7.121311475

7.124590164

7.127868852

7.131147541

7.134426230

7.137704918

7.140983607

7.144262295

7.147540984

7.150819672

7.154098361

7.157377049

7.160655738

7.163934426

7.167213115

7.170491803

7.173770492

7.177049180

7.180327869

7.183606557

7.186885246

7.190163934

7.193442623

7.196721311

7.200000000

7.203278689

7.206557377

7.209836066

7.213114754

7.216393443

7.219672131

7.222950820

7.226229508

7.229508197

7.232786885

7.236065574

7.239344262

7.242622951

7.245901639

7.249180328

7.252459016

7.255737705

7.259016393

7.262295082

7.265573770

7.268852459

7.272131148

7.275409836

7.278688525

7.281967213

7.285245902

7.288524590

7.291803279

