nSeg: 60

breaks: 
0.000000000000000
0.331900000572205
0.663800001144409
0.995700001716614
1.327600002288818
1.659500002861023
1.991400003433228
2.323300004005432
2.655200004577637
2.987100005149841
3.319000005722046
3.650900006294250
3.982800006866455
4.314700007438660
4.646600008010864
4.978500008583069
5.310400009155273
5.642300009727478
5.974200010299683
6.306100010871887
6.638000011444092
6.969900012016296
7.301800012588501
7.633700013160706
7.965600013732910
8.297500014305115
8.629400014877319
8.961300015449524
9.293200016021729
9.625100016593933
9.957000017166138
10.288900017738342
10.620800018310547
10.952700018882751
11.284600019454956
11.616500020027161
11.948400020599365
12.280300021171570
12.612200021743774
12.944100022315979
13.276000022888184
13.607900023460388
13.939800024032593
14.271700024604797
14.603600025177002
14.935500025749207
15.267400026321411
15.599300026893616
15.931200027465820
16.263100028038025
16.595000028610229
16.926900029182434
17.258800029754639
17.590700030326843
17.922600030899048
18.254500031471252
18.586400032043457
18.918300032615662
19.250200033187866
19.582100033760071
19.914000034332275

coefs_q:
q1:
-0.000535915229703
0.000273411585318
0.000000000000000
-2.099192381000000
q2:
-0.000747685117614
0.000415173266497
0.000000000000000
1.529999852000000
q3:
-0.259707080218574
0.131071284453712
0.000000000000000
-0.255164772000000
q4:
0.180499711661108
-0.090618863873413
-0.000000000000000
-0.989010334000000
q5:
0.000117505606133
-0.000086286683135
-0.000000000000000
0.583649695000000
q6:
0.000185399738829
-0.000137114663738
-0.000000000000000
0.819711804000000
q7:
0.000039742717331
-0.000031915018458
-0.000000000000000
-0.999813318000000

q1:
0.000527848139954
-0.000260199209818
0.000004385187436
-2.099181856396466
q2:
0.000557440806776
-0.000329296806394
0.000028502397157
1.530018250146854
q3:
0.216052333193068
-0.127519055765739
0.001178984703571
-0.250221503830458
q4:
-0.152481332857718
0.089104699337401
-0.000502551210369
-0.992393385415547
q5:
0.000025931267982
0.000030713649094
-0.000018444690030
0.583644486024182
q6:
0.000067753723514
0.000047487856533
-0.000029747137362
0.819703478233796
q7:
0.000077990626090
0.000007656805257
-0.000008051300975
-0.999815380636322

q1:
-0.000554674435707
0.000265379184041
0.000006104420884
-2.099189765055952
q2:
-0.000468854021117
0.000225747005870
-0.000005865781696
1.530011816309861
q3:
-0.125941349025323
0.087604252765477
-0.012068738435055
-0.255978236732781
q4:
0.090252322919738
-0.062720964050780
0.008254210546357
-0.988319538834326
q5:
-0.000160577451841
0.000056533412668
0.000010512609819
0.583642695654893
q6:
-0.000383699234757
0.000114950239153
0.000024166066689
0.819701313472639
q7:
-0.000332262168911
0.000085312071789
0.000022805069370
-0.999814357968218

q1:
0.000615212403896
-0.000286910152545
-0.000001041707575
-2.099178785086417
q2:
0.000609385169677
-0.000241090943761
-0.000010958434691
1.530017595289975
q3:
0.056020824157143
-0.037795548675230
0.004462770480999
-0.254938156705463
q4:
-0.039988449437038
0.027143274035331
-0.003554024790128
-0.989189414627763
q5:
0.000173191941329
-0.000103353556405
-0.000005026995914
0.583646541453596
q6:
0.000765783692142
-0.000267099089553
-0.000026332136846
0.819707968286812
q7:
0.000738195207818
-0.000245521370366
-0.000030368396920
-0.999809539132191

q1:
-0.000703385492540
0.000325656839070
0.000011818317704
-2.099188243193963
q2:
-0.001030927395018
0.000365673870732
0.000030390638842
1.530009680103921
q3:
-0.025424656243637
0.017984386034203
-0.002112554410894
-0.255572235733746
q4:
0.018581318063653
-0.012673225137772
0.001248584447252
-0.988840987386223
q5:
-0.000002473400075
0.000069093659873
-0.000016397855593
0.583639819937272
q6:
-0.001400497786933
0.000495391734027
0.000049438191985
0.819697803708825
q7:
-0.001429507591146
0.000489499599325
0.000050607977412
-0.999819675066069

q1:
0.001031186952120
-0.000374704097059
-0.000004460467250
-2.099174163810823
q2:
0.001886887535071
-0.000660820538258
-0.000067568540278
1.530022356459694
q3:
0.007030367838367
-0.007330944231230
0.001423322929609
-0.255221834316927
q4:
-0.005959132637939
0.005828193290104
-0.001023281626906
-0.989143277056897
q5:
-0.000308244668456
0.000066630895414
0.000028649124384
0.583641898250706
q6:
0.002583242563953
-0.000899083914826
-0.000084547243053
0.819717579379326
q7:
0.002702986077795
-0.000933861111632
-0.000096875608777
-0.999801220843736

q1:
-0.002000348799380
0.000652048752937
0.000087590224194
-2.099179219201035
q2:
-0.003465476098137
0.001217953383652
0.000117343851427
1.529996123131647
q3:
0.016339349385022
-0.000330806962500
-0.001119612295975
-0.255299953269497
q4:
-0.007194367342830
-0.000105315087722
0.000876141651739
-0.989058758085140
q5:
0.000697744538430
-0.000240288321497
-0.000028987775432
0.583647476966150
q6:
-0.004843364037949
0.001673050710537
0.000172332336886
0.819684923948355
q7:
-0.005056548082207
0.001757502130669
0.000176490845912
-0.999837421052350

q1:
0.003964185165884
-0.001339698550039
-0.000140640743857
-2.099151455247559
q2:
0.006431272650087
-0.002232621173212
-0.000219424388509
1.530042534041092
q3:
-0.026608344302135
0.015938283248214
0.004060509092185
-0.255110605462102
q4:
0.009657189389524
-0.007268746663327
-0.001571309447653
-0.989042603430323
q5:
-0.001294840109335
0.000454455916616
0.000042094449510
0.583636896791201
q6:
0.009183512808816
-0.003149486870363
-0.000317696825405
0.819749340580757
q7:
0.009451958516838
-0.003277302803465
-0.000327930998259
-0.999770115532296

q1:
-0.007716072753266
0.002607440626437
0.000280122852025
-2.099200776094921
q2:
-0.012178021004941
0.004170997015520
0.000423922554663
1.529958902632248
q3:
-0.009025882637485
-0.010555645219098
0.005847006657129
-0.252980035245747
q4:
0.010269735564963
0.002346916828399
-0.003204864772682
-0.990011749295632
q5:
0.002411592533638
-0.000834816382472
-0.000084147189325
0.583653588664950
q6:
-0.017665637809125
0.005994536849139
0.000626575264179
0.819632718324060
q7:
-0.017899826305620
0.006134012307975
0.000620210887923
-0.999894399681724

q1:
0.015323819912884
-0.005075453027236
-0.000539010465213
-2.099102683626788
q2:
0.023977352838935
-0.007954658520004
-0.000831874700841
1.530113825179820
q3:
0.035344848777889
-0.019542716576736
-0.004142639640131
-0.252532196487943
q4:
-0.009965338461884
0.012572492548062
0.001746887207902
-0.990441438170597
q5:
-0.004696635716114
0.001566406307411
0.000158667507181
0.583621869819468
q6:
0.035798299849914
-0.011595138747731
-0.001232264509168
0.819855143632199
q7:
0.035384027950721
-0.011688844775258
-0.001223438011147
-0.999667284665257

q1:
-0.028803736593919
0.010182474486327
0.001156009959982
-2.099280422032829
q2:
-0.045284093150083
0.015919591742883
0.001811686640390
1.529838103245041
q3:
-0.006960752639258
0.015650149412082
-0.005434582684307
-0.254767663538715
q4:
-0.043646972533910
0.002650005024458
0.006799234160932
-0.988841036407889
q5:
0.008778471385696
-0.003110033883186
-0.000353662486102
0.583675367982074
q6:
-0.078304537213914
0.024049228474280
0.002901247878199
0.819477695036654
q7:
-0.068388475703258
0.023543031916016
0.002710966707654
-1.000067272501898

q1:
0.051272767149743
-0.018497406089682
-0.001603715843930
-2.098828167639359
q2:
0.082550537559092
-0.029169779884390
-0.002586050811357
1.530537420415979
q3:
-0.078985590875493
0.008719327997224
0.002653646881786
-0.255101912715101
q4:
0.205818307256529
-0.040809285602481
-0.005865831084749
-0.987888242899752
q5:
-0.015487520211536
0.005630690090621
0.000482943310588
0.583536345923943
q6:
0.255884829624075
-0.053918599364032
-0.007012396337201
0.820226908215569
q7:
0.140764463626068
-0.044551373459114
-0.004261701862521
-0.999074430838565

q1:
-0.114094011173849
0.032554888249332
0.003061962492902
-2.099523471399011
q2:
-0.209951331679826
0.053025790504905
0.005331759127242
1.529483992775470
q3:
0.128450004993227
-0.069926624973092
-0.017661055019528
-0.256148483725643
q4:
-0.313939959420366
0.164124003286155
0.035062323785024
-0.986805578492997
q5:
0.031330238133763
-0.009790233810591
-0.000897609252450
0.583750654131908
q6:
-0.182642117661524
0.200865925931914
0.041759421434763
0.821315434629057
q7:
-0.207722100049356
0.095607803214999
0.012683927202672
-1.000250029203495

q1:
-0.024207433605708
-0.081048518872324
-0.013033073538617
-2.099092463969979
q2:
0.003615742535085
-0.156022750809103
-0.028852932056657
1.529418702081861
q3:
-0.032210049727966
0.057971045219163
-0.021629111946698
-0.265016837231851
q4:
0.183757436308857
-0.148466014847617
0.040259210156734
-0.968566941676112
q5:
-0.110105782735600
0.021405284352979
0.002957426029215
0.583519743437358
q6:
0.267841275037985
0.019009169062809
0.114735965589325
0.850624661778499
q7:
0.095618815856440
-0.111221092160723
0.007501876592652
-0.993102898912537

q1:
0.141848905007567
-0.105151860555083
-0.074832979577119
-2.113231307756017
q2:
0.157137910242015
-0.152422555960712
-0.131225929550052
1.502787516808862
q3:
-0.029070013223202
0.025899498649735
0.006207521611380
-0.266987229330530
q4:
0.001768625085359
0.034501264800552
0.002434309550902
-0.964841158452372
q5:
0.154888236553761
-0.088227043705866
-0.019220715938244
0.582833656352192
q6:
-0.185236278529530
0.285698727077911
0.215868516492785
0.900592161603913
q7:
0.059604112000412
-0.016013437048324
-0.034727263724635
-0.999368926544387

q1:
-0.045528932058171
0.036087094404452
-0.097755575502032
-2.144465469482594
q2:
-0.012803014927717
0.004039661537007
-0.180474212294185
1.448188294181586
q3:
0.037547602509150
-0.003045513566510
0.013792759273580
-0.263136763815589
q4:
-0.022115423533555
0.036262284801080
0.025920731704175
-0.960167970973827
q5:
-0.078890503629555
0.065995173696596
-0.026599473607042
0.572398337394620
q6:
-0.066151304387195
0.101258964228079
0.344299774458662
0.996938330236664
q7:
-0.021231743738227
0.043334377372803
-0.025659443615307
-1.010479702881043

q1:
0.029618127302791
-0.009246063324024
-0.088847037271079
-2.174599874404623
q2:
0.068063882450657
-0.008708300448498
-0.182023733551581
1.388265807469693
q3:
0.022601430020674
0.034340634316305
0.024179609868344
-0.257521643930969
q4:
-0.025248489190883
0.014241957550756
0.042683089769648
-0.948378882342339
q5:
0.093212810921634
-0.012556100902776
-0.008863045316194
0.567955502486189
q6:
-0.005442810747812
0.035392110336192
0.389654266184736
1.119947292696084
q7:
0.014402279984893
0.022193930096203
-0.003910598328848
-1.014998721157744

q1:
-0.001736497912828
0.020244706082208
-0.085196587733345
-2.204023852804910
q2:
0.000013691668658
0.059062907424460
-0.165311039467446
1.329381349402505
q3:
-0.013743855299413
0.056844878226688
0.054444081533540
-0.244887211275761
q4:
-0.011222171095447
-0.010897963179948
0.043792961503233
-0.933566622676724
q5:
-0.064716034683344
0.080255895091906
0.013606516413916
0.567038690233987
q6:
-0.117133304181968
0.029972703665253
0.411348847989218
1.252973257870511
q7:
0.004360965154236
0.036534280301884
0.015581294735881
-1.013325252204103

q1:
-0.019804051841457
0.018515675107424
-0.072332017194327
-2.230133980517651
q2:
-0.014694426259584
0.059076540218967
-0.126100556726992
1.281021344637987
q3:
-0.002516179052566
0.043160121481469
0.087635740993901
-0.221057818003069
q4:
0.022868724209637
-0.022071878958949
0.032850270878467
-0.920642529597587
q5:
0.065045571634694
0.015818139246607
0.045493488465843
0.578029387594385
q6:
0.142124896091339
-0.086656927509805
0.392535354062776
1.388519115009320
q7:
0.001130657562014
0.040876493313443
0.041273930543103
-1.003969848854308

q1:
-0.011950006680545
-0.001203219345111
-0.066586013116909
-2.252825396638841
q2:
-0.034330549157518
0.044445299967075
-0.091741657910009
1.245139052800492
q3:
0.038929946143245
0.040654761994510
0.115453900867538
-0.187309094475688
q4:
-0.030442072373381
0.000698509775844
0.025756449634365
-0.911334799580122
q5:
-0.024970843440208
0.080584015034930
0.077489363527047
0.597249316232624
q6:
-0.054800313272093
0.054856831772315
0.381980902269307
1.514451951709490
q7:
0.046652513039259
0.042002289049881
0.068781398456914
-0.985726836136618

q1:
0.041989694244035
-0.013101841017443
-0.071333862659426
-2.275494746108343
q2:
0.071810766567437
0.010262372112001
-0.073584181515660
1.218330814641885
q3:
-0.083278979520159
0.079417309436166
0.155305821444085
-0.143088183413677
q4:
-0.014314711720818
-0.029612661738589
0.016159842581385
-0.903822289837952
q5:
-0.039241902417231
0.055720546178649
0.122728847471828
0.630932011790997
q6:
-0.210224366722177
0.000292159753221
0.400284852588189
1.645270739598696
q7:
-0.084572865089301
0.088454196363156
0.112079906040149
-0.956565741121455

q1:
-0.001229697832297
0.028707297613423
-0.066154411606291
-2.299078524396011
q2:
-0.049525169760779
0.081764352506470
-0.043040511562132
1.197664198909313
q3:
-0.058804102255712
-0.003503570615014
0.180501591402264
-0.085838548822912
q4:
-0.000811498125375
-0.043865820223580
-0.008227665623903
-0.902244262756410
q5:
-0.081760243274260
0.016647383874449
0.146747763497860
0.676369023156750
q6:
0.016725996081416
-0.209028242552925
0.331005346587528
1.770471387581429
q7:
-0.093236290602741
0.004244994448560
0.142846767523600
-0.912714612161465

q1:
-0.012223540194069
0.027482887479694
-0.047504889141733
-2.317917805705254
q2:
-0.049852695654175
0.032452140890647
-0.005132057338273
1.190575313652199
q3:
0.118803418433312
-0.062054815331971
0.158742763068947
-0.028465970567558
q4:
-0.062265130536146
-0.044673828908409
-0.037613975221474
-0.909836848350168
q5:
0.139741536178321
-0.064761290494083
0.130778757863273
0.723919180294802
q6:
0.164911917832964
-0.192374168225947
0.197779886220336
1.857917534945356
q7:
0.120055471089185
-0.088590380264640
0.114852533922980
-0.868244992506489

q1:
-0.020313995514300
0.015311908487477
-0.033301296335741
-2.331104137881399
q2:
0.018137815164259
-0.017186188257793
-0.000065287650694
1.190624154203499
q3:
-0.083563411930086
0.056237748606017
0.156812078619274
0.021728551139364
q4:
0.072665528839482
-0.106671219490135
-0.087845396871551
-0.929518583785522
q5:
-0.165328009941086
0.074379357318554
0.133970994247818
0.765299834855093
q6:
-0.111297834314617
-0.028171371356575
0.124580821506700
1.908398596531416
q7:
-0.116479160294268
0.030948852504951
0.095721310826557
-0.835494955614814

q1:
0.046395131139429
-0.004914736880983
-0.029850475073596
-2.341212821211547
q2:
-0.018112057320073
0.000873634332396
-0.005479424307868
1.189372438102320
q3:
0.054051997686076
-0.026966340796216
0.166527258888096
0.076914308234950
q4:
-0.064762443608841
-0.034318152299924
-0.134639769449347
-0.967768370697683
q5:
0.164315076447506
-0.090237742463590
0.128707596209107
0.811913651406516
q6:
0.109554159240304
-0.138990625174695
0.069099754762321
1.942574485582786
q7:
0.084075749574872
-0.085029447600001
0.077771961283564
-0.804574431659257

q1:
-0.044592076803058
0.041280895274189
-0.017780547082082
-2.349965322759943
q2:
-0.009122428466235
-0.017160541172293
-0.010885048697349
1.186987854082217
q3:
0.003525389140538
0.026853233392596
0.166489718540770
0.131190369787165
q4:
-0.007614040465575
-0.098802117512420
-0.178822387076236
-1.018603515743514
q5:
-0.138696326414777
0.073370779437258
0.123109451171016
0.850698903189564
q6:
-0.136023114195042
-0.029907548631062
0.013042450779546
1.954203262775139
q7:
-0.092622208634802
-0.001315223603976
0.049114164861557
-0.785054638800872

q1:
0.019434806914827
-0.003119435675163
-0.005114758619330
-2.352949626354733
q2:
0.058397281485136
-0.026243743211783
-0.025290930709260
1.181151214261218
q3:
-0.075486268665994
0.030363463365882
0.185479940227649
0.189535288336193
q4:
0.155052699659259
-0.106383417617063
-0.246923466303119
-1.089116850583108
q5:
0.011026304038644
-0.064729153012024
0.125977606986496
0.894570360320772
q6:
0.125228559361670
-0.165345763668564
-0.051762123684425
1.950264324732603
q7:
0.018965136034920
-0.093539156900644
0.017631995917798
-0.772284918715143

q1:
-0.011135594889631
0.016231801603292
-0.000762764360281
-2.354280282304296
q2:
-0.006109009884310
0.031902430063213
-0.023412812540032
1.172001287471613
q3:
0.022570163353760
-0.044798214474429
0.180689046326462
0.251680970230114
q4:
-0.023206010340045
0.048002555699827
-0.266300074406855
-1.177120762293555
q5:
0.009579705768484
-0.053750262061818
0.086654289055693
0.929655055464525
q6:
0.000978256731147
-0.040655686897180
-0.120134005245070
1.919448901938372
q7:
0.022397332187786
-0.074655570918119
-0.038191834341491
-0.776043519025310

q1:
0.053989064234301
0.005144089752571
0.006331893992962
-2.353152519266483
q2:
-0.034509983367214
0.025819688910919
-0.004254841219489
1.167521517027287
q3:
-0.036925525389098
-0.022325102784346
0.158410817289867
0.307541995313998
q4:
0.016362821080703
0.024896331164409
-0.242104933814903
-1.261066352473458
q5:
0.008236506211785
-0.044211749011694
0.054140697524340
0.952844860227067
q6:
-0.037041010469181
-0.039681636668298
-0.146797962982422
1.875133658560382
q7:
0.031646204520623
-0.052354547220293
-0.080346492624306
-0.796124392332461

q1:
-0.035771815104578
0.058901001103343
0.027588459684687
-2.348510392046606
q2:
0.012180793198604
-0.008541901587056
0.001479656403188
1.167691840222579
q3:
0.000772120996697
-0.059091848477658
0.131388531119420
0.356309220073267
q4:
0.050540648318555
0.041188792142553
-0.220171281351508
-1.338080213607342
q5:
0.035867061214344
-0.036010659762481
0.027514880006287
0.966245034609269
q6:
0.099322465442826
-0.076563370856047
-0.185379681046268
1.820685912389582
q7:
0.056954050226543
-0.020844421324784
-0.104641230326302
-0.827401618370943

q1:
-0.002762296847980
0.023283004742309
0.054865331271885
-2.334173253186165
q2:
-0.005577779577414
0.003586514221704
-0.000165036666208
1.167687328484443
q3:
0.034134927231327
-0.058323047599921
0.092418527044086
0.393435886561608
q4:
-0.062449003630767
0.091512115760097
-0.176127849942686
-1.404769970738343
q5:
-0.015192116611506
-0.000297826849789
0.015464093278899
0.972721721849316
q6:
-0.061833105679394
0.022332008155873
-0.203379070357487
1.754355717711310
q7:
-0.030816773413159
0.035864726583553
-0.099655991002321
-0.862345899678921

q1:
-0.022175509441925
0.020532585766033
0.069407725786675
-2.313499642734747
q2:
0.003437928279273
-0.001967280913103
0.000372386869843
1.167823703717560
q3:
-0.003916114234510
-0.024334900497092
0.064984354023390
0.418932885875442
q4:
0.021179851616791
0.029331642737742
-0.136019806428106
-1.455429265682310
q5:
0.031554270830833
-0.015424617385944
0.010245814028063
0.977266002823959
q6:
0.092215617067578
-0.039235215275243
-0.208989244810078
1.687053545393089
q7:
0.024035896075617
0.005180465243170
-0.086033091811546
-0.892597652207420

q1:
-0.037138062509183
-0.001547569023358
0.075708852854432
-2.289012163619668
q2:
-0.002595987999310
0.001455864280471
0.000202647689180
1.167856283120377
q3:
0.008522510897471
-0.028234175447116
0.047536677687427
0.437677340255162
q4:
0.011355603851794
0.050420421028938
-0.109550096418310
-1.496568772700329
q5:
-0.024768424860660
0.015993970134483
0.010434782205629
0.980121115021064
q6:
0.045243359312143
0.052583874797243
-0.204558824707088
1.616739481213459
q7:
0.016681406886823
0.029113007006922
-0.074651088352117
-0.919702583886721

q1:
-0.018357342453998
-0.038525937927504
0.062408455874510
-2.265412688070880
q2:
0.001396104061375
-0.001128960974899
0.000311146896486
1.167989003694245
q3:
-0.001856602577081
-0.019748311331874
0.031611290298025
0.450656148479502
q4:
-0.009998267474068
0.061727195803663
-0.072328302327398
-1.526959080905930
q5:
0.002475881570512
-0.008667950541794
0.012866288112635
0.984440710688559
q6:
0.032041186535466
0.097632687742009
-0.154701947514356
1.556293077696452
q7:
-0.011031179769171
0.045722683872768
-0.049813122506326
-0.940662366766409

q1:
0.032982806310449
-0.056804343840462
0.030768335301174
-2.249614415295797
q2:
0.000091086621796
0.000261139841409
0.000023117061784
1.168018953100864
q3:
0.001098620034668
-0.021596930521060
0.017888804503378
0.458904629138021
q4:
-0.024769489643579
0.051771920862570
-0.034657945440931
-1.544530673870662
q5:
-0.012224792625631
-0.006202715257785
0.007930714125245
0.987846712477900
q6:
-0.061995847602581
0.129536097230375
-0.079304627652034
1.516873952588605
q7:
-0.019885792939469
0.034738938157668
-0.023107910108384
-0.952561954952851

q1:
0.032982410375050
-0.023963363540529
0.003961533175207
-2.244453940930934
q2:
-0.001080752695029
0.000351834790888
0.000226563342594
1.168058722440890
q3:
0.037002178083359
-0.020503034550655
0.003915826071986
0.462503024093890
q4:
-0.036965203263701
0.027108939981939
-0.008477387681503
-1.551236179908229
q5:
0.041542131164357
-0.018374941296111
-0.000226610099056
0.989348685765481
q6:
-0.093935079407446
0.067806831666062
-0.013806509438386
1.502555484092654
q7:
-0.015961452555946
0.014938654093703
-0.006619917211728
-0.957131762575574

q1:
-0.013320336155792
0.008877222526526
-0.001045557035973
-2.244572974770564
q2:
0.001050039220005
-0.000724270669408
0.000102951874300
1.168133162358899
q3:
-0.036132093922569
0.016340034230464
0.002534126263332
0.462896969616450
q4:
0.023693014313742
-0.009697312971184
-0.002698468666670
-1.552415065127013
q5:
-0.049854019826685
0.022988558775552
0.001304649545010
0.988768169024372
q6:
0.039682971778722
-0.025724327061182
0.000160673864053
1.502008152498765
q7:
0.005351653413690
-0.000954164243652
-0.001978465022495
-0.958266878294763

q1:
0.006741113836958
-0.004385836206662
0.000445134086160
-2.244429110483194
q2:
-0.000531649251519
0.000321253383754
-0.000030809563039
1.168125938970258
q3:
0.039222830446015
-0.019636691750263
0.001439965630625
0.464216988527944
q4:
-0.028088525882380
0.013893821421681
-0.001305647509549
-1.553512672039414
q5:
0.055874859069545
-0.026651088851458
0.000089055810721
0.989910818589002
q6:
-0.010545048438545
0.013788008007012
-0.003800990436856
1.500678611227193
q7:
-0.007007781065570
0.004374477069546
-0.000843263193624
-0.958832975825307

q1:
-0.003550219703044
0.002326290852369
-0.000238429018108
-2.244518039756657
q2:
0.000377940154257
-0.000208109776896
0.000006742800142
1.168131663987748
q3:
-0.035369547264316
0.019417480592165
0.001367209447126
0.463965820182799
q4:
0.023083354496810
-0.014073923847621
-0.001365423504821
-1.553442459610583
q5:
-0.054175549658382
0.028983508420004
0.000863185866856
0.989047414047357
q6:
-0.014417608386293
0.003288303258650
0.001866637281988
1.500550375718052
q7:
0.001498277996803
-0.002603170549472
-0.000255366558597
-0.958887186601705

q1:
0.001802382459930
-0.001208662912046
0.000132511695924
-2.244470716393055
q2:
-0.000208380608464
0.000168205235346
-0.000006501517222
1.168124795034899
q3:
0.021582541382390
-0.015799977679631
0.002567858665866
0.465265423245088
q4:
-0.009238935579094
0.008910172264477
-0.003079272658221
-1.554602035790853
q5:
0.037887696159649
-0.024959086467846
0.002198891515080
0.990545930348188
q6:
0.020939242570452
-0.011067309436331
-0.000715214872835
1.501005017598850
q7:
0.004874039209723
-0.001111335145483
-0.001488211000879
-0.959203922802063

q1:
-0.000864010698512
0.000585969306400
-0.000074160312146
-2.244493981713683
q2:
-0.000013726697904
-0.000039279336860
0.000036288988560
1.168133547599887
q3:
-0.008221263083626
0.005689758811864
-0.000787722982131
0.465166293759047
q4:
0.001040327202151
-0.000289035907487
-0.000217917496403
-1.554980310699688
q5:
-0.018220699052086
0.012765692663355
-0.001848095895608
0.989911532961139
q6:
-0.014641173012306
0.009781894427013
-0.001141844115163
1.500314055579942
q7:
-0.005153967854108
0.003741745704005
-0.000615177735000
-0.959642080794944

q1:
0.000417773403830
-0.000274326147591
0.000029274052441
-2.244485635906588
q2:
0.000080713905944
-0.000052947009986
0.000005679063989
1.168140763131255
q3:
0.003793497039750
-0.002496152854615
0.000272234836908
0.465231038579193
q4:
-0.001174657977015
0.000746817889481
-0.000065979656317
-1.555046441295426
q5:
0.008123993593202
-0.005376657414085
0.000604324907853
0.990038215487233
q6:
0.007315476856550
-0.004796321566473
0.000512867520103
1.500477327153386
q7:
0.002076923858449
-0.001390060097177
0.000165346719252
-0.959622512341471

q1:
-0.000218150428499
0.000141650831319
-0.000014760885106
-2.244490864618126
q2:
-0.000042072464489
0.000027419826301
-0.000002793408291
1.168139766502712
q3:
-0.001969891313898
0.001281032154376
-0.000131063724197
0.465185118312963
q4:
0.000654487701194
-0.000422789060249
0.000041565512291
-1.555029019304856
q5:
-0.004164558798442
0.002712403020613
-0.000279941126865
0.989943535047830
q6:
-0.003828423611644
0.002487698752151
-0.000253364393292
1.500386659985312
q7:
-0.001038247170299
0.000677932992246
-0.000071008267282
-0.959644824404841

q1:
0.000117479679480
-0.000075561550712
0.000007174147166
-2.244488135704465
q2:
0.000022244765961
-0.000014471726663
0.000001504065986
1.168140321648584
q3:
0.001049966535083
-0.000680388630254
0.000068289861803
0.465210711894911
q4:
-0.000353653895070
0.000228884344953
-0.000022791462827
-1.555037868215519
q5:
0.002212008430553
-0.001434248182145
0.000144278464753
0.989997152693609
q6:
0.002044599212622
-0.001324262644535
0.000132780051492
1.500436635106808
q7:
0.000548978322988
-0.000355849717003
0.000035891171956
-0.959631672248004

q1:
-0.000063590274239
0.000041412966348
-0.000004159768004
-2.244489783073788
q2:
-0.000011819974381
0.000007677386843
-0.000000750975404
1.168140039975064
q3:
-0.000564082763715
0.000365063050531
-0.000036366698287
0.465196815467419
q4:
0.000190270008394
-0.000123248838975
0.000012268961668
-1.555033149399577
q5:
-0.001186896209859
0.000768248615954
-0.000076766791647
0.989967919291756
q6:
-0.001101218958482
0.000711544794983
-0.000070581003125
1.500409580425114
q7:
-0.000295608355667
0.000190768000138
-0.000018899449966
-0.959638888155320

q1:
0.000033526603169
-0.000021903869821
0.000002315301145
-2.244488926691169
q2:
0.000006313050279
-0.000004091761669
0.000000439093593
1.168140204295157
q3:
0.000304756215914
-0.000196594158268
0.000019548127151
0.465204336228196
q4:
-0.000102088628696
0.000066203008710
-0.000006664549430
-1.555035697607835
q5:
0.000641680625971
-0.000413543942241
0.000040959689762
0.989983674343884
q6:
0.000599370765722
-0.000384938923868
0.000037819485685
1.500424274655667
q7:
0.000162311253038
-0.000103569240107
0.000010041818538
-0.959634954164753

q1:
-0.000017770792147
0.000011478569012
-0.000001144856200
-2.244489345344112
q2:
-0.000003508436386
0.000002194142505
-0.000000190726209
1.168140130105027
q3:
-0.000168264083182
0.000106851606441
-0.000010237425851
0.465200310195693
q4:
0.000054758301466
-0.000035446639059
0.000003543489675
-1.555034349300653
q5:
-0.000355379407971
0.000225377458140
-0.000021492766419
0.989975174537370
q6:
-0.000338163565611
0.000211854548590
-0.000019627218569
1.500416336771931
q7:
-0.000094693115040
0.000058044074822
-0.000005067983846
-0.959637095912981

q1:
0.000009727772200
-0.000006215808759
0.000000601853931
-2.244489110593610
q2:
0.000002121523884
-0.000001299207611
0.000000106302683
1.168140180231459
q3:
0.000100401060965
-0.000060688941472
0.000005083962678
0.465202530956211
q4:
-0.000029566497773
0.000019076201805
-0.000001889858459
-1.555035075898196
q5:
0.000213046021049
-0.000128473818986
0.000010669551472
0.989979874993366
q6:
0.000214418510362
-0.000124854914269
0.000009247960112
1.500420796185624
q7:
0.000065593975773
-0.000036241859986
0.000002168171270
-0.959635846084666

q1:
-0.000005600821379
0.000003470134037
-0.000000309435511
-2.244489239896825
q2:
-0.000001352802077
0.000000813193724
-0.000000055005326
1.168140149961409
q3:
-0.000073190619995
0.000039280395103
-0.000002021533874
0.465201203769067
q4:
0.000016158139197
-0.000010363160078
0.000001002000095
-1.555034682743332
q5:
-0.000156703120173
0.000083656104538
-0.000004205447979
0.989977053090432
q6:
-0.000177208340212
0.000088641596867
-0.000002771239954
1.500417951286421
q7:
-0.000062745269395
0.000029070061803
-0.000000212148551
-0.959636720583568

q1:
0.000003708408896
-0.000002106603820
0.000000143120169
-2.244489165110170
q2:
0.000000980095379
-0.000000533791307
0.000000037728336
1.168140171824401
q3:
0.000075053260081
-0.000033595505352
-0.000000134718962
0.465202183911416
q4:
-0.000009142217282
0.000005725499149
-0.000000537239569
-1.555034900997699
q5:
0.000163169884812
-0.000072373192487
-0.000000460649463
0.989979143387312
q6:
0.000210851851797
-0.000087804747786
-0.000002493489744
1.500420317089141
q7:
0.000084876622751
-0.000033405403041
-0.000001651048310
-0.959635882756435

q1:
-0.000003304340729
0.000001585858925
-0.000000029715062
-2.244489214082738
q2:
-0.000001035822854
0.000000442089664
0.000000007292561
1.168140161378833
q3:
-0.000106652660705
0.000041135025840
0.000002367647892
0.465201182443183
q4:
0.000005876840467
-0.000003377406615
0.000000242092344
-1.555034782851656
q5:
-0.000234995258063
0.000090095062101
0.000005421239072
0.989976983744711
q6:
-0.000328956852118
0.000122140441410
0.000008902526990
1.500417526158815
q7:
-0.000140910835589
0.000051106250378
0.000004223862931
-0.959637007398146

q1:
0.000004224351061
-0.000001704273145
-0.000000069016742
-2.244489170061766
q2:
0.000001530805717
-0.000000589279153
-0.000000041559631
1.168140174627733
q3:
0.000180940748819
-0.000065059028607
-0.000005572728640
0.465202600240578
q4:
-0.000005005914888
0.000002474163448
-0.000000057694063
-1.555034859683257
q5:
0.000400756385887
-0.000143889716755
-0.000012433206839
0.989980115976008
q6:
0.000578488784153
-0.000205401896809
-0.000018731950105
1.500421908512925
q7:
0.000253160418105
-0.000089198668860
-0.000008419010785
-0.959635127640496

q1:
-0.000006839543737
0.000002501913213
0.000000195719997
-2.244489226259268
q2:
-0.000002524060292
0.000000934944101
0.000000073166566
1.168140151888772
q3:
-0.000328159841372
0.000115103675302
0.000011037089626
0.465200199335795
q4:
0.000006036874468
-0.000002510226014
-0.000000069663229
-1.555034789306795
q5:
-0.000727760922910
0.000255143417360
0.000024491896456
0.989974791026134
q6:
-0.001060554731803
0.000370599386565
0.000036097096839
1.500414215104872
q7:
-0.000467169927287
0.000162873159881
0.000016033552827
-0.959638491945625

q1:
0.000012221174852
-0.000004308220498
-0.000000403793392
-2.244489135757704
q2:
0.000004445781666
-0.000001578262735
-0.000000140350889
1.168140186881010
q3:
0.000608127654417
-0.000211645079315
-0.000021005002421
0.465204544137664
q4:
-0.000009585498486
0.000003500689905
0.000000259071737
-1.555034868232475
q5:
0.001349484189802
-0.000469488134831
-0.000046649115395
0.989984417982344
q6:
0.001972086158703
-0.000685394961712
-0.000068383554732
1.500428244802839
q7:
0.000870281137020
-0.000302287937521
-0.000030238211952
-0.959632309036322

q1:
-0.000022561460050
0.000007860403323
0.000000775176090
-2.244489297537833
q2:
-0.000008136564068
0.000002848402077
0.000000281208359
1.168140128984505
q3:
-0.001135285757695
0.000393867627231
0.000039474661336
0.465196492205431
q4:
0.000017339171036
-0.000006043590954
-0.000000584917123
-1.555034747077322
q5:
-0.002520173105993
0.000874193275271
0.000087672520948
0.989966556360966
q6:
-0.003686129719224
0.001278211229894
0.000128372165017
1.500402148885101
q7:
-0.001627555469093
0.000564250992105
0.000056707326015
-0.959643825796467

q1:
0.000042152313639
-0.000014604042487
-0.000001463037753
-2.244488999250198
q2:
0.000015026523937
-0.000005253174780
-0.000000516935702
1.168140238607276
q3:
0.002128869795769
-0.000736536403654
-0.000074257105754
0.465211473826571
q4:
-0.000032512469470
0.000011221021676
0.000001133472137
-1.555034973016029
q5:
0.004726195872997
-0.001635143090692
-0.000164886723225
0.989999813080362
q6:
0.006914699817567
-0.002392068137864
-0.000241316943375
1.500450790566529
q7:
0.003053783903946
-0.001056305991265
-0.000106605728488
-0.959622353655576

q1:
-0.000080024156097
0.000027367016276
0.000002772993255
-2.244489552435005
q2:
-0.000028227277536
0.000009708735130
0.000000961864781
1.168140037748550
q3:
-0.004045156012952
0.001383179255648
0.000140363657192
0.465183527073516
q4:
0.000061961571897
-0.000021151644231
-0.000002162501495
-1.555034549434199
q5:
-0.008979758280142
0.003070730148164
0.000311584621971
0.989937759638243
q6:
-0.013139117437393
0.004492898482357
0.000455948649164
1.500360003453095
q7:
-0.005803539421436
0.001984346647136
0.000201410965726
-0.959662445897870

q1:
0.000156603312953
-0.000052313036087
-0.000005506590734
-2.244488543181481
q2:
0.000055209174998
-0.000018397165161
-0.000001921825152
1.168140394456262
q3:
0.007914966582352
-0.002644582593392
-0.000278296111327
0.465234585286124
q4:
-0.000121583249027
0.000040543493013
0.000004273653127
-1.555035331786733
q5:
0.017567908426687
-0.005870415186788
-0.000617630843950
0.990051127134978
q6:
0.025705871067334
-0.008589720772610
-0.000903786671315
1.500525876412297
q7:
0.011357260588155
-0.003794237564751
-0.000399291830866
-0.959589191722803

q1:
-0.000341215056755
0.000103616882889
0.000011521156049
-2.244490407875575
q2:
-0.000121977819943
0.000036574610480
0.000004111268960
1.168139748534555
q3:
-0.017231939153896
0.005236349646243
0.000581911374998
0.465140279462037
q4:
0.000267273651240
-0.000080516948252
-0.000008993536690
-1.555033892429925
q5:
-0.038238494682483
0.011621951263822
0.001291303983309
0.989841770311299
q6:
-0.055949976745729
0.017005615093262
0.001889448658525
1.500219526846714
q7:
-0.024740504319427
0.007514186822371
0.000835359329867
-0.959724444489160

q1:
0.000572525090302
-0.000236130949708
-0.000032460262804
-2.244487645085452
q2:
0.000206562652448
-0.000084878705047
-0.000011920860055
1.168140682367413
q3:
0.028899119919687
-0.011921492198871
-0.001636887442045
0.465280217326231
q4:
-0.000451148140544
0.000185607426746
0.000025885993182
-1.555035975064301
q5:
0.064119474535545
-0.026452117957167
-0.003630828350699
0.990152550988998
q6:
0.093816300268573
-0.038703776848506
-0.005312171240456
1.500674328281933
q7:
0.041507193493143
-0.017119933370952
-0.002352787955103
-0.959523989134235

coefs_qdot:
qdot1:
-0.001607745689109
0.000546823170636
0.000000000000000
qdot2:
-0.002243055352842
0.000830346532995
0.000000000000000
qdot3:
-0.779121240655723
0.262142568907425
0.000000000000000
qdot4:
0.541499134983325
-0.181237727746826
-0.000000000000000
qdot5:
0.000352516818399
-0.000172573366269
-0.000000000000000
qdot6:
0.000556199216488
-0.000274229327475
-0.000000000000000
qdot7:
0.000119228151993
-0.000063830036915
-0.000000000000000

qdot1:
0.001583544419862
-0.000520398419635
0.000004385187436
qdot2:
0.001672322420328
-0.000658593612788
0.000028502397157
qdot3:
0.648156999579204
-0.255038111531478
0.001178984703571
qdot4:
-0.457443998573153
0.178209398674802
-0.000502551210369
qdot5:
0.000077793803947
0.000061427298188
-0.000018444690030
qdot6:
0.000203261170543
0.000094975713066
-0.000029747137362
qdot7:
0.000233971878271
0.000015313610514
-0.000008051300975

qdot1:
-0.001664023307122
0.000530758368081
0.000006104420884
qdot2:
-0.001406562063350
0.000451494011739
-0.000005865781696
qdot3:
-0.377824047075970
0.175208505530955
-0.012068738435055
qdot4:
0.270756968759214
-0.125441928101560
0.008254210546357
qdot5:
-0.000481732355523
0.000113066825337
0.000010512609819
qdot6:
-0.001151097704270
0.000229900478305
0.000024166066689
qdot7:
-0.000996786506733
0.000170624143578
0.000022805069370

qdot1:
0.001845637211689
-0.000573820305091
-0.000001041707575
qdot2:
0.001828155509030
-0.000482181887522
-0.000010958434691
qdot3:
0.168062472471428
-0.075591097350459
0.004462770480999
qdot4:
-0.119965348311115
0.054286548070663
-0.003554024790128
qdot5:
0.000519575823986
-0.000206707112811
-0.000005026995914
qdot6:
0.002297351076426
-0.000534198179106
-0.000026332136846
qdot7:
0.002214585623453
-0.000491042740732
-0.000030368396920

qdot1:
-0.002110156477619
0.000651313678140
0.000011818317704
qdot2:
-0.003092782185055
0.000731347741464
0.000030390638842
qdot3:
-0.076273968730911
0.035968772068406
-0.002112554410894
qdot4:
0.055743954190959
-0.025346450275545
0.001248584447252
qdot5:
-0.000007420200225
0.000138187319746
-0.000016397855593
qdot6:
-0.004201493360799
0.000990783468054
0.000049438191985
qdot7:
-0.004288522773437
0.000978999198651
0.000050607977412

qdot1:
0.003093560856361
-0.000749408194118
-0.000004460467250
qdot2:
0.005660662605214
-0.001321641076515
-0.000067568540278
qdot3:
0.021091103515101
-0.014661888462461
0.001423322929609
qdot4:
-0.017877397913817
0.011656386580208
-0.001023281626906
qdot5:
-0.000924734005369
0.000133261790828
0.000028649124384
qdot6:
0.007749727691860
-0.001798167829652
-0.000084547243053
qdot7:
0.008108958233386
-0.001867722223264
-0.000096875608777

qdot1:
-0.006001046398140
0.001304097505874
0.000087590224194
qdot2:
-0.010396428294410
0.002435906767304
0.000117343851427
qdot3:
0.049018048155065
-0.000661613925000
-0.001119612295975
qdot4:
-0.021583102028489
-0.000210630175443
0.000876141651739
qdot5:
0.002093233615291
-0.000480576642994
-0.000028987775432
qdot6:
-0.014530092113847
0.003346101421074
0.000172332336886
qdot7:
-0.015169644246622
0.003515004261337
0.000176490845912

qdot1:
0.011892555497653
-0.002679397100078
-0.000140640743857
qdot2:
0.019293817950261
-0.004465242346423
-0.000219424388509
qdot3:
-0.079825032906405
0.031876566496429
0.004060509092185
qdot4:
0.028971568168571
-0.014537493326654
-0.001571309447653
qdot5:
-0.003884520328004
0.000908911833231
0.000042094449510
qdot6:
0.027550538426447
-0.006298973740726
-0.000317696825405
qdot7:
0.028355875550513
-0.006554605606931
-0.000327930998259

qdot1:
-0.023148218259799
0.005214881252873
0.000280122852025
qdot2:
-0.036534063014823
0.008341994031040
0.000423922554663
qdot3:
-0.027077647912456
-0.021111290438195
0.005847006657129
qdot4:
0.030809206694888
0.004693833656799
-0.003204864772682
qdot5:
0.007234777600913
-0.001669632764943
-0.000084147189325
qdot6:
-0.052996913427374
0.011989073698278
0.000626575264179
qdot7:
-0.053699478916861
0.012268024615951
0.000620210887923

qdot1:
0.045971459738652
-0.010150906054472
-0.000539010465213
qdot2:
0.071932058516806
-0.015909317040009
-0.000831874700841
qdot3:
0.106034546333667
-0.039085433153472
-0.004142639640131
qdot4:
-0.029896015385652
0.025144985096124
0.001746887207902
qdot5:
-0.014089907148342
0.003132812614822
0.000158667507181
qdot6:
0.107394899549742
-0.023190277495463
-0.001232264509168
qdot7:
0.106152083852164
-0.023377689550516
-0.001223438011147

qdot1:
-0.086411209781757
0.020364948972655
0.001156009959982
qdot2:
-0.135852279450250
0.031839183485767
0.001811686640390
qdot3:
-0.020882257917773
0.031300298824163
-0.005434582684307
qdot4:
-0.130940917601729
0.005300010048915
0.006799234160932
qdot5:
0.026335414157089
-0.006220067766372
-0.000353662486102
qdot6:
-0.234913611641741
0.048098456948560
0.002901247878199
qdot7:
-0.205165427109774
0.047086063832032
0.002710966707654

qdot1:
0.153818301449229
-0.036994812179365
-0.001603715843930
qdot2:
0.247651612677275
-0.058339559768780
-0.002586050811357
qdot3:
-0.236956772626478
0.017438655994448
0.002653646881786
qdot4:
0.617454921769586
-0.081618571204963
-0.005865831084749
qdot5:
-0.046462560634607
0.011261380181243
0.000482943310588
qdot6:
0.767654488872225
-0.107837198728065
-0.007012396337201
qdot7:
0.422293390878203
-0.089102746918229
-0.004261701862521

qdot1:
-0.342282033521546
0.065109776498664
0.003061962492902
qdot2:
-0.629853995039478
0.106051581009810
0.005331759127242
qdot3:
0.385350014979680
-0.139853249946184
-0.017661055019528
qdot4:
-0.941819878261097
0.328248006572310
0.035062323785024
qdot5:
0.093990714401290
-0.019580467621182
-0.000897609252450
qdot6:
-0.547926352984572
0.401731851863829
0.041759421434763
qdot7:
-0.623166300148067
0.191215606429999
0.012683927202672

qdot1:
-0.072622300817124
-0.162097037744649
-0.013033073538617
qdot2:
0.010847227605255
-0.312045501618207
-0.028852932056657
qdot3:
-0.096630149183898
0.115942090438326
-0.021629111946698
qdot4:
0.551272308926570
-0.296932029695234
0.040259210156734
qdot5:
-0.330317348206799
0.042810568705958
0.002957426029215
qdot6:
0.803523825113955
0.038018338125618
0.114735965589325
qdot7:
0.286856447569321
-0.222442184321445
0.007501876592652

qdot1:
0.425546715022702
-0.210303721110165
-0.074832979577119
qdot2:
0.471413730726045
-0.304845111921424
-0.131225929550052
qdot3:
-0.087210039669607
0.051798997299469
0.006207521611380
qdot4:
0.005305875256077
0.069002529601105
0.002434309550902
qdot5:
0.464664709661282
-0.176454087411733
-0.019220715938244
qdot6:
-0.555708835588589
0.571397454155821
0.215868516492785
qdot7:
0.178812336001236
-0.032026874096649
-0.034727263724635

qdot1:
-0.136586796174512
0.072174188808904
-0.097755575502032
qdot2:
-0.038409044783151
0.008079323074015
-0.180474212294185
qdot3:
0.112642807527449
-0.006091027133019
0.013792759273580
qdot4:
-0.066346270600666
0.072524569602160
0.025920731704175
qdot5:
-0.236671510888664
0.131990347393193
-0.026599473607042
qdot6:
-0.198453913161585
0.202517928456158
0.344299774458662
qdot7:
-0.063695231214682
0.086668754745606
-0.025659443615307

qdot1:
0.088854381908373
-0.018492126648048
-0.088847037271079
qdot2:
0.204191647351972
-0.017416600896997
-0.182023733551581
qdot3:
0.067804290062021
0.068681268632611
0.024179609868344
qdot4:
-0.075745467572648
0.028483915101511
0.042683089769648
qdot5:
0.279638432764901
-0.025112201805551
-0.008863045316194
qdot6:
-0.016328432243435
0.070784220672385
0.389654266184736
qdot7:
0.043206839954678
0.044387860192407
-0.003910598328848

qdot1:
-0.005209493738485
0.040489412164416
-0.085196587733345
qdot2:
0.000041075005975
0.118125814848921
-0.165311039467446
qdot3:
-0.041231565898240
0.113689756453376
0.054444081533540
qdot4:
-0.033666513286341
-0.021795926359896
0.043792961503233
qdot5:
-0.194148104050032
0.160511790183811
0.013606516413916
qdot6:
-0.351399912545903
0.059945407330506
0.411348847989218
qdot7:
0.013082895462708
0.073068560603768
0.015581294735881

qdot1:
-0.059412155524371
0.037031350214847
-0.072332017194327
qdot2:
-0.044083278778751
0.118153080437934
-0.126100556726992
qdot3:
-0.007548537157698
0.086320242962939
0.087635740993901
qdot4:
0.068606172628912
-0.044143757917897
0.032850270878467
qdot5:
0.195136714904082
0.031636278493215
0.045493488465843
qdot6:
0.426374688274017
-0.173313855019609
0.392535354062776
qdot7:
0.003391972686042
0.081752986626886
0.041273930543103

qdot1:
-0.035850020041634
-0.002406438690222
-0.066586013116909
qdot2:
-0.102991647472555
0.088890599934149
-0.091741657910009
qdot3:
0.116789838429734
0.081309523989020
0.115453900867538
qdot4:
-0.091326217120143
0.001397019551688
0.025756449634365
qdot5:
-0.074912530320625
0.161168030069860
0.077489363527047
qdot6:
-0.164400939816279
0.109713663544630
0.381980902269307
qdot7:
0.139957539117777
0.084004578099762
0.068781398456914

qdot1:
0.125969082732105
-0.026203682034886
-0.071333862659426
qdot2:
0.215432299702311
0.020524744224002
-0.073584181515660
qdot3:
-0.249836938560478
0.158834618872333
0.155305821444085
qdot4:
-0.042944135162455
-0.059225323477178
0.016159842581385
qdot5:
-0.117725707251694
0.111441092357299
0.122728847471828
qdot6:
-0.630673100166531
0.000584319506442
0.400284852588189
qdot7:
-0.253718595267902
0.176908392726311
0.112079906040149

qdot1:
-0.003689093496890
0.057414595226846
-0.066154411606291
qdot2:
-0.148575509282337
0.163528705012939
-0.043040511562132
qdot3:
-0.176412306767136
-0.007007141230029
0.180501591402264
qdot4:
-0.002434494376125
-0.087731640447161
-0.008227665623903
qdot5:
-0.245280729822780
0.033294767748898
0.146747763497860
qdot6:
0.050177988244248
-0.418056485105850
0.331005346587528
qdot7:
-0.279708871808223
0.008489988897120
0.142846767523600

qdot1:
-0.036670620582206
0.054965774959389
-0.047504889141733
qdot2:
-0.149558086962524
0.064904281781293
-0.005132057338273
qdot3:
0.356410255299935
-0.124109630663941
0.158742763068947
qdot4:
-0.186795391608438
-0.089347657816819
-0.037613975221474
qdot5:
0.419224608534963
-0.129522580988165
0.130778757863273
qdot6:
0.494735753498891
-0.384748336451893
0.197779886220336
qdot7:
0.360166413267556
-0.177180760529280
0.114852533922980

qdot1:
-0.060941986542901
0.030623816974955
-0.033301296335741
qdot2:
0.054413445492778
-0.034372376515586
-0.000065287650694
qdot3:
-0.250690235790259
0.112475497212034
0.156812078619274
qdot4:
0.217996586518446
-0.213342438980270
-0.087845396871551
qdot5:
-0.495984029823257
0.148758714637108
0.133970994247818
qdot6:
-0.333893502943852
-0.056342742713149
0.124580821506700
qdot7:
-0.349437480882804
0.061897705009902
0.095721310826557

qdot1:
0.139185393418288
-0.009829473761966
-0.029850475073596
qdot2:
-0.054336171960219
0.001747268664791
-0.005479424307868
qdot3:
0.162155993058227
-0.053932681592432
0.166527258888096
qdot4:
-0.194287330826524
-0.068636304599849
-0.134639769449347
qdot5:
0.492945229342518
-0.180475484927179
0.128707596209107
qdot6:
0.328662477720912
-0.277981250349389
0.069099754762321
qdot7:
0.252227248724616
-0.170058895200003
0.077771961283564

qdot1:
-0.133776230409175
0.082561790548378
-0.017780547082082
qdot2:
-0.027367285398705
-0.034321082344585
-0.010885048697349
qdot3:
0.010576167421615
0.053706466785192
0.166489718540770
qdot4:
-0.022842121396725
-0.197604235024839
-0.178822387076236
qdot5:
-0.416088979244330
0.146741558874515
0.123109451171016
qdot6:
-0.408069342585126
-0.059815097262124
0.013042450779546
qdot7:
-0.277866625904405
-0.002630447207952
0.049114164861557

qdot1:
0.058304420744482
-0.006238871350327
-0.005114758619330
qdot2:
0.175191844455409
-0.052487486423565
-0.025290930709260
qdot3:
-0.226458805997981
0.060726926731764
0.185479940227649
qdot4:
0.465158098977777
-0.212766835234126
-0.246923466303119
qdot5:
0.033078912115931
-0.129458306024047
0.125977606986496
qdot6:
0.375685678085010
-0.330691527337129
-0.051762123684425
qdot7:
0.056895408104760
-0.187078313801289
0.017631995917798

qdot1:
-0.033406784668893
0.032463603206585
-0.000762764360281
qdot2:
-0.018327029652931
0.063804860126426
-0.023412812540032
qdot3:
0.067710490061279
-0.089596428948858
0.180689046326462
qdot4:
-0.069618031020134
0.096005111399654
-0.266300074406855
qdot5:
0.028739117305452
-0.107500524123637
0.086654289055693
qdot6:
0.002934770193441
-0.081311373794361
-0.120134005245070
qdot7:
0.067191996563358
-0.149311141836237
-0.038191834341491

qdot1:
0.161967192702903
0.010288179505142
0.006331893992962
qdot2:
-0.103529950101641
0.051639377821837
-0.004254841219489
qdot3:
-0.110776576167294
-0.044650205568693
0.158410817289867
qdot4:
0.049088463242109
0.049792662328817
-0.242104933814903
qdot5:
0.024709518635356
-0.088423498023389
0.054140697524340
qdot6:
-0.111123031407543
-0.079363273336596
-0.146797962982422
qdot7:
0.094938613561869
-0.104709094440585
-0.080346492624306

qdot1:
-0.107315445313733
0.117802002206686
0.027588459684687
qdot2:
0.036542379595813
-0.017083803174113
0.001479656403188
qdot3:
0.002316362990091
-0.118183696955316
0.131388531119420
qdot4:
0.151621944955665
0.082377584285106
-0.220171281351508
qdot5:
0.107601183643032
-0.072021319524962
0.027514880006287
qdot6:
0.297967396328477
-0.153126741712093
-0.185379681046268
qdot7:
0.170862150679630
-0.041688842649568
-0.104641230326302

qdot1:
-0.008286890543941
0.046566009484618
0.054865331271885
qdot2:
-0.016733338732243
0.007173028443407
-0.000165036666208
qdot3:
0.102404781693982
-0.116646095199843
0.092418527044086
qdot4:
-0.187347010892300
0.183024231520195
-0.176127849942686
qdot5:
-0.045576349834517
-0.000595653699577
0.015464093278899
qdot6:
-0.185499317038183
0.044664016311746
-0.203379070357487
qdot7:
-0.092450320239477
0.071729453167107
-0.099655991002321

qdot1:
-0.066526528325774
0.041065171532066
0.069407725786675
qdot2:
0.010313784837818
-0.003934561826206
0.000372386869843
qdot3:
-0.011748342703529
-0.048669800994184
0.064984354023390
qdot4:
0.063539554850373
0.058663285475484
-0.136019806428106
qdot5:
0.094662812492498
-0.030849234771887
0.010245814028063
qdot6:
0.276646851202734
-0.078470430550486
-0.208989244810078
qdot7:
0.072107688226851
0.010360930486341
-0.086033091811546

qdot1:
-0.111414187527550
-0.003095138046716
0.075708852854432
qdot2:
-0.007787963997931
0.002911728560941
0.000202647689180
qdot3:
0.025567532692414
-0.056468350894232
0.047536677687427
qdot4:
0.034066811555382
0.100840842057877
-0.109550096418310
qdot5:
-0.074305274581981
0.031987940268966
0.010434782205629
qdot6:
0.135730077936430
0.105167749594486
-0.204558824707088
qdot7:
0.050044220660469
0.058226014013845
-0.074651088352117

qdot1:
-0.055072027361995
-0.077051875855008
0.062408455874510
qdot2:
0.004188312184126
-0.002257921949798
0.000311146896486
qdot3:
-0.005569807731243
-0.039496622663747
0.031611290298025
qdot4:
-0.029994802422205
0.123454391607326
-0.072328302327398
qdot5:
0.007427644711537
-0.017335901083588
0.012866288112635
qdot6:
0.096123559606398
0.195265375484018
-0.154701947514356
qdot7:
-0.033093539307512
0.091445367745535
-0.049813122506326

qdot1:
0.098948418931347
-0.113608687680925
0.030768335301174
qdot2:
0.000273259865388
0.000522279682818
0.000023117061784
qdot3:
0.003295860104005
-0.043193861042120
0.017888804503378
qdot4:
-0.074308468930736
0.103543841725139
-0.034657945440931
qdot5:
-0.036674377876892
-0.012405430515570
0.007930714125245
qdot6:
-0.185987542807744
0.259072194460750
-0.079304627652034
qdot7:
-0.059657378818408
0.069477876315337
-0.023107910108384

qdot1:
0.098947231125151
-0.047926727081059
0.003961533175207
qdot2:
-0.003242258085086
0.000703669581775
0.000226563342594
qdot3:
0.111006534250076
-0.041006069101310
0.003915826071986
qdot4:
-0.110895609791104
0.054217879963877
-0.008477387681503
qdot5:
0.124626393493072
-0.036749882592221
-0.000226610099056
qdot6:
-0.281805238222338
0.135613663332124
-0.013806509438386
qdot7:
-0.047884357667837
0.029877308187405
-0.006619917211728

qdot1:
-0.039961008467377
0.017754445053053
-0.001045557035973
qdot2:
0.003150117660016
-0.001448541338815
0.000102951874300
qdot3:
-0.108396281767706
0.032680068460927
0.002534126263332
qdot4:
0.071079042941227
-0.019394625942367
-0.002698468666670
qdot5:
-0.149562059480054
0.045977117551103
0.001304649545010
qdot6:
0.119048915336166
-0.051448654122365
0.000160673864053
qdot7:
0.016054960241071
-0.001908328487305
-0.001978465022495

qdot1:
0.020223341510873
-0.008771672413324
0.000445134086160
qdot2:
-0.001594947754558
0.000642506767508
-0.000030809563039
qdot3:
0.117668491338045
-0.039273383500526
0.001439965630625
qdot4:
-0.084265577647139
0.027787642843363
-0.001305647509549
qdot5:
0.167624577208636
-0.053302177702917
0.000089055810721
qdot6:
-0.031635145315635
0.027576016014023
-0.003800990436856
qdot7:
-0.021023343196710
0.008748954139092
-0.000843263193624

qdot1:
-0.010650659109132
0.004652581704737
-0.000238429018108
qdot2:
0.001133820462770
-0.000416219553793
0.000006742800142
qdot3:
-0.106108641792947
0.038834961184329
0.001367209447126
qdot4:
0.069250063490429
-0.028147847695242
-0.001365423504821
qdot5:
-0.162526648975147
0.057967016840007
0.000863185866856
qdot6:
-0.043252825158878
0.006576606517301
0.001866637281988
qdot7:
0.004494833990409
-0.005206341098944
-0.000255366558597

qdot1:
0.005407147379791
-0.002417325824093
0.000132511695924
qdot2:
-0.000625141825393
0.000336410470692
-0.000006501517222
qdot3:
0.064747624147170
-0.031599955359261
0.002567858665866
qdot4:
-0.027716806737283
0.017820344528955
-0.003079272658221
qdot5:
0.113663088478947
-0.049918172935693
0.002198891515080
qdot6:
0.062817727711357
-0.022134618872661
-0.000715214872835
qdot7:
0.014622117629170
-0.002222670290966
-0.001488211000879

qdot1:
-0.002592032095536
0.001171938612800
-0.000074160312146
qdot2:
-0.000041180093711
-0.000078558673720
0.000036288988560
qdot3:
-0.024663789250877
0.011379517623728
-0.000787722982131
qdot4:
0.003120981606454
-0.000578071814973
-0.000217917496403
qdot5:
-0.054662097156257
0.025531385326710
-0.001848095895608
qdot6:
-0.043923519036919
0.019563788854027
-0.001141844115163
qdot7:
-0.015461903562323
0.007483491408011
-0.000615177735000

qdot1:
0.001253320211490
-0.000548652295183
0.000029274052441
qdot2:
0.000242141717833
-0.000105894019973
0.000005679063989
qdot3:
0.011380491119249
-0.004992305709230
0.000272234836908
qdot4:
-0.003523973931045
0.001493635778963
-0.000065979656317
qdot5:
0.024371980779607
-0.010753314828169
0.000604324907853
qdot6:
0.021946430569649
-0.009592643132947
0.000512867520103
qdot7:
0.006230771575348
-0.002780120194354
0.000165346719252

qdot1:
-0.000654451285496
0.000283301662638
-0.000014760885106
qdot2:
-0.000126217393468
0.000054839652602
-0.000002793408291
qdot3:
-0.005909673941693
0.002562064308752
-0.000131063724197
qdot4:
0.001963463103582
-0.000845578120498
0.000041565512291
qdot5:
-0.012493676395327
0.005424806041225
-0.000279941126865
qdot6:
-0.011485270834932
0.004975397504302
-0.000253364393292
qdot7:
-0.003114741510897
0.001355865984492
-0.000071008267282

qdot1:
0.000352439038440
-0.000151123101423
0.000007174147166
qdot2:
0.000066734297884
-0.000028943453326
0.000001504065986
qdot3:
0.003149899605250
-0.001360777260507
0.000068289861803
qdot4:
-0.001060961685211
0.000457768689907
-0.000022791462827
qdot5:
0.006636025291660
-0.002868496364291
0.000144278464753
qdot6:
0.006133797637866
-0.002648525289069
0.000132780051492
qdot7:
0.001646934968964
-0.000711699434006
0.000035891171956

qdot1:
-0.000190770822717
0.000082825932696
-0.000004159768004
qdot2:
-0.000035459923144
0.000015354773685
-0.000000750975404
qdot3:
-0.001692248291144
0.000730126101062
-0.000036366698287
qdot4:
0.000570810025183
-0.000246497677950
0.000012268961668
qdot5:
-0.003560688629577
0.001536497231907
-0.000076766791647
qdot6:
-0.003303656875447
0.001423089589966
-0.000070581003125
qdot7:
-0.000886825067002
0.000381536000277
-0.000018899449966

qdot1:
0.000100579809507
-0.000043807739641
0.000002315301145
qdot2:
0.000018939150838
-0.000008183523338
0.000000439093593
qdot3:
0.000914268647741
-0.000393188316536
0.000019548127151
qdot4:
-0.000306265886089
0.000132406017419
-0.000006664549430
qdot5:
0.001925041877913
-0.000827087884481
0.000040959689762
qdot6:
0.001798112297167
-0.000769877847737
0.000037819485685
qdot7:
0.000486933759114
-0.000207138480214
0.000010041818538

qdot1:
-0.000053312376442
0.000022957138025
-0.000001144856200
qdot2:
-0.000010525309159
0.000004388285010
-0.000000190726209
qdot3:
-0.000504792249545
0.000213703212881
-0.000010237425851
qdot4:
0.000164274904398
-0.000070893278117
0.000003543489675
qdot5:
-0.001066138223912
0.000450754916280
-0.000021492766419
qdot6:
-0.001014490696832
0.000423709097181
-0.000019627218569
qdot7:
-0.000284079345120
0.000116088149643
-0.000005067983846

qdot1:
0.000029183316600
-0.000012431617519
0.000000601853931
qdot2:
0.000006364571652
-0.000002598415222
0.000000106302683
qdot3:
0.000301203182896
-0.000121377882944
0.000005083962678
qdot4:
-0.000088699493318
0.000038152403611
-0.000001889858459
qdot5:
0.000639138063147
-0.000256947637972
0.000010669551472
qdot6:
0.000643255531087
-0.000249709828538
0.000009247960112
qdot7:
0.000196781927318
-0.000072483719972
0.000002168171270

qdot1:
-0.000016802464137
0.000006940268074
-0.000000309435511
qdot2:
-0.000004058406232
0.000001626387448
-0.000000055005326
qdot3:
-0.000219571859986
0.000078560790207
-0.000002021533874
qdot4:
0.000048474417592
-0.000020726320155
0.000001002000095
qdot5:
-0.000470109360518
0.000167312209076
-0.000004205447979
qdot6:
-0.000531625020636
0.000177283193734
-0.000002771239954
qdot7:
-0.000188235808185
0.000058140123606
-0.000000212148551

qdot1:
0.000011125226689
-0.000004213207640
0.000000143120169
qdot2:
0.000002940286138
-0.000001067582613
0.000000037728336
qdot3:
0.000225159780242
-0.000067191010703
-0.000000134718962
qdot4:
-0.000027426651846
0.000011450998298
-0.000000537239569
qdot5:
0.000489509654437
-0.000144746384973
-0.000000460649463
qdot6:
0.000632555555390
-0.000175609495572
-0.000002493489744
qdot7:
0.000254629868253
-0.000066810806082
-0.000001651048310

qdot1:
-0.000009913022188
0.000003171717849
-0.000000029715062
qdot2:
-0.000003107468562
0.000000884179329
0.000000007292561
qdot3:
-0.000319957982115
0.000082270051679
0.000002367647892
qdot4:
0.000017630521400
-0.000006754813229
0.000000242092344
qdot5:
-0.000704985774188
0.000180190124202
0.000005421239072
qdot6:
-0.000986870556355
0.000244280882819
0.000008902526990
qdot7:
-0.000422732506768
0.000102212500756
0.000004223862931

qdot1:
0.000012673053182
-0.000003408546291
-0.000000069016742
qdot2:
0.000004592417151
-0.000001178558307
-0.000000041559631
qdot3:
0.000542822246456
-0.000130118057215
-0.000005572728640
qdot4:
-0.000015017744663
0.000004948326896
-0.000000057694063
qdot5:
0.001202269157661
-0.000287779433511
-0.000012433206839
qdot6:
0.001735466352460
-0.000410803793618
-0.000018731950105
qdot7:
0.000759481254314
-0.000178397337721
-0.000008419010785

qdot1:
-0.000020518631212
0.000005003826426
0.000000195719997
qdot2:
-0.000007572180875
0.000001869888203
0.000000073166566
qdot3:
-0.000984479524116
0.000230207350604
0.000011037089626
qdot4:
0.000018110623405
-0.000005020452028
-0.000000069663229
qdot5:
-0.002183282768731
0.000510286834720
0.000024491896456
qdot6:
-0.003181664195409
0.000741198773131
0.000036097096839
qdot7:
-0.001401509781861
0.000325746319762
0.000016033552827

qdot1:
0.000036663524556
-0.000008616440996
-0.000000403793392
qdot2:
0.000013337344998
-0.000003156525471
-0.000000140350889
qdot3:
0.001824382963250
-0.000423290158631
-0.000021005002421
qdot4:
-0.000028756495457
0.000007001379809
0.000000259071737
qdot5:
0.004048452569406
-0.000938976269662
-0.000046649115395
qdot6:
0.005916258476109
-0.001370789923423
-0.000068383554732
qdot7:
0.002610843411061
-0.000604575875041
-0.000030238211952

qdot1:
-0.000067684380150
0.000015720806646
0.000000775176090
qdot2:
-0.000024409692205
0.000005696804154
0.000000281208359
qdot3:
-0.003405857273084
0.000787735254463
0.000039474661336
qdot4:
0.000052017513109
-0.000012087181908
-0.000000584917123
qdot5:
-0.007560519317979
0.001748386550543
0.000087672520948
qdot6:
-0.011058389157671
0.002556422459789
0.000128372165017
qdot7:
-0.004882666407280
0.001128501984209
0.000056707326015

qdot1:
0.000126456940918
-0.000029208084974
-0.000001463037753
qdot2:
0.000045079571810
-0.000010506349559
-0.000000516935702
qdot3:
0.006386609387308
-0.001473072807308
-0.000074257105754
qdot4:
-0.000097537408410
0.000022442043353
0.000001133472137
qdot5:
0.014178587618990
-0.003270286181384
-0.000164886723225
qdot6:
0.020744099452702
-0.004784136275728
-0.000241316943375
qdot7:
0.009161351711837
-0.002112611982531
-0.000106605728488

qdot1:
-0.000240072468291
0.000054734032552
0.000002772993255
qdot2:
-0.000084681832608
0.000019417470260
0.000000961864781
qdot3:
-0.012135468038855
0.002766358511296
0.000140363657192
qdot4:
0.000185884715690
-0.000042303288462
-0.000002162501495
qdot5:
-0.026939274840426
0.006141460296328
0.000311584621971
qdot6:
-0.039417352312180
0.008985796964715
0.000455948649164
qdot7:
-0.017410618264308
0.003968693294271
0.000201410965726

qdot1:
0.000469809938860
-0.000104626072174
-0.000005506590734
qdot2:
0.000165627524995
-0.000036794330322
-0.000001921825152
qdot3:
0.023744899747057
-0.005289165186784
-0.000278296111327
qdot4:
-0.000364749747082
0.000081086986026
0.000004273653127
qdot5:
0.052703725280062
-0.011740830373576
-0.000617630843950
qdot6:
0.077117613202002
-0.017179441545220
-0.000903786671315
qdot7:
0.034071781764465
-0.007588475129501
-0.000399291830866

qdot1:
-0.001023645170266
0.000207233765779
0.000011521156049
qdot2:
-0.000365933459830
0.000073149220959
0.000004111268960
qdot3:
-0.051695817461687
0.010472699292487
0.000581911374998
qdot4:
0.000801820953721
-0.000161033896505
-0.000008993536690
qdot5:
-0.114715484047448
0.023243902527644
0.001291303983309
qdot6:
-0.167849930237188
0.034011230186523
0.001889448658525
qdot7:
-0.074221512958282
0.015028373644743
0.000835359329867

qdot1:
0.001717575270905
-0.000472261899415
-0.000032460262804
qdot2:
0.000619687957345
-0.000169757410095
-0.000011920860055
qdot3:
0.086697359759061
-0.023842984397742
-0.001636887442045
qdot4:
-0.001353444421633
0.000371214853493
0.000025885993182
qdot5:
0.192358423606636
-0.052904235914334
-0.003630828350699
qdot6:
0.281448900805718
-0.077407553697012
-0.005312171240456
qdot7:
0.124521580479430
-0.034239866741904
-0.002352787955103

coefs_qdotdot:
qdotdot1:
-0.003215491378219
0.000546823170636
qdotdot2:
-0.004486110705684
0.000830346532995
qdotdot3:
-1.558242481311445
0.262142568907425
qdotdot4:
1.082998269966650
-0.181237727746826
qdotdot5:
0.000705033636799
-0.000172573366269
qdotdot6:
0.001112398432976
-0.000274229327475
qdotdot7:
0.000238456303986
-0.000063830036915

qdotdot1:
0.003167088839724
-0.000520398419635
qdotdot2:
0.003344644840657
-0.000658593612788
qdotdot3:
1.296313999158408
-0.255038111531478
qdotdot4:
-0.914887997146306
0.178209398674802
qdotdot5:
0.000155587607894
0.000061427298188
qdotdot6:
0.000406522341085
0.000094975713066
qdotdot7:
0.000467943756542
0.000015313610514

qdotdot1:
-0.003328046614244
0.000530758368081
qdotdot2:
-0.002813124126700
0.000451494011739
qdotdot3:
-0.755648094151940
0.175208505530955
qdotdot4:
0.541513937518427
-0.125441928101560
qdotdot5:
-0.000963464711046
0.000113066825337
qdotdot6:
-0.002302195408540
0.000229900478305
qdotdot7:
-0.001993573013467
0.000170624143578

qdotdot1:
0.003691274423377
-0.000573820305091
qdotdot2:
0.003656311018060
-0.000482181887522
qdotdot3:
0.336124944942855
-0.075591097350459
qdotdot4:
-0.239930696622230
0.054286548070663
qdotdot5:
0.001039151647973
-0.000206707112811
qdotdot6:
0.004594702152852
-0.000534198179106
qdotdot7:
0.004429171246907
-0.000491042740732

qdotdot1:
-0.004220312955239
0.000651313678140
qdotdot2:
-0.006185564370111
0.000731347741464
qdotdot3:
-0.152547937461822
0.035968772068406
qdotdot4:
0.111487908381918
-0.025346450275545
qdotdot5:
-0.000014840400450
0.000138187319746
qdotdot6:
-0.008402986721597
0.000990783468054
qdotdot7:
-0.008577045546873
0.000978999198651

qdotdot1:
0.006187121712722
-0.000749408194118
qdotdot2:
0.011321325210428
-0.001321641076515
qdotdot3:
0.042182207030202
-0.014661888462461
qdotdot4:
-0.035754795827634
0.011656386580208
qdotdot5:
-0.001849468010739
0.000133261790828
qdotdot6:
0.015499455383721
-0.001798167829652
qdotdot7:
0.016217916466772
-0.001867722223264

qdotdot1:
-0.012002092796279
0.001304097505874
qdotdot2:
-0.020792856588821
0.002435906767304
qdotdot3:
0.098036096310130
-0.000661613925000
qdotdot4:
-0.043166204056978
-0.000210630175443
qdotdot5:
0.004186467230582
-0.000480576642994
qdotdot6:
-0.029060184227694
0.003346101421074
qdotdot7:
-0.030339288493244
0.003515004261337

qdotdot1:
0.023785110995305
-0.002679397100078
qdotdot2:
0.038587635900523
-0.004465242346423
qdotdot3:
-0.159650065812811
0.031876566496429
qdotdot4:
0.057943136337143
-0.014537493326654
qdotdot5:
-0.007769040656008
0.000908911833231
qdotdot6:
0.055101076852894
-0.006298973740726
qdotdot7:
0.056711751101027
-0.006554605606931

qdotdot1:
-0.046296436519598
0.005214881252873
qdotdot2:
-0.073068126029645
0.008341994031040
qdotdot3:
-0.054155295824912
-0.021111290438195
qdotdot4:
0.061618413389777
0.004693833656799
qdotdot5:
0.014469555201827
-0.001669632764943
qdotdot6:
-0.105993826854749
0.011989073698278
qdotdot7:
-0.107398957833722
0.012268024615951

qdotdot1:
0.091942919477304
-0.010150906054472
qdotdot2:
0.143864117033612
-0.015909317040009
qdotdot3:
0.212069092667334
-0.039085433153472
qdotdot4:
-0.059792030771303
0.025144985096124
qdotdot5:
-0.028179814296684
0.003132812614822
qdotdot6:
0.214789799099485
-0.023190277495463
qdotdot7:
0.212304167704328
-0.023377689550516

qdotdot1:
-0.172822419563513
0.020364948972655
qdotdot2:
-0.271704558900501
0.031839183485767
qdotdot3:
-0.041764515835547
0.031300298824163
qdotdot4:
-0.261881835203458
0.005300010048915
qdotdot5:
0.052670828314179
-0.006220067766372
qdotdot6:
-0.469827223283481
0.048098456948560
qdotdot7:
-0.410330854219548
0.047086063832032

qdotdot1:
0.307636602898458
-0.036994812179365
qdotdot2:
0.495303225354550
-0.058339559768780
qdotdot3:
-0.473913545252956
0.017438655994448
qdotdot4:
1.234909843539173
-0.081618571204963
qdotdot5:
-0.092925121269215
0.011261380181243
qdotdot6:
1.535308977744450
-0.107837198728065
qdotdot7:
0.844586781756406
-0.089102746918229

qdotdot1:
-0.684564067043092
0.065109776498664
qdotdot2:
-1.259707990078957
0.106051581009810
qdotdot3:
0.770700029959360
-0.139853249946184
qdotdot4:
-1.883639756522194
0.328248006572310
qdotdot5:
0.187981428802580
-0.019580467621182
qdotdot6:
-1.095852705969144
0.401731851863829
qdotdot7:
-1.246332600296133
0.191215606429999

qdotdot1:
-0.145244601634248
-0.162097037744649
qdotdot2:
0.021694455210511
-0.312045501618207
qdotdot3:
-0.193260298367796
0.115942090438326
qdotdot4:
1.102544617853140
-0.296932029695234
qdotdot5:
-0.660634696413597
0.042810568705958
qdotdot6:
1.607047650227910
0.038018338125618
qdotdot7:
0.573712895138641
-0.222442184321445

qdotdot1:
0.851093430045404
-0.210303721110165
qdotdot2:
0.942827461452091
-0.304845111921424
qdotdot3:
-0.174420079339213
0.051798997299469
qdotdot4:
0.010611750512153
0.069002529601105
qdotdot5:
0.929329419322564
-0.176454087411733
qdotdot6:
-1.111417671177178
0.571397454155821
qdotdot7:
0.357624672002471
-0.032026874096649

qdotdot1:
-0.273173592349024
0.072174188808904
qdotdot2:
-0.076818089566303
0.008079323074015
qdotdot3:
0.225285615054899
-0.006091027133019
qdotdot4:
-0.132692541201331
0.072524569602160
qdotdot5:
-0.473343021777327
0.131990347393193
qdotdot6:
-0.396907826323171
0.202517928456158
qdotdot7:
-0.127390462429363
0.086668754745606

qdotdot1:
0.177708763816746
-0.018492126648048
qdotdot2:
0.408383294703943
-0.017416600896997
qdotdot3:
0.135608580124042
0.068681268632611
qdotdot4:
-0.151490935145296
0.028483915101511
qdotdot5:
0.559276865529802
-0.025112201805551
qdotdot6:
-0.032656864486869
0.070784220672385
qdotdot7:
0.086413679909355
0.044387860192407

qdotdot1:
-0.010418987476971
0.040489412164416
qdotdot2:
0.000082150011949
0.118125814848921
qdotdot3:
-0.082463131796480
0.113689756453376
qdotdot4:
-0.067333026572681
-0.021795926359896
qdotdot5:
-0.388296208100064
0.160511790183811
qdotdot6:
-0.702799825091806
0.059945407330506
qdotdot7:
0.026165790925417
0.073068560603768

qdotdot1:
-0.118824311048742
0.037031350214847
qdotdot2:
-0.088166557557503
0.118153080437934
qdotdot3:
-0.015097074315396
0.086320242962939
qdotdot4:
0.137212345257824
-0.044143757917897
qdotdot5:
0.390273429808163
0.031636278493215
qdotdot6:
0.852749376548034
-0.173313855019609
qdotdot7:
0.006783945372084
0.081752986626886

qdotdot1:
-0.071700040083267
-0.002406438690222
qdotdot2:
-0.205983294945111
0.088890599934149
qdotdot3:
0.233579676859468
0.081309523989020
qdotdot4:
-0.182652434240286
0.001397019551688
qdotdot5:
-0.149825060641250
0.161168030069860
qdotdot6:
-0.328801879632559
0.109713663544630
qdotdot7:
0.279915078235554
0.084004578099762

qdotdot1:
0.251938165464210
-0.026203682034886
qdotdot2:
0.430864599404623
0.020524744224002
qdotdot3:
-0.499673877120957
0.158834618872333
qdotdot4:
-0.085888270324910
-0.059225323477178
qdotdot5:
-0.235451414503388
0.111441092357299
qdotdot6:
-1.261346200333062
0.000584319506442
qdotdot7:
-0.507437190535804
0.176908392726311

qdotdot1:
-0.007378186993779
0.057414595226846
qdotdot2:
-0.297151018564674
0.163528705012939
qdotdot3:
-0.352824613534272
-0.007007141230029
qdotdot4:
-0.004868988752251
-0.087731640447161
qdotdot5:
-0.490561459645561
0.033294767748898
qdotdot6:
0.100355976488496
-0.418056485105850
qdotdot7:
-0.559417743616445
0.008489988897120

qdotdot1:
-0.073341241164412
0.054965774959389
qdotdot2:
-0.299116173925048
0.064904281781293
qdotdot3:
0.712820510599870
-0.124109630663941
qdotdot4:
-0.373590783216876
-0.089347657816819
qdotdot5:
0.838449217069926
-0.129522580988165
qdotdot6:
0.989471506997783
-0.384748336451893
qdotdot7:
0.720332826535113
-0.177180760529280

qdotdot1:
-0.121883973085803
0.030623816974955
qdotdot2:
0.108826890985556
-0.034372376515586
qdotdot3:
-0.501380471580518
0.112475497212034
qdotdot4:
0.435993173036892
-0.213342438980270
qdotdot5:
-0.991968059646515
0.148758714637108
qdotdot6:
-0.667787005887705
-0.056342742713149
qdotdot7:
-0.698874961765608
0.061897705009902

qdotdot1:
0.278370786836575
-0.009829473761966
qdotdot2:
-0.108672343920439
0.001747268664791
qdotdot3:
0.324311986116454
-0.053932681592432
qdotdot4:
-0.388574661653048
-0.068636304599849
qdotdot5:
0.985890458685035
-0.180475484927179
qdotdot6:
0.657324955441823
-0.277981250349389
qdotdot7:
0.504454497449232
-0.170058895200003

qdotdot1:
-0.267552460818350
0.082561790548378
qdotdot2:
-0.054734570797411
-0.034321082344585
qdotdot3:
0.021152334843230
0.053706466785192
qdotdot4:
-0.045684242793450
-0.197604235024839
qdotdot5:
-0.832177958488660
0.146741558874515
qdotdot6:
-0.816138685170253
-0.059815097262124
qdotdot7:
-0.555733251808810
-0.002630447207952

qdotdot1:
0.116608841488965
-0.006238871350327
qdotdot2:
0.350383688910817
-0.052487486423565
qdotdot3:
-0.452917611995963
0.060726926731764
qdotdot4:
0.930316197955555
-0.212766835234126
qdotdot5:
0.066157824231861
-0.129458306024047
qdotdot6:
0.751371356170020
-0.330691527337129
qdotdot7:
0.113790816209520
-0.187078313801289

qdotdot1:
-0.066813569337787
0.032463603206585
qdotdot2:
-0.036654059305862
0.063804860126426
qdotdot3:
0.135420980122557
-0.089596428948858
qdotdot4:
-0.139236062040269
0.096005111399654
qdotdot5:
0.057478234610903
-0.107500524123637
qdotdot6:
0.005869540386881
-0.081311373794361
qdotdot7:
0.134383993126715
-0.149311141836237

qdotdot1:
0.323934385405807
0.010288179505142
qdotdot2:
-0.207059900203281
0.051639377821837
qdotdot3:
-0.221553152334588
-0.044650205568693
qdotdot4:
0.098176926484218
0.049792662328817
qdotdot5:
0.049419037270712
-0.088423498023389
qdotdot6:
-0.222246062815085
-0.079363273336596
qdotdot7:
0.189877227123738
-0.104709094440585

qdotdot1:
-0.214630890627466
0.117802002206686
qdotdot2:
0.073084759191626
-0.017083803174113
qdotdot3:
0.004632725980183
-0.118183696955316
qdotdot4:
0.303243889911331
0.082377584285106
qdotdot5:
0.215202367286065
-0.072021319524962
qdotdot6:
0.595934792656954
-0.153126741712093
qdotdot7:
0.341724301359260
-0.041688842649568

qdotdot1:
-0.016573781087883
0.046566009484618
qdotdot2:
-0.033466677464487
0.007173028443407
qdotdot3:
0.204809563387965
-0.116646095199843
qdotdot4:
-0.374694021784600
0.183024231520195
qdotdot5:
-0.091152699669033
-0.000595653699577
qdotdot6:
-0.370998634076365
0.044664016311746
qdotdot7:
-0.184900640478954
0.071729453167107

qdotdot1:
-0.133053056651547
0.041065171532066
qdotdot2:
0.020627569675636
-0.003934561826206
qdotdot3:
-0.023496685407057
-0.048669800994184
qdotdot4:
0.127079109700745
0.058663285475484
qdotdot5:
0.189325624984997
-0.030849234771887
qdotdot6:
0.553293702405468
-0.078470430550486
qdotdot7:
0.144215376453701
0.010360930486341

qdotdot1:
-0.222828375055100
-0.003095138046716
qdotdot2:
-0.015575927995863
0.002911728560941
qdotdot3:
0.051135065384828
-0.056468350894232
qdotdot4:
0.068133623110763
0.100840842057877
qdotdot5:
-0.148610549163962
0.031987940268966
qdotdot6:
0.271460155872859
0.105167749594486
qdotdot7:
0.100088441320939
0.058226014013845

qdotdot1:
-0.110144054723989
-0.077051875855008
qdotdot2:
0.008376624368252
-0.002257921949798
qdotdot3:
-0.011139615462485
-0.039496622663747
qdotdot4:
-0.059989604844411
0.123454391607326
qdotdot5:
0.014855289423073
-0.017335901083588
qdotdot6:
0.192247119212797
0.195265375484018
qdotdot7:
-0.066187078615023
0.091445367745535

qdotdot1:
0.197896837862694
-0.113608687680925
qdotdot2:
0.000546519730777
0.000522279682818
qdotdot3:
0.006591720208010
-0.043193861042120
qdotdot4:
-0.148616937861472
0.103543841725139
qdotdot5:
-0.073348755753783
-0.012405430515570
qdotdot6:
-0.371975085615488
0.259072194460750
qdotdot7:
-0.119314757636815
0.069477876315337

qdotdot1:
0.197894462250303
-0.047926727081059
qdotdot2:
-0.006484516170172
0.000703669581775
qdotdot3:
0.222013068500151
-0.041006069101310
qdotdot4:
-0.221791219582208
0.054217879963877
qdotdot5:
0.249252786986143
-0.036749882592221
qdotdot6:
-0.563610476444675
0.135613663332124
qdotdot7:
-0.095768715335675
0.029877308187405

qdotdot1:
-0.079922016934754
0.017754445053053
qdotdot2:
0.006300235320032
-0.001448541338815
qdotdot3:
-0.216792563535412
0.032680068460927
qdotdot4:
0.142158085882454
-0.019394625942367
qdotdot5:
-0.299124118960107
0.045977117551103
qdotdot6:
0.238097830672332
-0.051448654122365
qdotdot7:
0.032109920482141
-0.001908328487305

qdotdot1:
0.040446683021746
-0.008771672413324
qdotdot2:
-0.003189895509116
0.000642506767508
qdotdot3:
0.235336982676089
-0.039273383500526
qdotdot4:
-0.168531155294277
0.027787642843363
qdotdot5:
0.335249154417272
-0.053302177702917
qdotdot6:
-0.063270290631271
0.027576016014023
qdotdot7:
-0.042046686393420
0.008748954139092

qdotdot1:
-0.021301318218263
0.004652581704737
qdotdot2:
0.002267640925540
-0.000416219553793
qdotdot3:
-0.212217283585895
0.038834961184329
qdotdot4:
0.138500126980857
-0.028147847695242
qdotdot5:
-0.325053297950294
0.057967016840007
qdotdot6:
-0.086505650317755
0.006576606517301
qdotdot7:
0.008989667980819
-0.005206341098944

qdotdot1:
0.010814294759582
-0.002417325824093
qdotdot2:
-0.001250283650786
0.000336410470692
qdotdot3:
0.129495248294340
-0.031599955359261
qdotdot4:
-0.055433613474566
0.017820344528955
qdotdot5:
0.227326176957895
-0.049918172935693
qdotdot6:
0.125635455422714
-0.022134618872661
qdotdot7:
0.029244235258340
-0.002222670290966

qdotdot1:
-0.005184064191072
0.001171938612800
qdotdot2:
-0.000082360187423
-0.000078558673720
qdotdot3:
-0.049327578501754
0.011379517623728
qdotdot4:
0.006241963212908
-0.000578071814973
qdotdot5:
-0.109324194312513
0.025531385326710
qdotdot6:
-0.087847038073839
0.019563788854027
qdotdot7:
-0.030923807124647
0.007483491408011

qdotdot1:
0.002506640422979
-0.000548652295183
qdotdot2:
0.000484283435666
-0.000105894019973
qdotdot3:
0.022760982238498
-0.004992305709230
qdotdot4:
-0.007047947862090
0.001493635778963
qdotdot5:
0.048743961559213
-0.010753314828169
qdotdot6:
0.043892861139298
-0.009592643132947
qdotdot7:
0.012461543150696
-0.002780120194354

qdotdot1:
-0.001308902570993
0.000283301662638
qdotdot2:
-0.000252434786937
0.000054839652602
qdotdot3:
-0.011819347883387
0.002562064308752
qdotdot4:
0.003926926207165
-0.000845578120498
qdotdot5:
-0.024987352790655
0.005424806041225
qdotdot6:
-0.022970541669863
0.004975397504302
qdotdot7:
-0.006229483021794
0.001355865984492

qdotdot1:
0.000704878076879
-0.000151123101423
qdotdot2:
0.000133468595768
-0.000028943453326
qdotdot3:
0.006299799210500
-0.001360777260507
qdotdot4:
-0.002121923370422
0.000457768689907
qdotdot5:
0.013272050583319
-0.002868496364291
qdotdot6:
0.012267595275732
-0.002648525289069
qdotdot7:
0.003293869937927
-0.000711699434006

qdotdot1:
-0.000381541645433
0.000082825932696
qdotdot2:
-0.000070919846288
0.000015354773685
qdotdot3:
-0.003384496582289
0.000730126101062
qdotdot4:
0.001141620050366
-0.000246497677950
qdotdot5:
-0.007121377259154
0.001536497231907
qdotdot6:
-0.006607313750895
0.001423089589966
qdotdot7:
-0.001773650134004
0.000381536000277

qdotdot1:
0.000201159619014
-0.000043807739641
qdotdot2:
0.000037878301677
-0.000008183523338
qdotdot3:
0.001828537295483
-0.000393188316536
qdotdot4:
-0.000612531772178
0.000132406017419
qdotdot5:
0.003850083755826
-0.000827087884481
qdotdot6:
0.003596224594334
-0.000769877847737
qdotdot7:
0.000973867518228
-0.000207138480214

qdotdot1:
-0.000106624752884
0.000022957138025
qdotdot2:
-0.000021050618318
0.000004388285010
qdotdot3:
-0.001009584499090
0.000213703212881
qdotdot4:
0.000328549808797
-0.000070893278117
qdotdot5:
-0.002132276447824
0.000450754916280
qdotdot6:
-0.002028981393664
0.000423709097181
qdotdot7:
-0.000568158690240
0.000116088149643

qdotdot1:
0.000058366633199
-0.000012431617519
qdotdot2:
0.000012729143305
-0.000002598415222
qdotdot3:
0.000602406365792
-0.000121377882944
qdotdot4:
-0.000177398986636
0.000038152403611
qdotdot5:
0.001278276126295
-0.000256947637972
qdotdot6:
0.001286511062173
-0.000249709828538
qdotdot7:
0.000393563854636
-0.000072483719972

qdotdot1:
-0.000033604928274
0.000006940268074
qdotdot2:
-0.000008116812463
0.000001626387448
qdotdot3:
-0.000439143719973
0.000078560790207
qdotdot4:
0.000096948835183
-0.000020726320155
qdotdot5:
-0.000940218721036
0.000167312209076
qdotdot6:
-0.001063250041271
0.000177283193734
qdotdot7:
-0.000376471616370
0.000058140123606

qdotdot1:
0.000022250453378
-0.000004213207640
qdotdot2:
0.000005880572276
-0.000001067582613
qdotdot3:
0.000450319560484
-0.000067191010703
qdotdot4:
-0.000054853303692
0.000011450998298
qdotdot5:
0.000979019308874
-0.000144746384973
qdotdot6:
0.001265111110780
-0.000175609495572
qdotdot7:
0.000509259736506
-0.000066810806082

qdotdot1:
-0.000019826044376
0.000003171717849
qdotdot2:
-0.000006214937125
0.000000884179329
qdotdot3:
-0.000639915964229
0.000082270051679
qdotdot4:
0.000035261042801
-0.000006754813229
qdotdot5:
-0.001409971548376
0.000180190124202
qdotdot6:
-0.001973741112710
0.000244280882819
qdotdot7:
-0.000845465013537
0.000102212500756

qdotdot1:
0.000025346106364
-0.000003408546291
qdotdot2:
0.000009184834301
-0.000001178558307
qdotdot3:
0.001085644492913
-0.000130118057215
qdotdot4:
-0.000030035489325
0.000004948326896
qdotdot5:
0.002404538315321
-0.000287779433511
qdotdot6:
0.003470932704920
-0.000410803793618
qdotdot7:
0.001518962508628
-0.000178397337721

qdotdot1:
-0.000041037262423
0.000005003826426
qdotdot2:
-0.000015144361751
0.000001869888203
qdotdot3:
-0.001968959048233
0.000230207350604
qdotdot4:
0.000036221246810
-0.000005020452028
qdotdot5:
-0.004366565537462
0.000510286834720
qdotdot6:
-0.006363328390819
0.000741198773131
qdotdot7:
-0.002803019563721
0.000325746319762

qdotdot1:
0.000073327049112
-0.000008616440996
qdotdot2:
0.000026674689996
-0.000003156525471
qdotdot3:
0.003648765926501
-0.000423290158631
qdotdot4:
-0.000057512990915
0.000007001379809
qdotdot5:
0.008096905138812
-0.000938976269662
qdotdot6:
0.011832516952219
-0.001370789923423
qdotdot7:
0.005221686822123
-0.000604575875041

qdotdot1:
-0.000135368760299
0.000015720806646
qdotdot2:
-0.000048819384410
0.000005696804154
qdotdot3:
-0.006811714546168
0.000787735254463
qdotdot4:
0.000104035026217
-0.000012087181908
qdotdot5:
-0.015121038635957
0.001748386550543
qdotdot6:
-0.022116778315341
0.002556422459789
qdotdot7:
-0.009765332814560
0.001128501984209

qdotdot1:
0.000252913881837
-0.000029208084974
qdotdot2:
0.000090159143621
-0.000010506349559
qdotdot3:
0.012773218774617
-0.001473072807308
qdotdot4:
-0.000195074816820
0.000022442043353
qdotdot5:
0.028357175237980
-0.003270286181384
qdotdot6:
0.041488198905403
-0.004784136275728
qdotdot7:
0.018322703423675
-0.002112611982531

qdotdot1:
-0.000480144936582
0.000054734032552
qdotdot2:
-0.000169363665215
0.000019417470260
qdotdot3:
-0.024270936077709
0.002766358511296
qdotdot4:
0.000371769431379
-0.000042303288462
qdotdot5:
-0.053878549680851
0.006141460296328
qdotdot6:
-0.078834704624360
0.008985796964715
qdotdot7:
-0.034821236528615
0.003968693294271

qdotdot1:
0.000939619877720
-0.000104626072174
qdotdot2:
0.000331255049990
-0.000036794330322
qdotdot3:
0.047489799494114
-0.005289165186784
qdotdot4:
-0.000729499494165
0.000081086986026
qdotdot5:
0.105407450560124
-0.011740830373576
qdotdot6:
0.154235226404003
-0.017179441545220
qdotdot7:
0.068143563528930
-0.007588475129501

qdotdot1:
-0.002047290340532
0.000207233765779
qdotdot2:
-0.000731866919660
0.000073149220959
qdotdot3:
-0.103391634923374
0.010472699292487
qdotdot4:
0.001603641907442
-0.000161033896505
qdotdot5:
-0.229430968094896
0.023243902527644
qdotdot6:
-0.335699860474376
0.034011230186523
qdotdot7:
-0.148443025916563
0.015028373644743

qdotdot1:
0.003435150541810
-0.000472261899415
qdotdot2:
0.001239375914689
-0.000169757410095
qdotdot3:
0.173394719518121
-0.023842984397742
qdotdot4:
-0.002706888843267
0.000371214853493
qdotdot5:
0.384716847213272
-0.052904235914334
qdotdot6:
0.562897801611436
-0.077407553697012
qdotdot7:
0.249043160958860
-0.034239866741904

