nSeg: 37

breaks: 
0.000000000000000
0.330270270270267
0.660540540540534
0.990810810810801
1.321081081081068
1.651351351351334
1.981621621621601
2.311891891891868
2.642162162162135
2.972432432432402
3.302702702702669
3.632972972972936
3.963243243243203
4.293513513513469
4.623783783783736
4.954054054054003
5.284324324324270
5.614594594594537
5.944864864864804
6.275135135135071
6.605405405405337
6.935675675675605
7.265945945945871
7.596216216216138
7.926486486486406
8.256756756756673
8.587027027026938
8.917297297297205
9.247567567567472
9.577837837837739
9.908108108108006
10.238378378378274
10.568648648648541
10.898918918918806
11.229189189189075
11.559459459459340
11.889729729729607
12.219999999999875

coefs_q:
q1:
0.079200859915888
-0.156780937495882
-0.000000000000000
-1.563667222881074
q2:
0.523470955049695
-0.796385694993461
0.000000000000000
1.501872847341974
q3:
-0.082458732834072
0.190034971997743
-0.000000000000000
-2.644885111563218
q4:
-0.586654448481188
0.798863930559880
0.000000000000000
1.400618033089962
q5:
-0.074394156337587
0.160934565811901
-0.000000000000000
-1.115548480126566
q6:
0.113284831075189
-0.206262763811434
0.000000000000000
-0.549659385490408
q7:
-0.138664457961381
0.125764781593446
0.000000000000000
-0.480943568274364

q1:
0.125560405452958
-0.078307869265709
-0.077642843746665
-1.577915404502301
q2:
0.385866047491531
-0.277725013584769
-0.354746834022320
1.433862563643140
q3:
-0.153281942604036
0.108333968059985
0.098542390473119
-2.627126997431009
q4:
-0.420304655554114
0.217600360794471
0.335707936225677
1.466622430181097
q5:
-0.159413507646107
0.087224031451471
0.081959406988064
-1.100674063887713
q6:
0.201732012437750
-0.094018928481262
-0.099174115670722
-0.568077080440225
q7:
0.027167776849526
-0.011625462429910
0.037696823788605
-0.472220779007387

q1:
0.088460037968625
0.046098737866869
-0.088280562278931
-1.607576868587250
q2:
-0.068810343303709
0.104595237794674
-0.411926451864345
1.300307383478973
q3:
-0.124301257803443
-0.043539437774175
0.119942097502648
-2.588286512664044
q4:
0.095747508340732
-0.198842035762655
0.341903253303752
1.586090660820436
q5:
-0.156873156653824
-0.070724595313562
0.087408680220639
-1.069833976650235
q6:
0.120192410680871
0.105859330328679
-0.095263582952467
-0.603819311235129
q7:
0.207757785601712
0.015292664578295
0.038907991633288
-0.460059997062240

q1:
0.013216069551120
0.133745899810917
-0.028883225186430
-1.628518129246053
q2:
-0.075832527172524
0.036417205753757
-0.365354234022134
1.173190491403211
q3:
-0.029875895470914
-0.166698467803206
0.050506767606552
-2.557900416911523
q4:
0.102463338845040
-0.103974369390461
0.241891997331561
1.680771098735661
q5:
-0.045041474266218
-0.226156214852187
-0.010642225190859
-1.054331430998104
q6:
-0.041244369857029
0.224947270208698
0.013992002414201
-0.619405092680867
q7:
0.076889947968787
0.221141324582584
0.116995109134529
-0.438057192959136

q1:
-0.137840661129313
0.146840524398594
0.063786128971413
-1.622992490408246
q2:
0.105429621339338
-0.038718481979884
-0.366114277143304
1.053765287375594
q3:
0.160348109387932
-0.196299828018441
-0.069380777662110
-2.560479034023868
q4:
-0.105609016357959
-0.002452585551025
0.206742338158995
1.753010750525313
q5:
0.230506297969688
-0.270783794490012
-0.174766736384416
-1.084137647043483
q6:
-0.209661468262308
0.184081902669275
0.149082177889033
-0.591732894044760
q7:
-0.311974603051801
0.297324716272738
0.288229028573772
-0.372525444616962

q1:
-0.199674018598111
0.010266507182362
0.115673910753014
-1.590874452113204
q2:
0.142932770426499
0.065742326622821
-0.357189104669339
0.932423415136777
q3:
0.249030851577627
-0.037425187743805
-0.146573201786829
-2.599028923558431
q4:
-0.154556911356574
-0.107091140677586
0.170563302091060
1.817219470340669
q5:
0.378779864906515
-0.042395662501670
-0.278200600288155
-1.163090506690209
q6:
-0.209738634227026
-0.023652946695486
0.202067092537673
-0.529969245874311
q7:
-0.487647774694769
-0.011783093129394
0.382534937622735
-0.256139246219861

q1:
0.002549408061914
-0.187572669082683
0.057114956741612
-1.558744273966620
q2:
0.020888798151031
0.207361660780535
-0.266990976937745
0.826774750068320
q3:
0.026226517936266
0.209317272224728
-0.089802356587995
-2.642548547572303
q4:
-0.009950600315472
-0.260227799335206
0.049248776497647
1.856302152573197
q5:
0.039705029439578
0.332903522565160
-0.182254490829349
-1.245950662706880
q6:
-0.000182125102063
-0.231464252932316
0.117809466066005
-0.473368431230599
q7:
-0.038286505021531
-0.494949780164801
0.215176134605032
-0.148652301868817

q1:
0.186708410761035
-0.185046688013770
-0.065950139034567
-1.560249194672398
q2:
-0.073555427180437
0.228058507813421
-0.123184640175094
0.761966783472671
q3:
-0.198126410302749
0.235302789725904
0.057042431440023
-2.648430772240045
q4:
0.108312249098239
-0.270086961701833
-0.125898422958367
1.843823839874061
q5:
-0.313034765320796
0.372243694977455
0.050634671288777
-1.268400913574091
q6:
0.155530202738692
-0.231644704452359
-0.035141654454013
-0.459713790426666
q7:
0.402442627556076
-0.532884463248296
-0.124286958760047
-0.132953662785664

q1:
0.145363108725713
-0.000053976162433
-0.127083385419247
-1.595488931574281
q2:
-0.084979480923366
0.155178995369237
0.003387313578744
0.743508966482684
q3:
-0.192770050688007
0.038997000490804
0.147635497289972
-2.611062466237470
q4:
0.128890230648631
-0.162770014352065
-0.268858213428059
1.776684654974147
q5:
-0.282907152097706
0.062085465337988
0.194080680452416
-1.222351214330400
q6:
0.174144843508398
-0.077543698171267
-0.137257391752950
-0.490984446740568
q7:
0.366560498679662
-0.134139957134631
-0.344585294356784
-0.217630017872037

q1:
0.006980781061125
0.143973363456069
-0.079551090480647
-1.632229923536981
q2:
-0.046702546584743
0.070980406973276
0.078081040514568
0.758492962750846
q3:
-0.052646122114631
-0.152001649731419
0.110313421243477
-2.564993730552422
q4:
0.080463647739021
-0.035064180417504
-0.334196966403305
1.674777397258178
q5:
-0.062012097774120
-0.218221999416114
0.142513425143370
-1.161671783854138
q6:
0.091453419583036
0.095000895423808
-0.131491798498192
-0.538501196768648
q7:
0.103560250213215
0.229052147773376
-0.313238619502583
-0.332862597511148

q1:
-0.130400608760183
0.150889996799335
0.017833511203704
-1.642547406940118
q2:
0.053313334655796
0.024707018924717
0.109683752527365
0.790340765475195
q3:
0.179835485308667
-0.204163996669862
-0.007317503054458
-2.547037187679459
q4:
-0.089014239093519
0.044660071639590
-0.331027728815902
1.563476060992034
q5:
0.252457762999769
-0.279664256291768
-0.021923603093123
-1.140641162921946
q6:
-0.141013256707173
0.185613932232296
-0.038813063526366
-0.568271834795566
q7:
-0.315424779058943
0.331660763254901
-0.128051814833245
-0.407600551165624

q1:
-0.067484977997993
0.021687663903436
0.074830781846619
-1.624896411319600
q2:
0.090407845548858
0.077530447262054
0.143449748116617
0.831181684017608
q3:
0.185639538245584
-0.025981053658628
-0.083327571027813
-2.565245194153021
q4:
-0.184953893353431
-0.043536198770366
-0.330656547019634
1.455812124118094
q5:
0.228123708341647
-0.029526375438487
-0.124040076599709
-1.169292337007187
q6:
-0.179837781463438
0.045896473019190
0.037647940586421
-0.565924210181717
q7:
-0.341776424512547
0.019134482165693
-0.012194574318661
-0.425078510462000

q1:
0.070284781535399
-0.045177181864305
0.067072892401165
-1.600247543258008
q2:
0.028619554246016
0.167107518013976
0.224246395026699
0.890272748277455
q3:
0.016764011890248
0.157952607749023
-0.039741290190391
-2.588912053673077
q4:
-0.111821948539984
-0.226790515806494
-0.419937424104207
1.335194203451465
q5:
-0.016845346863476
0.196501060988667
-0.068893302074758
-1.205261537024156
q6:
-0.022909931130479
-0.132288745047014
0.009115141554529
-0.554962621017472
q7:
-0.042616774205955
-0.319501294121601
-0.111396802483557
-0.439331478159385

q1:
0.047465915520377
0.024461739516444
0.060231197658168
-1.580491182759984
q2:
-0.146843214860273
0.195464081761514
0.343993015276873
0.983593525076827
q3:
-0.104369043541848
0.174562571962441
0.070078588081880
-2.584204264748566
q4:
0.204637880676506
-0.337584911305839
-0.606333848950494
1.167734971604867
q5:
-0.133246500546965
0.179810509204477
0.055391221918760
-1.207187774931649
q6:
0.091486311705906
-0.154988152486023
-0.085763877036110
-0.567207350940544
q7:
0.238670032373172
-0.361726454726744
-0.336386075211305
-0.512508521657066

q1:
-0.106284602876918
0.071491481759066
0.091921693982134
-1.556220383013547
q2:
-0.326296660699839
0.049970236983742
0.425052674062468
1.113235029457661
q3:
-0.160979086188797
0.071152595307195
0.151231002785527
-2.545778308868078
q4:
0.603603678474143
-0.134827486830146
-0.762357619361891
0.938029843380695
q5:
-0.132191177538430
0.047788435959837
0.130560387051406
-1.174080503638538
q6:
0.155011379899319
-0.064342525806604
-0.158202279434377
-0.609142649255461
q7:
0.432903841963046
-0.125249606434841
-0.497219790546292
-0.654465227016620

q1:
-0.081158308281614
-0.033816451794117
0.104364636311098
-1.521892142282947
q2:
-0.085350272592785
-0.273328021969122
0.351284238048379
1.247313009255275
q3:
-0.065134258564185
-0.088347223603109
0.145552128251038
-2.493869320876993
q4:
0.210782030467109
0.463229563247201
-0.653896176826313
0.693284058547198
q5:
-0.039925214644575
-0.083188011839049
0.118868959558325
-1.130509836762977
q6:
0.068314980956827
0.089244425196342
-0.149977922392686
-0.662826199659212
q7:
0.150047765503803
0.303676200223676
-0.438290791192250
-0.816748653813407

q1:
0.066843111155127
-0.114228981026656
0.055469631201103
-1.494036009890795
q2:
0.251809620346808
-0.357893994759702
0.142810371982807
1.330442777011515
q3:
0.100793846076048
-0.152882951142649
0.065880973240413
-2.457781044219900
q4:
-0.458557679881732
0.672074677758665
-0.278938938310325
0.535443455470567
q5:
0.083781061803991
-0.122746346132836
0.050854963493017
-1.101763293486613
q6:
-0.102245733755968
0.156931646868700
-0.068673284537692
-0.700163732483326
q7:
-0.307289005579143
0.452345148422848
-0.188599416044671
-0.922973016007777

q1:
0.069784638153885
-0.048000103865928
0.001890187487931
-1.485767912373632
q2:
0.181202600977715
-0.108398300653921
-0.011192110448394
1.347641809091233
q3:
0.083482348865032
-0.053015318787301
-0.002121104017532
-2.449067617380372
q4:
-0.352448507963600
0.217730771151526
0.014937347789200
0.500107372101774
q5:
0.064467022560602
-0.039735164356233
-0.002807848890129
-1.095338148583662
q6:
-0.086540951356291
0.055625468504004
0.001528011404319
-0.709410056059934
q7:
-0.238606454232209
0.147879879651732
0.009637066200499
-0.946990887828385

q1:
0.000000033954133
0.021143270045461
-0.006979826276559
-1.487865399254866
q2:
0.000002913929446
0.071139195341834
-0.023497685229845
1.338649359654792
q3:
0.000015194426915
0.029699894980052
-0.009821495339818
-2.452543501376943
q4:
-0.000002528810944
-0.131479020792945
0.043423736691412
0.516093381562036
q5:
-0.000016888333745
0.024139458537595
-0.007958646865907
-1.098277299473696
q6:
-0.000002641816002
-0.030120241677661
0.009951629561560
-0.705955529117247
q7:
0.000000610507141
-0.088533974730773
0.029237254258178
-0.936273428810935

q1:
-0.069808174025626
0.021143303687582
0.006986171859057
-1.487864351987848
q2:
-0.181186056695212
0.071142082494631
0.023493590855604
1.338648631042055
q3:
-0.083402515705828
0.029714949782503
0.009801461497977
-2.452547083360546
q4:
0.352448792317563
-0.131481526366167
-0.043424314289245
0.516093331731014
q5:
-0.064555016635690
0.024122725393943
0.007980917664996
-1.098273317578046
q6:
0.086514532217768
-0.030122859217516
-0.009944875653009
-0.705954366223447
q7:
0.238626829256439
-0.088533369833697
-0.029242825487168
-0.936274359813460

q1:
-0.066882065717515
-0.048023389819970
-0.001891521452775
-1.485765613568216
q2:
-0.251794954163688
-0.108379021247163
0.011195337029767
1.347640639168458
q3:
-0.100732134109610
-0.052921164427649
0.002137138715174
-2.449073297772727
q4:
0.458567249661241
0.217728547319284
-0.014939487369054
0.500106868447269
q5:
-0.083846421940900
-0.039839082980770
0.002790271997131
-1.095331806549655
q6:
0.102213259720294
0.055596674596088
-0.001531631763114
-0.709407899827356
q7:
0.307318393207648
0.147900672343085
-0.009635570442176
-0.946992858843199

q1:
0.081193213905081
-0.114290863582243
-0.055499093792641
-1.494038095002624
q2:
0.085319789529540
-0.357860183940156
-0.142789611278044
1.330445304055144
q3:
0.064965346247716
-0.152727651899495
-0.065782551433952
-2.457768935420184
q4:
-0.210786838647272
0.672081935767419
0.278938461369309
0.535442347359113
q5:
0.040122707672051
-0.122915024287618
-0.050962570997996
-1.101776446483537
q6:
-0.068271911362863
0.156870677335167
0.068640017982830
-0.700167082631650
q7:
-0.150087472189126
0.452395058694229
0.188624262889606
-0.922971166283332

q1:
0.106340499254661
-0.033843749480615
-0.104423552485292
-1.521909450578192
q2:
0.326266138163004
-0.273324414098186
-0.351251119062596
1.247324982810694
q3:
0.160848140831536
-0.088359284509191
-0.145406399080279
-2.493813851608341
q4:
-0.603611341955701
0.463232057259071
0.653898920687783
0.693283411392192
q5:
0.132339475982344
-0.083161011767149
-0.119023359122029
-1.130569813712252
q6:
-0.154952586880849
0.089226129482126
0.149918476883027
-0.662845635625860
q7:
-0.432950377127255
0.303686768681977
0.438335612363582
-0.816734584227673

q1:
-0.047481152748268
0.071519566807921
-0.091980350113949
-1.556258113471267
q2:
0.146864670065598
0.049943602795209
-0.425027159984822
1.113257235184769
q3:
0.104471860987213
0.071010792325513
-0.151136090282564
-2.545680742526669
q4:
-0.204634703160794
-0.134832585878652
0.762359502857206
0.938030098404755
q5:
0.133120013260867
0.047962371733194
-0.130648423479189
-1.174183186541158
q6:
-0.091505306945552
-0.064302568762518
0.158149988017989
-0.609181595934603
q7:
-0.238639672059346
-0.125285145520319
0.497256364661837
-0.654436877985943

q1:
-0.070292258870850
0.024474727355178
-0.060276288636299
-1.580545771047342
q2:
-0.028607543282513
0.195458705622365
-0.343978073258802
0.983622025060917
q3:
-0.016707538404816
0.174522641617167
-0.070043696693928
-2.584087115242327
q4:
0.111824749187903
-0.337586862037427
0.606333404113032
1.167735406966298
q5:
0.016767246889554
0.179859120007339
-0.055405757828667
-1.207305117755497
q6:
0.022894884180756
-0.154967016130733
0.085731762953246
-0.567259893777946
q7:
0.042634550344068
-0.361731912485064
0.336409109288168
-0.512470876090244

q1:
0.067521852772345
-0.045171602650371
-0.067111851233793
-1.600315876435337
q2:
-0.090437206619755
0.167114042467314
-0.224231073754590
0.890306029444358
q3:
-0.185716040518294
0.157968631943639
0.039768286087505
-2.588785701640747
q4:
0.184953933299760
-0.226789691625846
0.419936607200461
1.335194380007903
q5:
-0.228044341535534
0.196472289493043
0.068885318498214
-1.205381191816228
q6:
0.179865841580053
-0.132282517372179
-0.009138218111769
-0.555024006732724
q7:
0.341733048182978
-0.319489139090105
0.111422048470642
-0.439286180053652

q1:
0.130447837458471
0.021729779042444
-0.074853988652411
-1.624975674441718
q2:
-0.053340290567298
0.077507880448931
-0.143439725159010
0.831219679279027
q3:
-0.179916215179105
-0.026040828742862
0.083340117306788
-2.565110934306773
q4:
0.089013543161028
-0.043535335010466
0.330656287592470
1.455812122214940
q5:
-0.252382493707490
-0.029476509444594
0.124039059908809
-1.169414907668902
q6:
0.141045304008051
0.045930502960920
-0.037657721249757
-0.565991527216565
q7:
0.315381859415520
0.019103659460916
0.012213654928246
-0.425025111153582

q1:
-0.006961865674463
0.150978906643187
-0.017813444352995
-1.642628039294799
q2:
0.046719356441091
0.024657743903063
-0.109697456791946
0.790378638371827
q3:
0.052651889539533
-0.204303759782482
0.007264147799229
-2.546908212667309
q4:
-0.080464161761537
0.044660245862055
0.331027812203454
1.563476042554168
q5:
0.061971495169235
-0.279539812669365
0.021980155686308
-1.140755918456972
q6:
-0.091448055824508
0.185679714986193
0.038836248028991
-0.568337515643531
q7:
-0.103536667310698
0.331587415303426
0.128036490972036
-0.407545758388047

q1:
-0.145332265040170
0.144081014869517
0.079636075670930
-1.632293548825575
q2:
0.084973503972235
0.070947787339019
-0.078121792149291
0.758521540274543
q3:
0.192749394096150
-0.152135698417096
-0.110457208395333
-2.564897414565113
q4:
-0.128889947382250
-0.035064515494105
0.334196996665517
1.674777406846807
q5:
0.282933741736178
-0.218137785293577
-0.142387959100370
-1.161755750355156
q6:
-0.174105950299076
0.095071992647641
0.131560190388056
-0.538551851752357
q7:
-0.366575145320339
0.229002166016665
0.313182563505318
-0.332820016847535

q1:
-0.186708710505859
0.000084235508096
0.127249571876725
-1.595511635176466
q2:
0.073502737976934
0.155140453707184
-0.003451567674032
0.743520311531903
q3:
0.198097814404148
0.038842485030601
-0.147874588600277
-2.611029004856072
q4:
-0.108311570746948
-0.162770068765274
0.268858115053366
1.776684648212624
q5:
0.313177375102460
0.062196024761779
-0.193890886497629
-1.222383599279858
q6:
-0.155487319807948
-0.077434065135172
0.137385473474607
-0.491003357599008
q7:
-0.402536883182721
-0.134204450941267
0.344491430484274
-0.217611930421057

q1:
-0.002702323950902
-0.184908773333653
0.066207521816501
-1.560201946711785
q2:
-0.020866818537514
0.227967761118924
0.123077685979346
0.761950805091629
q3:
-0.026054273187901
0.235119941140223
-0.057392944064941
-2.648494160095258
q4:
0.009950300685781
-0.270086343997249
0.125898510622069
1.843823819124849
q5:
-0.039784672023956
0.372495553714646
-0.050325181390011
-1.268353418001970
q6:
0.000073779932275
-0.231492582544883
0.035356186051627
-0.459676896225045
q7:
0.038326069783144
-0.533042346548792
0.124119650340262
-0.132977006259571

q1:
0.199395598923115
-0.187586265118520
-0.056816515207432
-1.558602485456742
q2:
-0.142756708835693
0.207292691724728
0.266831273377977
0.826714341210935
q3:
-0.248633891506447
0.209305085597833
0.089387429630707
-2.642741438986725
q4:
0.154554246136460
-0.260227478506959
-0.049248378864454
1.856302217360687
q5:
-0.379253845118780
0.333076470568749
0.182704281765206
-1.245776348614758
q6:
0.209459258301911
-0.231419480590364
-0.117529906151418
-0.473247993572946
q7:
0.487942128524509
-0.495068462271764
-0.215434784356686
-0.148746698670507

q1:
0.137893272488687
0.009977049922597
-0.115475558712679
-1.590645610443411
q2:
-0.105367153959421
0.065847801294554
0.357041457829209
0.932309080587628
q3:
-0.160379254432954
-0.037044062040715
0.146280124437949
-2.599345881676276
q4:
0.105608237292396
-0.107093460578241
-0.170563564692052
1.817219605434491
q5:
-0.230600818587059
-0.042692339216504
0.278609527309108
-1.162765850436074
q6:
0.209658544427826
-0.023884983040419
-0.201849380355962
-0.529761658811353
q7:
0.312056726483450
-0.011610126279648
-0.382775658737719
-0.256321408799856

q1:
-0.012995395630798
0.146603195042467
-0.063761758889083
-1.622727817162463
q2:
0.075741106600804
-0.038551113952806
0.366056742135051
1.053615944888959
q3:
0.029561591381290
-0.195949561162661
0.069329257531322
-2.560852336287204
q4:
-0.102452776340485
-0.002455677358263
-0.206744388086215
1.753010517772539
q5:
0.045348862657866
-0.271174123254381
0.174948765920077
-1.083713700528423
q6:
0.041439314963943
0.183846969357526
-0.149018691902043
-0.591478818618104
q7:
-0.077044358749714
0.297579051906383
-0.288328624382079
-0.372765284741562

q1:
-0.088392213947941
0.133727216560709
0.028823041916074
-1.628263344945689
q2:
0.068731168424003
0.036493993290044
0.365377336337782
1.173037109599175
q3:
0.124164337727471
-0.166659616837307
-0.050429773689208
-2.558263851097172
q4:
-0.095732812457969
-0.103966995753997
-0.241892633097886
1.680770232221454
q5:
0.157031870577656
-0.226241979874993
0.010667015102754
-1.053878868215838
q6:
-0.120109580081092
0.224905490616395
-0.014019906472819
-0.619148652912429
q7:
-0.207846518067346
0.221242668345180
-0.116977234612510
-0.438307746786663

q1:
-0.125580741801116
0.046147255389588
0.088230232381819
-1.607341555586437
q2:
-0.385904613244238
0.104593578004204
0.411974366640909
1.300167155244209
q3:
0.153336093894365
-0.043636248699766
-0.119884246036856
-2.588625212840952
q4:
0.420282182173085
-0.198820101286675
-0.341894209471857
1.586090918060971
q5:
0.159322046334165
-0.070653104864811
-0.087388604776174
-1.069376863885169
q6:
-0.201754954330447
0.105899620190104
0.095235186880029
-0.603573660597928
q7:
-0.027213944190712
0.015306091254672
-0.038852211847371
-0.460296789665736

q1:
-0.079181917488221
-0.078279501216597
0.077617906868143
-1.577692154378424
q2:
-0.523494980037894
-0.277764884739948
0.354781032362239
1.433736589841712
q3:
0.082510325567564
0.108290810818271
-0.098530766331771
-2.627455200154268
q4:
0.586605679915936
0.217600028401572
-0.335691757867964
1.466627257297248
q5:
0.074318577708877
0.087204901043580
-0.081922038578754
-1.100205817660307
q6:
-0.113291883815869
-0.094001369695143
0.099164825286743
-0.567837239916016
q7:
0.138578297481025
-0.011657778854287
-0.037647282724865
-0.472439347840376

coefs_qdot:
qdot1:
0.237602579747664
-0.313561874991765
-0.000000000000000
qdot2:
1.570412865149084
-1.592771389986922
0.000000000000000
qdot3:
-0.247376198502216
0.380069943995485
-0.000000000000000
qdot4:
-1.759963345443565
1.597727861119760
0.000000000000000
qdot5:
-0.223182469012761
0.321869131623802
-0.000000000000000
qdot6:
0.339854493225566
-0.412525527622868
0.000000000000000
qdot7:
-0.415993373884142
0.251529563186891
0.000000000000000

qdot1:
0.376681216358873
-0.156615738531418
-0.077642843746665
qdot2:
1.157598142474593
-0.555450027169538
-0.354746834022320
qdot3:
-0.459845827812107
0.216667936119969
0.098542390473119
qdot4:
-1.260913966662342
0.435200721588941
0.335707936225677
qdot5:
-0.478240522938320
0.174448062902942
0.081959406988064
qdot6:
0.605196037313249
-0.188037856962524
-0.099174115670722
qdot7:
0.081503330548577
-0.023250924859820
0.037696823788605

qdot1:
0.265380113905875
0.092197475733738
-0.088280562278931
qdot2:
-0.206431029911126
0.209190475589348
-0.411926451864345
qdot3:
-0.372903773410328
-0.087078875548349
0.119942097502648
qdot4:
0.287242525022196
-0.397684071525311
0.341903253303752
qdot5:
-0.470619469961473
-0.141449190627124
0.087408680220639
qdot6:
0.360577232042614
0.211718660657359
-0.095263582952467
qdot7:
0.623273356805137
0.030585329156591
0.038907991633288

qdot1:
0.039648208653360
0.267491799621833
-0.028883225186430
qdot2:
-0.227497581517571
0.072834411507513
-0.365354234022134
qdot3:
-0.089627686412742
-0.333396935606412
0.050506767606552
qdot4:
0.307390016535120
-0.207948738780922
0.241891997331561
qdot5:
-0.135124422798654
-0.452312429704375
-0.010642225190859
qdot6:
-0.123733109571087
0.449894540417396
0.013992002414201
qdot7:
0.230669843906361
0.442282649165169
0.116995109134529

qdot1:
-0.413521983387939
0.293681048797187
0.063786128971413
qdot2:
0.316288864018013
-0.077436963959767
-0.366114277143304
qdot3:
0.481044328163795
-0.392599656036882
-0.069380777662110
qdot4:
-0.316827049073878
-0.004905171102050
0.206742338158995
qdot5:
0.691518893909064
-0.541567588980025
-0.174766736384416
qdot6:
-0.628984404786924
0.368163805338549
0.149082177889033
qdot7:
-0.935923809155403
0.594649432545477
0.288229028573772

qdot1:
-0.599022055794333
0.020533014364725
0.115673910753014
qdot2:
0.428798311279497
0.131484653245642
-0.357189104669339
qdot3:
0.747092554732882
-0.074850375487611
-0.146573201786829
qdot4:
-0.463670734069722
-0.214182281355171
0.170563302091060
qdot5:
1.136339594719545
-0.084791325003340
-0.278200600288155
qdot6:
-0.629215902681079
-0.047305893390971
0.202067092537673
qdot7:
-1.462943324084308
-0.023566186258788
0.382534937622735

qdot1:
0.007648224185742
-0.375145338165366
0.057114956741612
qdot2:
0.062666394453092
0.414723321561070
-0.266990976937745
qdot3:
0.078679553808798
0.418634544449456
-0.089802356587995
qdot4:
-0.029851800946415
-0.520455598670412
0.049248776497647
qdot5:
0.119115088318734
0.665807045130320
-0.182254490829349
qdot6:
-0.000546375306189
-0.462928505864631
0.117809466066005
qdot7:
-0.114859515064592
-0.989899560329603
0.215176134605032

qdot1:
0.560125232283105
-0.370093376027540
-0.065950139034567
qdot2:
-0.220666281541311
0.456117015626841
-0.123184640175094
qdot3:
-0.594379230908247
0.470605579451807
0.057042431440023
qdot4:
0.324936747294717
-0.540173923403665
-0.125898422958367
qdot5:
-0.939104295962389
0.744487389954909
0.050634671288777
qdot6:
0.466590608216077
-0.463289408904719
-0.035141654454013
qdot7:
1.207327882668227
-1.065768926496591
-0.124286958760047

qdot1:
0.436089326177138
-0.000107952324866
-0.127083385419247
qdot2:
-0.254938442770098
0.310357990738474
0.003387313578744
qdot3:
-0.578310152064020
0.077994000981607
0.147635497289972
qdot4:
0.386670691945894
-0.325540028704130
-0.268858213428059
qdot5:
-0.848721456293117
0.124170930675975
0.194080680452416
qdot6:
0.522434530525193
-0.155087396342535
-0.137257391752950
qdot7:
1.099681496038987
-0.268279914269262
-0.344585294356784

qdot1:
0.020942343183375
0.287946726912138
-0.079551090480647
qdot2:
-0.140107639754230
0.141960813946552
0.078081040514568
qdot3:
-0.157938366343894
-0.304003299462839
0.110313421243477
qdot4:
0.241390943217063
-0.070128360835007
-0.334196966403305
qdot5:
-0.186036293322359
-0.436443998832229
0.142513425143370
qdot6:
0.274360258749108
0.190001790847616
-0.131491798498192
qdot7:
0.310680750639646
0.458104295546753
-0.313238619502583

qdot1:
-0.391201826280549
0.301779993598670
0.017833511203704
qdot2:
0.159940003967388
0.049414037849435
0.109683752527365
qdot3:
0.539506455926000
-0.408327993339723
-0.007317503054458
qdot4:
-0.267042717280558
0.089320143279181
-0.331027728815902
qdot5:
0.757373288999306
-0.559328512583537
-0.021923603093123
qdot6:
-0.423039770121518
0.371227864464592
-0.038813063526366
qdot7:
-0.946274337176828
0.663321526509803
-0.128051814833245

qdot1:
-0.202454933993979
0.043375327806872
0.074830781846619
qdot2:
0.271223536646574
0.155060894524108
0.143449748116617
qdot3:
0.556918614736753
-0.051962107317256
-0.083327571027813
qdot4:
-0.554861680060293
-0.087072397540732
-0.330656547019634
qdot5:
0.684371125024941
-0.059052750876973
-0.124040076599709
qdot6:
-0.539513344390313
0.091792946038381
0.037647940586421
qdot7:
-1.025329273537641
0.038268964331385
-0.012194574318661

qdot1:
0.210854344606198
-0.090354363728609
0.067072892401165
qdot2:
0.085858662738048
0.334215036027951
0.224246395026699
qdot3:
0.050292035670743
0.315905215498045
-0.039741290190391
qdot4:
-0.335465845619953
-0.453581031612987
-0.419937424104207
qdot5:
-0.050536040590429
0.393002121977335
-0.068893302074758
qdot6:
-0.068729793391437
-0.264577490094027
0.009115141554529
qdot7:
-0.127850322617865
-0.639002588243202
-0.111396802483557

qdot1:
0.142397746561132
0.048923479032888
0.060231197658168
qdot2:
-0.440529644580820
0.390928163523029
0.343993015276873
qdot3:
-0.313107130625543
0.349125143924881
0.070078588081880
qdot4:
0.613913642029517
-0.675169822611678
-0.606333848950494
qdot5:
-0.399739501640896
0.359621018408955
0.055391221918760
qdot6:
0.274458935117719
-0.309976304972047
-0.085763877036110
qdot7:
0.716010097119517
-0.723452909453488
-0.336386075211305

qdot1:
-0.318853808630754
0.142982963518132
0.091921693982134
qdot2:
-0.978889982099517
0.099940473967485
0.425052674062468
qdot3:
-0.482937258566391
0.142305190614389
0.151231002785527
qdot4:
1.810811035422428
-0.269654973660293
-0.762357619361891
qdot5:
-0.396573532615289
0.095576871919674
0.130560387051406
qdot6:
0.465034139697958
-0.128685051613209
-0.158202279434377
qdot7:
1.298711525889138
-0.250499212869682
-0.497219790546292

qdot1:
-0.243474924844842
-0.067632903588234
0.104364636311098
qdot2:
-0.256050817778354
-0.546656043938244
0.351284238048379
qdot3:
-0.195402775692554
-0.176694447206219
0.145552128251038
qdot4:
0.632346091401327
0.926459126494402
-0.653896176826313
qdot5:
-0.119775643933725
-0.166376023678099
0.118868959558325
qdot6:
0.204944942870482
0.178488850392683
-0.149977922392686
qdot7:
0.450143296511408
0.607352400447352
-0.438290791192250

qdot1:
0.200529333465381
-0.228457962053312
0.055469631201103
qdot2:
0.755428861040424
-0.715787989519404
0.142810371982807
qdot3:
0.302381538228145
-0.305765902285299
0.065880973240413
qdot4:
-1.375673039645195
1.344149355517329
-0.278938938310325
qdot5:
0.251343185411974
-0.245492692265672
0.050854963493017
qdot6:
-0.306737201267905
0.313863293737400
-0.068673284537692
qdot7:
-0.921867016737428
0.904690296845695
-0.188599416044671

qdot1:
0.209353914461654
-0.096000207731856
0.001890187487931
qdot2:
0.543607802933145
-0.216796601307842
-0.011192110448394
qdot3:
0.250447046595097
-0.106030637574602
-0.002121104017532
qdot4:
-1.057345523890802
0.435461542303052
0.014937347789200
qdot5:
0.193401067681806
-0.079470328712467
-0.002807848890129
qdot6:
-0.259622854068874
0.111250937008007
0.001528011404319
qdot7:
-0.715819362696628
0.295759759303464
0.009637066200499

qdot1:
0.000000101862398
0.042286540090921
-0.006979826276559
qdot2:
0.000008741788337
0.142278390683669
-0.023497685229845
qdot3:
0.000045583280744
0.059399789960104
-0.009821495339818
qdot4:
-0.000007586432832
-0.262958041585890
0.043423736691412
qdot5:
-0.000050665001236
0.048278917075190
-0.007958646865907
qdot6:
-0.000007925448006
-0.060240483355323
0.009951629561560
qdot7:
0.000001831521423
-0.177067949461546
0.029237254258178

qdot1:
-0.209424522076879
0.042286607375164
0.006986171859057
qdot2:
-0.543558170085636
0.142284164989262
0.023493590855604
qdot3:
-0.250207547117485
0.059429899565006
0.009801461497977
qdot4:
1.057346376952688
-0.262963052732334
-0.043424314289245
qdot5:
-0.193665049907071
0.048245450787887
0.007980917664996
qdot6:
0.259543596653305
-0.060245718435032
-0.009944875653009
qdot7:
0.715880487769318
-0.177066739667395
-0.029242825487168

qdot1:
-0.200646197152546
-0.096046779639940
-0.001891521452775
qdot2:
-0.755384862491064
-0.216758042494327
0.011195337029767
qdot3:
-0.302196402328830
-0.105842328855299
0.002137138715174
qdot4:
1.375701748983723
0.435457094638569
-0.014939487369054
qdot5:
-0.251539265822701
-0.079678165961539
0.002790271997131
qdot6:
0.306639779160881
0.111193349192176
-0.001531631763114
qdot7:
0.921955179622945
0.295801344686170
-0.009635570442176

qdot1:
0.243579641715243
-0.228581727164486
-0.055499093792641
qdot2:
0.255959368588621
-0.715720367880312
-0.142789611278044
qdot3:
0.194896038743149
-0.305455303798989
-0.065782551433952
qdot4:
-0.632360515941815
1.344163871534838
0.278938461369309
qdot5:
0.120368123016152
-0.245830048575236
-0.050962570997996
qdot6:
-0.204815734088590
0.313741354670335
0.068640017982830
qdot7:
-0.450262416567379
0.904790117388457
0.188624262889606

qdot1:
0.319021497763983
-0.067687498961230
-0.104423552485292
qdot2:
0.978798414489013
-0.546648828196371
-0.351251119062596
qdot3:
0.482544422494608
-0.176718569018381
-0.145406399080279
qdot4:
-1.810834025867104
0.926464114518141
0.653898920687783
qdot5:
0.397018427947032
-0.166322023534297
-0.119023359122029
qdot6:
-0.464857760642546
0.178452258964252
0.149918476883027
qdot7:
-1.298851131381765
0.607373537363955
0.438335612363582

qdot1:
-0.142443458244803
0.143039133615842
-0.091980350113949
qdot2:
0.440594010196795
0.099887205590417
-0.425027159984822
qdot3:
0.313415582961639
0.142021584651027
-0.151136090282564
qdot4:
-0.613904109482382
-0.269665171757304
0.762359502857206
qdot5:
0.399360039782602
0.095924743466388
-0.130648423479189
qdot6:
-0.274515920836657
-0.128605137525037
0.158149988017989
qdot7:
-0.715919016178038
-0.250570291040639
0.497256364661837

qdot1:
-0.210876776612549
0.048949454710356
-0.060276288636299
qdot2:
-0.085822629847538
0.390917411244731
-0.343978073258802
qdot3:
-0.050122615214449
0.349045283234335
-0.070043696693928
qdot4:
0.335474247563708
-0.675173724074854
0.606333404113032
qdot5:
0.050301740668661
0.359718240014678
-0.055405757828667
qdot6:
0.068684652542267
-0.309934032261465
0.085731762953246
qdot7:
0.127903651032204
-0.723463824970129
0.336409109288168

qdot1:
0.202565558317036
-0.090343205300742
-0.067111851233793
qdot2:
-0.271311619859264
0.334228084934628
-0.224231073754590
qdot3:
-0.557148121554881
0.315937263887278
0.039768286087505
qdot4:
0.554861799899279
-0.453579383251693
0.419936607200461
qdot5:
-0.684133024606603
0.392944578986085
0.068885318498214
qdot6:
0.539597524740159
-0.264565034744357
-0.009138218111769
qdot7:
1.025199144548933
-0.638978278180209
0.111422048470642

qdot1:
0.391343512375414
0.043459558084887
-0.074853988652411
qdot2:
-0.160020871701895
0.155015760897862
-0.143439725159010
qdot3:
-0.539748645537315
-0.052081657485724
0.083340117306788
qdot4:
0.267040629483084
-0.087070670020931
0.330656287592470
qdot5:
-0.757147481122471
-0.058953018889188
0.124039059908809
qdot6:
0.423135912024153
0.091861005921840
-0.037657721249757
qdot7:
0.946145578246561
0.038207318921832
0.012213654928246

qdot1:
-0.020885597023388
0.301957813286374
-0.017813444352995
qdot2:
0.140158069323274
0.049315487806125
-0.109697456791946
qdot3:
0.157955668618600
-0.408607519564963
0.007264147799229
qdot4:
-0.241392485284612
0.089320491724110
0.331027812203454
qdot5:
0.185914485507704
-0.559079625338729
0.021980155686308
qdot6:
-0.274344167473523
0.371359429972385
0.038836248028991
qdot7:
-0.310610001932095
0.663174830606852
0.128036490972036

qdot1:
-0.435996795120509
0.288162029739034
0.079636075670930
qdot2:
0.254920511916704
0.141895574678038
-0.078121792149291
qdot3:
0.578248182288449
-0.304271396834192
-0.110457208395333
qdot4:
-0.386669842146749
-0.070129030988211
0.334196996665517
qdot5:
0.848801225208535
-0.436275570587155
-0.142387959100370
qdot6:
-0.522317850897229
0.190143985295281
0.131560190388056
qdot7:
-1.099725435961016
0.458004332033330
0.313182563505318

qdot1:
-0.560126131517577
0.000168471016192
0.127249571876725
qdot2:
0.220508213930803
0.310280907414368
-0.003451567674032
qdot3:
0.594293443212444
0.077684970061202
-0.147874588600277
qdot4:
-0.324934712240845
-0.325540137530548
0.268858115053366
qdot5:
0.939532125307381
0.124392049523558
-0.193890886497629
qdot6:
-0.466461959423843
-0.154868130270344
0.137385473474607
qdot7:
-1.207610649548163
-0.268408901882534
0.344491430484274

qdot1:
-0.008106971852705
-0.369817546667306
0.066207521816501
qdot2:
-0.062600455612542
0.455935522237848
0.123077685979346
qdot3:
-0.078162819563702
0.470239882280445
-0.057392944064941
qdot4:
0.029850902057343
-0.540172687994498
0.125898510622069
qdot5:
-0.119354016071867
0.744991107429292
-0.050325181390011
qdot6:
0.000221339796825
-0.462985165089766
0.035356186051627
qdot7:
0.114978209349431
-1.066084693097584
0.124119650340262

qdot1:
0.598186796769343
-0.375172530237039
-0.056816515207432
qdot2:
-0.428270126507078
0.414585383449456
0.266831273377977
qdot3:
-0.745901674519340
0.418610171195665
0.089387429630707
qdot4:
0.463662738409381
-0.520454957013918
-0.049248378864454
qdot5:
-1.137761535356341
0.666152941137497
0.182704281765206
qdot6:
0.628377774905733
-0.462838961180729
-0.117529906151418
qdot7:
1.463826385573526
-0.990136924543528
-0.215434784356686

qdot1:
0.413679817466062
0.019954099845194
-0.115475558712679
qdot2:
-0.316101461878263
0.131695602589108
0.357041457829209
qdot3:
-0.481137763298863
-0.074088124081429
0.146280124437949
qdot4:
0.316824711877189
-0.214186921156482
-0.170563564692052
qdot5:
-0.691802455761177
-0.085384678433008
0.278609527309108
qdot6:
0.628975633283477
-0.047769966080838
-0.201849380355962
qdot7:
0.936170179450351
-0.023220252559295
-0.382775658737719

qdot1:
-0.038986186892395
0.293206390084934
-0.063761758889083
qdot2:
0.227223319802411
-0.077102227905612
0.366056742135051
qdot3:
0.088684774143870
-0.391899122325322
0.069329257531322
qdot4:
-0.307358329021454
-0.004911354716525
-0.206744388086215
qdot5:
0.136046587973598
-0.542348246508763
0.174948765920077
qdot6:
0.124317944891828
0.367693938715052
-0.149018691902043
qdot7:
-0.231133076249142
0.595158103812765
-0.288328624382079

qdot1:
-0.265176641843822
0.267454433121417
0.028823041916074
qdot2:
0.206193505272010
0.072987986580087
0.365377336337782
qdot3:
0.372493013182414
-0.333319233674614
-0.050429773689208
qdot4:
-0.287198437373908
-0.207933991507993
-0.241892633097886
qdot5:
0.471095611732967
-0.452483959749987
0.010667015102754
qdot6:
-0.360328740243276
0.449810981232789
-0.014019906472819
qdot7:
-0.623539554202037
0.442485336690360
-0.116977234612510

qdot1:
-0.376742225403347
0.092294510779176
0.088230232381819
qdot2:
-1.157713839732715
0.209187156008408
0.411974366640909
qdot3:
0.460008281683096
-0.087272497399532
-0.119884246036856
qdot4:
1.260846546519254
-0.397640202573350
-0.341894209471857
qdot5:
0.477966139002496
-0.141306209729621
-0.087388604776174
qdot6:
-0.605264862991340
0.211799240380207
0.095235186880029
qdot7:
-0.081641832572138
0.030612182509345
-0.038852211847371

qdot1:
-0.237545752464663
-0.156559002433194
0.077617906868143
qdot2:
-1.570484940113681
-0.555529769479897
0.354781032362239
qdot3:
0.247530976702692
0.216581621636543
-0.098530766331771
qdot4:
1.759817039747809
0.435200056803144
-0.335691757867964
qdot5:
0.222955733126631
0.174409802087160
-0.081922038578754
qdot6:
-0.339875651447607
-0.188002739390285
0.099164825286743
qdot7:
0.415734892443075
-0.023315557708575
-0.037647282724865

coefs_qdotdot:
qdotdot1:
0.475205159495328
-0.313561874991765
qdotdot2:
3.140825730298168
-1.592771389986922
qdotdot3:
-0.494752397004432
0.380069943995485
qdotdot4:
-3.519926690887130
1.597727861119760
qdotdot5:
-0.446364938025522
0.321869131623802
qdotdot6:
0.679708986451132
-0.412525527622868
qdotdot7:
-0.831986747768284
0.251529563186891

qdotdot1:
0.753362432717747
-0.156615738531418
qdotdot2:
2.315196284949187
-0.555450027169538
qdotdot3:
-0.919691655624214
0.216667936119969
qdotdot4:
-2.521827933324684
0.435200721588941
qdotdot5:
-0.956481045876641
0.174448062902942
qdotdot6:
1.210392074626499
-0.188037856962524
qdotdot7:
0.163006661097154
-0.023250924859820

qdotdot1:
0.530760227811750
0.092197475733738
qdotdot2:
-0.412862059822252
0.209190475589348
qdotdot3:
-0.745807546820656
-0.087078875548349
qdotdot4:
0.574485050044391
-0.397684071525311
qdotdot5:
-0.941238939922947
-0.141449190627124
qdotdot6:
0.721154464085227
0.211718660657359
qdotdot7:
1.246546713610273
0.030585329156591

qdotdot1:
0.079296417306720
0.267491799621833
qdotdot2:
-0.454995163035143
0.072834411507513
qdotdot3:
-0.179255372825483
-0.333396935606412
qdotdot4:
0.614780033070240
-0.207948738780922
qdotdot5:
-0.270248845597308
-0.452312429704375
qdotdot6:
-0.247466219142175
0.449894540417396
qdotdot7:
0.461339687812722
0.442282649165169

qdotdot1:
-0.827043966775878
0.293681048797187
qdotdot2:
0.632577728036026
-0.077436963959767
qdotdot3:
0.962088656327591
-0.392599656036882
qdotdot4:
-0.633654098147756
-0.004905171102050
qdotdot5:
1.383037787818128
-0.541567588980025
qdotdot6:
-1.257968809573847
0.368163805338549
qdotdot7:
-1.871847618310806
0.594649432545477

qdotdot1:
-1.198044111588665
0.020533014364725
qdotdot2:
0.857596622558994
0.131484653245642
qdotdot3:
1.494185109465765
-0.074850375487611
qdotdot4:
-0.927341468139444
-0.214182281355171
qdotdot5:
2.272679189439089
-0.084791325003340
qdotdot6:
-1.258431805362158
-0.047305893390971
qdotdot7:
-2.925886648168616
-0.023566186258788

qdotdot1:
0.015296448371484
-0.375145338165366
qdotdot2:
0.125332788906185
0.414723321561070
qdotdot3:
0.157359107617595
0.418634544449456
qdotdot4:
-0.059703601892829
-0.520455598670412
qdotdot5:
0.238230176637467
0.665807045130320
qdotdot6:
-0.001092750612377
-0.462928505864631
qdotdot7:
-0.229719030129183
-0.989899560329603

qdotdot1:
1.120250464566210
-0.370093376027540
qdotdot2:
-0.441332563082621
0.456117015626841
qdotdot3:
-1.188758461816493
0.470605579451807
qdotdot4:
0.649873494589433
-0.540173923403665
qdotdot5:
-1.878208591924777
0.744487389954909
qdotdot6:
0.933181216432154
-0.463289408904719
qdotdot7:
2.414655765336454
-1.065768926496591

qdotdot1:
0.872178652354276
-0.000107952324866
qdotdot2:
-0.509876885540196
0.310357990738474
qdotdot3:
-1.156620304128041
0.077994000981607
qdotdot4:
0.773341383891787
-0.325540028704130
qdotdot5:
-1.697442912586234
0.124170930675975
qdotdot6:
1.044869061050386
-0.155087396342535
qdotdot7:
2.199362992077973
-0.268279914269262

qdotdot1:
0.041884686366751
0.287946726912138
qdotdot2:
-0.280215279508460
0.141960813946552
qdotdot3:
-0.315876732687788
-0.304003299462839
qdotdot4:
0.482781886434126
-0.070128360835007
qdotdot5:
-0.372072586644717
-0.436443998832229
qdotdot6:
0.548720517498215
0.190001790847616
qdotdot7:
0.621361501279291
0.458104295546753

qdotdot1:
-0.782403652561098
0.301779993598670
qdotdot2:
0.319880007934776
0.049414037849435
qdotdot3:
1.079012911852000
-0.408327993339723
qdotdot4:
-0.534085434561117
0.089320143279181
qdotdot5:
1.514746577998611
-0.559328512583537
qdotdot6:
-0.846079540243037
0.371227864464592
qdotdot7:
-1.892548674353656
0.663321526509803

qdotdot1:
-0.404909867987958
0.043375327806872
qdotdot2:
0.542447073293148
0.155060894524108
qdotdot3:
1.113837229473507
-0.051962107317256
qdotdot4:
-1.109723360120586
-0.087072397540732
qdotdot5:
1.368742250049882
-0.059052750876973
qdotdot6:
-1.079026688780625
0.091792946038381
qdotdot7:
-2.050658547075283
0.038268964331385

qdotdot1:
0.421708689212396
-0.090354363728609
qdotdot2:
0.171717325476095
0.334215036027951
qdotdot3:
0.100584071341485
0.315905215498045
qdotdot4:
-0.670931691239906
-0.453581031612987
qdotdot5:
-0.101072081180857
0.393002121977335
qdotdot6:
-0.137459586782875
-0.264577490094027
qdotdot7:
-0.255700645235731
-0.639002588243202

qdotdot1:
0.284795493122263
0.048923479032888
qdotdot2:
-0.881059289161640
0.390928163523029
qdotdot3:
-0.626214261251086
0.349125143924881
qdotdot4:
1.227827284059034
-0.675169822611678
qdotdot5:
-0.799479003281792
0.359621018408955
qdotdot6:
0.548917870235439
-0.309976304972047
qdotdot7:
1.432020194239034
-0.723452909453488

qdotdot1:
-0.637707617261508
0.142982963518132
qdotdot2:
-1.957779964199033
0.099940473967485
qdotdot3:
-0.965874517132783
0.142305190614389
qdotdot4:
3.621622070844856
-0.269654973660293
qdotdot5:
-0.793147065230579
0.095576871919674
qdotdot6:
0.930068279395917
-0.128685051613209
qdotdot7:
2.597423051778276
-0.250499212869682

qdotdot1:
-0.486949849689685
-0.067632903588234
qdotdot2:
-0.512101635556709
-0.546656043938244
qdotdot3:
-0.390805551385108
-0.176694447206219
qdotdot4:
1.264692182802655
0.926459126494402
qdotdot5:
-0.239551287867449
-0.166376023678099
qdotdot6:
0.409889885740963
0.178488850392683
qdotdot7:
0.900286593022816
0.607352400447352

qdotdot1:
0.401058666930762
-0.228457962053312
qdotdot2:
1.510857722080848
-0.715787989519404
qdotdot3:
0.604763076456291
-0.305765902285299
qdotdot4:
-2.751346079290391
1.344149355517329
qdotdot5:
0.502686370823948
-0.245492692265672
qdotdot6:
-0.613474402535810
0.313863293737400
qdotdot7:
-1.843734033474857
0.904690296845695

qdotdot1:
0.418707828923308
-0.096000207731856
qdotdot2:
1.087215605866291
-0.216796601307842
qdotdot3:
0.500894093190193
-0.106030637574602
qdotdot4:
-2.114691047781603
0.435461542303052
qdotdot5:
0.386802135363613
-0.079470328712467
qdotdot6:
-0.519245708137748
0.111250937008007
qdotdot7:
-1.431638725393257
0.295759759303464

qdotdot1:
0.000000203724796
0.042286540090921
qdotdot2:
0.000017483576674
0.142278390683669
qdotdot3:
0.000091166561489
0.059399789960104
qdotdot4:
-0.000015172865664
-0.262958041585890
qdotdot5:
-0.000101330002472
0.048278917075190
qdotdot6:
-0.000015850896012
-0.060240483355323
qdotdot7:
0.000003663042846
-0.177067949461546

qdotdot1:
-0.418849044153758
0.042286607375164
qdotdot2:
-1.087116340171273
0.142284164989262
qdotdot3:
-0.500415094234971
0.059429899565006
qdotdot4:
2.114692753905377
-0.262963052732334
qdotdot5:
-0.387330099814143
0.048245450787887
qdotdot6:
0.519087193306611
-0.060245718435032
qdotdot7:
1.431760975538635
-0.177066739667395

qdotdot1:
-0.401292394305092
-0.096046779639940
qdotdot2:
-1.510769724982127
-0.216758042494327
qdotdot3:
-0.604392804657660
-0.105842328855299
qdotdot4:
2.751403497967445
0.435457094638569
qdotdot5:
-0.503078531645402
-0.079678165961539
qdotdot6:
0.613279558321762
0.111193349192176
qdotdot7:
1.843910359245891
0.295801344686170

qdotdot1:
0.487159283430486
-0.228581727164486
qdotdot2:
0.511918737177242
-0.715720367880312
qdotdot3:
0.389792077486298
-0.305455303798989
qdotdot4:
-1.264721031883630
1.344163871534838
qdotdot5:
0.240736246032305
-0.245830048575236
qdotdot6:
-0.409631468177179
0.313741354670335
qdotdot7:
-0.900524833134758
0.904790117388457

qdotdot1:
0.638042995527966
-0.067687498961230
qdotdot2:
1.957596828978025
-0.546648828196371
qdotdot3:
0.965088844989216
-0.176718569018381
qdotdot4:
-3.621668051734208
0.926464114518141
qdotdot5:
0.794036855894065
-0.166322023534297
qdotdot6:
-0.929715521285091
0.178452258964252
qdotdot7:
-2.597702262763531
0.607373537363955

qdotdot1:
-0.284886916489606
0.143039133615842
qdotdot2:
0.881188020393590
0.099887205590417
qdotdot3:
0.626831165923278
0.142021584651027
qdotdot4:
-1.227808218964765
-0.269665171757304
qdotdot5:
0.798720079565204
0.095924743466388
qdotdot6:
-0.549031841673314
-0.128605137525037
qdotdot7:
-1.431838032356076
-0.250570291040639

qdotdot1:
-0.421753553225097
0.048949454710356
qdotdot2:
-0.171645259695076
0.390917411244731
qdotdot3:
-0.100245230428897
0.349045283234335
qdotdot4:
0.670948495127417
-0.675173724074854
qdotdot5:
0.100603481337322
0.359718240014678
qdotdot6:
0.137369305084534
-0.309934032261465
qdotdot7:
0.255807302064408
-0.723463824970129

qdotdot1:
0.405131116634073
-0.090343205300742
qdotdot2:
-0.542623239718529
0.334228084934628
qdotdot3:
-1.114296243109761
0.315937263887278
qdotdot4:
1.109723599798557
-0.453579383251693
qdotdot5:
-1.368266049213206
0.392944578986085
qdotdot6:
1.079195049480318
-0.264565034744357
qdotdot7:
2.050398289097865
-0.638978278180209

qdotdot1:
0.782687024750828
0.043459558084887
qdotdot2:
-0.320041743403789
0.155015760897862
qdotdot3:
-1.079497291074629
-0.052081657485724
qdotdot4:
0.534081258966169
-0.087070670020931
qdotdot5:
-1.514294962244942
-0.058953018889188
qdotdot6:
0.846271824048305
0.091861005921840
qdotdot7:
1.892291156493122
0.038207318921832

qdotdot1:
-0.041771194046777
0.301957813286374
qdotdot2:
0.280316138646547
0.049315487806125
qdotdot3:
0.315911337237201
-0.408607519564963
qdotdot4:
-0.482784970569224
0.089320491724110
qdotdot5:
0.371828971015408
-0.559079625338729
qdotdot6:
-0.548688334947047
0.371359429972385
qdotdot7:
-0.621220003864189
0.663174830606852

qdotdot1:
-0.871993590241017
0.288162029739034
qdotdot2:
0.509841023833408
0.141895574678038
qdotdot3:
1.156496364576898
-0.304271396834192
qdotdot4:
-0.773339684293498
-0.070129030988211
qdotdot5:
1.697602450417069
-0.436275570587155
qdotdot6:
-1.044635701794458
0.190143985295281
qdotdot7:
-2.199450871922033
0.458004332033330

qdotdot1:
-1.120252263035154
0.000168471016192
qdotdot2:
0.441016427861605
0.310280907414368
qdotdot3:
1.188586886424888
0.077684970061202
qdotdot4:
-0.649869424481690
-0.325540137530548
qdotdot5:
1.879064250614761
0.124392049523558
qdotdot6:
-0.932923918847686
-0.154868130270344
qdotdot7:
-2.415221299096326
-0.268408901882534

qdotdot1:
-0.016213943705411
-0.369817546667306
qdotdot2:
-0.125200911225084
0.455935522237848
qdotdot3:
-0.156325639127404
0.470239882280445
qdotdot4:
0.059701804114686
-0.540172687994498
qdotdot5:
-0.238708032143735
0.744991107429292
qdotdot6:
0.000442679593650
-0.462985165089766
qdotdot7:
0.229956418698861
-1.066084693097584

qdotdot1:
1.196373593538687
-0.375172530237039
qdotdot2:
-0.856540253014155
0.414585383449456
qdotdot3:
-1.491803349038680
0.418610171195665
qdotdot4:
0.927325476818762
-0.520454957013918
qdotdot5:
-2.275523070712682
0.666152941137497
qdotdot6:
1.256755549811465
-0.462838961180729
qdotdot7:
2.927652771147051
-0.990136924543528

qdotdot1:
0.827359634932124
0.019954099845194
qdotdot2:
-0.632202923756526
0.131695602589108
qdotdot3:
-0.962275526597726
-0.074088124081429
qdotdot4:
0.633649423754379
-0.214186921156482
qdotdot5:
-1.383604911522355
-0.085384678433008
qdotdot6:
1.257951266566953
-0.047769966080838
qdotdot7:
1.872340358900702
-0.023220252559295

qdotdot1:
-0.077972373784790
0.293206390084934
qdotdot2:
0.454446639604821
-0.077102227905612
qdotdot3:
0.177369548287740
-0.391899122325322
qdotdot4:
-0.614716658042909
-0.004911354716525
qdotdot5:
0.272093175947195
-0.542348246508763
qdotdot6:
0.248635889783657
0.367693938715052
qdotdot7:
-0.462266152498283
0.595158103812765

qdotdot1:
-0.530353283687644
0.267454433121417
qdotdot2:
0.412387010544021
0.072987986580087
qdotdot3:
0.744986026364827
-0.333319233674614
qdotdot4:
-0.574396874747815
-0.207933991507993
qdotdot5:
0.942191223465934
-0.452483959749987
qdotdot6:
-0.720657480486553
0.449810981232789
qdotdot7:
-1.247079108404074
0.442485336690360

qdotdot1:
-0.753484450806694
0.092294510779176
qdotdot2:
-2.315427679465429
0.209187156008408
qdotdot3:
0.920016563366193
-0.087272497399532
qdotdot4:
2.521693093038508
-0.397640202573350
qdotdot5:
0.955932278004992
-0.141306209729621
qdotdot6:
-1.210529725982681
0.211799240380207
qdotdot7:
-0.163283665144275
0.030612182509345

qdotdot1:
-0.475091504929326
-0.156559002433194
qdotdot2:
-3.140969880227361
-0.555529769479897
qdotdot3:
0.495061953405383
0.216581621636543
qdotdot4:
3.519634079495618
0.435200056803144
qdotdot5:
0.445911466253262
0.174409802087160
qdotdot6:
-0.679751302895215
-0.188002739390285
qdotdot7:
0.831469784886150
-0.023315557708575

