nSeg: 44

breaks: 
0.000000000000000
0.332590905102816
0.665181810205633
0.997772715308449
1.330363620411266
1.662954525514083
1.995545430616899
2.328136335719715
2.660727240822532
2.993318145925349
3.325909051028165
3.658499956130981
3.991090861233798
4.323681766336614
4.656272671439431
4.988863576542247
5.321454481645064
5.654045386747881
5.986636291850697
6.319227196953514
6.651818102056330
6.984409007159146
7.316999912261963
7.649590817364779
7.982181722467596
8.314772627570413
8.647363532673229
8.979954437776046
9.312545342878861
9.645136247981679
9.977727153084494
10.310318058187312
10.642908963290127
10.975499868392944
11.308090773495762
11.640681678598577
11.973272583701394
12.305863488804210
12.638454393907027
12.971045299009843
13.303636204112660
13.636227109215476
13.968818014318293
14.301408919421108
14.633999824523926

coefs_q:
q1:
0.063433908127384
-0.094887473085663
0.000000000000000
-1.535513520000000
q2:
0.263440969490222
-0.399755453534037
-0.000000000000000
1.399158716000000
q3:
-0.101982567295649
0.146747144108973
0.000000000000000
-2.571584225000002
q4:
-0.258566767886556
0.312211233569366
0.000000000000000
1.501706481000000
q5:
-0.089478379380041
0.125265997857009
0.000000000000000
-1.192482114000000
q6:
0.101842926545272
-0.144154881958904
-0.000000000000000
-0.603848696000000
q7:
-0.004878235479726
-0.012402916512596
-0.000000000000000
-0.327806532000000

q1:
-0.014497768702706
-0.031594850330776
-0.042066870424580
-1.543675919539071
q2:
0.087797366724800
-0.136901242082288
-0.178487136124520
1.364631105569946
q3:
0.025994990634187
0.044991721024267
0.063770602698051
-2.559103488741141
q4:
-0.021247841364075
0.054220367486667
0.121871817853500
1.526729560245986
q5:
0.024599578602472
0.035986912301586
0.053631251340110
-1.181917520999169
q6:
-0.023252125701703
-0.042538788604869
-0.062092616869773
-0.616047822146767
q7:
-0.022081911959664
-0.017270286773116
-0.009869037538095
-0.329357972649422

q1:
0.055692440567270
-0.046060328375188
-0.067894276596318
-1.561695270980629
q2:
0.135944554456622
-0.049299425088352
-0.240415784549551
1.293354417334736
q3:
-0.074277327899701
0.070928813413758
0.102324718166796
-2.531960771496443
q4:
-0.142012429072543
0.033019851114391
0.150887121119393
1.572478986669048
q5:
-0.064740516215827
0.060531700639218
0.085732464177361
-1.159194479480847
q6:
0.067618769249330
-0.065739125202950
-0.098104866225760
-0.642260210944232
q7:
0.014421977830822
-0.039303016028312
-0.028684803521478
-0.335363103091686

q1:
0.025192160006373
0.009508069271771
-0.080051225535077
-1.587322400766583
q2:
-0.051851214155664
0.086342342143229
-0.228095647238621
1.212942389084838
q3:
-0.047234304427753
-0.003183077730583
0.124856333714520
-2.492815260065751
q4:
0.038750794318407
-0.108676275848869
0.125724482340110
1.621090565015097
q5:
-0.045925768859286
-0.004064620015918
0.104512901630378
-1.126366634864854
q6:
0.043475411608898
0.001729037796769
-0.119394039131892
-0.679673140878681
q7:
0.047814712776428
-0.024913160047935
-0.050042519644919
-0.348720392013834

q1:
-0.009785001326086
0.034644119165814
-0.065366609220350
-1.611968136597219
q2:
-0.031031431115731
0.034606615403093
-0.187869123977048
1.144723145191682
q3:
0.014540836578621
-0.050312177915168
0.107064298220593
-2.453379035952912
q4:
0.029096354041892
-0.070011790581433
0.066294456594984
1.652309618337049
q5:
-0.002052164808664
-0.049888099113276
0.086568717942441
-1.093745823379452
q6:
0.000501930270771
0.045107617286932
-0.103816593625615
-0.717591786693125
q7:
0.005145550373128
0.022795055750695
-0.050746981870240
-0.366360782093913

q1:
0.004383637179777
0.024880911823389
-0.045569125287378
-1.630236249125171
q2:
0.002001262645236
0.003644300118842
-0.175147217362596
1.084926003334315
q3:
-0.018495511856185
-0.035803727919260
0.078422931155372
-2.422800832702667
q4:
0.037700237330792
-0.040980242403478
0.029379515885331
1.667684535829685
q5:
-0.028159146320809
-0.051935693166677
0.052703050707050
-1.070547811897929
q6:
0.024525303767855
0.045608429616095
-0.073645261478788
-0.747112119233701
q7:
0.032274863435059
0.027929145518247
-0.033876573859585
-0.380527947277136

q1:
0.013549599396669
0.029254785395181
-0.027564084751082
-1.642478606635913
q2:
0.005504500170244
0.005641105382425
-0.172058975942683
1.027150378951781
q3:
-0.017434542819180
-0.054258045005026
0.048469204583319
-2.401359021590749
q4:
-0.003402384100943
-0.003363974234161
0.014631032737743
1.674309791957782
q5:
-0.042410052043002
-0.080032121051958
0.008811755931634
-1.059800190219364
q6:
0.030151434779071
0.070079108550311
-0.035168638450907
-0.765658520299562
q7:
0.043688345273590
0.060132123644056
-0.004588196644392
-0.387518161611638

q1:
-0.000360779177198
0.042774205976537
-0.003607897317119
-1.647911611138859
q2:
0.011261188694585
0.011133345463706
-0.166479946153165
0.970751640107389
q3:
-0.005407103352473
-0.071653756133881
0.006592084679404
-2.391881870185421
q4:
-0.002549871574815
-0.006758780257081
0.011264296659367
1.678678654524488
q5:
0.017877964175887
-0.122347713835278
-0.058497936528070
-1.067282640830193
q6:
-0.019706189914662
0.100163387500271
0.021452467397519
-0.768494094499640
q7:
-0.023738789192374
0.103723162535018
0.049908581291787
-0.380785237289303

q1:
-0.017535252375340
0.042414230357277
0.024725001827438
-1.644393296134617
q2:
0.087600001636655
0.022369452285102
-0.155337220326413
0.917027758573596
q3:
0.025628602534797
-0.077048816327831
-0.042865038486754
-2.397814433485897
q4:
-0.135599332888212
-0.009302972541972
0.005922303758392
1.681583613048873
q5:
0.028610993454377
-0.104509568975316
-0.133948605547211
-1.099614491786508
q6:
-0.065251454343876
0.080501088880735
0.081539829117004
-0.751004447476879
q7:
-0.066160930019456
0.080037246384408
0.111025622016363
-0.353585934765568

q1:
-0.039142884962097
0.024918033981115
0.047119100566366
-1.632123386666658
q2:
-0.022498064078955
0.109774343779132
-0.111387395589687
0.871061260938443
q3:
0.082906146836943
-0.051477295987126
-0.085611654510931
-2.419650962865890
q4:
0.129698044818069
-0.144600287111858
-0.045264520668149
1.677535538588625
q5:
0.142631810384020
-0.075962300348670
-0.193971907911273
-1.154672482796218
q6:
-0.074889832141256
0.015394968102220
0.113433985504756
-0.717380884590077
q7:
-0.070427709717645
0.014023675591564
0.142309429191157
-0.310240433773408

q1:
0.017606935538801
-0.014137668632523
0.050704552034993
-1.615135722531084
q2:
-0.036393166384859
0.087326389293889
-0.045833484380502
0.845329996699088
q3:
-0.040371321483693
0.031244195258131
-0.092340999795424
-2.450768743249963
q4:
-0.040602415888034
-0.015191116763536
-0.098409688310716
1.651257368205171
q5:
-0.060458869072447
0.066351828387554
-0.197168263479286
-1.222341034730259
q6:
0.062603700359416
-0.059328063062355
0.098822237687996
-0.680706037250653
q7:
0.039596878328646
-0.056247171566366
0.128266278448293
-0.263949402366661

q1:
-0.039171480643216
0.003430051248287
0.047143295877676
-1.599187950944294
q2:
0.044618099963140
0.051014280851397
0.000177364315649
0.838407045880292
q3:
0.083293624123767
-0.009037207799244
-0.084955157736866
-2.479509655287968
q4:
-0.049453980027998
-0.055703099512223
-0.121988459868425
1.615353042121161
q5:
0.127831173834398
0.006027618428660
-0.173095517751840
-1.282802073518738
q6:
-0.069637311866190
0.003136201033615
0.080133335436445
-0.652098137797441
q7:
-0.145892380441052
-0.016738486758655
0.103991912286449
-0.226054308218999

q1:
0.012853870202974
-0.035654183355747
0.036425842613903
-1.584570221664354
q2:
-0.012066506916125
0.095533003603523
0.048917658292870
0.845750572441124
q3:
-0.012441602881195
0.074070897710609
-0.063325543947069
-2.505700252548954
q4:
-0.009005334359986
-0.105046931447568
-0.175452458160648
1.566799678776083
q5:
0.003228695056713
0.133574075846473
-0.126665263898987
-1.335002389945819
q6:
-0.002079344956869
-0.066346008713895
0.059110328288686
-0.627661567480569
q7:
-0.028667570723259
-0.162305923334136
0.044443369880088
-0.198686497306522

q1:
0.020329815550505
-0.022828942381103
0.016974886891842
-1.575926370845219
q2:
-0.014819916861519
0.083493372233533
0.108460202669794
0.872143759120425
q3:
-0.015338553854076
0.061657005821050
-0.018183677663767
-2.519026001463662
q4:
0.028498338900901
-0.114032208364192
-0.248316187559787
1.496494533687634
q5:
-0.057750974472644
0.136795579680112
-0.036742775455063
-1.362235795826711
q6:
0.013253446596032
-0.068420722377573
0.014288139217227
-0.615417486443427
q7:
0.064853508989488
-0.190909643215980
-0.073032915095220
-0.202913467101047

q1:
0.022811813221631
-0.002544407117555
0.008535941616593
-1.572058004166434
q2:
-0.027257084143496
0.068706463545969
0.159080483808198
0.916907171852933
q3:
-0.035122777973752
0.046352615293163
0.017739339982421
-2.518817739244275
q4:
0.036245252432844
-0.085597343377259
-0.314711160858746
1.402341417447118
q5:
-0.061000801586479
0.079173233068834
0.035086487451090
-1.361448896587609
q6:
0.039756501796800
-0.055196794980255
-0.026825922767376
-0.617746260723565
q7:
0.076923205373124
-0.126200581454257
-0.178500891735651
-0.245935379261538

q1:
0.010218791049022
0.020216597701701
0.014413551478124
-1.568661232405252
q2:
-0.000878421055558
0.041510088688723
0.195737506673246
0.976413185739244
q3:
-0.008935852187563
0.011308065745116
0.036916758077787
-2.509082593219335
q4:
-0.006677642700554
-0.049432819440300
-0.359620964926419
1.289536317976004
q5:
-0.038046310084132
0.018308297633901
0.067507957978320
-1.343265793702042
q6:
0.024654559269987
-0.015528842231296
-0.050348626461539
-0.631311360384998
q7:
0.054976056021676
-0.049448705958886
-0.236920247217054
-0.316433032224047

q1:
0.024087460817296
0.030412628593853
0.031252371676417
-1.561255172280415
q2:
0.021903700423861
0.040633624126934
0.223057758467112
1.046073092486546
q3:
0.030263165494358
0.002392116244337
0.041473314005732
-2.495882305206385
q4:
-0.086059087768764
-0.056095589129492
-0.394718753846706
1.164215888675717
q5:
0.031795878728451
-0.019653272486210
0.067060631574850
-1.320187785203245
q6:
-0.019155780711245
0.009070804316252
-0.052496511136892
-0.648867561079994
q7:
-0.072649886874860
0.005404902734811
-0.251568815595519
-0.398677829613201

q1:
-0.040754632471837
0.054446439778413
0.059475726032531
-1.546610592400406
q2:
-0.053185306500483
0.062488538774153
0.257355251962544
1.125560671674356
q3:
-0.014611668278453
0.032587877053472
0.053107341637141
-2.480710664893877
q4:
0.103444902479243
-0.141962998809500
-0.460591238872721
1.023564788092784
q5:
-0.002328576373791
0.012071787768294
0.064539098710495
-1.298888235465615
q6:
0.002015915804125
-0.010042311017860
-0.052819625430093
-0.666028784014848
q7:
0.047354356651770
-0.067083172159171
-0.272082447048542
-0.484422254585312

q1:
0.037560962335495
0.013782579475591
0.082168077300498
-1.522306188282539
q2:
-0.052678208091218
0.009421691092654
0.281271940400097
1.216110271069619
q3:
0.033073263091153
0.018008753120093
0.069935320661720
-2.459980447229344
q4:
0.119385631149179
-0.038748497577968
-0.520694239018714
0.858478600703579
q5:
0.020195573051938
0.009748397797014
0.071796293977173
-1.276173445347339
q6:
-0.021209638820400
-0.008030885232145
-0.058830606128982
-0.684632792683291
q7:
-0.067124089238701
-0.019834287141049
-0.300990403506440
-0.580592749649828

q1:
-0.183841113329983
0.051259882854676
0.103800608717037
-1.492071377481755
q2:
-0.311827841681219
-0.043139187632105
0.270057807708240
1.308762919617598
q3:
-0.143798582758458
0.051008352638664
0.092889782333601
-2.433511757562548
q4:
0.592490606131726
0.080371227782561
-0.506850897507118
0.685406411852318
q5:
-0.079842429448674
0.029898989558256
0.084982654422624
-1.250473317867386
q6:
0.071414294302492
-0.029193284148686
-0.071211026315053
-0.705867972309899
q7:
0.315985925215877
-0.086808871923354
-0.336458948302693
-0.685362926715403

q1:
0.044544634599812
-0.132171763977910
0.076890052940689
-1.458641574577683
q2:
0.260963640116840
-0.354272499935148
0.137882294841810
1.382337594156235
q3:
-0.026558430524821
-0.092469949737750
0.079100032227408
-2.402265450551258
q4:
-0.509363420142162
0.671542188657363
-0.256771333774412
0.547520609517641
q5:
-0.089888129863675
-0.049765608069570
0.078375197790614
-1.221838943954830
q6:
0.079184841090235
0.042061950189348
-0.066931025029124
-0.730154037188550
q7:
0.263883006337848
0.228473262678544
-0.289342660360585
-0.795243467185625

q1:
0.144764245391782
-0.087726342960833
0.003753942523537
-1.446050245898815
q2:
0.187997936657147
-0.093890100138991
-0.011172509950080
1.398608414436119
q3:
0.187265287141328
-0.118969227076832
0.008777285036452
-2.387163308494396
q4:
-0.330494569591824
0.163313265863319
0.020893997474645
0.517665049705412
q5:
0.207475431954934
-0.139453531477648
0.015442632905829
-1.204583968170403
q6:
-0.182721454623470
0.121070424095220
-0.012674681014248
-0.744848713677040
q7:
-0.740791587839887
0.491768526436016
-0.049796791826102
-0.856494958511180

q1:
-0.066750732982527
0.056715471243304
-0.006559991369023
-1.449179825444188
q2:
-0.088917974746828
0.093689111591796
-0.011239356912907
1.391423190344363
q3:
-0.084931757510651
0.067878966957187
-0.008214870818679
-2.390514536988003
q4:
0.154919568228234
-0.166445198233012
0.019852345253088
0.530520447283269
q5:
-0.085294790398099
0.067559793623820
-0.008468570438201
-1.207240735459795
q6:
0.080748672847766
-0.061244057829549
0.007223024291065
-0.742394128031558
q7:
0.308340516231082
-0.247373107640646
0.031486901714031
-0.845912907323248

q1:
-0.025551733192671
-0.009886588853500
0.009014869009955
-1.447543706992998
q2:
-0.102916764468016
0.004969182488925
0.021573494411300
1.394777361530176
q3:
-0.013774421023885
-0.016863623350134
0.008752368485722
-2.388862829145220
q4:
0.210695208846645
-0.011870679987514
-0.039453894078481
0.524411044736902
q5:
-0.007158571987481
-0.017545020993356
0.008165888059477
-1.205722067727697
q6:
0.000494397697967
0.019324764735320
-0.006718951340415
-0.743795679341004
q7:
0.021682459744470
0.060280646478850
-0.030738349281684
-0.851460367482450

q1:
-0.022459061415441
-0.035381411061989
-0.006040856054132
-1.446579116602825
q2:
-0.075257805165456
-0.097718357045087
-0.009274037501873
1.398715864915962
q3:
-0.026323984683357
-0.030607364816937
-0.007036050434889
-2.388324032013849
q4:
0.136750234343276
0.198355250645883
0.022569178064496
0.517727443106757
q5:
-0.024454703906185
-0.024687648803036
-0.005880313813014
-1.205210304792344
q6:
0.021882535741669
0.019818061268863
0.006299596588598
-0.743874510602516
q7:
0.108001174609728
0.081914813212656
0.016554567358625
-0.854217915974749

q1:
0.016995676958029
-0.057790449753753
-0.037028969572953
-1.453328297057147
q2:
0.019952670160696
-0.172808541653178
-0.099248823594587
1.382053378148826
q3:
0.029484451142126
-0.056872718492188
-0.036131130521141
-2.395018306737189
q4:
-0.074986185616793
0.334800903285640
0.199892065861719
0.552206208138908
q5:
0.021296251290722
-0.049087885121574
-0.030417385415443
-1.210796601467346
q6:
-0.021505125892150
0.041651858373662
0.026743932799102
-0.738782052396754
q7:
-0.066701889757020
0.189675438459506
0.106883014979372
-0.835677494999547

q1:
0.036655231631313
-0.040832627006836
-0.069830107936782
-1.471411112138136
q2:
0.085590614526780
-0.152900311769287
-0.207576625954364
1.330662670679326
q3:
0.027231480345340
-0.027453937616730
-0.064177409400700
-2.412241528904475
q4:
-0.183273478882798
0.259981733252150
0.397711361287261
0.652964315577218
q5:
0.020009626430188
-0.027839066645340
-0.056002589930402
-1.225559596109393
q6:
-0.012045337078815
0.020194630519202
0.047313512517411
-0.726071048020651
q7:
-0.047882445486144
0.123122112800440
0.210916635666861
-0.781601873285583

q1:
0.028371279319766
-0.004259037011800
-0.084827185285332
-1.497804191738865
q2:
0.114780734446599
-0.067500331907982
-0.280879875520231
1.247860131578307
q3:
0.017923132077401
-0.000283109530691
-0.073402499016340
-2.435621366639189
q4:
-0.162383536140659
0.077116456583234
0.509827153353133
0.807255169461690
q5:
0.005489204754085
-0.007874007349783
-0.067880433534444
-1.246528857756144
q6:
-0.007352013109483
0.008176121835267
0.056749366721432
-0.708544289775223
q7:
-0.060929878956082
0.075346315152121
0.276925429753937
-0.699595155982652

q1:
0.021692448289407
0.024049051391857
-0.078245206490671
-1.525444280196237
q2:
0.021232299110925
0.047024753165898
-0.287689866786564
1.151198170950805
q3:
-0.009322016932078
0.017600102629009
-0.067643024608111
-2.459406292836693
q4:
-0.009600703036684
-0.084905405193218
0.507236619885139
0.979375304126531
q5:
-0.015766460031438
-0.002397028617416
-0.071296486683118
-1.269774320916597
q6:
0.009530286872145
0.000840483752035
0.059748207734667
-0.689036032217960
q7:
-0.011055259046659
0.014552144382696
0.306824839777971
-0.601399332205963

q1:
-0.011198292155511
0.045693184423267
-0.055049573157025
-1.548009629698847
q2:
-0.015998697003401
0.068209761902047
-0.249363915121032
1.061497999915529
q3:
0.005094100515772
0.008298848482538
-0.059029269016708
-2.480299840208420
q4:
0.024346093251030
-0.094484724731001
0.447573094207131
1.138332423100788
q5:
0.007761950912007
-0.018128372253785
-0.078123048336469
-1.294332085199466
q6:
-0.011600596323861
0.010349543962124
0.063469909180245
-0.668720729862583
q7:
-0.027415022184345
0.003521508545273
0.312835972363798
-0.498149194914595

q1:
-0.024811424244921
0.034519834052446
-0.028371452741159
-1.561676173742980
q2:
0.007594199794418
0.052246698551567
-0.209301191913284
0.985518375297027
q3:
0.022200222926372
0.013381602986213
-0.051818548039679
-2.498827034373770
q4:
-0.001791279540149
-0.070192857160768
0.392802828195605
1.277635269684359
q5:
0.069073272128372
-0.010383709416221
-0.087605907385461
-1.322034838412845
q6:
-0.042886783667734
-0.001225214531133
0.066504578164155
-0.646893170051945
q7:
-0.074583181069968
-0.023832452579842
0.306080737103848
-0.394721859757140

q1:
-0.045204377327048
0.009763671912921
-0.013643161411012
-1.568206605481856
q2:
0.045136119729626
0.059823983901038
-0.172027502200882
0.921965451808927
q3:
0.070685207707469
0.035532379695913
-0.035550202267247
-2.513764434586086
q4:
-0.071328828714269
-0.071980147011420
0.345517380056790
1.400447513530771
q5:
0.120420140684287
0.058535716870544
-0.071590987643711
-1.349779164816793
q6:
-0.055814381419753
-0.044016477122134
0.051457602988812
-0.626487690971280
q7:
-0.139501004222485
-0.098249515672366
0.265477384786113
-0.298302381434874

q1:
-0.013429598484817
-0.035340022396515
-0.022149622967577
-1.573327245711428
q2:
-0.006538278209252
0.104859572642154
-0.117255249074631
0.873028764325828
q3:
0.006205462842838
0.106060151322336
0.011542185779911
-2.519057116898047
q4:
0.015424698823193
-0.143150106117427
0.273967014453669
1.504777049054143
q5:
0.038524756955608
0.178687647618930
0.007307345863378
-1.362684377334708
q6:
-0.004759455139727
-0.099706544024582
0.003656633301515
-0.616295735440491
q7:
-0.036595140322668
-0.237439811443690
0.153830167647229
-0.226007313477412

q1:
0.082233775201302
-0.048739709342214
-0.050113777047363
-1.585097282305305
q2:
-0.016384732376404
0.098335857039867
-0.049674297203931
0.845389411876221
q3:
-0.174672320647223
0.112251792832780
0.084150752881217
-2.503257966193147
q4:
0.057795274249089
-0.127759762489795
0.183864856052308
1.580628668955680
q5:
-0.254767319730615
0.217126598973125
0.138951564390019
-1.339070850721225
q6:
0.123137832067702
-0.104455398502736
-0.064245771951195
-0.626283883228709
q7:
0.259037781704318
-0.273953443970532
-0.016254578034463
-0.202455948891729

q1:
-0.018777511668993
0.033310907830455
-0.055245256106810
-1.604130705293724
q2:
-0.007868913800416
0.081987618127060
0.010299650613122
0.839142985269917
q3:
0.037388852370605
-0.062031482828628
0.100853571240042
-2.469279481291256
q4:
-0.008889671659404
-0.070093214770284
0.118060755268092
1.629774377827925
q5:
-0.022999921397910
-0.037073281406348
0.198835660246319
-1.278211912252589
q6:
-0.009368475769347
0.018408170556651
-0.092864297375372
-0.654675700609005
q7:
0.044302431506127
-0.015492613151937
-0.112521704151267
-0.228635873483964

q1:
-0.014246774492450
0.014575219025747
-0.039318765833838
-1.619510858741074
q2:
-0.014636130493323
0.074136230637890
0.062225022781992
0.851348257762337
q3:
0.014544641894570
-0.024725906076543
0.071998852739714
-2.441222679249407
q4:
0.028229984901324
-0.078963086600088
0.068485985084042
1.660959778443660
q5:
0.061129852553069
-0.060021975431421
0.166542660893455
-1.217028074146934
q6:
-0.027816117729248
0.009060561049969
-0.083728447068300
-0.683869937328317
q7:
-0.059413646912664
0.028711144226698
-0.108125340936982
-0.266143419404013

q1:
0.026798844497463
0.000360176156028
-0.034351389232263
-1.631499800304492
q2:
-0.004935045808202
0.059532698973959
0.106682093065722
0.879705975469609
q3:
-0.030259416405976
-0.010213659240209
0.060378271087117
-2.419476515035507
q4:
0.024925307027266
-0.050795977911977
0.025329300372679
1.676041541645306
q5:
-0.044231720971438
0.000971723536860
0.146903084169293
-1.166027959174775
q6:
0.051782126790122
-0.018693602266082
-0.086932308965260
-0.711738365945819
q7:
0.060180238527551
-0.030570171579728
-0.108743636526938
-0.301114826801022

q1:
0.006382629520212
0.027099331997391
-0.025218606561839
-1.641898985955483
q2:
-0.056014285330442
0.054608644917737
0.144644465940313
0.921591219781095
q3:
-0.021361586347697
-0.040405679311249
0.043542739462582
-2.401638299901002
q4:
0.035071884419113
-0.025926186639486
-0.000187793776939
1.679763957446993
q5:
-0.053797165492256
-0.043161480799577
0.132871154615218
-1.118689130545147
q6:
0.046612351169376
0.032973190985744
-0.082183047628492
-0.740814015819617
q7:
0.054313444269626
0.029476028423816
-0.109107538589475
-0.338449505406166

q1:
0.008272658794666
0.033467745584580
-0.005074547409419
-1.647054008530999
q2:
0.032966305409744
-0.001280880652480
0.162380795324404
0.973678510456295
q3:
-0.011535458082011
-0.061719687324686
0.009576771339179
-2.392411819238464
q4:
-0.034713018531996
0.009067582708357
-0.005794812117163
1.678123928018854
q5:
0.001666436642254
-0.096838824688684
0.086308326298207
-1.081250977711502
q6:
0.005258272865210
0.079481723178923
-0.044781565943206
-0.762785090495778
q7:
-0.012722042863040
0.083668501190474
-0.071476697077625
-0.369478941442198

q1:
-0.032512995000857
0.041721978812954
0.019932871082388
-1.644735312892412
q2:
-0.077463356097525
0.031611999409887
0.172468649564711
1.028756033400704
q3:
0.059044416903251
-0.073229452657501
-0.035306085270343
-2.396478291746517
q4:
0.043037567820811
-0.025568120048865
-0.011282740765926
1.675922556549187
q5:
0.059048283827591
-0.095176099675252
0.022445908810757
-1.063196297162322
q6:
-0.059308523527596
0.084728284373476
0.009833189095587
-0.768693572862753
q7:
-0.039656288635034
0.070974793938749
-0.020043743582515
-0.384464351850166

q1:
0.040353628949995
0.009281399508139
0.036896130841502
-1.634686829939719
q2:
0.139363247631419
-0.045678823740445
0.167790151728688
1.086764467510093
q3:
-0.057318336535956
-0.014316544480140
-0.064423087696480
-2.414148925045674
q4:
-0.138332214579349
0.017373590855977
-0.014008166647080
1.670925115190704
q5:
-0.049849609027290
-0.036259333186293
-0.021268320767245
-1.064086666106058
q6:
0.055056619189419
0.025551857812411
0.046511361400058
-0.758232746735101
q7:
0.011108902158130
0.031406831148315
0.014007453771089
-0.384738679750840

q1:
-0.089179632012990
0.049545149438125
0.056461305999615
-1.619904219990494
q2:
-0.191632787884724
0.093374022262959
0.183653140974350
1.142644294189155
q3:
0.139715570290417
-0.071507216762584
-0.092967290127525
-2.439267855149894
q4:
0.172711469757612
-0.120650518499490
-0.048357133488273
1.663098678197735
q5:
0.134254809078853
-0.085997912942516
-0.061929968912603
-1.077005176996451
q6:
-0.139210486897833
0.080485850236741
0.081778538695154
-0.737911489327289
q7:
-0.066888724307585
0.042490990618728
0.038585197197716
-0.376197109933016

q1:
0.171610716541193
-0.039435854145685
0.059823565670879
-1.598926110317347
q2:
0.549239626184891
-0.097831944846911
0.182170476467275
1.207004194046287
q3:
-0.270626670436117
0.067897167176954
-0.094167959786676
-2.472957671944842
q4:
-0.483368388963763
0.051676273645476
-0.071297340013053
1.640023646240531
q5:
-0.234816742366422
0.047957872455310
-0.074581740408391
-1.102176078191089
q6:
0.264882222002779
-0.058414575274722
0.089119244011545
-0.706931180527129
q7:
0.055708916194084
-0.024248753457169
0.044652399366379
-0.361124654322031

q1:
-0.537009449855948
0.131792636473649
0.090540591497720
-1.577078023473063
q2:
-1.804471615264395
0.450184368326584
0.299359687907550
1.276977177035539
q3:
0.823451616357949
-0.202126740618974
-0.138811495109322
-2.506722903107927
q4:
1.457786663092815
-0.430615516305167
-0.197329085708215
1.604243881731299
q5:
0.736935769793525
-0.186335866175519
-0.120605002586107
-1.130315278853102
q6:
-0.829019466007172
0.205877678609926
0.138164131019071
-0.674007512093122
q7:
-0.204471136270264
0.031336083120693
0.047009580753932
-0.346906452482310

coefs_qdot:
qdot1:
0.190301724382152
-0.189774946171325
0.000000000000000
qdot2:
0.790322908470666
-0.799510907068074
-0.000000000000000
qdot3:
-0.305947701886946
0.293494288217946
0.000000000000000
qdot4:
-0.775700303659667
0.624422467138731
0.000000000000000
qdot5:
-0.268435138140123
0.250531995714018
0.000000000000000
qdot6:
0.305528779635817
-0.288309763917809
-0.000000000000000
qdot7:
-0.014634706439177
-0.024805833025192
-0.000000000000000

qdot1:
-0.043493306108117
-0.063189700661552
-0.042066870424580
qdot2:
0.263392100174400
-0.273802484164575
-0.178487136124520
qdot3:
0.077984971902561
0.089983442048534
0.063770602698051
qdot4:
-0.063743524092226
0.108440734973334
0.121871817853500
qdot5:
0.073798735807416
0.071973824603172
0.053631251340110
qdot6:
-0.069756377105108
-0.085077577209738
-0.062092616869773
qdot7:
-0.066245735878993
-0.034540573546232
-0.009869037538095

qdot1:
0.167077321701809
-0.092120656750377
-0.067894276596318
qdot2:
0.407833663369867
-0.098598850176704
-0.240415784549551
qdot3:
-0.222831983699102
0.141857626827515
0.102324718166796
qdot4:
-0.426037287217629
0.066039702228781
0.150887121119393
qdot5:
-0.194221548647480
0.121063401278436
0.085732464177361
qdot6:
0.202856307747990
-0.131478250405901
-0.098104866225760
qdot7:
0.043265933492465
-0.078606032056625
-0.028684803521478

qdot1:
0.075576480019119
0.019016138543541
-0.080051225535077
qdot2:
-0.155553642466991
0.172684684286459
-0.228095647238621
qdot3:
-0.141702913283259
-0.006366155461165
0.124856333714520
qdot4:
0.116252382955221
-0.217352551697738
0.125724482340110
qdot5:
-0.137777306577857
-0.008129240031836
0.104512901630378
qdot6:
0.130426234826695
0.003458075593538
-0.119394039131892
qdot7:
0.143444138329283
-0.049826320095870
-0.050042519644919

qdot1:
-0.029355003978258
0.069288238331628
-0.065366609220350
qdot2:
-0.093094293347194
0.069213230806186
-0.187869123977048
qdot3:
0.043622509735864
-0.100624355830335
0.107064298220593
qdot4:
0.087289062125677
-0.140023581162866
0.066294456594984
qdot5:
-0.006156494425993
-0.099776198226551
0.086568717942441
qdot6:
0.001505790812312
0.090215234573864
-0.103816593625615
qdot7:
0.015436651119385
0.045590111501389
-0.050746981870240

qdot1:
0.013150911539330
0.049761823646777
-0.045569125287378
qdot2:
0.006003787935708
0.007288600237685
-0.175147217362596
qdot3:
-0.055486535568556
-0.071607455838520
0.078422931155372
qdot4:
0.113100711992375
-0.081960484806956
0.029379515885331
qdot5:
-0.084477438962426
-0.103871386333355
0.052703050707050
qdot6:
0.073575911303564
0.091216859232189
-0.073645261478788
qdot7:
0.096824590305177
0.055858291036495
-0.033876573859585

qdot1:
0.040648798190006
0.058509570790363
-0.027564084751082
qdot2:
0.016513500510733
0.011282210764850
-0.172058975942683
qdot3:
-0.052303628457540
-0.108516090010052
0.048469204583319
qdot4:
-0.010207152302829
-0.006727948468322
0.014631032737743
qdot5:
-0.127230156129007
-0.160064242103917
0.008811755931634
qdot6:
0.090454304337213
0.140158217100623
-0.035168638450907
qdot7:
0.131065035820770
0.120264247288111
-0.004588196644392

qdot1:
-0.001082337531595
0.085548411953075
-0.003607897317119
qdot2:
0.033783566083754
0.022266690927411
-0.166479946153165
qdot3:
-0.016221310057420
-0.143307512267761
0.006592084679404
qdot4:
-0.007649614724445
-0.013517560514162
0.011264296659367
qdot5:
0.053633892527661
-0.244695427670555
-0.058497936528070
qdot6:
-0.059118569743985
0.200326775000541
0.021452467397519
qdot7:
-0.071216367577123
0.207446325070037
0.049908581291787

qdot1:
-0.052605757126021
0.084828460714555
0.024725001827438
qdot2:
0.262800004909964
0.044738904570204
-0.155337220326413
qdot3:
0.076885807604390
-0.154097632655662
-0.042865038486754
qdot4:
-0.406797998664637
-0.018605945083944
0.005922303758392
qdot5:
0.085832980363130
-0.209019137950631
-0.133948605547211
qdot6:
-0.195754363031629
0.161002177761469
0.081539829117004
qdot7:
-0.198482790058367
0.160074492768817
0.111025622016363

qdot1:
-0.117428654886292
0.049836067962230
0.047119100566366
qdot2:
-0.067494192236865
0.219548687558264
-0.111387395589687
qdot3:
0.248718440510828
-0.102954591974252
-0.085611654510931
qdot4:
0.389094134454206
-0.289200574223716
-0.045264520668149
qdot5:
0.427895431152060
-0.151924600697339
-0.193971907911273
qdot6:
-0.224669496423768
0.030789936204439
0.113433985504756
qdot7:
-0.211283129152936
0.028047351183128
0.142309429191157

qdot1:
0.052820806616403
-0.028275337265046
0.050704552034993
qdot2:
-0.109179499154576
0.174652778587779
-0.045833484380502
qdot3:
-0.121113964451079
0.062488390516262
-0.092340999795424
qdot4:
-0.121807247664101
-0.030382233527073
-0.098409688310716
qdot5:
-0.181376607217342
0.132703656775107
-0.197168263479286
qdot6:
0.187811101078247
-0.118656126124711
0.098822237687996
qdot7:
0.118790634985938
-0.112494343132733
0.128266278448293

qdot1:
-0.117514441929649
0.006860102496574
0.047143295877676
qdot2:
0.133854299889421
0.102028561702794
0.000177364315649
qdot3:
0.249880872371302
-0.018074415598487
-0.084955157736866
qdot4:
-0.148361940083994
-0.111406199024445
-0.121988459868425
qdot5:
0.383493521503194
0.012055236857319
-0.173095517751840
qdot6:
-0.208911935598571
0.006272402067231
0.080133335436445
qdot7:
-0.437677141323155
-0.033476973517310
0.103991912286449

qdot1:
0.038561610608923
-0.071308366711494
0.036425842613903
qdot2:
-0.036199520748376
0.191066007207046
0.048917658292870
qdot3:
-0.037324808643585
0.148141795421218
-0.063325543947069
qdot4:
-0.027016003079958
-0.210093862895136
-0.175452458160648
qdot5:
0.009686085170138
0.267148151692947
-0.126665263898987
qdot6:
-0.006238034870608
-0.132692017427789
0.059110328288686
qdot7:
-0.086002712169778
-0.324611846668273
0.044443369880088

qdot1:
0.060989446651516
-0.045657884762206
0.016974886891842
qdot2:
-0.044459750584557
0.166986744467065
0.108460202669794
qdot3:
-0.046015661562229
0.123314011642099
-0.018183677663767
qdot4:
0.085495016702703
-0.228064416728383
-0.248316187559787
qdot5:
-0.173252923417931
0.273591159360225
-0.036742775455063
qdot6:
0.039760339788096
-0.136841444755146
0.014288139217227
qdot7:
0.194560526968464
-0.381819286431959
-0.073032915095220

qdot1:
0.068435439664894
-0.005088814235111
0.008535941616593
qdot2:
-0.081771252430488
0.137412927091939
0.159080483808198
qdot3:
-0.105368333921257
0.092705230586326
0.017739339982421
qdot4:
0.108735757298532
-0.171194686754519
-0.314711160858746
qdot5:
-0.183002404759436
0.158346466137667
0.035086487451090
qdot6:
0.119269505390401
-0.110393589960509
-0.026825922767376
qdot7:
0.230769616119371
-0.252401162908515
-0.178500891735651

qdot1:
0.030656373147066
0.040433195403402
0.014413551478124
qdot2:
-0.002635263166675
0.083020177377445
0.195737506673246
qdot3:
-0.026807556562688
0.022616131490232
0.036916758077787
qdot4:
-0.020032928101662
-0.098865638880601
-0.359620964926419
qdot5:
-0.114138930252395
0.036616595267802
0.067507957978320
qdot6:
0.073963677809962
-0.031057684462592
-0.050348626461539
qdot7:
0.164928168065028
-0.098897411917773
-0.236920247217054

qdot1:
0.072262382451889
0.060825257187707
0.031252371676417
qdot2:
0.065711101271582
0.081267248253869
0.223057758467112
qdot3:
0.090789496483075
0.004784232488674
0.041473314005732
qdot4:
-0.258177263306293
-0.112191178258983
-0.394718753846706
qdot5:
0.095387636185352
-0.039306544972420
0.067060631574850
qdot6:
-0.057467342133734
0.018141608632505
-0.052496511136892
qdot7:
-0.217949660624581
0.010809805469621
-0.251568815595519

qdot1:
-0.122263897415511
0.108892879556826
0.059475726032531
qdot2:
-0.159555919501449
0.124977077548305
0.257355251962544
qdot3:
-0.043835004835360
0.065175754106944
0.053107341637141
qdot4:
0.310334707437728
-0.283925997619000
-0.460591238872721
qdot5:
-0.006985729121372
0.024143575536588
0.064539098710495
qdot6:
0.006047747412375
-0.020084622035719
-0.052819625430093
qdot7:
0.142063069955311
-0.134166344318341
-0.272082447048542

qdot1:
0.112682887006485
0.027565158951181
0.082168077300498
qdot2:
-0.158034624273655
0.018843382185307
0.281271940400097
qdot3:
0.099219789273458
0.036017506240187
0.069935320661720
qdot4:
0.358156893447538
-0.077496995155937
-0.520694239018714
qdot5:
0.060586719155815
0.019496795594028
0.071796293977173
qdot6:
-0.063628916461199
-0.016061770464289
-0.058830606128982
qdot7:
-0.201372267716103
-0.039668574282098
-0.300990403506440

qdot1:
-0.551523339989950
0.102519765709352
0.103800608717037
qdot2:
-0.935483525043658
-0.086278375264209
0.270057807708240
qdot3:
-0.431395748275374
0.102016705277327
0.092889782333601
qdot4:
1.777471818395179
0.160742455565123
-0.506850897507118
qdot5:
-0.239527288346021
0.059797979116513
0.084982654422624
qdot6:
0.214242882907477
-0.058386568297372
-0.071211026315053
qdot7:
0.947957775647631
-0.173617743846709
-0.336458948302693

qdot1:
0.133633903799437
-0.264343527955820
0.076890052940689
qdot2:
0.782890920350521
-0.708544999870296
0.137882294841810
qdot3:
-0.079675291574464
-0.184939899475500
0.079100032227408
qdot4:
-1.528090260426487
1.343084377314726
-0.256771333774412
qdot5:
-0.269664389591026
-0.099531216139140
0.078375197790614
qdot6:
0.237554523270706
0.084123900378697
-0.066931025029124
qdot7:
0.791649019013545
0.456946525357088
-0.289342660360585

qdot1:
0.434292736175346
-0.175452685921665
0.003753942523537
qdot2:
0.563993809971441
-0.187780200277982
-0.011172509950080
qdot3:
0.561795861423983
-0.237938454153663
0.008777285036452
qdot4:
-0.991483708775472
0.326626531726639
0.020893997474645
qdot5:
0.622426295864801
-0.278907062955296
0.015442632905829
qdot6:
-0.548164363870411
0.242140848190441
-0.012674681014248
qdot7:
-2.222374763519661
0.983537052872031
-0.049796791826102

qdot1:
-0.200252198947580
0.113430942486609
-0.006559991369023
qdot2:
-0.266753924240485
0.187378223183593
-0.011239356912907
qdot3:
-0.254795272531953
0.135757933914375
-0.008214870818679
qdot4:
0.464758704684702
-0.332890396466024
0.019852345253088
qdot5:
-0.255884371194296
0.135119587247639
-0.008468570438201
qdot6:
0.242246018543298
-0.122488115659098
0.007223024291065
qdot7:
0.925021548693247
-0.494746215281292
0.031486901714031

qdot1:
-0.076655199578014
-0.019773177707001
0.009014869009955
qdot2:
-0.308750293404047
0.009938364977850
0.021573494411300
qdot3:
-0.041323263071654
-0.033727246700268
0.008752368485722
qdot4:
0.632085626539934
-0.023741359975029
-0.039453894078481
qdot5:
-0.021475715962443
-0.035090041986712
0.008165888059477
qdot6:
0.001483193093901
0.038649529470639
-0.006718951340415
qdot7:
0.065047379233410
0.120561292957700
-0.030738349281684

qdot1:
-0.067377184246324
-0.070762822123978
-0.006040856054132
qdot2:
-0.225773415496367
-0.195436714090174
-0.009274037501873
qdot3:
-0.078971954050070
-0.061214729633874
-0.007036050434889
qdot4:
0.410250703029827
0.396710501291766
0.022569178064496
qdot5:
-0.073364111718554
-0.049375297606072
-0.005880313813014
qdot6:
0.065647607225008
0.039636122537725
0.006299596588598
qdot7:
0.324003523829183
0.163829626425312
0.016554567358625

qdot1:
0.050987030874086
-0.115580899507506
-0.037028969572953
qdot2:
0.059858010482088
-0.345617083306356
-0.099248823594587
qdot3:
0.088453353426377
-0.113745436984376
-0.036131130521141
qdot4:
-0.224958556850379
0.669601806571281
0.199892065861719
qdot5:
0.063888753872165
-0.098175770243148
-0.030417385415443
qdot6:
-0.064515377676450
0.083303716747324
0.026743932799102
qdot7:
-0.200105669271059
0.379350876919012
0.106883014979372

qdot1:
0.109965694893939
-0.081665254013671
-0.069830107936782
qdot2:
0.256771843580340
-0.305800623538573
-0.207576625954364
qdot3:
0.081694441036021
-0.054907875233460
-0.064177409400700
qdot4:
-0.549820436648394
0.519963466504300
0.397711361287261
qdot5:
0.060028879290565
-0.055678133290679
-0.056002589930402
qdot6:
-0.036136011236446
0.040389261038404
0.047313512517411
qdot7:
-0.143647336458431
0.246244225600880
0.210916635666861

qdot1:
0.085113837959297
-0.008518074023601
-0.084827185285332
qdot2:
0.344342203339796
-0.135000663815964
-0.280879875520231
qdot3:
0.053769396232202
-0.000566219061382
-0.073402499016340
qdot4:
-0.487150608421977
0.154232913166469
0.509827153353133
qdot5:
0.016467614262256
-0.015748014699566
-0.067880433534444
qdot6:
-0.022056039328448
0.016352243670533
0.056749366721432
qdot7:
-0.182789636868247
0.150692630304243
0.276925429753937

qdot1:
0.065077344868222
0.048098102783713
-0.078245206490671
qdot2:
0.063696897332774
0.094049506331796
-0.287689866786564
qdot3:
-0.027966050796235
0.035200205258018
-0.067643024608111
qdot4:
-0.028802109110052
-0.169810810386437
0.507236619885139
qdot5:
-0.047299380094313
-0.004794057234831
-0.071296486683118
qdot6:
0.028590860616436
0.001680967504070
0.059748207734667
qdot7:
-0.033165777139977
0.029104288765392
0.306824839777971

qdot1:
-0.033594876466532
0.091386368846534
-0.055049573157025
qdot2:
-0.047996091010202
0.136419523804093
-0.249363915121032
qdot3:
0.015282301547315
0.016597696965076
-0.059029269016708
qdot4:
0.073038279753089
-0.188969449462001
0.447573094207131
qdot5:
0.023285852736021
-0.036256744507570
-0.078123048336469
qdot6:
-0.034801788971584
0.020699087924247
0.063469909180245
qdot7:
-0.082245066553034
0.007043017090546
0.312835972363798

qdot1:
-0.074434272734763
0.069039668104892
-0.028371452741159
qdot2:
0.022782599383254
0.104493397103133
-0.209301191913284
qdot3:
0.066600668779117
0.026763205972427
-0.051818548039679
qdot4:
-0.005373838620448
-0.140385714321536
0.392802828195605
qdot5:
0.207219816385115
-0.020767418832442
-0.087605907385461
qdot6:
-0.128660351003202
-0.002450429062265
0.066504578164155
qdot7:
-0.223749543209903
-0.047664905159684
0.306080737103848

qdot1:
-0.135613131981143
0.019527343825842
-0.013643161411012
qdot2:
0.135408359188879
0.119647967802076
-0.172027502200882
qdot3:
0.212055623122407
0.071064759391825
-0.035550202267247
qdot4:
-0.213986486142808
-0.143960294022839
0.345517380056790
qdot5:
0.361260422052860
0.117071433741088
-0.071590987643711
qdot6:
-0.167443144259258
-0.088032954244268
0.051457602988812
qdot7:
-0.418503012667456
-0.196499031344731
0.265477384786113

qdot1:
-0.040288795454452
-0.070680044793030
-0.022149622967577
qdot2:
-0.019614834627755
0.209719145284309
-0.117255249074631
qdot3:
0.018616388528514
0.212120302644672
0.011542185779911
qdot4:
0.046274096469580
-0.286300212234854
0.273967014453669
qdot5:
0.115574270866823
0.357375295237859
0.007307345863378
qdot6:
-0.014278365419182
-0.199413088049163
0.003656633301515
qdot7:
-0.109785420968004
-0.474879622887380
0.153830167647229

qdot1:
0.246701325603907
-0.097479418684427
-0.050113777047363
qdot2:
-0.049154197129213
0.196671714079734
-0.049674297203931
qdot3:
-0.524016961941668
0.224503585665560
0.084150752881217
qdot4:
0.173385822747268
-0.255519524979589
0.183864856052308
qdot5:
-0.764301959191846
0.434253197946249
0.138951564390019
qdot6:
0.369413496203107
-0.208910797005473
-0.064245771951195
qdot7:
0.777113345112954
-0.547906887941064
-0.016254578034463

qdot1:
-0.056332535006979
0.066621815660909
-0.055245256106810
qdot2:
-0.023606741401248
0.163975236254119
0.010299650613122
qdot3:
0.112166557111816
-0.124062965657256
0.100853571240042
qdot4:
-0.026669014978212
-0.140186429540568
0.118060755268092
qdot5:
-0.068999764193729
-0.074146562812696
0.198835660246319
qdot6:
-0.028105427308040
0.036816341113302
-0.092864297375372
qdot7:
0.132907294518381
-0.030985226303874
-0.112521704151267

qdot1:
-0.042740323477350
0.029150438051495
-0.039318765833838
qdot2:
-0.043908391479970
0.148272461275781
0.062225022781992
qdot3:
0.043633925683709
-0.049451812153085
0.071998852739714
qdot4:
0.084689954703971
-0.157926173200176
0.068485985084042
qdot5:
0.183389557659208
-0.120043950862842
0.166542660893455
qdot6:
-0.083448353187744
0.018121122099938
-0.083728447068300
qdot7:
-0.178240940737991
0.057422288453396
-0.108125340936982

qdot1:
0.080396533492388
0.000720352312057
-0.034351389232263
qdot2:
-0.014805137424606
0.119065397947917
0.106682093065722
qdot3:
-0.090778249217928
-0.020427318480418
0.060378271087117
qdot4:
0.074775921081798
-0.101591955823955
0.025329300372679
qdot5:
-0.132695162914313
0.001943447073720
0.146903084169293
qdot6:
0.155346380370365
-0.037387204532165
-0.086932308965260
qdot7:
0.180540715582652
-0.061140343159456
-0.108743636526938

qdot1:
0.019147888560635
0.054198663994781
-0.025218606561839
qdot2:
-0.168042855991326
0.109217289835474
0.144644465940313
qdot3:
-0.064084759043090
-0.080811358622497
0.043542739462582
qdot4:
0.105215653257339
-0.051852373278971
-0.000187793776939
qdot5:
-0.161391496476769
-0.086322961599154
0.132871154615218
qdot6:
0.139837053508128
0.065946381971487
-0.082183047628492
qdot7:
0.162940332808877
0.058952056847632
-0.109107538589475

qdot1:
0.024817976383998
0.066935491169160
-0.005074547409419
qdot2:
0.098898916229232
-0.002561761304961
0.162380795324404
qdot3:
-0.034606374246034
-0.123439374649372
0.009576771339179
qdot4:
-0.104139055595988
0.018135165416714
-0.005794812117163
qdot5:
0.004999309926762
-0.193677649377367
0.086308326298207
qdot6:
0.015774818595629
0.158963446357846
-0.044781565943206
qdot7:
-0.038166128589120
0.167337002380949
-0.071476697077625

qdot1:
-0.097538985002572
0.083443957625908
0.019932871082388
qdot2:
-0.232390068292574
0.063223998819774
0.172468649564711
qdot3:
0.177133250709754
-0.146458905315002
-0.035306085270343
qdot4:
0.129112703462433
-0.051136240097730
-0.011282740765926
qdot5:
0.177144851482773
-0.190352199350505
0.022445908810757
qdot6:
-0.177925570582789
0.169456568746952
0.009833189095587
qdot7:
-0.118968865905102
0.141949587877497
-0.020043743582515

qdot1:
0.121060886849986
0.018562799016277
0.036896130841502
qdot2:
0.418089742894258
-0.091357647480891
0.167790151728688
qdot3:
-0.171955009607868
-0.028633088960280
-0.064423087696480
qdot4:
-0.414996643738046
0.034747181711955
-0.014008166647080
qdot5:
-0.149548827081869
-0.072518666372585
-0.021268320767245
qdot6:
0.165169857568258
0.051103715624822
0.046511361400058
qdot7:
0.033326706474391
0.062813662296630
0.014007453771089

qdot1:
-0.267538896038971
0.099090298876250
0.056461305999615
qdot2:
-0.574898363654173
0.186748044525919
0.183653140974350
qdot3:
0.419146710871252
-0.143014433525168
-0.092967290127525
qdot4:
0.518134409272836
-0.241301036998980
-0.048357133488273
qdot5:
0.402764427236560
-0.171995825885031
-0.061929968912603
qdot6:
-0.417631460693500
0.160971700473482
0.081778538695154
qdot7:
-0.200666172922756
0.084981981237457
0.038585197197716

qdot1:
0.514832149623579
-0.078871708291370
0.059823565670879
qdot2:
1.647718878554673
-0.195663889693821
0.182170476467275
qdot3:
-0.811880011308351
0.135794334353909
-0.094167959786676
qdot4:
-1.450105166891289
0.103352547290952
-0.071297340013053
qdot5:
-0.704450227099267
0.095915744910619
-0.074581740408391
qdot6:
0.794646666008338
-0.116829150549443
0.089119244011545
qdot7:
0.167126748582253
-0.048497506914339
0.044652399366379

qdot1:
-1.611028349567845
0.263585272947299
0.090540591497720
qdot2:
-5.413414845793185
0.900368736653168
0.299359687907550
qdot3:
2.470354849073848
-0.404253481237948
-0.138811495109322
qdot4:
4.373359989278444
-0.861231032610335
-0.197329085708215
qdot5:
2.210807309380575
-0.372671732351039
-0.120605002586107
qdot6:
-2.487058398021516
0.411755357219852
0.138164131019071
qdot7:
-0.613413408810792
0.062672166241385
0.047009580753932

coefs_qdotdot:
qdotdot1:
0.380603448764304
-0.189774946171325
qdotdot2:
1.580645816941332
-0.799510907068074
qdotdot3:
-0.611895403773891
0.293494288217946
qdotdot4:
-1.551400607319334
0.624422467138731
qdotdot5:
-0.536870276280246
0.250531995714018
qdotdot6:
0.611057559271633
-0.288309763917809
qdotdot7:
-0.029269412878354
-0.024805833025192

qdotdot1:
-0.086986612216234
-0.063189700661552
qdotdot2:
0.526784200348801
-0.273802484164575
qdotdot3:
0.155969943805123
0.089983442048534
qdotdot4:
-0.127487048184452
0.108440734973334
qdotdot5:
0.147597471614831
0.071973824603172
qdotdot6:
-0.139512754210215
-0.085077577209738
qdotdot7:
-0.132491471757986
-0.034540573546232

qdotdot1:
0.334154643403617
-0.092120656750377
qdotdot2:
0.815667326739734
-0.098598850176704
qdotdot3:
-0.445663967398203
0.141857626827515
qdotdot4:
-0.852074574435258
0.066039702228781
qdotdot5:
-0.388443097294960
0.121063401278436
qdotdot6:
0.405712615495979
-0.131478250405901
qdotdot7:
0.086531866984930
-0.078606032056625

qdotdot1:
0.151152960038238
0.019016138543541
qdotdot2:
-0.311107284933983
0.172684684286459
qdotdot3:
-0.283405826566518
-0.006366155461165
qdotdot4:
0.232504765910443
-0.217352551697738
qdotdot5:
-0.275554613155714
-0.008129240031836
qdotdot6:
0.260852469653391
0.003458075593538
qdotdot7:
0.286888276658566
-0.049826320095870

qdotdot1:
-0.058710007956517
0.069288238331628
qdotdot2:
-0.186188586694389
0.069213230806186
qdotdot3:
0.087245019471728
-0.100624355830335
qdotdot4:
0.174578124251355
-0.140023581162866
qdotdot5:
-0.012312988851986
-0.099776198226551
qdotdot6:
0.003011581624624
0.090215234573864
qdotdot7:
0.030873302238771
0.045590111501389

qdotdot1:
0.026301823078661
0.049761823646777
qdotdot2:
0.012007575871417
0.007288600237685
qdotdot3:
-0.110973071137113
-0.071607455838520
qdotdot4:
0.226201423984751
-0.081960484806956
qdotdot5:
-0.168954877924851
-0.103871386333355
qdotdot6:
0.147151822607127
0.091216859232189
qdotdot7:
0.193649180610354
0.055858291036495

qdotdot1:
0.081297596380012
0.058509570790363
qdotdot2:
0.033027001021466
0.011282210764850
qdotdot3:
-0.104607256915080
-0.108516090010052
qdotdot4:
-0.020414304605657
-0.006727948468322
qdotdot5:
-0.254460312258015
-0.160064242103917
qdotdot6:
0.180908608674427
0.140158217100623
qdotdot7:
0.262130071641539
0.120264247288111

qdotdot1:
-0.002164675063190
0.085548411953075
qdotdot2:
0.067567132167508
0.022266690927411
qdotdot3:
-0.032442620114840
-0.143307512267761
qdotdot4:
-0.015299229448889
-0.013517560514162
qdotdot5:
0.107267785055322
-0.244695427670555
qdotdot6:
-0.118237139487971
0.200326775000541
qdotdot7:
-0.142432735154245
0.207446325070037

qdotdot1:
-0.105211514252043
0.084828460714555
qdotdot2:
0.525600009819927
0.044738904570204
qdotdot3:
0.153771615208780
-0.154097632655662
qdotdot4:
-0.813595997329273
-0.018605945083944
qdotdot5:
0.171665960726261
-0.209019137950631
qdotdot6:
-0.391508726063259
0.161002177761469
qdotdot7:
-0.396965580116733
0.160074492768817

qdotdot1:
-0.234857309772584
0.049836067962230
qdotdot2:
-0.134988384473730
0.219548687558264
qdotdot3:
0.497436881021655
-0.102954591974252
qdotdot4:
0.778188268908412
-0.289200574223716
qdotdot5:
0.855790862304119
-0.151924600697339
qdotdot6:
-0.449338992847536
0.030789936204439
qdotdot7:
-0.422566258305871
0.028047351183128

qdotdot1:
0.105641613232807
-0.028275337265046
qdotdot2:
-0.218358998309152
0.174652778587779
qdotdot3:
-0.242227928902158
0.062488390516262
qdotdot4:
-0.243614495328202
-0.030382233527073
qdotdot5:
-0.362753214434685
0.132703656775107
qdotdot6:
0.375622202156495
-0.118656126124711
qdotdot7:
0.237581269971876
-0.112494343132733

qdotdot1:
-0.235028883859297
0.006860102496574
qdotdot2:
0.267708599778842
0.102028561702794
qdotdot3:
0.499761744742604
-0.018074415598487
qdotdot4:
-0.296723880167987
-0.111406199024445
qdotdot5:
0.766987043006388
0.012055236857319
qdotdot6:
-0.417823871197141
0.006272402067231
qdotdot7:
-0.875354282646310
-0.033476973517310

qdotdot1:
0.077123221217845
-0.071308366711494
qdotdot2:
-0.072399041496752
0.191066007207046
qdotdot3:
-0.074649617287171
0.148141795421218
qdotdot4:
-0.054032006159917
-0.210093862895136
qdotdot5:
0.019372170340275
0.267148151692947
qdotdot6:
-0.012476069741217
-0.132692017427789
qdotdot7:
-0.172005424339556
-0.324611846668273

qdotdot1:
0.121978893303032
-0.045657884762206
qdotdot2:
-0.088919501169113
0.166986744467065
qdotdot3:
-0.092031323124458
0.123314011642099
qdotdot4:
0.170990033405406
-0.228064416728383
qdotdot5:
-0.346505846835863
0.273591159360225
qdotdot6:
0.079520679576192
-0.136841444755146
qdotdot7:
0.389121053936927
-0.381819286431959

qdotdot1:
0.136870879329788
-0.005088814235111
qdotdot2:
-0.163542504860975
0.137412927091939
qdotdot3:
-0.210736667842514
0.092705230586326
qdotdot4:
0.217471514597064
-0.171194686754519
qdotdot5:
-0.366004809518871
0.158346466137667
qdotdot6:
0.238539010780802
-0.110393589960509
qdotdot7:
0.461539232238742
-0.252401162908515

qdotdot1:
0.061312746294133
0.040433195403402
qdotdot2:
-0.005270526333349
0.083020177377445
qdotdot3:
-0.053615113125376
0.022616131490232
qdotdot4:
-0.040065856203323
-0.098865638880601
qdotdot5:
-0.228277860504790
0.036616595267802
qdotdot6:
0.147927355619925
-0.031057684462592
qdotdot7:
0.329856336130056
-0.098897411917773

qdotdot1:
0.144524764903779
0.060825257187707
qdotdot2:
0.131422202543165
0.081267248253869
qdotdot3:
0.181578992966151
0.004784232488674
qdotdot4:
-0.516354526612585
-0.112191178258983
qdotdot5:
0.190775272370703
-0.039306544972420
qdotdot6:
-0.114934684267468
0.018141608632505
qdotdot7:
-0.435899321249162
0.010809805469621

qdotdot1:
-0.244527794831021
0.108892879556826
qdotdot2:
-0.319111839002898
0.124977077548305
qdotdot3:
-0.087670009670720
0.065175754106944
qdotdot4:
0.620669414875456
-0.283925997619000
qdotdot5:
-0.013971458242744
0.024143575536588
qdotdot6:
0.012095494824750
-0.020084622035719
qdotdot7:
0.284126139910622
-0.134166344318341

qdotdot1:
0.225365774012971
0.027565158951181
qdotdot2:
-0.316069248547309
0.018843382185307
qdotdot3:
0.198439578546917
0.036017506240187
qdotdot4:
0.716313786895077
-0.077496995155937
qdotdot5:
0.121173438311629
0.019496795594028
qdotdot6:
-0.127257832922397
-0.016061770464289
qdotdot7:
-0.402744535432206
-0.039668574282098

qdotdot1:
-1.103046679979900
0.102519765709352
qdotdot2:
-1.870967050087316
-0.086278375264209
qdotdot3:
-0.862791496550747
0.102016705277327
qdotdot4:
3.554943636790357
0.160742455565123
qdotdot5:
-0.479054576692042
0.059797979116513
qdotdot6:
0.428485765814954
-0.058386568297372
qdotdot7:
1.895915551295262
-0.173617743846709

qdotdot1:
0.267267807598873
-0.264343527955820
qdotdot2:
1.565781840701042
-0.708544999870296
qdotdot3:
-0.159350583148929
-0.184939899475500
qdotdot4:
-3.056180520852973
1.343084377314726
qdotdot5:
-0.539328779182053
-0.099531216139140
qdotdot6:
0.475109046541411
0.084123900378697
qdotdot7:
1.583298038027089
0.456946525357088

qdotdot1:
0.868585472350693
-0.175452685921665
qdotdot2:
1.127987619942883
-0.187780200277982
qdotdot3:
1.123591722847966
-0.237938454153663
qdotdot4:
-1.982967417550944
0.326626531726639
qdotdot5:
1.244852591729602
-0.278907062955296
qdotdot6:
-1.096328727740822
0.242140848190441
qdotdot7:
-4.444749527039322
0.983537052872031

qdotdot1:
-0.400504397895160
0.113430942486609
qdotdot2:
-0.533507848480971
0.187378223183593
qdotdot3:
-0.509590545063906
0.135757933914375
qdotdot4:
0.929517409369405
-0.332890396466024
qdotdot5:
-0.511768742388591
0.135119587247639
qdotdot6:
0.484492037086595
-0.122488115659098
qdotdot7:
1.850043097386495
-0.494746215281292

qdotdot1:
-0.153310399156027
-0.019773177707001
qdotdot2:
-0.617500586808093
0.009938364977850
qdotdot3:
-0.082646526143309
-0.033727246700268
qdotdot4:
1.264171253079868
-0.023741359975029
qdotdot5:
-0.042951431924886
-0.035090041986712
qdotdot6:
0.002966386187803
0.038649529470639
qdotdot7:
0.130094758466821
0.120561292957700

qdotdot1:
-0.134754368492648
-0.070762822123978
qdotdot2:
-0.451546830992734
-0.195436714090174
qdotdot3:
-0.157943908100139
-0.061214729633874
qdotdot4:
0.820501406059654
0.396710501291766
qdotdot5:
-0.146728223437107
-0.049375297606072
qdotdot6:
0.131295214450016
0.039636122537725
qdotdot7:
0.648007047658365
0.163829626425312

qdotdot1:
0.101974061748173
-0.115580899507506
qdotdot2:
0.119716020964176
-0.345617083306356
qdotdot3:
0.176906706852754
-0.113745436984376
qdotdot4:
-0.449917113700758
0.669601806571281
qdotdot5:
0.127777507744329
-0.098175770243148
qdotdot6:
-0.129030755352900
0.083303716747324
qdotdot7:
-0.400211338542118
0.379350876919012

qdotdot1:
0.219931389787878
-0.081665254013671
qdotdot2:
0.513543687160680
-0.305800623538573
qdotdot3:
0.163388882072041
-0.054907875233460
qdotdot4:
-1.099640873296787
0.519963466504300
qdotdot5:
0.120057758581129
-0.055678133290679
qdotdot6:
-0.072272022472892
0.040389261038404
qdotdot7:
-0.287294672916862
0.246244225600880

qdotdot1:
0.170227675918593
-0.008518074023601
qdotdot2:
0.688684406679591
-0.135000663815964
qdotdot3:
0.107538792464404
-0.000566219061382
qdotdot4:
-0.974301216843954
0.154232913166469
qdotdot5:
0.032935228524511
-0.015748014699566
qdotdot6:
-0.044112078656896
0.016352243670533
qdotdot7:
-0.365579273736494
0.150692630304243

qdotdot1:
0.130154689736445
0.048098102783713
qdotdot2:
0.127393794665547
0.094049506331796
qdotdot3:
-0.055932101592470
0.035200205258018
qdotdot4:
-0.057604218220105
-0.169810810386437
qdotdot5:
-0.094598760188625
-0.004794057234831
qdotdot6:
0.057181721232871
0.001680967504070
qdotdot7:
-0.066331554279955
0.029104288765392

qdotdot1:
-0.067189752933063
0.091386368846534
qdotdot2:
-0.095992182020403
0.136419523804093
qdotdot3:
0.030564603094630
0.016597696965076
qdotdot4:
0.146076559506178
-0.188969449462001
qdotdot5:
0.046571705472041
-0.036256744507570
qdotdot6:
-0.069603577943167
0.020699087924247
qdotdot7:
-0.164490133106068
0.007043017090546

qdotdot1:
-0.148868545469526
0.069039668104892
qdotdot2:
0.045565198766508
0.104493397103133
qdotdot3:
0.133201337558233
0.026763205972427
qdotdot4:
-0.010747677240897
-0.140385714321536
qdotdot5:
0.414439632770230
-0.020767418832442
qdotdot6:
-0.257320702006405
-0.002450429062265
qdotdot7:
-0.447499086419806
-0.047664905159684

qdotdot1:
-0.271226263962287
0.019527343825842
qdotdot2:
0.270816718377758
0.119647967802076
qdotdot3:
0.424111246244815
0.071064759391825
qdotdot4:
-0.427972972285615
-0.143960294022839
qdotdot5:
0.722520844105720
0.117071433741088
qdotdot6:
-0.334886288518516
-0.088032954244268
qdotdot7:
-0.837006025334912
-0.196499031344731

qdotdot1:
-0.080577590908905
-0.070680044793030
qdotdot2:
-0.039229669255511
0.209719145284309
qdotdot3:
0.037232777057028
0.212120302644672
qdotdot4:
0.092548192939159
-0.286300212234854
qdotdot5:
0.231148541733646
0.357375295237859
qdotdot6:
-0.028556730838365
-0.199413088049163
qdotdot7:
-0.219570841936008
-0.474879622887380

qdotdot1:
0.493402651207813
-0.097479418684427
qdotdot2:
-0.098308394258427
0.196671714079734
qdotdot3:
-1.048033923883337
0.224503585665560
qdotdot4:
0.346771645494537
-0.255519524979589
qdotdot5:
-1.528603918383691
0.434253197946249
qdotdot6:
0.738826992406213
-0.208910797005473
qdotdot7:
1.554226690225907
-0.547906887941064

qdotdot1:
-0.112665070013958
0.066621815660909
qdotdot2:
-0.047213482802497
0.163975236254119
qdotdot3:
0.224333114223632
-0.124062965657256
qdotdot4:
-0.053338029956423
-0.140186429540568
qdotdot5:
-0.137999528387458
-0.074146562812696
qdotdot6:
-0.056210854616079
0.036816341113302
qdotdot7:
0.265814589036761
-0.030985226303874

qdotdot1:
-0.085480646954700
0.029150438051495
qdotdot2:
-0.087816782959939
0.148272461275781
qdotdot3:
0.087267851367417
-0.049451812153085
qdotdot4:
0.169379909407942
-0.157926173200176
qdotdot5:
0.366779115318416
-0.120043950862842
qdotdot6:
-0.166896706375487
0.018121122099938
qdotdot7:
-0.356481881475982
0.057422288453396

qdotdot1:
0.160793066984777
0.000720352312057
qdotdot2:
-0.029610274849213
0.119065397947917
qdotdot3:
-0.181556498435857
-0.020427318480418
qdotdot4:
0.149551842163596
-0.101591955823955
qdotdot5:
-0.265390325828627
0.001943447073720
qdotdot6:
0.310692760740730
-0.037387204532165
qdotdot7:
0.361081431165303
-0.061140343159456

qdotdot1:
0.038295777121269
0.054198663994781
qdotdot2:
-0.336085711982653
0.109217289835474
qdotdot3:
-0.128169518086180
-0.080811358622497
qdotdot4:
0.210431306514678
-0.051852373278971
qdotdot5:
-0.322782992953538
-0.086322961599154
qdotdot6:
0.279674107016256
0.065946381971487
qdotdot7:
0.325880665617753
0.058952056847632

qdotdot1:
0.049635952767995
0.066935491169160
qdotdot2:
0.197797832458464
-0.002561761304961
qdotdot3:
-0.069212748492067
-0.123439374649372
qdotdot4:
-0.208278111191975
0.018135165416714
qdotdot5:
0.009998619853525
-0.193677649377367
qdotdot6:
0.031549637191259
0.158963446357846
qdotdot7:
-0.076332257178240
0.167337002380949

qdotdot1:
-0.195077970005144
0.083443957625908
qdotdot2:
-0.464780136585148
0.063223998819774
qdotdot3:
0.354266501419507
-0.146458905315002
qdotdot4:
0.258225406924866
-0.051136240097730
qdotdot5:
0.354289702965547
-0.190352199350505
qdotdot6:
-0.355851141165579
0.169456568746952
qdotdot7:
-0.237937731810205
0.141949587877497

qdotdot1:
0.242121773699972
0.018562799016277
qdotdot2:
0.836179485788517
-0.091357647480891
qdotdot3:
-0.343910019215736
-0.028633088960280
qdotdot4:
-0.829993287476092
0.034747181711955
qdotdot5:
-0.299097654163737
-0.072518666372585
qdotdot6:
0.330339715136516
0.051103715624822
qdotdot7:
0.066653412948782
0.062813662296630

qdotdot1:
-0.535077792077941
0.099090298876250
qdotdot2:
-1.149796727308347
0.186748044525919
qdotdot3:
0.838293421742503
-0.143014433525168
qdotdot4:
1.036268818545672
-0.241301036998980
qdotdot5:
0.805528854473120
-0.171995825885031
qdotdot6:
-0.835262921387000
0.160971700473482
qdotdot7:
-0.401332345845512
0.084981981237457

qdotdot1:
1.029664299247157
-0.078871708291370
qdotdot2:
3.295437757109346
-0.195663889693821
qdotdot3:
-1.623760022616702
0.135794334353909
qdotdot4:
-2.900210333782579
0.103352547290952
qdotdot5:
-1.408900454198534
0.095915744910619
qdotdot6:
1.589293332016675
-0.116829150549443
qdotdot7:
0.334253497164505
-0.048497506914339

qdotdot1:
-3.222056699135690
0.263585272947299
qdotdot2:
-10.826829691586370
0.900368736653168
qdotdot3:
4.940709698147695
-0.404253481237948
qdotdot4:
8.746719978556888
-0.861231032610335
qdotdot5:
4.421614618761151
-0.372671732351039
qdotdot6:
-4.974116796043031
0.411755357219852
qdotdot7:
-1.226826817621584
0.062672166241385

