nSeg: 64

breaks: 
0.000000000000000
0.328671876341105
0.657343752682209
0.986015629023314
1.314687505364418
1.643359381705523
1.972031258046627
2.300703134387732
2.629375010728836
2.958046887069941
3.286718763411045
3.615390639752150
3.944062516093254
4.272734392434359
4.601406268775463
4.930078145116568
5.258750021457672
5.587421897798777
5.916093774139881
6.244765650480986
6.573437526822090
6.902109403163195
7.230781279504299
7.559453155845404
7.888125032186508
8.216796908527613
8.545468784868717
8.874140661209822
9.202812537550926
9.531484413892031
9.860156290233135
10.188828166574240
10.517500042915344
10.846171919256449
11.174843795597553
11.503515671938658
11.832187548279762
12.160859424620867
12.489531300961971
12.818203177303076
13.146875053644180
13.475546929985285
13.804218806326389
14.132890682667494
14.461562559008598
14.790234435349703
15.118906311690807
15.447578188031912
15.776250064373016
16.104921940714121
16.433593817055225
16.762265693396330
17.090937569737434
17.419609446078539
17.748281322419643
18.076953198760748
18.405625075101852
18.734296951442957
19.062968827784061
19.391640704125166
19.720312580466270
20.048984456807375
20.377656333148479
20.706328209489584
21.035000085830688

coefs_q:
q1:
0.000020136575177
-0.000010703802880
0.000000000000000
-2.783973693999998
q2:
0.009791770888916
-0.003954820300504
0.000000000000000
1.771064281000000
q3:
-0.117911454466448
0.077775491724660
-0.000000000000000
0.984594882000000
q4:
0.027856280440531
-0.011204419182108
0.000000000000000
-1.571437955000000
q5:
-0.025312992721534
0.010178146716654
-0.000000000000000
-2.069939374999999
q6:
-0.063974456166804
0.025688950106867
-0.000000000000000
0.706179261000000
q7:
0.000159673496102
-0.000106235002337
0.000000000000000
-0.911101341000000

q1:
0.000089214133386
0.000009151174960
-0.000000510305132
-2.783974135334470
q2:
-0.017045608857181
0.005700018831783
0.000573597675863
1.770984716053792
q3:
0.022362130129742
-0.038487045220129
0.012913007431171
0.988810167202987
q4:
-0.046993619440613
0.016262308698712
0.001662386037749
-1.571659281703515
q5:
0.043034143249115
-0.014780859724132
-0.001512782320428
-2.069738612548556
q6:
0.113822666011559
-0.037390863531868
-0.003846089842177
0.706682911822367
q7:
0.000136003381284
0.000051205560360
-0.000018086629948
-0.911107147874740

q1:
-0.000282456195369
0.000097117704808
0.000034417286978
-2.783970146965828
q2:
0.038108653127958
-0.011107217907617
-0.001203596590141
1.771183785449308
q3:
0.112807617091536
-0.016437635413950
-0.005139190410267
0.989690702723808
q4:
0.054413955498502
-0.030074134534106
-0.002877172675267
-1.571024664196273
q5:
-0.081819585948031
0.027651478101123
0.002717427971208
-2.070304606288293
q6:
-0.118965839224198
0.074840064092629
0.008462409173603
0.705420910880479
q7:
-0.002189478133808
0.000185307019906
0.000059648403586
-0.911102732171226

q1:
0.000277100300140
-0.000181388518341
0.000006719840574
-2.783958372375529
q2:
-0.172549210270952
0.026468509677579
0.003845227998915
1.770941379496191
q3:
-0.098983636340997
0.094792438111182
0.020613829612569
0.990231133542614
q4:
-0.139377779114114
0.023578876024396
-0.005011981476973
-1.573287115298496
q5:
0.171572095969970
-0.053023912403852
-0.005621777618411
-2.069329399415719
q6:
0.138114267647185
-0.042462112702305
0.019104131209142
0.712063016052763
q7:
0.022913275586161
-0.001973552639434
-0.000528097639543
-0.911140846673997

q1:
-0.000179074423666
0.000091836708404
-0.000022713320828
-2.783965919880844
q2:
-0.037813223377162
-0.143667708425210
-0.034674852559143
1.768938130783757
q3:
0.086281839142010
-0.002806974338601
0.050846864586810
1.003731893145190
q4:
0.009472589582824
-0.113849792520680
-0.034681492980838
-1.577335886375924
q5:
0.256449015479557
0.116148855726826
0.015125615947477
-2.070813397644450
q6:
0.117221876010425
0.093720713788929
0.035951391806903
0.718658754182214
q7:
-0.182874901441006
0.020619295200639
0.005600233553822
-0.910714078619729

q1:
0.000324650870430
-0.000084733472089
-0.000020378686820
-2.783969822441438
q2:
0.162657050544953
-0.180952137658841
-0.141368266469148
1.740679195994858
q3:
0.019630620209528
0.082268267556297
0.076963556925161
1.023204026969632
q4:
0.180030077634048
-0.104509671144691
-0.106450107620573
-1.600697041783123
q5:
-0.295544535070012
0.369011593037311
0.174584210969278
-2.044189846649827
q6:
-0.170561980557812
0.209303315598641
0.135546868122158
0.744761109298511
q7:
0.088274283485370
-0.159698215776290
-0.040111096231273
-0.913138981014723

q1:
-0.000704667963405
0.000235377360131
0.000029133722522
-2.783974147014000
q2:
0.042159964514142
-0.020569743650682
-0.207602841322939
1.680443144841811
q3:
0.001526713421021
0.101624365890312
0.137403893805365
1.058083812025626
q4:
0.003794228468006
0.073002799096761
-0.116805530374206
-1.640581936589556
q5:
-0.121192481182359
0.077600062385850
0.321372901753015
-1.957439637646505
q6:
-0.017357737514883
0.041126537051468
0.217856117684495
0.805865808944040
q7:
0.079325205181926
-0.072658392618881
-0.116480178692769
-0.940439637506109

q1:
0.001363519006091
-0.000459436265058
-0.000044508138171
-2.783964164019282
q2:
0.037391890124732
0.021000640279330
-0.207461217719492
1.611484761775925
q3:
-0.096548777028981
0.103129729184479
0.204700806422122
1.114276806027668
q4:
0.000336043773304
0.076743967666300
-0.067587979566177
-1.670951773786763
q5:
-0.128500611463838
-0.041897618180069
0.333107291080093
-1.847733560957028
q6:
-0.155995769446965
0.024011536577309
0.239265170565310
0.881295406604394
q7:
0.066941945925933
0.005557499465979
-0.138534355149498
-0.983755904766430

q1:
-0.002616301788655
0.000885014785418
0.000095367552646
-2.783980011755807
q2:
-0.050409919730212
0.057869628341039
-0.181538778544509
1.546894285792560
q3:
0.011675096891824
0.007931126070816
0.241203386106927
1.189268864567745
q4:
-0.056810792447271
0.077075312078813
-0.017031908274913
-1.684863828034214
q5:
0.036559182694047
-0.168601229422466
0.263922239870927
-1.747338955666619
q6:
-0.019118649526599
-0.129802730158916
0.204494580470478
0.956990384493263
q7:
-0.000678175097747
0.071563304386183
-0.113186915842473
-1.026311137730599

q1:
0.004910536279745
-0.001694699668438
-0.000170753097101
-2.783945954614022
q2:
0.031583023514526
0.008164659629239
-0.159835165214469
1.491689176694662
q3:
-0.061544647996663
0.019442954076516
0.250200476392063
1.269816918073962
q4:
0.029436052373411
0.021058982828605
0.015222074565719
-1.684152719538210
q5:
0.060113491357065
-0.132553303901817
0.164941214334605
-1.677510291647151
q6:
0.062310238314918
-0.148654017397962
0.112973678771118
1.009501231068031
q7:
-0.055506549733639
0.070894613140589
-0.066365004789303
-1.055805931806767

q1:
-0.008478290469444
0.003147165850277
0.000306631688206
-2.784010798795301
q2:
0.142223515068018
0.039306014426372
-0.144232889701434
1.441159192430398
q3:
-0.189130538220278
-0.041241030730933
0.243036061637428
1.351965973913541
q4:
-0.062793662695033
0.050083390525537
0.038604571903384
-1.675829628344306
q5:
-0.075595376935556
-0.073280461908593
0.097289444311342
-1.635483530465999
q6:
-0.053180722163615
-0.087215148571285
0.035450117420994
1.032786437156441
q7:
-0.007502654236062
0.016164287590061
-0.037751192533966
-1.071930589024402

q1:
0.011478015138552
-0.005212561059994
-0.000372205630757
-2.783871064752231
q2:
-0.155173727209862
0.179540623098071
-0.072304154715334
1.403049562092343
q3:
0.196212050764379
-0.227726697341717
0.154633933776586
1.420674971002387
q4:
0.004114282963706
-0.011832142295384
0.051176681431578
-1.659960602187654
q5:
-0.109980056347411
-0.147818685048960
0.024620372823385
-1.614107365189357
q6:
-0.210023157642839
-0.139652171787356
-0.039114790441759
1.033128286350952
q7:
0.145950055357089
0.008766553254147
-0.029557126294939
-1.082858574454469

q1:
0.123667126651538
0.006104941256785
-0.000078905357069
-2.784148961079180
q2:
-0.036483713422419
0.026536902855347
-0.004572267588492
1.393170712748432
q3:
-0.007572500131779
-0.034258548685324
0.068526751391193
1.453865052246093
q4:
0.133822744647310
-0.007775394990946
0.044732235361252
-1.644272358858955
q5:
0.338218846737809
-0.256260739488372
-0.108189169830133
-1.625888309369181
q6:
0.514482032025563
-0.346738287680023
-0.198977655389314
0.997729560821035
q7:
-0.166291016179771
0.152675588893055
0.023504365485109
-1.086444227695232

q1:
-0.022886516718581
0.128042660931607
0.044011638760850
-2.779124625258136
q2:
0.016710319732488
-0.009436608783966
0.001048118149934
1.393239242656225
q3:
0.019789657266034
-0.041725152166039
0.043553045861034
1.472418221102750
q4:
0.051267752719336
0.124175922750097
0.082989815226947
-1.625658713815878
q5:
-0.005358686131545
0.077228329425349
-0.167032087971417
-1.677121256996718
q6:
-0.165033536502598
0.160549036748855
-0.260172825847406
0.913141333084800
q7:
-0.077481986418606
-0.011289952026368
0.069973848041765
-1.068130329322177

q1:
0.046758374779747
0.105476197753183
0.120762720205813
-2.751639985265900
q2:
0.014580530977605
0.007040027638243
0.000260429327965
1.393157635369864
q3:
-0.033399300487530
-0.022212240808715
0.022538622943663
1.482928143134896
q4:
0.002936147386343
0.174726728196265
0.181230710356818
-1.583147912690924
q5:
0.028644394755745
0.071944581148615
-0.118003147553809
-1.723867660175673
q6:
0.136840915647858
-0.002176609555696
-0.208120263041135
0.839113694127025
q7:
0.002807494540268
-0.087688401602885
0.037442446837285
-1.049102478733303

q1:
-0.153492884901478
0.151580686073743
0.205250088539607
-2.698894438931381
q2:
0.003160453860471
0.021416659061620
0.009613341940060
1.394521411081499
q3:
0.088276193886031
-0.055144473087866
-0.002886353360308
1.486750635803068
q4:
-0.133134411151801
0.177621815408315
0.297037767309391
-1.504603337446538
q5:
0.131465805662052
0.100188402061693
-0.061427876981885
-1.753863133340948
q6:
0.048308052405909
0.132750671962953
-0.165204240948262
0.775333803708285
q7:
-0.161306378118114
-0.084920168107783
-0.019289135642075
-1.046169077137688

q1:
-0.002672039826970
0.000234302617009
0.255147405729300
-2.620509714164342
q2:
0.022143452469487
0.024532915962851
0.024715674980430
1.400106796569905
q3:
0.002809937455712
0.031897233754453
-0.010527067131772
1.482979212430765
q4:
-0.005467900061996
0.046349205251824
0.370650742915791
-1.392514661334937
q5:
-0.229233881171072
0.229815741126618
0.047035203960156
-1.758562203352387
q6:
-0.114984445212562
0.180383166642856
-0.062285954667798
0.737091404008162
q7:
0.182255069752095
-0.243970777993388
-0.127386340008748
-1.067409549983970

q1:
-0.033910251804952
-0.002400370413756
0.254435480162261
-2.536719497354505
q2:
-0.023917040941776
0.046366706178301
0.048018386821437
1.411666516918912
q3:
-0.038371349665536
0.034667876002363
0.011351012390852
1.483064733049696
q4:
-0.086275725947529
0.040957770332758
0.399346090398843
-1.265879440869188
q5:
-0.081813477013275
0.003787551590268
0.123814036496875
-1.726416076319551
q6:
-0.170668161016005
0.067006706568695
0.019024139148431
0.732023185473708
q7:
0.115578968405223
-0.064264430749089
-0.228694584420530
-1.129161911850564

q1:
-0.036222673062448
-0.035836408677554
0.241868126233080
-2.454556989447186
q2:
-0.051054835502347
0.022784130009719
0.070746321901910
1.431608412175401
q3:
0.035301149703848
-0.003166874474574
0.021704505669615
1.489178127050901
q4:
-0.054463230273842
-0.044111443856837
0.398309566604316
-1.133264346959838
q5:
0.113267756809478
-0.076881815409561
0.099790007657616
-1.688217508496464
q6:
0.237994717640483
-0.101274767569753
0.007761191240641
0.739454751253527
q7:
-0.054884554228155
0.049698238484853
-0.233482082163161
-1.207165954687195

q1:
0.000962174882617
-0.071552530442130
0.206572402114333
-2.380219054294366
q2:
-0.005432270789690
-0.027556735732810
0.069177700623866
1.455509304724051
q3:
-0.053714186498855
0.031640610855912
0.031063022032511
1.497223047280055
q4:
-0.031092798495780
-0.097813040113941
0.351662980158898
-1.009050050585450
q5:
-0.099346821866735
0.034801963068996
0.085959543632686
-1.659702958847664
q6:
-0.191432983531896
0.133391743648753
0.018317138030929
0.739515375069150
q7:
0.116072129981592
-0.004418789776086
-0.218600000796360
-1.280484954099507

q1:
-0.005011352749677
-0.070603810970015
0.159849610648617
-2.320019829996108
q2:
0.017695791898086
-0.032913039632531
0.049302986092614
1.475076375499417
q3:
0.015434162711851
-0.021322416532231
0.034454322321328
1.508943458488869
q4:
0.010412492371843
-0.128471025380853
0.277289771766630
-0.905138537522736
q5:
0.037954139464622
-0.063155555985400
0.076640515047840
-1.631218278855743
q6:
0.052555528615813
-0.055364170024258
0.043962607060435
0.753148574700994
q7:
-0.044652548378283
0.110030144479790
-0.183888518682967
-1.348688844096974

q1:
-0.008803170510411
-0.075545083103745
0.111814579408216
-2.275286676802132
q2:
-0.000231989381185
-0.015464712253074
0.033402579607208
1.488353729048137
q3:
-0.014654018252408
-0.006104090877458
0.025440000669502
1.518512254464076
q4:
-0.027102475327057
-0.118204145165131
0.196214580616520
-0.827509602514722
q5:
-0.020016277220356
-0.025732181287152
0.047425615654756
-1.611503532808613
q6:
-0.054347589128862
-0.003543597417485
0.024601280604292
0.763483097531827
q7:
0.032646514361592
0.066002033903084
-0.126031692317456
-1.398827181804440

q1:
0.031644974723591
-0.084225146811968
0.059302598158369
-2.247009697283290
q2:
-0.019469236794812
-0.015693457408690
0.023161765521122
1.497653402145422
q3:
0.005929697568856
-0.020553181902325
0.016678504806834
1.525693982906034
q4:
0.039730502274637
-0.144927609422827
0.109730573111169
-0.776750684042727
q5:
0.035042033213050
-0.045468543461286
0.024023939854840
-1.599406465652662
q6:
0.089310698038258
-0.057131169698280
0.004659191049794
0.769256445981793
q7:
-0.035071569491529
0.098192007296747
-0.072065728712279
-1.431961262069828

q1:
0.066642086140216
-0.053022707154459
0.014193088471434
-2.235493489645523
q2:
0.103695279810852
-0.034890429173530
0.006536264605518
1.502879481914500
q3:
0.009748465966531
-0.014706407424051
0.005089669423917
1.529166009741204
q4:
0.144495342036279
-0.105752713231089
0.027339001102712
-0.754930539650668
q5:
-0.035438941153043
-0.010916551040465
0.005491745047279
-1.595178058878700
q6:
-0.253610389484414
0.030930574406423
-0.003952207766035
0.767787147456068
q7:
-0.069787808884413
0.063610891643723
-0.018885666320085
-1.446285239564709

q1:
-0.021045175611964
0.012687431330512
0.000936017683641
-2.234190292292320
q2:
-0.104821091396063
0.067354737375915
0.017206369696512
1.504940407530423
q3:
0.015064146292208
-0.005094267622050
-0.001418255596305
1.529596296085873
q4:
-0.054984322680644
0.036721952337751
0.004650531394645
-0.752238652244469
q5:
0.062828633565462
-0.045859900893403
-0.013169077941816
-1.595810593509768
q6:
0.319995878617997
-0.219133233307899
-0.065809128799567
0.760825051666136
q7:
0.011960149969024
-0.005200978631601
0.000312029386530
-1.448098652914264

q1:
0.008324252143595
-0.008063440738424
0.002455793347726
-2.233259292985533
q2:
0.004522265019055
-0.036000496991884
0.027511626714781
1.514150009773963
q3:
-0.019593218564846
0.009759216059961
0.000114981759817
1.529114696260665
q4:
0.007370238890571
-0.017493449176626
0.010970399607842
-0.748695466940372
q5:
0.027478200412613
0.016090113752322
-0.022953569739750
-1.602862203183130
q6:
0.118912776509253
0.096387704232494
-0.106152132153262
0.726884934333974
q7:
-0.014334686066704
0.006591916163319
0.000769191434953
-1.448133291117178

q1:
-0.000147414127793
0.000144401975092
-0.000146971981436
-2.233027646305162
q2:
0.028886895171421
-0.031541473004511
0.005312480704292
1.519463909099906
q3:
0.029458572364489
-0.009560003667847
0.000180457270524
1.529511074614110
q4:
0.014237091538318
-0.010226278440888
0.001859704720130
-0.746717859306952
q5:
-0.061507091479665
0.043184048816593
-0.003471819509677
-1.607692648953015
q6:
-0.345628424794455
0.213637560361174
-0.004255546726114
0.706629994939488
q7:
0.005650288074659
-0.007542308335594
0.000456824256431
-1.447677337268187

q1:
0.000317197149975
-0.000000950658851
-0.000099823568164
-2.233065586725394
q2:
0.020371852252219
-0.003058542891531
-0.006059571441692
1.518828322861429
q3:
-0.041100328115574
0.019486609092253
0.003443053301061
1.529583586586784
q4:
-0.006821842751721
0.003811716327730
-0.000248581445508
-0.746705836722897
q5:
0.020438983261696
-0.017462904678124
0.004981997195953
-1.606352572582804
q6:
0.169667747527906
-0.127157468320868
0.024168027390925
0.716038073116741
q7:
0.007147004151505
-0.001971035985496
-0.002669944471860
-1.448141338758852

q1:
-0.000577867007699
0.000311810688506
0.000002347381063
-2.233087236584020
q2:
-0.029751566438798
0.017028421821311
-0.001468065121584
1.517229611906822
q3:
0.031870980508482
-0.021038956787690
0.002932840271267
1.531361005447402
q4:
0.005070236032050
-0.002914727244206
0.000046233639631
-0.746617985501479
q5:
-0.003413978973567
0.002690252259254
0.000126641806909
-1.605875881075343
q6:
-0.059865327083541
0.040137582482830
-0.004432961766452
0.716269240023254
q7:
-0.006029090614008
0.005076021808583
-0.001649422955374
-1.448978042697945

q1:
0.000394915947929
-0.000257975212583
0.000020041587948
-2.233073298732255
q2:
0.021931111268673
-0.012307087675269
0.000083704631029
1.517530274118152
q3:
-0.015661126845690
0.010386328105971
-0.000568379185518
1.531183784251880
q4:
-0.002995826367243
0.002084604726232
-0.000226604285945
-0.746737635855436
q5:
-0.001416389276316
-0.000675984365840
0.000788675014891
-1.605664855227974
q6:
0.027545107618868
-0.018890565658134
0.002550335119972
0.717022611414443
q7:
0.001558588034418
-0.000868755765627
-0.000266612930769
-1.449185885286184

q1:
-0.000179919306238
0.000131418084226
-0.000021554180893
-2.233080558020579
q2:
-0.011603743665009
0.009317330797491
-0.000898944371794
1.517006970567171
q3:
0.004455195745867
-0.005055787731996
0.001183619521108
1.531562913297512
q4:
0.000929758187083
-0.000869326893710
0.000172823359546
-0.746693290817629
q5:
0.003527812970819
-0.002072566329068
-0.000114696299224
-1.605528951961911
q6:
-0.011980943019296
0.008269340957198
-0.000940562731525
0.716798162469055
q7:
-0.000251089746318
0.000668036395517
-0.000332583742761
-1.449312023547694

q1:
0.000065429347983
-0.000045985163688
0.000006525217401
-2.233079833815771
q2:
0.000611023301442
-0.002124141811388
0.001465254549145
1.517306030246988
q3:
0.002458581281784
-0.000662895096213
-0.000695950694240
1.531563964292417
q4:
0.000085885241906
0.000047429209967
-0.000097311294330
-0.746697386932141
q5:
-0.001674029515825
0.001405912396430
-0.000333806698134
-1.605665284350756
q6:
0.004957851860286
-0.003544056110265
0.000612505505362
0.716956941645026
q7:
-0.000723992931862
0.000420457981360
0.000025173746474
-1.449358084606458

q1:
-0.000027854942364
0.000018529196020
-0.000002498787009
-2.233080333658013
q2:
0.002064284838113
-0.001521663286469
0.000266980946858
1.517579851648267
q3:
-0.002322689142815
0.001761304472850
-0.000334934423430
1.531350907044649
q4:
-0.000140239463524
0.000132113400789
-0.000038300687570
-0.746721197525555
q5:
0.000322986448410
-0.000244706869620
0.000047848901181
-1.605682559413574
q6:
-0.002137873481225
0.001344463310359
-0.000110438787369
0.716951435366926
q7:
0.000357334420242
-0.000293410364758
0.000066930725007
-1.449330095902977

q1:
0.000015216767600
-0.000008936212496
0.000000654156885
-2.233080142304317
q2:
-0.000764552587593
0.000513753826667
-0.000064290546477
1.517576514907804
q3:
0.000777370214532
-0.000528903323329
0.000070121174788
1.531348622071075
q4:
0.000002862746842
-0.000006164902052
0.000003095041833
-0.746724493488103
q5:
-0.000114150096585
0.000073762816476
-0.000008335601516
-1.605681799750447
q6:
0.001166137325069
-0.000763513355003
0.000080503124518
0.716984468295973
q7:
-0.000077003117933
0.000058926958389
-0.000010137376135
-1.449327106266476

q1:
-0.000010237236282
0.000006067758180
-0.000000288623377
-2.233080352368520
q2:
0.000368451653032
-0.000240106973910
0.000025649478074
1.517583737452491
q3:
-0.000365151082375
0.000237595857737
-0.000025623396520
1.531342134450364
q4:
0.000006220284168
-0.000003342188924
-0.000000029671597
-0.746724040558302
q5:
0.000070745048102
-0.000038790962812
0.000003158663247
-1.605680624066659
q6:
-0.000570072137001
0.000386316273102
-0.000043470948141
0.716969852250389
q7:
0.000015107255881
-0.000016999319377
0.000003643059650
-1.449326806524149

q1:
0.000006252310171
-0.000004026316791
0.000000382340995
-2.233080155231599
q2:
-0.000188868493413
0.000123192114519
-0.000012777148134
1.517579311929321
q3:
0.000191205611874
-0.000122448816440
0.000012222197598
1.531346414468227
q4:
-0.000004737978745
0.000002791108483
-0.000000210796239
-0.746724190500925
q5:
-0.000072757698548
0.000030964760293
0.000000586410581
-1.605681264512455
q6:
0.000216527582911
-0.000175783763652
0.000025725166771
0.716977056142456
q7:
0.000022394588908
-0.000002103328966
-0.000002635443624
-1.449326909127021

q1:
-0.000003266602279
0.000002138558755
-0.000000238111981
-2.233080242523243
q2:
0.000093087282600
-0.000063035171816
0.000006994747099
1.517581714546401
q3:
-0.000104738498166
0.000066082905225
-0.000006303692203
1.531343992728468
q4:
0.000003530812552
-0.000001880612609
0.000000088458148
-0.746724126494867
q5:
0.000108994934453
-0.000040775467607
-0.000002638093000
-1.605680310052171
q6:
0.000049468931518
0.000037715817213
-0.000019653884248
0.716974209983130
q7:
-0.000066574740781
0.000019978085702
0.000003239486211
-1.449327207419330

q1:
0.000001301769594
-0.000001082362145
0.000000109030140
-2.233080205745923
q2:
-0.000035122153156
0.000028750343691
-0.000004273711691
1.517580509185494
q3:
0.000061359092816
-0.000037190890927
0.000003192300348
1.531345340777089
q4:
-0.000003593486826
0.000001600823750
-0.000000003500582
-0.746724175213764
q5:
-0.000188992961671
0.000066695241248
0.000005881007636
-1.605681712048930
q6:
-0.000337319049017
0.000086492956841
0.000021170046579
0.716973580949693
q7:
0.000137583979906
-0.000045665649206
-0.000005203293484
-1.449326348280483

q1:
0.000000771418926
0.000000201203020
-0.000000180582083
-2.233080240614043
q2:
-0.000009225068997
-0.000005880648246
0.000003242914022
1.517580963291711
q3:
-0.000042673306473
0.000023310133573
-0.000001369914217
1.531344550988054
q4:
0.000005139937654
-0.000001942410423
-0.000000115770514
-0.746724131021193
q5:
0.000347694700916
-0.000119654772735
-0.000011525300948
-1.605679284526173
q6:
0.000767256139142
-0.000246108897457
-0.000031291224118
0.716977905906919
q7:
-0.000266220718208
0.000089994305285
0.000009366289085
-1.449328106599700

q1:
-0.000004158974615
0.000000961834138
0.000000201675522
-2.233080250842188
q2:
0.000062364280254
-0.000014976710456
-0.000003612313198
1.517581066353477
q3:
0.000041880415110
-0.000018766413552
0.000000123478768
1.531345103708502
q4:
-0.000009194340863
0.000003125648436
0.000000273126543
-0.746724196408290
q5:
-0.000685251943487
0.000223177636497
0.000022499752929
-1.605683653452704
q6:
-0.001599729241502
0.000510417647201
0.000055579628594
0.716968276709151
q7:
0.000532559295407
-0.000172503483638
-0.000017752157380
-1.449324758636442

q1:
0.000011189384702
-0.000003138979833
-0.000000513891039
-2.233080228318541
q2:
-0.000158325468521
0.000046515444567
0.000006753581720
1.517580475459706
q3:
-0.000061928994234
0.000022528330297
0.000001359915004
1.531344604004566
q4:
0.000018615951999
-0.000005940115354
-0.000000651909579
-0.746724095434127
q5:
0.001441638742651
-0.000452491489600
-0.000052869261441
-1.605676479372038
q6:
0.003420246504655
-0.001066940387125
-0.000127333744563
0.716984883999311
q7:
-0.001125142389418
0.000352608305015
0.000041443232200
-1.449330319559302

q1:
-0.000025319052146
0.000007893928362
0.000001048926816
-2.233080339031624
q2:
0.000337167028161
-0.000109595941867
-0.000013979203688
1.517582098691024
q3:
0.000112061639994
-0.000038534625908
-0.000003900904208
1.531345285818420
q4:
-0.000037524633378
0.000012415504267
0.000001476368645
-0.746724290424127
q5:
-0.002939665015077
0.000968986842059
0.000116888235173
-1.605691551334653
q6:
-0.007005763616635
0.002305476121577
0.000279738119194
0.716949211852600
q7:
0.002296024795772
-0.000756799675828
-0.000091403104046
-1.449318555758118

q1:
0.000049486266978
-0.000017071052766
-0.000001967335881
-2.233080040484716
q2:
-0.000653231670780
0.000222856017491
0.000023246197882
1.517577636059515
q3:
-0.000208733670247
0.000071959902540
0.000007085044180
1.531343819721418
q4:
0.000071900175733
-0.000024584370717
-0.000002523195525
-0.746723796302241
q5:
0.005641372767361
-0.001929568806899
-0.000198828041590
-1.605652830812889
q6:
0.013485650872766
-0.004602316297668
-0.000475168651137
0.717041464871706
q7:
-0.004407334821791
0.001507116657428
0.000155204986147
-1.449348830819280

q1:
-0.000093571505436
0.000031723179896
0.000002848406236
-2.233080774194335
q2:
0.001293307817393
-0.000421240619271
-0.000041957241422
1.517586157607534
q3:
0.000416038440560
-0.000133854758627
-0.000013258054306
1.531346510802410
q4:
-0.000141390998156
0.000046310326285
0.000004617515057
-0.746724728532607
q5:
-0.011186284872913
0.003632912910865
0.000361013261115
-1.605726325988154
q6:
-0.026991148076864
0.008694746230431
0.000869897973658
0.716866930106985
q7:
0.008736579772628
-0.002838584359196
-0.000282411001680
-1.449291494467276

q1:
0.000170486166042
-0.000060539786894
-0.000006622802056
-2.233079733342272
q2:
-0.002619780505469
0.000853981101816
0.000100272384945
1.517572781533955
q3:
-0.000890188991308
0.000276365646040
0.000033581266459
1.531342464946179
q4:
0.000279010794951
-0.000093103407700
-0.000010762054811
-0.746723228268509
q5:
0.023007159500140
-0.007396938804534
-0.000876116191954
-1.605612392251070
q6:
0.057014372670042
-0.017918947618639
-0.002161837604352
0.717133776272704
q7:
-0.017898516816649
0.005775819840824
0.000682975695322
-1.449380762751945

q1:
-0.000209512201295
0.000107562237355
0.000008832154967
-2.233082396808717
q2:
0.005341542431524
-0.001729163421187
-0.000187375430104
1.517604974824922
q3:
0.002202522142853
-0.000601374612175
-0.000073240040268
1.531351750595872
q4:
-0.000508411677671
0.000182005596788
0.000018457594487
-0.746726916732420
q5:
-0.049811473457143
0.015288480042036
0.001717611473799
-1.605882537161147
q6:
-0.134874671490523
0.038298114912982
0.004536221548549
0.716511829626992
q7:
0.038104414529485
-0.011872397476729
-0.001320797915530
-1.449167837823902

q1:
-0.001633651968330
-0.000099020067593
0.000011639725931
-2.233075313193750
q2:
-0.012263774110821
0.003537680899387
0.000407033402852
1.517546247203417
q3:
-0.009985353518136
0.001570346643948
0.000245233815537
1.531340915249619
q4:
0.000444730647769
-0.000319296263373
-0.000026665986504
-0.746719240127081
q5:
0.147869389606621
-0.033826411291387
-0.004375285173408
-1.605435014116571
q6:
0.559009146298430
-0.094690419136059
-0.013998342891649
0.717351215254641
q7:
-0.103749037279729
0.025699150784127
0.003223667037718
-1.449531573725078

q1:
0.004236329135087
-0.001709826440751
-0.000582877249980
-2.233140186767463
q2:
0.001559460283291
-0.008554592044694
-0.001241884196712
1.517626762920146
q3:
0.027636931361404
-0.008275367986256
-0.001958518129947
1.531236625283573
q4:
0.000721922406742
0.000119215106032
-0.000092427035907
-0.746746706437213
q5:
-0.222037283784744
0.111975117914878
0.021309996866165
-1.605277072330861
q6:
-0.965078402150233
0.456501335881173
0.104918729995663
0.722368935561460
q7:
0.148465608972807
-0.076599021469808
-0.013505688966064
-1.449379482652895

q1:
-0.003594002921667
0.002467260296131
-0.000333930043528
-2.233366056260791
q2:
0.026743044777915
-0.007016939832528
-0.006359808796304
1.516349847371907
q3:
-0.038707802582347
0.018975078274333
0.001558175726742
1.530680212144153
q4:
-0.001942914274651
0.000831041882022
0.000219895711363
-0.746738574624758
q5:
0.136522399917937
-0.106957114122764
0.022959273588006
-1.594060340462761
q6:
0.663405929395565
-0.495081051871804
0.092238662352316
0.771901460590196
q7:
-0.086378671531393
0.069790389349843
-0.015743494860249
-1.456821799004051

q1:
0.001641153011494
-0.001076482755388
0.000123179420361
-2.233336887902163
q2:
-0.028177471920537
0.019352120286167
-0.002305581891600
1.514451058421309
q3:
0.028318859291621
-0.019191420037010
0.001487070273671
1.531867812786103
q4:
0.001586164380677
-0.001084701958637
0.000136524778029
-0.746645510493261
q5:
-0.040687370374197
0.027656105908093
-0.003104737577652
-1.593221130048185
q6:
-0.235529211787551
0.159047562898960
-0.018206094981837
0.772290609347657
q7:
0.022969343475626
-0.015380330794381
0.002139561177004
-1.457523983496461

q1:
-0.000864799193331
0.000541719763564
-0.000052582135560
-2.233354420673545
q2:
0.009896875806485
-0.008431307413848
0.001283782166315
1.514783358404468
q3:
-0.006797188424536
0.008731417820641
-0.001950838281315
1.531288870667424
q4:
-0.000658374312619
0.000479280910911
-0.000062460093704
-0.746661497264856
q5:
0.018071263254705
-0.012462277184726
0.001889046617663
-1.592698612354378
q6:
0.106592207511030
-0.073187921015108
0.010013554618104
0.775125494729399
q7:
-0.013294617119222
0.007267800860991
-0.000526799258077
-1.457666710254092

q1:
0.000662731310168
-0.000310985757027
0.000023253643305
-2.233343888117774
q2:
-0.014347390917822
0.001327166809849
-0.001051149055792
1.514645894859580
q3:
0.002890986798802
0.002029283800631
0.001585901711295
1.531349565037706
q4:
0.000125401819895
-0.000169886451079
0.000039229163939
-0.746653627202226
q5:
-0.009382544663629
0.005356270820608
-0.000446497827323
-1.592782358454382
q6:
-0.051254804841836
0.031913661522864
-0.003552133693802
0.774295068446331
q7:
0.011730931170276
-0.005840899400443
-0.000057816877685
-1.457526772028965

q1:
-0.000883050957196
0.000342477672642
0.000033604150299
-2.233346309425451
q2:
0.029248747629999
-0.012819584870830
-0.004828383663591
1.513934377286162
q3:
-0.012052852223763
0.004879841967550
0.003856737041400
1.532192664162814
q4:
0.000379218337308
-0.000046238296755
-0.000031804962455
-0.746654633325257
q5:
0.008737827673234
-0.003895064857739
0.000033759478214
-1.592683623296839
q6:
0.029625661881840
-0.018624377113726
0.000815680348180
0.774755267793092
q7:
-0.013191175130622
0.005725982076446
-0.000095586970187
-1.457760234246140

q1:
0.001396783237513
-0.000528224372377
-0.000027445566027
-2.233329621054634
q2:
-0.020074615862688
0.016020137421708
-0.003776452051366
1.512001057396998
q3:
0.001811217507740
-0.007004458699389
0.003158435273641
1.533559476417253
q4:
-0.000913775817362
0.000327676910643
0.000060695994846
-0.746656617534665
q5:
-0.015499767462162
0.004720569791782
0.000305079733814
-1.592783057449698
q6:
-0.025294597221599
0.010586988521928
-0.001825983241168
0.774063311438974
q7:
0.022102267784207
-0.007280722767531
-0.000606586510350
-1.457641451263489

q1:
-0.002698561915178
0.000849025730168
0.000077992818171
-2.233346110611355
q2:
0.011181273601115
-0.003773747565542
0.000248591881064
1.511777676257844
q3:
-0.005313263793170
-0.005218569929196
-0.000858930480287
1.533905214195516
q4:
0.001178637679498
-0.000573320326700
-0.000020040087620
-0.746633714573203
q5:
0.078016999159296
-0.010562443172137
-0.001614979751454
-1.592723162670149
q6:
0.305938344709326
-0.014353879668418
-0.003064054422258
0.773708742900488
q7:
-0.060735942277762
0.014512458704555
0.001770281709275
-1.457842583127434

q1:
0.005523061366130
-0.001811798494084
-0.000238443512636
-2.233324572414243
q2:
-0.024178680692528
0.007251162957543
0.001391520522771
1.511848710970172
q3:
0.025618147007761
-0.010457531070385
-0.006011224009532
1.532870524218240
q4:
-0.002020151707981
0.000588834846241
-0.000014940901372
-0.746660386881457
q5:
-0.124559562474522
0.066363537328428
0.016725270566781
-1.591624989620567
q6:
-0.559538373889261
0.287306109732500
0.086647667184393
0.782013387422751
q7:
0.083983746518661
-0.045374129624775
-0.008373081579095
-1.457849450302062

q1:
-0.005672766054982
0.003634026332975
0.000360471530293
-2.233402566546914
q2:
0.109135999369107
-0.016589394094454
-0.001677693426705
1.512230912643930
q3:
-0.136213702093980
0.014802362265885
-0.004583200188121
1.530674695397064
q4:
-0.007527451261225
-0.001403066310827
-0.000282555884613
-0.746673413707309
q5:
0.179637253180155
-0.056454138015757
0.019982211432290
-1.583381397090909
q6:
0.976689451832627
-0.264407471960602
0.094173805426537
0.821662015644436
q7:
-0.082518340542516
0.037435157026556
-0.010982398599173
-1.462521166286338

q1:
0.001963234993707
-0.001959409657031
0.000910870935328
-2.233092933947697
q2:
-0.119275448408078
0.091020406972563
0.022785687233912
1.513762286187557
q3:
0.149718374677678
-0.119506476885906
-0.038996498000918
1.525931108063266
q4:
0.009079578631121
-0.008825250901106
-0.003644316094471
-0.747185109399425
q5:
-0.156039452873361
0.120671001174693
0.041088488339477
-1.576534282848023
q6:
-0.944755247849313
0.698623592248581
0.236888432419142
0.858728834838639
q7:
0.064113856384516
-0.043929216429432
-0.013116813288186
-1.465016632397285

q1:
-0.001804181266149
-0.000023629269790
0.000259101810392
-2.232935517556885
q2:
0.125616661317080
-0.026587049316566
0.043963119793667
1.526848942221756
q3:
-0.069357221267288
0.028118180498253
-0.069033260850265
1.505520072379112
q4:
0.006654133314714
0.000127355534126
-0.006503069684955
-0.749013874081675
q5:
-0.009748933157645
-0.033186338102688
0.069842236702422
-1.555534299709588
q6:
0.167293749333715
-0.232919847732636
0.389952155948276
0.978512965770206
q7:
-0.009516750706118
0.019288048002657
-0.021215672350252
-1.471796869930901

q1:
0.001931987956019
-0.001802580195804
-0.000341121881257
-2.232916967813236
q2:
-0.125045915826840
0.097272942007803
0.067195584775342
1.542886312119695
q3:
0.037534246826359
-0.040269123656922
-0.073026934137539
1.483405735686758
q4:
-0.003329384443344
0.006688434980038
-0.004262911027916
-0.750901238611523
q5:
0.078304964878032
-0.042798938562430
0.044868013246600
-1.536510215981559
q6:
0.199194414879427
-0.067965596251684
0.291059572510223
1.087457797673903
q7:
-0.015743520221642
0.009904383068906
-0.011620941255003
-1.477024160250271

q1:
0.000496871356470
0.000102390123915
-0.000899926542321
-2.233155214137600
q2:
0.038109050312596
-0.026024285342994
0.090613014448148
1.571039804312352
q3:
0.051478579793353
-0.003259769662513
-0.087333657179889
1.456386403641666
q4:
0.003012314768793
0.003405609883874
-0.000945282362623
-0.751698027317678
q5:
-0.130827819803306
0.034410980637431
0.042111127376721
-1.523606520162781
q6:
-0.640049087981529
0.128443210033585
0.310936863308553
1.182851263224179
q7:
0.024128857816687
-0.005618973925478
-0.010212447790943
-1.480332685092636

q1:
-0.000464484533274
0.000592313047009
-0.000671597147634
-2.233422292628025
q2:
-0.149234857048444
0.011551833872461
0.085856326668072
1.599363531063057
q3:
0.064350176026455
0.047498914573657
-0.072793494414217
1.429157888435709
q4:
-0.007302832427587
0.006375799325441
0.002269591755463
-0.751533871577059
q5:
0.094669965741694
-0.094587294399674
0.022332865421194
-1.510693545354059
q6:
0.459015683619650
-0.502655194058320
0.187943908369816
1.276197725001811
q7:
-0.024782843703090
0.018172456992258
-0.006086470956769
-1.483439528885847

q1:
0.000890953838745
0.000134324037760
-0.000432771973564
-2.233595534437748
q2:
0.099024291231706
-0.135596067572365
0.045086475628630
1.623531419628707
q3:
-0.117565385318270
0.110949193866143
-0.020716057310609
1.412648536982367
q4:
-0.005821423368009
-0.000824907584298
0.004094013759391
-0.750358459524526
q5:
0.025071893636134
-0.001241228579262
-0.009163275033290
-1.510209929636330
q6:
0.075447827939015
-0.050058556042524
0.006282443044643
1.299967454115472
q7:
0.012263870723773
-0.006263814230631
-0.002172434995629
-1.484356808420088

q1:
-0.001882373636242
0.001012818447501
-0.000055738500502
-2.233691630854198
q2:
0.113880549989695
-0.037956568764947
-0.011955395000300
1.627218125744550
q3:
-0.033471327600595
-0.004972113489820
0.014115628545829
1.413650919775267
q4:
0.008177801140536
-0.006564922008316
0.001665184601345
-0.749308671888914
q5:
-0.041905235727874
0.023480050395176
-0.001853999739438
-1.512465550682567
q6:
-0.042655128831572
0.024334181481207
-0.002172435410126
1.299303494322567
q7:
-0.004677521881249
0.005828553975331
-0.002315492800435
-1.485312049665180

coefs_qdot:
qdot1:
0.000060409725531
-0.000021407605759
0.000000000000000
qdot2:
0.029375312666747
-0.007909640601007
0.000000000000000
qdot3:
-0.353734363399343
0.155550983449319
-0.000000000000000
qdot4:
0.083568841321593
-0.022408838364215
0.000000000000000
qdot5:
-0.075938978164602
0.020356293433307
-0.000000000000000
qdot6:
-0.191923368500411
0.051377900213733
-0.000000000000000
qdot7:
0.000479020488305
-0.000212470004673
0.000000000000000

qdot1:
0.000267642400157
0.000018302349920
-0.000000510305132
qdot2:
-0.051136826571544
0.011400037663565
0.000573597675863
qdot3:
0.067086390389227
-0.076974090440257
0.012913007431171
qdot4:
-0.140980858321838
0.032524617397425
0.001662386037749
qdot5:
0.129102429747344
-0.029561719448265
-0.001512782320428
qdot6:
0.341467998034677
-0.074781727063737
-0.003846089842177
qdot7:
0.000408010143852
0.000102411120721
-0.000018086629948

qdot1:
-0.000847368586108
0.000194235409616
0.000034417286978
qdot2:
0.114325959383875
-0.022214435815233
-0.001203596590141
qdot3:
0.338422851274608
-0.032875270827899
-0.005139190410267
qdot4:
0.163241866495505
-0.060148269068211
-0.002877172675267
qdot5:
-0.245458757844094
0.055302956202246
0.002717427971208
qdot6:
-0.356897517672594
0.149680128185259
0.008462409173603
qdot7:
-0.006568434401425
0.000370614039813
0.000059648403586

qdot1:
0.000831300900420
-0.000362777036681
0.000006719840574
qdot2:
-0.517647630812856
0.052937019355157
0.003845227998915
qdot3:
-0.296950909022991
0.189584876222365
0.020613829612569
qdot4:
-0.418133337342343
0.047157752048792
-0.005011981476973
qdot5:
0.514716287909911
-0.106047824807704
-0.005621777618411
qdot6:
0.414342802941555
-0.084924225404609
0.019104131209142
qdot7:
0.068739826758482
-0.003947105278867
-0.000528097639543

qdot1:
-0.000537223270998
0.000183673416809
-0.000022713320828
qdot2:
-0.113439670131485
-0.287335416850421
-0.034674852559143
qdot3:
0.258845517426031
-0.005613948677202
0.050846864586810
qdot4:
0.028417768748473
-0.227699585041360
-0.034681492980838
qdot5:
0.769347046438670
0.232297711453653
0.015125615947477
qdot6:
0.351665628031275
0.187441427577858
0.035951391806903
qdot7:
-0.548624704323017
0.041238590401278
0.005600233553822

qdot1:
0.000973952611290
-0.000169466944178
-0.000020378686820
qdot2:
0.487971151634860
-0.361904275317683
-0.141368266469148
qdot3:
0.058891860628584
0.164536535112594
0.076963556925161
qdot4:
0.540090232902145
-0.209019342289383
-0.106450107620573
qdot5:
-0.886633605210037
0.738023186074622
0.174584210969278
qdot6:
-0.511685941673436
0.418606631197282
0.135546868122158
qdot7:
0.264822850456109
-0.319396431552581
-0.040111096231273

qdot1:
-0.002114003890216
0.000470754720262
0.000029133722522
qdot2:
0.126479893542427
-0.041139487301364
-0.207602841322939
qdot3:
0.004580140263063
0.203248731780625
0.137403893805365
qdot4:
0.011382685404018
0.146005598193521
-0.116805530374206
qdot5:
-0.363577443547077
0.155200124771701
0.321372901753015
qdot6:
-0.052073212544650
0.082253074102935
0.217856117684495
qdot7:
0.237975615545779
-0.145316785237763
-0.116480178692769

qdot1:
0.004090557018273
-0.000918872530117
-0.000044508138171
qdot2:
0.112175670374196
0.042001280558661
-0.207461217719492
qdot3:
-0.289646331086944
0.206259458368957
0.204700806422122
qdot4:
0.001008131319911
0.153487935332599
-0.067587979566177
qdot5:
-0.385501834391515
-0.083795236360139
0.333107291080093
qdot6:
-0.467987308340894
0.048023073154617
0.239265170565310
qdot7:
0.200825837777799
0.011114998931958
-0.138534355149498

qdot1:
-0.007848905365965
0.001770029570836
0.000095367552646
qdot2:
-0.151229759190636
0.115739256682077
-0.181538778544509
qdot3:
0.035025290675471
0.015862252141632
0.241203386106927
qdot4:
-0.170432377341812
0.154150624157626
-0.017031908274913
qdot5:
0.109677548082141
-0.337202458844932
0.263922239870927
qdot6:
-0.057355948579796
-0.259605460317832
0.204494580470478
qdot7:
-0.002034525293241
0.143126608772365
-0.113186915842473

qdot1:
0.014731608839235
-0.003389399336875
-0.000170753097101
qdot2:
0.094749070543577
0.016329319258478
-0.159835165214469
qdot3:
-0.184633943989990
0.038885908153031
0.250200476392063
qdot4:
0.088308157120234
0.042117965657209
0.015222074565719
qdot5:
0.180340474071195
-0.265106607803635
0.164941214334605
qdot6:
0.186930714944753
-0.297308034795923
0.112973678771118
qdot7:
-0.166519649200918
0.141789226281179
-0.066365004789303

qdot1:
-0.025434871408331
0.006294331700554
0.000306631688206
qdot2:
0.426670545204055
0.078612028852744
-0.144232889701434
qdot3:
-0.567391614660833
-0.082482061461865
0.243036061637428
qdot4:
-0.188380988085100
0.100166781051074
0.038604571903384
qdot5:
-0.226786130806668
-0.146560923817187
0.097289444311342
qdot6:
-0.159542166490845
-0.174430297142571
0.035450117420994
qdot7:
-0.022507962708185
0.032328575180122
-0.037751192533966

qdot1:
0.034434045415656
-0.010425122119988
-0.000372205630757
qdot2:
-0.465521181629585
0.359081246196141
-0.072304154715334
qdot3:
0.588636152293137
-0.455453394683435
0.154633933776586
qdot4:
0.012342848891117
-0.023664284590768
0.051176681431578
qdot5:
-0.329940169042232
-0.295637370097920
0.024620372823385
qdot6:
-0.630069472928516
-0.279304343574713
-0.039114790441759
qdot7:
0.437850166071268
0.017533106508293
-0.029557126294939

qdot1:
0.371001379954615
0.012209882513569
-0.000078905357069
qdot2:
-0.109451140267258
0.053073805710694
-0.004572267588492
qdot3:
-0.022717500395338
-0.068517097370648
0.068526751391193
qdot4:
0.401468233941929
-0.015550789981892
0.044732235361252
qdot5:
1.014656540213427
-0.512521478976743
-0.108189169830133
qdot6:
1.543446096076688
-0.693476575360045
-0.198977655389314
qdot7:
-0.498873048539312
0.305351177786109
0.023504365485109

qdot1:
-0.068659550155742
0.256085321863214
0.044011638760850
qdot2:
0.050130959197463
-0.018873217567933
0.001048118149934
qdot3:
0.059368971798101
-0.083450304332079
0.043553045861034
qdot4:
0.153803258158008
0.248351845500195
0.082989815226947
qdot5:
-0.016076058394635
0.154456658850697
-0.167032087971417
qdot6:
-0.495100609507793
0.321098073497710
-0.260172825847406
qdot7:
-0.232445959255817
-0.022579904052736
0.069973848041765

qdot1:
0.140275124339242
0.210952395506366
0.120762720205813
qdot2:
0.043741592932815
0.014080055276486
0.000260429327965
qdot3:
-0.100197901462590
-0.044424481617430
0.022538622943663
qdot4:
0.008808442159028
0.349453456392530
0.181230710356818
qdot5:
0.085933184267236
0.143889162297230
-0.118003147553809
qdot6:
0.410522746943573
-0.004353219111392
-0.208120263041135
qdot7:
0.008422483620803
-0.175376803205770
0.037442446837285

qdot1:
-0.460478654704435
0.303161372147487
0.205250088539607
qdot2:
0.009481361581412
0.042833318123240
0.009613341940060
qdot3:
0.264828581658093
-0.110288946175732
-0.002886353360308
qdot4:
-0.399403233455402
0.355243630816630
0.297037767309391
qdot5:
0.394397416986156
0.200376804123386
-0.061427876981885
qdot6:
0.144924157217727
0.265501343925905
-0.165204240948262
qdot7:
-0.483919134354342
-0.169840336215567
-0.019289135642075

qdot1:
-0.008016119480909
0.000468605234019
0.255147405729300
qdot2:
0.066430357408461
0.049065831925703
0.024715674980430
qdot3:
0.008429812367137
0.063794467508906
-0.010527067131772
qdot4:
-0.016403700185987
0.092698410503647
0.370650742915791
qdot5:
-0.687701643513216
0.459631482253236
0.047035203960156
qdot6:
-0.344953335637685
0.360766333285712
-0.062285954667798
qdot7:
0.546765209256284
-0.487941555986776
-0.127386340008748

qdot1:
-0.101730755414855
-0.004800740827511
0.254435480162261
qdot2:
-0.071751122825328
0.092733412356601
0.048018386821437
qdot3:
-0.115114048996608
0.069335752004726
0.011351012390852
qdot4:
-0.258827177842586
0.081915540665517
0.399346090398843
qdot5:
-0.245440431039826
0.007575103180536
0.123814036496875
qdot6:
-0.512004483048016
0.134013413137391
0.019024139148431
qdot7:
0.346736905215669
-0.128528861498177
-0.228694584420530

qdot1:
-0.108668019187345
-0.071672817355108
0.241868126233080
qdot2:
-0.153164506507042
0.045568260019438
0.070746321901910
qdot3:
0.105903449111545
-0.006333748949148
0.021704505669615
qdot4:
-0.163389690821527
-0.088222887713674
0.398309566604316
qdot5:
0.339803270428435
-0.153763630819122
0.099790007657616
qdot6:
0.713984152921449
-0.202549535139507
0.007761191240641
qdot7:
-0.164653662684466
0.099396476969706
-0.233482082163161

qdot1:
0.002886524647852
-0.143105060884259
0.206572402114333
qdot2:
-0.016296812369070
-0.055113471465619
0.069177700623866
qdot3:
-0.161142559496564
0.063281221711825
0.031063022032511
qdot4:
-0.093278395487341
-0.195626080227883
0.351662980158898
qdot5:
-0.298040465600205
0.069603926137993
0.085959543632686
qdot6:
-0.574298950595687
0.266783487297507
0.018317138030929
qdot7:
0.348216389944777
-0.008837579552171
-0.218600000796360

qdot1:
-0.015034058249030
-0.141207621940031
0.159849610648617
qdot2:
0.053087375694259
-0.065826079265062
0.049302986092614
qdot3:
0.046302488135552
-0.042644833064463
0.034454322321328
qdot4:
0.031237477115528
-0.256942050761707
0.277289771766630
qdot5:
0.113862418393866
-0.126311111970799
0.076640515047840
qdot6:
0.157666585847440
-0.110728340048517
0.043962607060435
qdot7:
-0.133957645134848
0.220060288959580
-0.183888518682967

qdot1:
-0.026409511531234
-0.151090166207491
0.111814579408216
qdot2:
-0.000695968143556
-0.030929424506147
0.033402579607208
qdot3:
-0.043962054757225
-0.012208181754915
0.025440000669502
qdot4:
-0.081307425981170
-0.236408290330261
0.196214580616520
qdot5:
-0.060048831661069
-0.051464362574303
0.047425615654756
qdot6:
-0.163042767386587
-0.007087194834969
0.024601280604292
qdot7:
0.097939543084775
0.132004067806168
-0.126031692317456

qdot1:
0.094934924170774
-0.168450293623936
0.059302598158369
qdot2:
-0.058407710384436
-0.031386914817379
0.023161765521122
qdot3:
0.017789092706569
-0.041106363804650
0.016678504806834
qdot4:
0.119191506823910
-0.289855218845655
0.109730573111169
qdot5:
0.105126099639151
-0.090937086922573
0.024023939854840
qdot6:
0.267932094114773
-0.114262339396561
0.004659191049794
qdot7:
-0.105214708474587
0.196384014593495
-0.072065728712279

qdot1:
0.199926258420649
-0.106045414308918
0.014193088471434
qdot2:
0.311085839432555
-0.069780858347060
0.006536264605518
qdot3:
0.029245397899592
-0.029412814848102
0.005089669423917
qdot4:
0.433486026108836
-0.211505426462179
0.027339001102712
qdot5:
-0.106316823459129
-0.021833102080930
0.005491745047279
qdot6:
-0.760831168453242
0.061861148812847
-0.003952207766035
qdot7:
-0.209363426653240
0.127221783287445
-0.018885666320085

qdot1:
-0.063135526835891
0.025374862661025
0.000936017683641
qdot2:
-0.314463274188190
0.134709474751830
0.017206369696512
qdot3:
0.045192438876624
-0.010188535244100
-0.001418255596305
qdot4:
-0.164952968041933
0.073443904675501
0.004650531394645
qdot5:
0.188485900696387
-0.091719801786805
-0.013169077941816
qdot6:
0.959987635853992
-0.438266466615797
-0.065809128799567
qdot7:
0.035880449907071
-0.010401957263202
0.000312029386530

qdot1:
0.024972756430786
-0.016126881476848
0.002455793347726
qdot2:
0.013566795057166
-0.072000993983769
0.027511626714781
qdot3:
-0.058779655694538
0.019518432119921
0.000114981759817
qdot4:
0.022110716671712
-0.034986898353251
0.010970399607842
qdot5:
0.082434601237839
0.032180227504644
-0.022953569739750
qdot6:
0.356738329527759
0.192775408464987
-0.106152132153262
qdot7:
-0.043004058200112
0.013183832326638
0.000769191434953

qdot1:
-0.000442242383380
0.000288803950184
-0.000146971981436
qdot2:
0.086660685514264
-0.063082946009021
0.005312480704292
qdot3:
0.088375717093466
-0.019120007335695
0.000180457270524
qdot4:
0.042711274614955
-0.020452556881775
0.001859704720130
qdot5:
-0.184521274438996
0.086368097633186
-0.003471819509677
qdot6:
-1.036885274383364
0.427275120722347
-0.004255546726114
qdot7:
0.016950864223977
-0.015084616671188
0.000456824256431

qdot1:
0.000951591449925
-0.000001901317702
-0.000099823568164
qdot2:
0.061115556756657
-0.006117085783062
-0.006059571441692
qdot3:
-0.123300984346723
0.038973218184505
0.003443053301061
qdot4:
-0.020465528255163
0.007623432655460
-0.000248581445508
qdot5:
0.061316949785087
-0.034925809356247
0.004981997195953
qdot6:
0.509003242583719
-0.254314936641735
0.024168027390925
qdot7:
0.021441012454516
-0.003942071970992
-0.002669944471860

qdot1:
-0.001733601023098
0.000623621377012
0.000002347381063
qdot2:
-0.089254699316393
0.034056843642621
-0.001468065121584
qdot3:
0.095612941525447
-0.042077913575380
0.002932840271267
qdot4:
0.015210708096150
-0.005829454488413
0.000046233639631
qdot5:
-0.010241936920701
0.005380504518508
0.000126641806909
qdot6:
-0.179595981250623
0.080275164965659
-0.004432961766452
qdot7:
-0.018087271842025
0.010152043617166
-0.001649422955374

qdot1:
0.001184747843787
-0.000515950425165
0.000020041587948
qdot2:
0.065793333806018
-0.024614175350539
0.000083704631029
qdot3:
-0.046983380537070
0.020772656211941
-0.000568379185518
qdot4:
-0.008987479101729
0.004169209452464
-0.000226604285945
qdot5:
-0.004249167828947
-0.001351968731680
0.000788675014891
qdot6:
0.082635322856603
-0.037781131316268
0.002550335119972
qdot7:
0.004675764103253
-0.001737511531254
-0.000266612930769

qdot1:
-0.000539757918715
0.000262836168452
-0.000021554180893
qdot2:
-0.034811230995027
0.018634661594983
-0.000898944371794
qdot3:
0.013365587237601
-0.010111575463993
0.001183619521108
qdot4:
0.002789274561250
-0.001738653787419
0.000172823359546
qdot5:
0.010583438912457
-0.004145132658137
-0.000114696299224
qdot6:
-0.035942829057888
0.016538681914397
-0.000940562731525
qdot7:
-0.000753269238953
0.001336072791035
-0.000332583742761

qdot1:
0.000196288043948
-0.000091970327376
0.000006525217401
qdot2:
0.001833069904326
-0.004248283622776
0.001465254549145
qdot3:
0.007375743845351
-0.001325790192427
-0.000695950694240
qdot4:
0.000257655725718
0.000094858419934
-0.000097311294330
qdot5:
-0.005022088547476
0.002811824792861
-0.000333806698134
qdot6:
0.014873555580859
-0.007088112220531
0.000612505505362
qdot7:
-0.002171978795586
0.000840915962721
0.000025173746474

qdot1:
-0.000083564827091
0.000037058392039
-0.000002498787009
qdot2:
0.006192854514339
-0.003043326572937
0.000266980946858
qdot3:
-0.006968067428445
0.003522608945699
-0.000334934423430
qdot4:
-0.000420718390571
0.000264226801578
-0.000038300687570
qdot5:
0.000968959345231
-0.000489413739239
0.000047848901181
qdot6:
-0.006413620443676
0.002688926620718
-0.000110438787369
qdot7:
0.001072003260727
-0.000586820729516
0.000066930725007

qdot1:
0.000045650302799
-0.000017872424993
0.000000654156885
qdot2:
-0.002293657762778
0.001027507653333
-0.000064290546477
qdot3:
0.002332110643596
-0.001057806646658
0.000070121174788
qdot4:
0.000008588240525
-0.000012329804103
0.000003095041833
qdot5:
-0.000342450289754
0.000147525632951
-0.000008335601516
qdot6:
0.003498411975207
-0.001527026710007
0.000080503124518
qdot7:
-0.000231009353800
0.000117853916778
-0.000010137376135

qdot1:
-0.000030711708845
0.000012135516361
-0.000000288623377
qdot2:
0.001105354959096
-0.000480213947820
0.000025649478074
qdot3:
-0.001095453247125
0.000475191715474
-0.000025623396520
qdot4:
0.000018660852503
-0.000006684377848
-0.000000029671597
qdot5:
0.000212235144305
-0.000077581925623
0.000003158663247
qdot6:
-0.001710216411004
0.000772632546204
-0.000043470948141
qdot7:
0.000045321767644
-0.000033998638754
0.000003643059650

qdot1:
0.000018756930514
-0.000008052633583
0.000000382340995
qdot2:
-0.000566605480240
0.000246384229038
-0.000012777148134
qdot3:
0.000573616835622
-0.000244897632880
0.000012222197598
qdot4:
-0.000014213936234
0.000005582216965
-0.000000210796239
qdot5:
-0.000218273095644
0.000061929520586
0.000000586410581
qdot6:
0.000649582748734
-0.000351567527304
0.000025725166771
qdot7:
0.000067183766723
-0.000004206657932
-0.000002635443624

qdot1:
-0.000009799806836
0.000004277117510
-0.000000238111981
qdot2:
0.000279261847801
-0.000126070343633
0.000006994747099
qdot3:
-0.000314215494497
0.000132165810450
-0.000006303692203
qdot4:
0.000010592437656
-0.000003761225219
0.000000088458148
qdot5:
0.000326984803358
-0.000081550935214
-0.000002638093000
qdot6:
0.000148406794553
0.000075431634426
-0.000019653884248
qdot7:
-0.000199724222344
0.000039956171405
0.000003239486211

qdot1:
0.000003905308783
-0.000002164724291
0.000000109030140
qdot2:
-0.000105366459468
0.000057500687382
-0.000004273711691
qdot3:
0.000184077278449
-0.000074381781853
0.000003192300348
qdot4:
-0.000010780460478
0.000003201647500
-0.000000003500582
qdot5:
-0.000566978885012
0.000133390482495
0.000005881007636
qdot6:
-0.001011957147050
0.000172985913681
0.000021170046579
qdot7:
0.000412751939719
-0.000091331298412
-0.000005203293484

qdot1:
0.000002314256778
0.000000402406040
-0.000000180582083
qdot2:
-0.000027675206992
-0.000011761296492
0.000003242914022
qdot3:
-0.000128019919420
0.000046620267146
-0.000001369914217
qdot4:
0.000015419812963
-0.000003884820846
-0.000000115770514
qdot5:
0.001043084102749
-0.000239309545470
-0.000011525300948
qdot6:
0.002301768417426
-0.000492217794914
-0.000031291224118
qdot7:
-0.000798662154624
0.000179988610570
0.000009366289085

qdot1:
-0.000012476923844
0.000001923668276
0.000000201675522
qdot2:
0.000187092840762
-0.000029953420912
-0.000003612313198
qdot3:
0.000125641245331
-0.000037532827103
0.000000123478768
qdot4:
-0.000027583022590
0.000006251296872
0.000000273126543
qdot5:
-0.002055755830462
0.000446355272994
0.000022499752929
qdot6:
-0.004799187724506
0.001020835294403
0.000055579628594
qdot7:
0.001597677886221
-0.000345006967276
-0.000017752157380

qdot1:
0.000033568154106
-0.000006277959666
-0.000000513891039
qdot2:
-0.000474976405564
0.000093030889135
0.000006753581720
qdot3:
-0.000185786982703
0.000045056660594
0.000001359915004
qdot4:
0.000055847855997
-0.000011880230707
-0.000000651909579
qdot5:
0.004324916227953
-0.000904982979200
-0.000052869261441
qdot6:
0.010260739513964
-0.002133880774251
-0.000127333744563
qdot7:
-0.003375427168254
0.000705216610030
0.000041443232200

qdot1:
-0.000075957156438
0.000015787856724
0.000001048926816
qdot2:
0.001011501084483
-0.000219191883734
-0.000013979203688
qdot3:
0.000336184919982
-0.000077069251816
-0.000003900904208
qdot4:
-0.000112573900134
0.000024831008533
0.000001476368645
qdot5:
-0.008818995045230
0.001937973684119
0.000116888235173
qdot6:
-0.021017290849905
0.004610952243153
0.000279738119194
qdot7:
0.006888074387315
-0.001513599351655
-0.000091403104046

qdot1:
0.000148458800934
-0.000034142105532
-0.000001967335881
qdot2:
-0.001959695012340
0.000445712034982
0.000023246197882
qdot3:
-0.000626201010742
0.000143919805080
0.000007085044180
qdot4:
0.000215700527200
-0.000049168741435
-0.000002523195525
qdot5:
0.016924118302083
-0.003859137613799
-0.000198828041590
qdot6:
0.040456952618298
-0.009204632595337
-0.000475168651137
qdot7:
-0.013222004465372
0.003014233314856
0.000155204986147

qdot1:
-0.000280714516307
0.000063446359793
0.000002848406236
qdot2:
0.003879923452179
-0.000842481238542
-0.000041957241422
qdot3:
0.001248115321679
-0.000267709517254
-0.000013258054306
qdot4:
-0.000424172994469
0.000092620652570
0.000004617515057
qdot5:
-0.033558854618740
0.007265825821730
0.000361013261115
qdot6:
-0.080973444230591
0.017389492460862
0.000869897973658
qdot7:
0.026209739317884
-0.005677168718392
-0.000282411001680

qdot1:
0.000511458498125
-0.000121079573789
-0.000006622802056
qdot2:
-0.007859341516408
0.001707962203633
0.000100272384945
qdot3:
-0.002670566973924
0.000552731292079
0.000033581266459
qdot4:
0.000837032384854
-0.000186206815400
-0.000010762054811
qdot5:
0.069021478500420
-0.014793877609069
-0.000876116191954
qdot6:
0.171043118010125
-0.035837895237278
-0.002161837604352
qdot7:
-0.053695550449947
0.011551639681648
0.000682975695322

qdot1:
-0.000628536603886
0.000215124474710
0.000008832154967
qdot2:
0.016024627294572
-0.003458326842374
-0.000187375430104
qdot3:
0.006607566428559
-0.001202749224349
-0.000073240040268
qdot4:
-0.001525235033013
0.000364011193576
0.000018457594487
qdot5:
-0.149434420371430
0.030576960084072
0.001717611473799
qdot6:
-0.404624014471568
0.076596229825964
0.004536221548549
qdot7:
0.114313243588455
-0.023744794953457
-0.001320797915530

qdot1:
-0.004900955904989
-0.000198040135187
0.000011639725931
qdot2:
-0.036791322332462
0.007075361798774
0.000407033402852
qdot3:
-0.029956060554407
0.003140693287897
0.000245233815537
qdot4:
0.001334191943306
-0.000638592526747
-0.000026665986504
qdot5:
0.443608168819862
-0.067652822582775
-0.004375285173408
qdot6:
1.677027438895289
-0.189380838272117
-0.013998342891649
qdot7:
-0.311247111839186
0.051398301568253
0.003223667037718

qdot1:
0.012708987405260
-0.003419652881502
-0.000582877249980
qdot2:
0.004678380849873
-0.017109184089388
-0.001241884196712
qdot3:
0.082910794084212
-0.016550735972513
-0.001958518129947
qdot4:
0.002165767220226
0.000238430212064
-0.000092427035907
qdot5:
-0.666111851354232
0.223950235829756
0.021309996866165
qdot6:
-2.895235206450701
0.913002671762346
0.104918729995663
qdot7:
0.445396826918421
-0.153198042939616
-0.013505688966064

qdot1:
-0.010782008765002
0.004934520592262
-0.000333930043528
qdot2:
0.080229134333746
-0.014033879665055
-0.006359808796304
qdot3:
-0.116123407747040
0.037950156548665
0.001558175726742
qdot4:
-0.005828742823954
0.001662083764044
0.000219895711363
qdot5:
0.409567199753811
-0.213914228245528
0.022959273588006
qdot6:
1.990217788186694
-0.990162103743608
0.092238662352316
qdot7:
-0.259136014594179
0.139580778699687
-0.015743494860249

qdot1:
0.004923459034483
-0.002152965510776
0.000123179420361
qdot2:
-0.084532415761610
0.038704240572334
-0.002305581891600
qdot3:
0.084956577874864
-0.038382840074020
0.001487070273671
qdot4:
0.004758493142032
-0.002169403917273
0.000136524778029
qdot5:
-0.122062111122592
0.055312211816186
-0.003104737577652
qdot6:
-0.706587635362654
0.318095125797919
-0.018206094981837
qdot7:
0.068908030426878
-0.030760661588762
0.002139561177004

qdot1:
-0.002594397579994
0.001083439527128
-0.000052582135560
qdot2:
0.029690627419454
-0.016862614827695
0.001283782166315
qdot3:
-0.020391565273609
0.017462835641281
-0.001950838281315
qdot4:
-0.001975122937857
0.000958561821822
-0.000062460093704
qdot5:
0.054213789764116
-0.024924554369452
0.001889046617663
qdot6:
0.319776622533090
-0.146375842030216
0.010013554618104
qdot7:
-0.039883851357666
0.014535601721981
-0.000526799258077

qdot1:
0.001988193930505
-0.000621971514055
0.000023253643305
qdot2:
-0.043042172753466
0.002654333619698
-0.001051149055792
qdot3:
0.008672960396405
0.004058567601263
0.001585901711295
qdot4:
0.000376205459684
-0.000339772902157
0.000039229163939
qdot5:
-0.028147633990887
0.010712541641217
-0.000446497827323
qdot6:
-0.153764414525507
0.063827323045728
-0.003552133693802
qdot7:
0.035192793510829
-0.011681798800886
-0.000057816877685

qdot1:
-0.002649152871587
0.000684955345283
0.000033604150299
qdot2:
0.087746242889998
-0.025639169741661
-0.004828383663591
qdot3:
-0.036158556671289
0.009759683935100
0.003856737041400
qdot4:
0.001137655011924
-0.000092476593510
-0.000031804962455
qdot5:
0.026213483019703
-0.007790129715479
0.000033759478214
qdot6:
0.088876985645520
-0.037248754227452
0.000815680348180
qdot7:
-0.039573525391866
0.011451964152892
-0.000095586970187

qdot1:
0.004190349712538
-0.001056448744754
-0.000027445566027
qdot2:
-0.060223847588064
0.032040274843415
-0.003776452051366
qdot3:
0.005433652523221
-0.014008917398777
0.003158435273641
qdot4:
-0.002741327452087
0.000655353821286
0.000060695994846
qdot5:
-0.046499302386487
0.009441139583565
0.000305079733814
qdot6:
-0.075883791664798
0.021173977043857
-0.001825983241168
qdot7:
0.066306803352621
-0.014561445535062
-0.000606586510350

qdot1:
-0.008095685745533
0.001698051460336
0.000077992818171
qdot2:
0.033543820803345
-0.007547495131084
0.000248591881064
qdot3:
-0.015939791379509
-0.010437139858392
-0.000858930480287
qdot4:
0.003535913038493
-0.001146640653399
-0.000020040087620
qdot5:
0.234050997477888
-0.021124886344273
-0.001614979751454
qdot6:
0.917815034127979
-0.028707759336837
-0.003064054422258
qdot7:
-0.182207826833285
0.029024917409111
0.001770281709275

qdot1:
0.016569184098390
-0.003623596988169
-0.000238443512636
qdot2:
-0.072536042077585
0.014502325915086
0.001391520522771
qdot3:
0.076854441023284
-0.020915062140770
-0.006011224009532
qdot4:
-0.006060455123944
0.001177669692482
-0.000014940901372
qdot5:
-0.373678687423567
0.132727074656855
0.016725270566781
qdot6:
-1.678615121667783
0.574612219464999
0.086647667184393
qdot7:
0.251951239555982
-0.090748259249551
-0.008373081579095

qdot1:
-0.017018298164947
0.007268052665950
0.000360471530293
qdot2:
0.327407998107320
-0.033178788188908
-0.001677693426705
qdot3:
-0.408641106281941
0.029604724531769
-0.004583200188121
qdot4:
-0.022582353783675
-0.002806132621653
-0.000282555884613
qdot5:
0.538911759540464
-0.112908276031514
0.019982211432290
qdot6:
2.930068355497880
-0.528814943921204
0.094173805426537
qdot7:
-0.247555021627547
0.074870314053113
-0.010982398599173

qdot1:
0.005889704981121
-0.003918819314062
0.000910870935328
qdot2:
-0.357826345224235
0.182040813945127
0.022785687233912
qdot3:
0.449155124033034
-0.239012953771812
-0.038996498000918
qdot4:
0.027238735893363
-0.017650501802211
-0.003644316094471
qdot5:
-0.468118358620084
0.241342002349386
0.041088488339477
qdot6:
-2.834265743547938
1.397247184497161
0.236888432419142
qdot7:
0.192341569153548
-0.087858432858865
-0.013116813288186

qdot1:
-0.005412543798448
-0.000047258539580
0.000259101810392
qdot2:
0.376849983951239
-0.053174098633131
0.043963119793667
qdot3:
-0.208071663801865
0.056236360996506
-0.069033260850265
qdot4:
0.019962399944141
0.000254711068251
-0.006503069684955
qdot5:
-0.029246799472936
-0.066372676205375
0.069842236702422
qdot6:
0.501881248001145
-0.465839695465272
0.389952155948276
qdot7:
-0.028550252118353
0.038576096005313
-0.021215672350252

qdot1:
0.005795963868057
-0.003605160391609
-0.000341121881257
qdot2:
-0.375137747480519
0.194545884015607
0.067195584775342
qdot3:
0.112602740479078
-0.080538247313843
-0.073026934137539
qdot4:
-0.009988153330032
0.013376869960076
-0.004262911027916
qdot5:
0.234914894634095
-0.085597877124859
0.044868013246600
qdot6:
0.597583244638282
-0.135931192503369
0.291059572510223
qdot7:
-0.047230560664925
0.019808766137812
-0.011620941255003

qdot1:
0.001490614069410
0.000204780247830
-0.000899926542321
qdot2:
0.114327150937788
-0.052048570685989
0.090613014448148
qdot3:
0.154435739380058
-0.006519539325025
-0.087333657179889
qdot4:
0.009036944306379
0.006811219767748
-0.000945282362623
qdot5:
-0.392483459409917
0.068821961274863
0.042111127376721
qdot6:
-1.920147263944586
0.256886420067170
0.310936863308553
qdot7:
0.072386573450062
-0.011237947850955
-0.010212447790943

qdot1:
-0.001393453599823
0.001184626094017
-0.000671597147634
qdot2:
-0.447704571145332
0.023103667744922
0.085856326668072
qdot3:
0.193050528079364
0.094997829147314
-0.072793494414217
qdot4:
-0.021908497282762
0.012751598650883
0.002269591755463
qdot5:
0.284009897225081
-0.189174588799348
0.022332865421194
qdot6:
1.377047050858951
-1.005310388116640
0.187943908369816
qdot7:
-0.074348531109270
0.036344913984515
-0.006086470956769

qdot1:
0.002672861516235
0.000268648075521
-0.000432771973564
qdot2:
0.297072873695117
-0.271192135144730
0.045086475628630
qdot3:
-0.352696155954811
0.221898387732285
-0.020716057310609
qdot4:
-0.017464270104026
-0.001649815168596
0.004094013759391
qdot5:
0.075215680908403
-0.002482457158524
-0.009163275033290
qdot6:
0.226343483817046
-0.100117112085048
0.006282443044643
qdot7:
0.036791612171320
-0.012527628461262
-0.002172434995629

qdot1:
-0.005647120908727
0.002025636895002
-0.000055738500502
qdot2:
0.341641649969084
-0.075913137529894
-0.011955395000300
qdot3:
-0.100413982801785
-0.009944226979640
0.014115628545829
qdot4:
0.024533403421607
-0.013129844016632
0.001665184601345
qdot5:
-0.125715707183622
0.046960100790353
-0.001853999739438
qdot6:
-0.127965386494717
0.048668362962413
-0.002172435410126
qdot7:
-0.014032565643747
0.011657107950662
-0.002315492800435

coefs_qdotdot:
qdotdot1:
0.000120819451063
-0.000021407605759
qdotdot2:
0.058750625333493
-0.007909640601007
qdotdot3:
-0.707468726798687
0.155550983449319
qdotdot4:
0.167137682643186
-0.022408838364215
qdotdot5:
-0.151877956329205
0.020356293433307
qdotdot6:
-0.383846737000821
0.051377900213733
qdotdot7:
0.000958040976610
-0.000212470004673

qdotdot1:
0.000535284800314
0.000018302349920
qdotdot2:
-0.102273653143089
0.011400037663565
qdotdot3:
0.134172780778453
-0.076974090440257
qdotdot4:
-0.281961716643677
0.032524617397425
qdotdot5:
0.258204859494689
-0.029561719448265
qdotdot6:
0.682935996069353
-0.074781727063737
qdotdot7:
0.000816020287704
0.000102411120721

qdotdot1:
-0.001694737172216
0.000194235409616
qdotdot2:
0.228651918767751
-0.022214435815233
qdotdot3:
0.676845702549216
-0.032875270827899
qdotdot4:
0.326483732991010
-0.060148269068211
qdotdot5:
-0.490917515688188
0.055302956202246
qdotdot6:
-0.713795035345187
0.149680128185259
qdotdot7:
-0.013136868802850
0.000370614039813

qdotdot1:
0.001662601800839
-0.000362777036681
qdotdot2:
-1.035295261625713
0.052937019355157
qdotdot3:
-0.593901818045983
0.189584876222365
qdotdot4:
-0.836266674684686
0.047157752048792
qdotdot5:
1.029432575819822
-0.106047824807704
qdotdot6:
0.828685605883110
-0.084924225404609
qdotdot7:
0.137479653516963
-0.003947105278867

qdotdot1:
-0.001074446541997
0.000183673416809
qdotdot2:
-0.226879340262970
-0.287335416850421
qdotdot3:
0.517691034852063
-0.005613948677202
qdotdot4:
0.056835537496947
-0.227699585041360
qdotdot5:
1.538694092877341
0.232297711453653
qdotdot6:
0.703331256062550
0.187441427577858
qdotdot7:
-1.097249408646033
0.041238590401278

qdotdot1:
0.001947905222580
-0.000169466944178
qdotdot2:
0.975942303269721
-0.361904275317683
qdotdot3:
0.117783721257168
0.164536535112594
qdotdot4:
1.080180465804290
-0.209019342289383
qdotdot5:
-1.773267210420073
0.738023186074622
qdotdot6:
-1.023371883346872
0.418606631197282
qdotdot7:
0.529645700912218
-0.319396431552581

qdotdot1:
-0.004228007780432
0.000470754720262
qdotdot2:
0.252959787084853
-0.041139487301364
qdotdot3:
0.009160280526126
0.203248731780625
qdotdot4:
0.022765370808036
0.146005598193521
qdotdot5:
-0.727154887094154
0.155200124771701
qdotdot6:
-0.104146425089299
0.082253074102935
qdotdot7:
0.475951231091558
-0.145316785237763

qdotdot1:
0.008181114036547
-0.000918872530117
qdotdot2:
0.224351340748393
0.042001280558661
qdotdot3:
-0.579292662173888
0.206259458368957
qdotdot4:
0.002016262639823
0.153487935332599
qdotdot5:
-0.771003668783029
-0.083795236360139
qdotdot6:
-0.935974616681787
0.048023073154617
qdotdot7:
0.401651675555598
0.011114998931958

qdotdot1:
-0.015697810731929
0.001770029570836
qdotdot2:
-0.302459518381272
0.115739256682077
qdotdot3:
0.070050581350943
0.015862252141632
qdotdot4:
-0.340864754683624
0.154150624157626
qdotdot5:
0.219355096164282
-0.337202458844932
qdotdot6:
-0.114711897159593
-0.259605460317832
qdotdot7:
-0.004069050586483
0.143126608772365

qdotdot1:
0.029463217678471
-0.003389399336875
qdotdot2:
0.189498141087153
0.016329319258478
qdotdot3:
-0.369267887979979
0.038885908153031
qdotdot4:
0.176616314240469
0.042117965657209
qdotdot5:
0.360680948142390
-0.265106607803635
qdotdot6:
0.373861429889506
-0.297308034795923
qdotdot7:
-0.333039298401836
0.141789226281179

qdotdot1:
-0.050869742816663
0.006294331700554
qdotdot2:
0.853341090408109
0.078612028852744
qdotdot3:
-1.134783229321665
-0.082482061461865
qdotdot4:
-0.376761976170200
0.100166781051074
qdotdot5:
-0.453572261613336
-0.146560923817187
qdotdot6:
-0.319084332981689
-0.174430297142571
qdotdot7:
-0.045015925416369
0.032328575180122

qdotdot1:
0.068868090831312
-0.010425122119988
qdotdot2:
-0.931042363259170
0.359081246196141
qdotdot3:
1.177272304586273
-0.455453394683435
qdotdot4:
0.024685697782234
-0.023664284590768
qdotdot5:
-0.659880338084464
-0.295637370097920
qdotdot6:
-1.260138945857033
-0.279304343574713
qdotdot7:
0.875700332142537
0.017533106508293

qdotdot1:
0.742002759909230
0.012209882513569
qdotdot2:
-0.218902280534516
0.053073805710694
qdotdot3:
-0.045435000790675
-0.068517097370648
qdotdot4:
0.802936467883858
-0.015550789981892
qdotdot5:
2.029313080426854
-0.512521478976743
qdotdot6:
3.086892192153376
-0.693476575360045
qdotdot7:
-0.997746097078623
0.305351177786109

qdotdot1:
-0.137319100311483
0.256085321863214
qdotdot2:
0.100261918394925
-0.018873217567933
qdotdot3:
0.118737943596203
-0.083450304332079
qdotdot4:
0.307606516316016
0.248351845500195
qdotdot5:
-0.032152116789270
0.154456658850697
qdotdot6:
-0.990201219015587
0.321098073497710
qdotdot7:
-0.464891918511633
-0.022579904052736

qdotdot1:
0.280550248678483
0.210952395506366
qdotdot2:
0.087483185865630
0.014080055276486
qdotdot3:
-0.200395802925181
-0.044424481617430
qdotdot4:
0.017616884318056
0.349453456392530
qdotdot5:
0.171866368534471
0.143889162297230
qdotdot6:
0.821045493887146
-0.004353219111392
qdotdot7:
0.016844967241607
-0.175376803205770

qdotdot1:
-0.920957309408870
0.303161372147487
qdotdot2:
0.018962723162825
0.042833318123240
qdotdot3:
0.529657163316185
-0.110288946175732
qdotdot4:
-0.798806466910805
0.355243630816630
qdotdot5:
0.788794833972312
0.200376804123386
qdotdot6:
0.289848314435453
0.265501343925905
qdotdot7:
-0.967838268708684
-0.169840336215567

qdotdot1:
-0.016032238961819
0.000468605234019
qdotdot2:
0.132860714816923
0.049065831925703
qdotdot3:
0.016859624734274
0.063794467508906
qdotdot4:
-0.032807400371975
0.092698410503647
qdotdot5:
-1.375403287026433
0.459631482253236
qdotdot6:
-0.689906671275371
0.360766333285712
qdotdot7:
1.093530418512568
-0.487941555986776

qdotdot1:
-0.203461510829710
-0.004800740827511
qdotdot2:
-0.143502245650656
0.092733412356601
qdotdot3:
-0.230228097993217
0.069335752004726
qdotdot4:
-0.517654355685171
0.081915540665517
qdotdot5:
-0.490880862079652
0.007575103180536
qdotdot6:
-1.024008966096032
0.134013413137391
qdotdot7:
0.693473810431339
-0.128528861498177

qdotdot1:
-0.217336038374689
-0.071672817355108
qdotdot2:
-0.306329013014083
0.045568260019438
qdotdot3:
0.211806898223090
-0.006333748949148
qdotdot4:
-0.326779381643054
-0.088222887713674
qdotdot5:
0.679606540856870
-0.153763630819122
qdotdot6:
1.427968305842898
-0.202549535139507
qdotdot7:
-0.329307325368932
0.099396476969706

qdotdot1:
0.005773049295704
-0.143105060884259
qdotdot2:
-0.032593624738140
-0.055113471465619
qdotdot3:
-0.322285118993127
0.063281221711825
qdotdot4:
-0.186556790974683
-0.195626080227883
qdotdot5:
-0.596080931200410
0.069603926137993
qdotdot6:
-1.148597901191374
0.266783487297507
qdotdot7:
0.696432779889554
-0.008837579552171

qdotdot1:
-0.030068116498059
-0.141207621940031
qdotdot2:
0.106174751388518
-0.065826079265062
qdotdot3:
0.092604976271104
-0.042644833064463
qdotdot4:
0.062474954231056
-0.256942050761707
qdotdot5:
0.227724836787732
-0.126311111970799
qdotdot6:
0.315333171694880
-0.110728340048517
qdotdot7:
-0.267915290269695
0.220060288959580

qdotdot1:
-0.052819023062467
-0.151090166207491
qdotdot2:
-0.001391936287111
-0.030929424506147
qdotdot3:
-0.087924109514449
-0.012208181754915
qdotdot4:
-0.162614851962341
-0.236408290330261
qdotdot5:
-0.120097663322139
-0.051464362574303
qdotdot6:
-0.326085534773174
-0.007087194834969
qdotdot7:
0.195879086169550
0.132004067806168

qdotdot1:
0.189869848341549
-0.168450293623936
qdotdot2:
-0.116815420768873
-0.031386914817379
qdotdot3:
0.035578185413138
-0.041106363804650
qdotdot4:
0.238383013647820
-0.289855218845655
qdotdot5:
0.210252199278302
-0.090937086922573
qdotdot6:
0.535864188229546
-0.114262339396561
qdotdot7:
-0.210429416949173
0.196384014593495

qdotdot1:
0.399852516841299
-0.106045414308918
qdotdot2:
0.622171678865110
-0.069780858347060
qdotdot3:
0.058490795799184
-0.029412814848102
qdotdot4:
0.866972052217671
-0.211505426462179
qdotdot5:
-0.212633646918258
-0.021833102080930
qdotdot6:
-1.521662336906485
0.061861148812847
qdotdot7:
-0.418726853306481
0.127221783287445

qdotdot1:
-0.126271053671781
0.025374862661025
qdotdot2:
-0.628926548376381
0.134709474751830
qdotdot3:
0.090384877753247
-0.010188535244100
qdotdot4:
-0.329905936083866
0.073443904675501
qdotdot5:
0.376971801392774
-0.091719801786805
qdotdot6:
1.919975271707983
-0.438266466615797
qdotdot7:
0.071760899814141
-0.010401957263202

qdotdot1:
0.049945512861573
-0.016126881476848
qdotdot2:
0.027133590114331
-0.072000993983769
qdotdot3:
-0.117559311389077
0.019518432119921
qdotdot4:
0.044221433343423
-0.034986898353251
qdotdot5:
0.164869202475678
0.032180227504644
qdotdot6:
0.713476659055518
0.192775408464987
qdotdot7:
-0.086008116400223
0.013183832326638

qdotdot1:
-0.000884484766759
0.000288803950184
qdotdot2:
0.173321371028529
-0.063082946009021
qdotdot3:
0.176751434186931
-0.019120007335695
qdotdot4:
0.085422549229911
-0.020452556881775
qdotdot5:
-0.369042548877993
0.086368097633186
qdotdot6:
-2.073770548766728
0.427275120722347
qdotdot7:
0.033901728447955
-0.015084616671188

qdotdot1:
0.001903182899851
-0.000001901317702
qdotdot2:
0.122231113513313
-0.006117085783062
qdotdot3:
-0.246601968693447
0.038973218184505
qdotdot4:
-0.040931056510326
0.007623432655460
qdotdot5:
0.122633899570173
-0.034925809356247
qdotdot6:
1.018006485167438
-0.254314936641735
qdotdot7:
0.042882024909033
-0.003942071970992

qdotdot1:
-0.003467202046197
0.000623621377012
qdotdot2:
-0.178509398632786
0.034056843642621
qdotdot3:
0.191225883050894
-0.042077913575380
qdotdot4:
0.030421416192300
-0.005829454488413
qdotdot5:
-0.020483873841402
0.005380504518508
qdotdot6:
-0.359191962501245
0.080275164965659
qdotdot7:
-0.036174543684051
0.010152043617166

qdotdot1:
0.002369495687574
-0.000515950425165
qdotdot2:
0.131586667612036
-0.024614175350539
qdotdot3:
-0.093966761074140
0.020772656211941
qdotdot4:
-0.017974958203458
0.004169209452464
qdotdot5:
-0.008498335657894
-0.001351968731680
qdotdot6:
0.165270645713205
-0.037781131316268
qdotdot7:
0.009351528206506
-0.001737511531254

qdotdot1:
-0.001079515837431
0.000262836168452
qdotdot2:
-0.069622461990054
0.018634661594983
qdotdot3:
0.026731174475202
-0.010111575463993
qdotdot4:
0.005578549122501
-0.001738653787419
qdotdot5:
0.021166877824914
-0.004145132658137
qdotdot6:
-0.071885658115777
0.016538681914397
qdotdot7:
-0.001506538477907
0.001336072791035

qdotdot1:
0.000392576087896
-0.000091970327376
qdotdot2:
0.003666139808652
-0.004248283622776
qdotdot3:
0.014751487690702
-0.001325790192427
qdotdot4:
0.000515311451436
0.000094858419934
qdotdot5:
-0.010044177094951
0.002811824792861
qdotdot6:
0.029747111161718
-0.007088112220531
qdotdot7:
-0.004343957591173
0.000840915962721

qdotdot1:
-0.000167129654181
0.000037058392039
qdotdot2:
0.012385709028679
-0.003043326572937
qdotdot3:
-0.013936134856891
0.003522608945699
qdotdot4:
-0.000841436781143
0.000264226801578
qdotdot5:
0.001937918690462
-0.000489413739239
qdotdot6:
-0.012827240887352
0.002688926620718
qdotdot7:
0.002144006521453
-0.000586820729516

qdotdot1:
0.000091300605599
-0.000017872424993
qdotdot2:
-0.004587315525556
0.001027507653333
qdotdot3:
0.004664221287191
-0.001057806646658
qdotdot4:
0.000017176481050
-0.000012329804103
qdotdot5:
-0.000684900579509
0.000147525632951
qdotdot6:
0.006996823950415
-0.001527026710007
qdotdot7:
-0.000462018707600
0.000117853916778

qdotdot1:
-0.000061423417690
0.000012135516361
qdotdot2:
0.002210709918191
-0.000480213947820
qdotdot3:
-0.002190906494251
0.000475191715474
qdotdot4:
0.000037321705007
-0.000006684377848
qdotdot5:
0.000424470288611
-0.000077581925623
qdotdot6:
-0.003420432822009
0.000772632546204
qdotdot7:
0.000090643535289
-0.000033998638754

qdotdot1:
0.000037513861028
-0.000008052633583
qdotdot2:
-0.001133210960479
0.000246384229038
qdotdot3:
0.001147233671244
-0.000244897632880
qdotdot4:
-0.000028427872467
0.000005582216965
qdotdot5:
-0.000436546191287
0.000061929520586
qdotdot6:
0.001299165497468
-0.000351567527304
qdotdot7:
0.000134367533446
-0.000004206657932

qdotdot1:
-0.000019599613672
0.000004277117510
qdotdot2:
0.000558523695602
-0.000126070343633
qdotdot3:
-0.000628430988993
0.000132165810450
qdotdot4:
0.000021184875311
-0.000003761225219
qdotdot5:
0.000653969606716
-0.000081550935214
qdotdot6:
0.000296813589106
0.000075431634426
qdotdot7:
-0.000399448444688
0.000039956171405

qdotdot1:
0.000007810617567
-0.000002164724291
qdotdot2:
-0.000210732918935
0.000057500687382
qdotdot3:
0.000368154556899
-0.000074381781853
qdotdot4:
-0.000021560920956
0.000003201647500
qdotdot5:
-0.001133957770024
0.000133390482495
qdotdot6:
-0.002023914294100
0.000172985913681
qdotdot7:
0.000825503879439
-0.000091331298412

qdotdot1:
0.000004628513557
0.000000402406040
qdotdot2:
-0.000055350413983
-0.000011761296492
qdotdot3:
-0.000256039838840
0.000046620267146
qdotdot4:
0.000030839625925
-0.000003884820846
qdotdot5:
0.002086168205498
-0.000239309545470
qdotdot6:
0.004603536834853
-0.000492217794914
qdotdot7:
-0.001597324309247
0.000179988610570

qdotdot1:
-0.000024953847688
0.000001923668276
qdotdot2:
0.000374185681525
-0.000029953420912
qdotdot3:
0.000251282490662
-0.000037532827103
qdotdot4:
-0.000055166045179
0.000006251296872
qdotdot5:
-0.004111511660924
0.000446355272994
qdotdot6:
-0.009598375449012
0.001020835294403
qdotdot7:
0.003195355772442
-0.000345006967276

qdotdot1:
0.000067136308211
-0.000006277959666
qdotdot2:
-0.000949952811127
0.000093030889135
qdotdot3:
-0.000371573965406
0.000045056660594
qdotdot4:
0.000111695711994
-0.000011880230707
qdotdot5:
0.008649832455906
-0.000904982979200
qdotdot6:
0.020521479027929
-0.002133880774251
qdotdot7:
-0.006750854336507
0.000705216610030

qdotdot1:
-0.000151914312876
0.000015787856724
qdotdot2:
0.002023002168965
-0.000219191883734
qdotdot3:
0.000672369839963
-0.000077069251816
qdotdot4:
-0.000225147800268
0.000024831008533
qdotdot5:
-0.017637990090461
0.001937973684119
qdotdot6:
-0.042034581699810
0.004610952243153
qdotdot7:
0.013776148774629
-0.001513599351655

qdotdot1:
0.000296917601868
-0.000034142105532
qdotdot2:
-0.003919390024680
0.000445712034982
qdotdot3:
-0.001252402021483
0.000143919805080
qdotdot4:
0.000431401054400
-0.000049168741435
qdotdot5:
0.033848236604167
-0.003859137613799
qdotdot6:
0.080913905236597
-0.009204632595337
qdotdot7:
-0.026444008930743
0.003014233314856

qdotdot1:
-0.000561429032614
0.000063446359793
qdotdot2:
0.007759846904358
-0.000842481238542
qdotdot3:
0.002496230643359
-0.000267709517254
qdotdot4:
-0.000848345988939
0.000092620652570
qdotdot5:
-0.067117709237479
0.007265825821730
qdotdot6:
-0.161946888461181
0.017389492460862
qdotdot7:
0.052419478635768
-0.005677168718392

qdotdot1:
0.001022916996250
-0.000121079573789
qdotdot2:
-0.015718683032817
0.001707962203633
qdotdot3:
-0.005341133947847
0.000552731292079
qdotdot4:
0.001674064769708
-0.000186206815400
qdotdot5:
0.138042957000839
-0.014793877609069
qdotdot6:
0.342086236020251
-0.035837895237278
qdotdot7:
-0.107391100899894
0.011551639681648

qdotdot1:
-0.001257073207772
0.000215124474710
qdotdot2:
0.032049254589145
-0.003458326842374
qdotdot3:
0.013215132857118
-0.001202749224349
qdotdot4:
-0.003050470066026
0.000364011193576
qdotdot5:
-0.298868840742859
0.030576960084072
qdotdot6:
-0.809248028943136
0.076596229825964
qdotdot7:
0.228626487176910
-0.023744794953457

qdotdot1:
-0.009801911809978
-0.000198040135187
qdotdot2:
-0.073582644664925
0.007075361798774
qdotdot3:
-0.059912121108815
0.003140693287897
qdotdot4:
0.002668383886613
-0.000638592526747
qdotdot5:
0.887216337639724
-0.067652822582775
qdotdot6:
3.354054877790578
-0.189380838272117
qdotdot7:
-0.622494223678371
0.051398301568253

qdotdot1:
0.025417974810519
-0.003419652881502
qdotdot2:
0.009356761699746
-0.017109184089388
qdotdot3:
0.165821588168424
-0.016550735972513
qdotdot4:
0.004331534440452
0.000238430212064
qdotdot5:
-1.332223702708463
0.223950235829756
qdotdot6:
-5.790470412901401
0.913002671762346
qdotdot7:
0.890793653836841
-0.153198042939616

qdotdot1:
-0.021564017530004
0.004934520592262
qdotdot2:
0.160458268667492
-0.014033879665055
qdotdot3:
-0.232246815494080
0.037950156548665
qdotdot4:
-0.011657485647907
0.001662083764044
qdotdot5:
0.819134399507622
-0.213914228245528
qdotdot6:
3.980435576373388
-0.990162103743608
qdotdot7:
-0.518272029188358
0.139580778699687

qdotdot1:
0.009846918068966
-0.002152965510776
qdotdot2:
-0.169064831523219
0.038704240572334
qdotdot3:
0.169913155749729
-0.038382840074020
qdotdot4:
0.009516986284064
-0.002169403917273
qdotdot5:
-0.244124222245184
0.055312211816186
qdotdot6:
-1.413175270725308
0.318095125797919
qdotdot7:
0.137816060853756
-0.030760661588762

qdotdot1:
-0.005188795159988
0.001083439527128
qdotdot2:
0.059381254838909
-0.016862614827695
qdotdot3:
-0.040783130547218
0.017462835641281
qdotdot4:
-0.003950245875715
0.000958561821822
qdotdot5:
0.108427579528232
-0.024924554369452
qdotdot6:
0.639553245066180
-0.146375842030216
qdotdot7:
-0.079767702715333
0.014535601721981

qdotdot1:
0.003976387861010
-0.000621971514055
qdotdot2:
-0.086084345506932
0.002654333619698
qdotdot3:
0.017345920792810
0.004058567601263
qdotdot4:
0.000752410919367
-0.000339772902157
qdotdot5:
-0.056295267981774
0.010712541641217
qdotdot6:
-0.307528829051014
0.063827323045728
qdotdot7:
0.070385587021658
-0.011681798800886

qdotdot1:
-0.005298305743173
0.000684955345283
qdotdot2:
0.175492485779997
-0.025639169741661
qdotdot3:
-0.072317113342578
0.009759683935100
qdotdot4:
0.002275310023848
-0.000092476593510
qdotdot5:
0.052426966039407
-0.007790129715479
qdotdot6:
0.177753971291039
-0.037248754227452
qdotdot7:
-0.079147050783733
0.011451964152892

qdotdot1:
0.008380699425075
-0.001056448744754
qdotdot2:
-0.120447695176128
0.032040274843415
qdotdot3:
0.010867305046442
-0.014008917398777
qdotdot4:
-0.005482654904173
0.000655353821286
qdotdot5:
-0.092998604772974
0.009441139583565
qdotdot6:
-0.151767583329596
0.021173977043857
qdotdot7:
0.132613606705242
-0.014561445535062

qdotdot1:
-0.016191371491067
0.001698051460336
qdotdot2:
0.067087641606690
-0.007547495131084
qdotdot3:
-0.031879582759017
-0.010437139858392
qdotdot4:
0.007071826076987
-0.001146640653399
qdotdot5:
0.468101994955775
-0.021124886344273
qdotdot6:
1.835630068255959
-0.028707759336837
qdotdot7:
-0.364415653666571
0.029024917409111

qdotdot1:
0.033138368196781
-0.003623596988169
qdotdot2:
-0.145072084155170
0.014502325915086
qdotdot3:
0.153708882046567
-0.020915062140770
qdotdot4:
-0.012120910247887
0.001177669692482
qdotdot5:
-0.747357374847134
0.132727074656855
qdotdot6:
-3.357230243335566
0.574612219464999
qdotdot7:
0.503902479111964
-0.090748259249551

qdotdot1:
-0.034036596329894
0.007268052665950
qdotdot2:
0.654815996214639
-0.033178788188908
qdotdot3:
-0.817282212563883
0.029604724531769
qdotdot4:
-0.045164707567349
-0.002806132621653
qdotdot5:
1.077823519080928
-0.112908276031514
qdotdot6:
5.860136710995761
-0.528814943921204
qdotdot7:
-0.495110043255095
0.074870314053113

qdotdot1:
0.011779409962242
-0.003918819314062
qdotdot2:
-0.715652690448470
0.182040813945127
qdotdot3:
0.898310248066067
-0.239012953771812
qdotdot4:
0.054477471786725
-0.017650501802211
qdotdot5:
-0.936236717240167
0.241342002349386
qdotdot6:
-5.668531487095876
1.397247184497161
qdotdot7:
0.384683138307096
-0.087858432858865

qdotdot1:
-0.010825087596896
-0.000047258539580
qdotdot2:
0.753699967902479
-0.053174098633131
qdotdot3:
-0.416143327603730
0.056236360996506
qdotdot4:
0.039924799888283
0.000254711068251
qdotdot5:
-0.058493598945872
-0.066372676205375
qdotdot6:
1.003762496002289
-0.465839695465272
qdotdot7:
-0.057100504236706
0.038576096005313

qdotdot1:
0.011591927736114
-0.003605160391609
qdotdot2:
-0.750275494961039
0.194545884015607
qdotdot3:
0.225205480958156
-0.080538247313843
qdotdot4:
-0.019976306660065
0.013376869960076
qdotdot5:
0.469829789268191
-0.085597877124859
qdotdot6:
1.195166489276565
-0.135931192503369
qdotdot7:
-0.094461121329851
0.019808766137812

qdotdot1:
0.002981228138821
0.000204780247830
qdotdot2:
0.228654301875576
-0.052048570685989
qdotdot3:
0.308871478760116
-0.006519539325025
qdotdot4:
0.018073888612758
0.006811219767748
qdotdot5:
-0.784966918819834
0.068821961274863
qdotdot6:
-3.840294527889172
0.256886420067170
qdotdot7:
0.144773146900124
-0.011237947850955

qdotdot1:
-0.002786907199647
0.001184626094017
qdotdot2:
-0.895409142290664
0.023103667744922
qdotdot3:
0.386101056158728
0.094997829147314
qdotdot4:
-0.043816994565523
0.012751598650883
qdotdot5:
0.568019794450163
-0.189174588799348
qdotdot6:
2.754094101717903
-1.005310388116640
qdotdot7:
-0.148697062218539
0.036344913984515

qdotdot1:
0.005345723032469
0.000268648075521
qdotdot2:
0.594145747390233
-0.271192135144730
qdotdot3:
-0.705392311909622
0.221898387732285
qdotdot4:
-0.034928540208053
-0.001649815168596
qdotdot5:
0.150431361816805
-0.002482457158524
qdotdot6:
0.452686967634091
-0.100117112085048
qdotdot7:
0.073583224342640
-0.012527628461262

qdotdot1:
-0.011294241817455
0.002025636895002
qdotdot2:
0.683283299938168
-0.075913137529894
qdotdot3:
-0.200827965603571
-0.009944226979640
qdotdot4:
0.049066806843214
-0.013129844016632
qdotdot5:
-0.251431414367245
0.046960100790353
qdotdot6:
-0.255930772989434
0.048668362962413
qdotdot7:
-0.028065131287494
0.011657107950662

