nSeg: 35

breaks: 
0.000000000000000
0.327114282335554
0.654228564671108
0.981342847006662
1.308457129342215
1.635571411677769
1.962685694013323
2.289799976348877
2.616914258684431
2.944028541019985
3.271142823355539
3.598257105691092
3.925371388026646
4.252485670362200
4.579599952697754
4.906714235033308
5.233828517368861
5.560942799704415
5.888057082039969
6.215171364375523
6.542285646711077
6.869399929046631
7.196514211382184
7.523628493717738
7.850742776053292
8.177857058388847
8.504971340724401
8.832085623059953
9.159199905395507
9.486314187731061
9.813428470066615
10.140542752402169
10.467657034737723
10.794771317073277
11.121885599408831
11.448999881744385

coefs_q:
q1:
-0.028647760919347
0.011498661827796
0.000000000000000
-1.399655223000000
q2:
-0.082732981983096
0.033101091745408
0.000000000000000
1.599896789000000
q3:
0.079962191172067
-0.033861315591854
-0.000000000000000
-2.777580261000002
q4:
1.004047130269061
-0.548279554120306
-0.000000000000000
1.263919950000000
q5:
0.297518149736283
-0.158741522224400
-0.000000000000000
-1.042490244000000
q6:
-0.231456268361854
0.116297369541858
-0.000000000000000
-0.422636211000000
q7:
0.064092974620648
-0.048365366209999
-0.000000000000000
-0.439119607000000

q1:
0.049836777132451
-0.016614613433163
-0.001673500837853
-1.399427565015790
q2:
0.160525635057870
-0.048088328335233
-0.004902539141274
1.600542872498590
q3:
-0.080082495497685
0.044609008745834
0.003515723932827
-2.778404675787548
q4:
-0.825512489875400
0.437034915226803
-0.036389710215326
1.240396095228782
q5:
-0.231230948710890
0.133225785873958
-0.008346561784538
-1.049062316771812
q6:
0.162806574668702
-0.110840583809902
0.001784992548568
-0.418293493785389
q7:
0.001860977441923
0.014531815977353
-0.011067437503216
-0.442051471203362

q1:
-0.111043109841728
0.032292351323633
0.003454911140833
-1.400008407441294
q2:
-0.852506070131666
0.109442355390009
0.015167239387145
1.599412341778620
q3:
0.116851887997053
-0.033979375381263
0.006992828822369
-2.775284384924524
q4:
0.900998575283875
-0.373075861827080
-0.015467790363614
1.246361913029983
q5:
0.195835975855420
-0.093691051650038
0.004585814428446
-1.045630588292263
q6:
-0.263924282117881
0.048928483686885
-0.018467339651060
-0.423871325776869
q7:
-0.130636581521959
0.016358072878425
-0.000962913678733
-0.444051690440534

q1:
-0.375041230561748
-0.076679010228922
-0.011064598932243
-1.399309635432839
q2:
-0.479805486156037
-0.727158378563460
-0.186896494220410
1.586244698951186
q3:
0.771146848456067
0.080692389063869
0.022273322768885
-2.772542748377266
q4:
0.242071219627677
0.511112645190943
0.029686012962364
1.232918823331336
q5:
0.493252915439639
0.098491182442247
0.006156005767656
-1.047301056964024
q6:
-0.891449590063534
-0.210071722720865
-0.071179594640887
-0.433914723014657
q7:
-0.236562734260100
-0.111841201955552
-0.032196808921950
-0.447188899266040

q1:
0.554836671843661
-0.444723039173269
-0.181622656130728
-1.424261329905934
q2:
1.166801860656936
-1.198012060357241
-0.816647240721579
1.430505139860428
q3:
-1.692843363740629
0.837451832787960
0.322611410980482
-2.729630404148206
q4:
-2.390019031241298
0.748667505038743
0.441778092705324
1.305793600998354
q5:
-1.433857563723651
0.582541402774119
0.228931491127835
-1.017483349807283
q6:
2.767725633451935
-1.084889401396735
-0.494779873409057
-0.510879973054349
q7:
0.460372397503238
-0.343990349090039
-0.181305819608131
-0.477968640459647

q1:
0.625482591141310
0.099761959997490
-0.294464351979011
-1.511839083024303
q2:
3.037503763375776
-0.052979400527493
-1.225864414656795
1.076017307251557
q3:
0.002314964431083
-0.823807893321603
0.327074538447249
-2.593742789840019
q4:
1.779072199599425
-1.596760575479697
0.164354736614275
1.446759221841037
q5:
0.336615189162956
-0.824564461012485
0.149762292123535
-0.930451009025751
q6:
-1.050595495305941
1.631198351468304
-0.316074413272906
-0.691939579580459
q7:
0.817413424848116
0.107792810159071
-0.258569408044958
-0.557970457482056

q1:
-0.556729297682628
0.713574826741207
-0.028410272687877
-1.575594247059736
q2:
-3.260631004340668
2.927853190417139
-0.285452138071750
0.775670646420081
q3:
1.022810447240898
-0.821536119536085
-0.211140987513793
-2.574821544404352
q4:
-1.442875063548322
0.149119201905607
-0.309189432381669
1.391934524775593
q5:
0.805719826444176
-0.494229552933625
-0.281634065296871
-0.957910758437573
q6:
-1.324585451808348
0.600203977052399
0.413849158023028
-0.657561110498348
q7:
-1.314205031342265
0.909955627680987
0.074350641797223
-0.602406490998950

q1:
-0.556948058983707
0.167232512741317
0.259714388042837
-1.528019360810695
q2:
0.435835267029523
-0.271943722420722
0.583333781500100
0.881456363221683
q3:
0.213727468799148
0.182191596707455
-0.420279712264048
-2.695995347823959
q4:
1.966601141223421
-1.266835920831821
-0.674810534747667
1.256246388778539
q5:
0.138355375581809
0.296457835438816
-0.346328018731455
-1.074719528090564
q6:
0.691679526948153
-0.699668481328810
0.381312898088788
-0.504324805770889
q7:
0.049085302199895
-0.379730079326909
0.247794991523043
-0.526717070214525

q1:
0.391133837473607
-0.379324481096588
0.190336076025168
-1.444663118533840
q2:
-0.440394153348320
0.155760099351940
0.545328459020811
1.058429480224486
q3:
-0.198715210839536
0.391931519422338
-0.232475841158999
-2.806498673195373
q4:
-0.766791951405893
0.663074042022922
-0.872309668435806
0.968785896245650
q5:
-0.452837030643112
0.432231893610944
-0.107963200968053
-1.151443490222333
q6:
-0.201117552708263
-0.020893725137289
0.145606709042506
-0.430248582342357
q7:
0.196219265655306
-0.331560569119882
0.015121661524380
-0.484574227144425

q1:
-0.097756814149852
0.004511912530402
0.067729531648295
-1.409299967997009
q2:
0.078810878221928
-0.276417552899989
0.505859682695006
1.238066246022931
q3:
-0.083096570870072
0.196923768673539
-0.039852866194020
-2.847562217805905
q4:
0.643721028321880
-0.089411754631531
-0.684656540992799
0.727552754945662
q5:
0.115855685606901
-0.012156487270410
0.029449464103847
-1.156359768423161
q6:
0.243133985805255
-0.218258996895027
0.067376438006311
-0.391893863539193
q7:
0.078389802145433
-0.139002196324148
-0.138806139787678
-0.508237784932169

q1:
0.130961976111621
-0.091421037781714
0.039300315513301
-1.390083607877689
q2:
-0.044794795556050
-0.199077061290587
0.350318603219634
1.376721031644420
q3:
-0.097730767020032
0.115377543239412
0.062305353324837
-2.842435661161656
q4:
-0.456815294083028
0.542299271979919
-0.536510565776650
0.516556245556642
q5:
-0.105840885422680
0.101537661084975
0.058687322630508
-1.143971984327951
q6:
-0.136903113985156
0.020338800939179
0.002633915146502
-0.384698313657822
q7:
0.034268258199704
-0.062074924710460
-0.204581337929012
-0.565773176904520

q1:
-0.106288643616540
0.037097560705282
0.021530330295472
-1.382426316763715
q2:
0.042523583679689
-0.243036113492642
0.205697069339325
1.468445329425152
q3:
0.029564162019166
0.019470154091829
0.106415961061948
-2.813129676885298
q4:
0.381535551160639
0.094006850728296
-0.328365745101234
0.383094377324510
q5:
0.049826568753785
-0.002328534745423
0.091140044794208
-1.117614302970402
q6:
0.009209657842580
-0.114010090703091
-0.028007301580066
-0.386452339585938
q7:
0.032946219349896
-0.028446014646803
-0.234192030043204
-0.638137431192266

q1:
0.083894712282113
-0.067208039425850
0.011680762658014
-1.375134223554054
q2:
0.212920457150576
-0.201305898819491
0.060346450870306
1.511214432081341
q3:
-0.232075156034707
0.048482733017084
0.128644320961208
-2.775201298297124
q4:
-0.507421236763590
0.468424034738533
-0.144386569638403
0.299095019554939
q5:
-0.241649504878544
0.046568412091990
0.105611540523043
-1.086306202298428
q6:
0.299679971878590
-0.104972258855896
-0.099639555700208
-0.407491074963923
q7:
0.334570790217532
0.003885522048130
-0.242226117953426
-0.716635620777292

q1:
-0.009172220613843
0.015121436373885
-0.005357509118627
-1.375568270774168
q2:
0.001877361810933
0.007642068786616
-0.003003753905253
1.516866870186547
q3:
0.130736634837723
-0.179262561325531
0.085864371280123
-2.736055269607832
q4:
0.034394234138948
-0.029530166378690
-0.000818116868397
0.284226250928085
q5:
0.204190653648085
-0.190572601003271
0.058505713614016
-1.055234490302250
q6:
-0.173764708412978
0.189116537938316
-0.072114760235519
-0.440827487391668
q7:
-0.300805460705947
0.332214173845472
-0.132283107137992
-0.783744678672899

q1:
-0.015907964219810
0.006120343283323
0.001590980389471
-1.376023788320542
q2:
-0.014357519544736
0.009484404371019
0.002598560070646
1.516767741704153
q3:
0.063679086661340
-0.050965099885810
0.010553615109183
-2.722573471057717
q4:
0.016987791141393
0.004222369271838
-0.009096658756499
0.282002677236262
q5:
-0.021772366467513
0.009808436379892
-0.000624826368747
-1.049341245051473
q6:
-0.010223579552387
0.018593784275042
-0.004169747251010
-0.450263267562460
q7:
-0.028807334547237
0.037020886641148
-0.011501045313787
-0.801997138626438

q1:
0.014789039751850
-0.009490823614226
0.000488448134901
-1.375405274026199
q2:
-0.038672118263798
-0.004605244734967
0.004194602873393
1.518130086238561
q3:
-0.015913662961465
0.011525916313213
-0.002347505121068
-2.722345765385672
q4:
-0.005476861950687
0.020893216594888
-0.000880991910268
0.280073454010792
q5:
0.041105315592633
-0.011557719715410
-0.001197041931646
-1.049258181471519
q6:
-0.059400688305844
0.008560947610503
0.004712953381744
-0.449995497123412
q7:
-0.038366702260754
0.008751014941888
0.003471597423681
-0.802806248437055

q1:
-0.072082220974370
0.005022294760349
-0.000973271474230
-1.375743396702899
q2:
-0.254891025386892
-0.042555851371740
-0.011232465233710
1.517655803151913
q3:
-0.000436978867731
-0.004090843003696
0.000084613548687
-2.722437368817413
q4:
0.505430524225269
0.015518537295538
0.011029812832178
0.281829217957005
q5:
-0.108788722208710
0.028780687715372
0.004436836885350
-1.049447683373203
q6:
-0.010069756760618
-0.049731492965709
-0.008754520015487
-0.449616939215458
q7:
0.202278438235057
-0.028899873884937
-0.003119382109355
-0.802077176701350

q1:
0.038631487663294
-0.065715077189202
-0.020826747441393
-1.378047418086470
q2:
0.053498406576899
-0.292691335901360
-0.120896608303563
1.500506055582379
q3:
0.003804708337299
-0.004519669089837
-0.002732007935330
-2.722862721408019
q4:
-0.287547214570121
0.511519166902834
0.183431373204806
0.304789078745065
q5:
0.083657639627807
-0.077978346659140
-0.011656420012630
-1.048724561513207
q6:
0.024640006935629
-0.059613376733838
-0.044522788594329
-0.458154590391310
q7:
-0.115448346046596
0.169604624580715
0.042907151435698
-0.799109723974179

q1:
-0.028130621564821
-0.027804343101602
-0.051418285494256
-1.390539707612529
q2:
0.147797325763981
-0.240191057280866
-0.295210049918620
1.431512552328830
q3:
0.033836960066784
-0.000785945778082
-0.004467550335198
-2.724106847644695
q4:
0.062544008839340
0.229336764707756
0.425775929587642
0.409461712945861
q5:
0.041191811127879
0.004118479587070
-0.035817037423310
-1.057953295922088
q6:
0.047594182902701
-0.035433082177364
-0.075613842789602
-0.478235024750544
q7:
0.016038960120792
0.056310215989138
0.116807122377656
-0.770966826113343

q1:
0.108588520091708
-0.055410127356090
-0.078638927277957
-1.411319173098588
q2:
0.135064803076697
-0.095151208835670
-0.404905294636109
1.314417053382289
q3:
-0.082186836769976
0.032419712947906
0.005880306710129
-2.724467969605515
q4:
-0.365109188401894
0.290713880405364
0.595891923141962
0.575468189199436
q5:
-0.086448516421884
0.044541768792663
-0.019899575196304
-1.067787053078074
q6:
0.113085622397016
0.011273128773329
-0.083516908608624
-0.505094952169984
q7:
0.026324673347445
0.072049934777102
0.158795560976038
-0.726170740624615

q1:
-0.021518095381827
0.051152440102946
-0.080031677588178
-1.439171316071666
q2:
0.069893485830880
0.037393669546010
-0.423798610650314
1.176512811838803
q3:
0.072553663241093
-0.048233751434413
0.000707308859788
-2.721952147462712
q4:
-0.056469758327573
-0.067583410009243
0.668881086832784
0.788720706106692
q5:
0.130090756610057
-0.040293864432291
-0.018510025010031
-1.072556262280677
q6:
-0.134989638676374
0.122248895411937
-0.039839947491270
-0.527249984163952
q7:
-0.205260494365005
0.097883464666404
0.214383202979842
-0.665595402959080

q1:
0.019911998815872
0.030035811118784
-0.053473841055703
-1.460630503936687
q2:
-0.039739772807762
0.105983141918506
-0.376898007864539
1.044329940137025
q3:
-0.024263730696530
0.022966267011363
-0.007558046173683
-2.724342412678959
q4:
0.107846231826628
-0.122999603416201
0.606538661170773
0.998313003997538
q5:
-0.095130096685059
0.087369769028674
-0.003110824262688
-1.078369254576061
q6:
0.036897988922403
-0.010222220923137
-0.003194422263428
-0.531926078202032
q7:
0.144183058460290
-0.103547453251745
0.212530431418591
-0.592178318669648

q1:
-0.010457033789089
0.049576308726345
-0.027431579607352
-1.474211647677535
q2:
0.105985528466607
0.066984800131939
-0.320317723633650
0.930990823142571
q3:
0.003147978378179
-0.000844771549373
-0.000321789061445
-2.725206570918609
q4:
-0.095980396608164
-0.017165475236518
0.560688662058782
1.187333926580275
q5:
0.014911566899462
-0.005985470888261
0.023511142016896
-1.073367743408699
q6:
0.006330232314135
0.025987356574794
0.001962578771186
-0.532773315120732
q7:
-0.067770880759067
0.037945559827804
0.191071115131365
-0.528689784132203

q1:
-0.056466061444001
0.039314373416515
0.001645832088127
-1.478246079891576
q2:
-0.001086339467723
0.170992940378864
-0.242471805834622
0.837087699719816
q3:
0.012123080644469
0.002244474514585
0.000136073769504
-2.725292039468326
q4:
0.005134608517799
-0.111355150900802
0.518647729674556
1.365546875979958
q5:
0.017871126030468
0.008647888626187
0.024382056884515
-1.065795439447906
q6:
0.019805713713134
0.032199484776161
0.020996325621076
-0.529129009193333
q7:
-0.038226182203800
-0.028560909240448
0.194140968373218
-0.464499523371550

q1:
0.066286389811658
-0.016098192080194
0.009240176584530
-1.475477370015893
q2:
0.101921263240503
0.169926868912794
-0.130952067084207
0.776030570896178
q3:
-0.082941881188845
0.014141372988720
0.005496118516007
-2.724583022998636
q4:
-0.091048436975801
-0.106316339559681
0.447444276287665
1.523468260625561
q5:
-0.104415180387305
0.026185590324141
0.035776585352602
-1.056268830559250
q6:
0.012825249005867
0.051635680258406
0.048420005465841
-0.518122096842801
q7:
0.065483821718619
-0.066073899714521
0.163184570757951
-0.405387374592766

q1:
-0.014055386763892
0.048951482415372
0.019986957074884
-1.471857156814782
q2:
0.201731947691446
0.269946571551745
0.012936817711822
0.754944586823442
q3:
0.022105738971779
-0.067253048833230
-0.011877469211509
-2.724175153697543
q4:
-0.398732896534081
-0.195666071917020
0.348661516479504
1.655270507616838
q5:
0.098891275578807
-0.076281500067851
0.019389497788842
-1.045418629827299
q6:
-0.152014961299261
0.064221646631393
0.086318591804714
-0.496309094675931
q7:
-0.226950446899763
-0.001811819676294
0.140978182378592
-0.356785431537560

q1:
-0.099762285009637
0.035158329152715
0.047500477723357
-1.460573118385339
q2:
-0.398219583527872
0.467914775431467
0.254301802693380
0.795122814764881
q3:
0.145975222161837
-0.045559740015478
-0.048780143674026
-2.734483017030136
q4:
0.588703019113542
-0.586959747796987
0.092653433126482
1.734429034482548
q5:
0.032831192593704
0.020764745852776
0.001229174576178
-1.043777017486729
q6:
0.024872937022440
-0.084957148277631
0.079535713064837
-0.466521990216284
q7:
0.151865257353709
-0.224528017366341
0.066939189020444
-0.318807149145017

q1:
0.031805137955123
-0.062742675642532
0.038477244017645
-1.444764885512452
q2:
-0.029763201234994
0.077124835598420
0.432592043899870
0.914438540344980
q3:
-0.136305524701839
0.097692000093249
-0.031726936832156
-2.750205270614296
q4:
-0.349800243725812
-0.009240250978690
-0.102372101601481
1.722536451059187
q5:
-0.119794689158674
0.052983401863306
0.025353246989901
-1.040003858798823
q6:
0.064032970009667
-0.060548269446613
0.031938812770036
-0.448724842400818
q7:
-0.044546599365309
-0.075496133353454
-0.031202995725595
-0.315620068035416

q1:
0.037023288709877
-0.031530931012212
0.007639000833595
-1.437778873315726
q2:
-0.089361692235259
0.047916930962439
0.473494991630396
1.063156438097828
q3:
0.087603570943525
-0.036070451580390
-0.011569648213967
-2.754901222214392
q4:
0.269768290602985
-0.352514218040202
-0.220707155116275
1.675816465297451
q5:
0.067893692291678
-0.064576259451946
0.021561057699574
-1.030234135069712
q6:
-0.060550143284721
0.002290027644966
0.012881709812959
-0.442514781472400
q7:
0.107427409313242
-0.119211619999072
-0.094894682728675
-0.335464623636915

q1:
0.044418200053901
0.004801608535889
-0.001104542305563
-1.437358068978700
q2:
-0.344947629442946
-0.039777526509042
0.476157507076808
1.220042825244019
q3:
-0.095885548692348
0.049898686137279
-0.007046235190922
-2.759479152957545
q4:
0.395470361348225
-0.087779035707748
-0.364733366833222
1.575342210828934
q5:
-0.029907757452017
0.002050729835364
0.001108063951396
-1.027714661331694
q6:
0.115740844962517
-0.057130422352724
-0.005057366544868
-0.440175352389828
q7:
0.191026504638531
-0.013788500297065
-0.138400921629888
-0.375501897322096

q1:
0.058822804779701
0.048391091435696
0.016295549571132
-1.435650844307628
q2:
-0.157282769977702
-0.378289415254782
0.339401839453514
1.359470387543604
q3:
-0.094579365965161
-0.044197911203266
-0.005181430289626
-2.759800960112270
q4:
0.211333767559939
0.300312974604473
-0.295210479939071
1.460482464938350
q5:
-0.093209455487068
-0.027299034010183
-0.007151016948940
-1.028179606964531
q6:
0.099897724057951
0.056451027957749
-0.005279606154803
-0.443891645015383
q7:
0.218377080048318
0.173673993618643
-0.086100093226134
-0.415563839922615

q1:
-0.350951677835231
0.106116430147124
0.066837166609141
-1.423083366232702
q2:
0.792192961548052
-0.532637736529794
0.041424557937532
1.424509906007930
q3:
0.380613349484272
-0.137012695467602
-0.064458007842357
-2.769535732473022
q4:
-0.747166927982458
0.507703855730388
-0.030896634369034
1.403446717146766
q5:
0.353272782824993
-0.118769466425804
-0.054932109640888
-1.036702465727362
q6:
-0.387995244621599
0.154484944894264
0.063720563223436
-0.436081542000612
q7:
-0.905042969152270
0.387976779074261
0.097623896206514
-0.417500906730732

q1:
0.362111642799761
-0.238287488541466
0.023602125696946
-1.402149288785316
q2:
-0.257008776604278
0.244775159734411
-0.052739402282153
1.408794932733965
q3:
-0.337022948421712
0.236499492524035
-0.031914455621379
-2.791959338112906
q4:
0.181038555844167
-0.225523064565139
0.061408732621866
1.421513527506581
q5:
-0.353375849440403
0.227912252041641
-0.019229945652060
-1.055014907010523
q6:
0.294998459222422
-0.226271413087742
0.040238184198922
-0.412287953214124
q7:
0.703767240484163
-0.500180664936991
0.060920402607267
-0.375730491069497

q1:
-0.162308873099453
0.117068181937911
-0.016050440787889
-1.407251555231038
q2:
-0.036394688241828
-0.007438564804131
0.024896787640430
1.408739043490908
q3:
0.131337281272686
-0.094235567186707
0.014622106217580
-2.788889309866823
q4:
0.148469501975094
-0.047862172755050
-0.028019483085263
1.423806180654730
q5:
0.170252301316101
-0.118870610111601
0.016439132792575
-1.049286853054694
q6:
-0.080642325799672
0.063223214748168
-0.013097210187033
-0.413011688405683
q7:
-0.234704644612130
0.190456282469760
-0.040394866485324
-0.384690184030771

q1:
0.059750775037073
-0.042212469683949
0.008435931804782
-1.405656357948947
q2:
0.061946642470234
-0.043154231779286
0.008347161294697
1.414813280478619
q3:
-0.055453336166234
0.034651334335545
-0.004868747350042
-2.789592642084775
q4:
-0.163034971940495
0.097837311006851
-0.011671901601405
1.414715972633750
q5:
-0.077445112984055
0.048205267971378
-0.006676509887620
-1.050669730713548
q6:
0.025026001257532
-0.015914554841320
0.002378128146653
-0.413353531085792
q7:
0.053641382159221
-0.039869441679595
0.008864239868929
-0.385739623669465

coefs_qdot:
qdot1:
-0.085943282758042
0.022997323655591
0.000000000000000
qdot2:
-0.248198945949287
0.066202183490817
0.000000000000000
qdot3:
0.239886573516201
-0.067722631183707
-0.000000000000000
qdot4:
3.012141390807182
-1.096559108240611
-0.000000000000000
qdot5:
0.892554449208850
-0.317483044448801
-0.000000000000000
qdot6:
-0.694368805085563
0.232594739083717
-0.000000000000000
qdot7:
0.192278923861944
-0.096730732419999
-0.000000000000000

qdot1:
0.149510331397354
-0.033229226866326
-0.001673500837853
qdot2:
0.481576905173610
-0.096176656670467
-0.004902539141274
qdot3:
-0.240247486493055
0.089218017491667
0.003515723932827
qdot4:
-2.476537469626200
0.874069830453606
-0.036389710215326
qdot5:
-0.693692846132671
0.266451571747916
-0.008346561784538
qdot6:
0.488419724006107
-0.221681167619803
0.001784992548568
qdot7:
0.005582932325770
0.029063631954706
-0.011067437503216

qdot1:
-0.333129329525184
0.064584702647267
0.003454911140833
qdot2:
-2.557518210394996
0.218884710780018
0.015167239387145
qdot3:
0.350555663991158
-0.067958750762525
0.006992828822369
qdot4:
2.702995725851624
-0.746151723654160
-0.015467790363614
qdot5:
0.587507927566259
-0.187382103300077
0.004585814428446
qdot6:
-0.791772846353642
0.097856967373770
-0.018467339651060
qdot7:
-0.391909744565877
0.032716145756851
-0.000962913678733

qdot1:
-1.125123691685245
-0.153358020457843
-0.011064598932243
qdot2:
-1.439416458468112
-1.454316757126920
-0.186896494220410
qdot3:
2.313440545368202
0.161384778127737
0.022273322768885
qdot4:
0.726213658883031
1.022225290381887
0.029686012962364
qdot5:
1.479758746318917
0.196982364884494
0.006156005767656
qdot6:
-2.674348770190601
-0.420143445441730
-0.071179594640887
qdot7:
-0.709688202780301
-0.223682403911103
-0.032196808921950

qdot1:
1.664510015530984
-0.889446078346539
-0.181622656130728
qdot2:
3.500405581970809
-2.396024120714482
-0.816647240721579
qdot3:
-5.078530091221888
1.674903665575920
0.322611410980482
qdot4:
-7.170057093723894
1.497335010077486
0.441778092705324
qdot5:
-4.301572691170954
1.165082805548237
0.228931491127835
qdot6:
8.303176900355806
-2.169778802793469
-0.494779873409057
qdot7:
1.381117192509713
-0.687980698180077
-0.181305819608131

qdot1:
1.876447773423929
0.199523919994981
-0.294464351979011
qdot2:
9.112511290127328
-0.105958801054986
-1.225864414656795
qdot3:
0.006944893293249
-1.647615786643205
0.327074538447249
qdot4:
5.337216598798276
-3.193521150959393
0.164354736614275
qdot5:
1.009845567488866
-1.649128922024971
0.149762292123535
qdot6:
-3.151786485917823
3.262396702936609
-0.316074413272906
qdot7:
2.452240274544349
0.215585620318142
-0.258569408044958

qdot1:
-1.670187893047884
1.427149653482414
-0.028410272687877
qdot2:
-9.781893013022003
5.855706380834278
-0.285452138071750
qdot3:
3.068431341722694
-1.643072239072169
-0.211140987513793
qdot4:
-4.328625190644967
0.298238403811213
-0.309189432381669
qdot5:
2.417159479332527
-0.988459105867249
-0.281634065296871
qdot6:
-3.973756355425045
1.200407954104798
0.413849158023028
qdot7:
-3.942615094026794
1.819911255361974
0.074350641797223

qdot1:
-1.670844176951121
0.334465025482635
0.259714388042837
qdot2:
1.307505801088570
-0.543887444841443
0.583333781500100
qdot3:
0.641182406397444
0.364383193414909
-0.420279712264048
qdot4:
5.899803423670265
-2.533671841663642
-0.674810534747667
qdot5:
0.415066126745426
0.592915670877632
-0.346328018731455
qdot6:
2.075038580844459
-1.399336962657621
0.381312898088788
qdot7:
0.147255906599686
-0.759460158653819
0.247794991523043

qdot1:
1.173401512420820
-0.758648962193176
0.190336076025168
qdot2:
-1.321182460044960
0.311520198703879
0.545328459020811
qdot3:
-0.596145632518608
0.783863038844676
-0.232475841158999
qdot4:
-2.300375854217679
1.326148084045843
-0.872309668435806
qdot5:
-1.358511091929335
0.864463787221888
-0.107963200968053
qdot6:
-0.603352658124788
-0.041787450274577
0.145606709042506
qdot7:
0.588657796965918
-0.663121138239764
0.015121661524380

qdot1:
-0.293270442449555
0.009023825060805
0.067729531648295
qdot2:
0.236432634665784
-0.552835105799979
0.505859682695006
qdot3:
-0.249289712610215
0.393847537347078
-0.039852866194020
qdot4:
1.931163084965641
-0.178823509263063
-0.684656540992799
qdot5:
0.347567056820704
-0.024312974540820
0.029449464103847
qdot6:
0.729401957415766
-0.436517993790055
0.067376438006311
qdot7:
0.235169406436298
-0.278004392648295
-0.138806139787678

qdot1:
0.392885928334863
-0.182842075563428
0.039300315513301
qdot2:
-0.134384386668150
-0.398154122581174
0.350318603219634
qdot3:
-0.293192301060097
0.230755086478824
0.062305353324837
qdot4:
-1.370445882249083
1.084598543959837
-0.536510565776650
qdot5:
-0.317522656268039
0.203075322169951
0.058687322630508
qdot6:
-0.410709341955468
0.040677601878358
0.002633915146502
qdot7:
0.102804774599111
-0.124149849420919
-0.204581337929012

qdot1:
-0.318865930849620
0.074195121410565
0.021530330295472
qdot2:
0.127570751039067
-0.486072226985285
0.205697069339325
qdot3:
0.088692486057499
0.038940308183658
0.106415961061948
qdot4:
1.144606653481917
0.188013701456591
-0.328365745101234
qdot5:
0.149479706261355
-0.004657069490845
0.091140044794208
qdot6:
0.027628973527741
-0.228020181406182
-0.028007301580066
qdot7:
0.098838658049689
-0.056892029293606
-0.234192030043204

qdot1:
0.251684136846341
-0.134416078851699
0.011680762658014
qdot2:
0.638761371451727
-0.402611797638981
0.060346450870306
qdot3:
-0.696225468104120
0.096965466034167
0.128644320961208
qdot4:
-1.522263710290769
0.936848069477066
-0.144386569638403
qdot5:
-0.724948514635631
0.093136824183980
0.105611540523043
qdot6:
0.899039915635770
-0.209944517711792
-0.099639555700208
qdot7:
1.003712370652595
0.007771044096260
-0.242226117953426

qdot1:
-0.027516661841529
0.030242872747769
-0.005357509118627
qdot2:
0.005632085432800
0.015284137573231
-0.003003753905253
qdot3:
0.392209904513169
-0.358525122651062
0.085864371280123
qdot4:
0.103182702416843
-0.059060332757380
-0.000818116868397
qdot5:
0.612571960944255
-0.381145202006541
0.058505713614016
qdot6:
-0.521294125238935
0.378233075876632
-0.072114760235519
qdot7:
-0.902416382117842
0.664428347690944
-0.132283107137992

qdot1:
-0.047723892659430
0.012240686566646
0.001590980389471
qdot2:
-0.043072558634209
0.018968808742037
0.002598560070646
qdot3:
0.191037259984019
-0.101930199771620
0.010553615109183
qdot4:
0.050963373424180
0.008444738543677
-0.009096658756499
qdot5:
-0.065317099402539
0.019616872759783
-0.000624826368747
qdot6:
-0.030670738657161
0.037187568550084
-0.004169747251010
qdot7:
-0.086422003641712
0.074041773282295
-0.011501045313787

qdot1:
0.044367119255549
-0.018981647228451
0.000488448134901
qdot2:
-0.116016354791393
-0.009210489469933
0.004194602873393
qdot3:
-0.047740988884396
0.023051832626425
-0.002347505121068
qdot4:
-0.016430585852061
0.041786433189776
-0.000880991910268
qdot5:
0.123315946777900
-0.023115439430820
-0.001197041931646
qdot6:
-0.178202064917532
0.017121895221007
0.004712953381744
qdot7:
-0.115100106782263
0.017502029883777
0.003471597423681

qdot1:
-0.216246662923110
0.010044589520698
-0.000973271474230
qdot2:
-0.764673076160675
-0.085111702743481
-0.011232465233710
qdot3:
-0.001310936603192
-0.008181686007392
0.000084613548687
qdot4:
1.516291572675808
0.031037074591077
0.011029812832178
qdot5:
-0.326366166626129
0.057561375430744
0.004436836885350
qdot6:
-0.030209270281854
-0.099462985931418
-0.008754520015487
qdot7:
0.606835314705172
-0.057799747769875
-0.003119382109355

qdot1:
0.115894462989883
-0.131430154378405
-0.020826747441393
qdot2:
0.160495219730697
-0.585382671802720
-0.120896608303563
qdot3:
0.011414125011896
-0.009039338179673
-0.002732007935330
qdot4:
-0.862641643710362
1.023038333805667
0.183431373204806
qdot5:
0.250972918883421
-0.155956693318280
-0.011656420012630
qdot6:
0.073920020806888
-0.119226753467676
-0.044522788594329
qdot7:
-0.346345038139789
0.339209249161430
0.042907151435698

qdot1:
-0.084391864694462
-0.055608686203204
-0.051418285494256
qdot2:
0.443391977291942
-0.480382114561732
-0.295210049918620
qdot3:
0.101510880200351
-0.001571891556164
-0.004467550335198
qdot4:
0.187632026518020
0.458673529415512
0.425775929587642
qdot5:
0.123575433383636
0.008236959174139
-0.035817037423310
qdot6:
0.142782548708103
-0.070866164354728
-0.075613842789602
qdot7:
0.048116880362375
0.112620431978275
0.116807122377656

qdot1:
0.325765560275123
-0.110820254712180
-0.078638927277957
qdot2:
0.405194409230091
-0.190302417671341
-0.404905294636109
qdot3:
-0.246560510309927
0.064839425895812
0.005880306710129
qdot4:
-1.095327565205682
0.581427760810727
0.595891923141962
qdot5:
-0.259345549265651
0.089083537585326
-0.019899575196304
qdot6:
0.339256867191048
0.022546257546657
-0.083516908608624
qdot7:
0.078974020042336
0.144099869554204
0.158795560976038

qdot1:
-0.064554286145480
0.102304880205893
-0.080031677588178
qdot2:
0.209680457492641
0.074787339092020
-0.423798610650314
qdot3:
0.217660989723278
-0.096467502868827
0.000707308859788
qdot4:
-0.169409274982719
-0.135166820018485
0.668881086832784
qdot5:
0.390272269830171
-0.080587728864581
-0.018510025010031
qdot6:
-0.404968916029123
0.244497790823873
-0.039839947491270
qdot7:
-0.615781483095015
0.195766929332808
0.214383202979842

qdot1:
0.059735996447616
0.060071622237568
-0.053473841055703
qdot2:
-0.119219318423285
0.211966283837011
-0.376898007864539
qdot3:
-0.072791192089591
0.045932534022726
-0.007558046173683
qdot4:
0.323538695479883
-0.245999206832403
0.606538661170773
qdot5:
-0.285390290055178
0.174739538057347
-0.003110824262688
qdot6:
0.110693966767208
-0.020444441846274
-0.003194422263428
qdot7:
0.432549175380870
-0.207094906503490
0.212530431418591

qdot1:
-0.031371101367268
0.099152617452690
-0.027431579607352
qdot2:
0.317956585399820
0.133969600263878
-0.320317723633650
qdot3:
0.009443935134538
-0.001689543098746
-0.000321789061445
qdot4:
-0.287941189824491
-0.034330950473037
0.560688662058782
qdot5:
0.044734700698387
-0.011970941776523
0.023511142016896
qdot6:
0.018990696942406
0.051974713149587
0.001962578771186
qdot7:
-0.203312642277200
0.075891119655608
0.191071115131365

qdot1:
-0.169398184332004
0.078628746833030
0.001645832088127
qdot2:
-0.003259018403168
0.341985880757729
-0.242471805834622
qdot3:
0.036369241933407
0.004488949029170
0.000136073769504
qdot4:
0.015403825553397
-0.222710301801604
0.518647729674556
qdot5:
0.053613378091404
0.017295777252375
0.024382056884515
qdot6:
0.059417141139401
0.064398969552321
0.020996325621076
qdot7:
-0.114678546611401
-0.057121818480896
0.194140968373218

qdot1:
0.198859169434975
-0.032196384160388
0.009240176584530
qdot2:
0.305763789721510
0.339853737825587
-0.130952067084207
qdot3:
-0.248825643566534
0.028282745977439
0.005496118516007
qdot4:
-0.273145310927402
-0.212632679119361
0.447444276287665
qdot5:
-0.313245541161915
0.052371180648283
0.035776585352602
qdot6:
0.038475747017601
0.103271360516812
0.048420005465841
qdot7:
0.196451465155857
-0.132147799429041
0.163184570757951

qdot1:
-0.042166160291675
0.097902964830744
0.019986957074884
qdot2:
0.605195843074337
0.539893143103490
0.012936817711822
qdot3:
0.066317216915338
-0.134506097666460
-0.011877469211509
qdot4:
-1.196198689602243
-0.391332143834039
0.348661516479504
qdot5:
0.296673826736420
-0.152563000135702
0.019389497788842
qdot6:
-0.456044883897782
0.128443293262786
0.086318591804714
qdot7:
-0.680851340699288
-0.003623639352588
0.140978182378592

qdot1:
-0.299286855028911
0.070316658305430
0.047500477723357
qdot2:
-1.194658750583617
0.935829550862935
0.254301802693380
qdot3:
0.437925666485512
-0.091119480030956
-0.048780143674026
qdot4:
1.766109057340627
-1.173919495593975
0.092653433126482
qdot5:
0.098493577781113
0.041529491705552
0.001229174576178
qdot6:
0.074618811067319
-0.169914296555262
0.079535713064837
qdot7:
0.455595772061127
-0.449056034732683
0.066939189020444

qdot1:
0.095415413865369
-0.125485351285063
0.038477244017645
qdot2:
-0.089289603704981
0.154249671196841
0.432592043899870
qdot3:
-0.408916574105516
0.195384000186498
-0.031726936832156
qdot4:
-1.049400731177435
-0.018480501957380
-0.102372101601481
qdot5:
-0.359384067476022
0.105966803726611
0.025353246989901
qdot6:
0.192098910029000
-0.121096538893225
0.031938812770036
qdot7:
-0.133639798095928
-0.150992266706908
-0.031202995725595

qdot1:
0.111069866129630
-0.063061862024423
0.007639000833595
qdot2:
-0.268085076705776
0.095833861924879
0.473494991630396
qdot3:
0.262810712830576
-0.072140903160781
-0.011569648213967
qdot4:
0.809304871808956
-0.705028436080404
-0.220707155116275
qdot5:
0.203681076875034
-0.129152518903891
0.021561057699574
qdot6:
-0.181650429854163
0.004580055289931
0.012881709812959
qdot7:
0.322282227939727
-0.238423239998144
-0.094894682728675

qdot1:
0.133254600161704
0.009603217071777
-0.001104542305563
qdot2:
-1.034842888328839
-0.079555053018085
0.476157507076808
qdot3:
-0.287656646077044
0.099797372274558
-0.007046235190922
qdot4:
1.186411084044676
-0.175558071415496
-0.364733366833222
qdot5:
-0.089723272356051
0.004101459670728
0.001108063951396
qdot6:
0.347222534887551
-0.114260844705448
-0.005057366544868
qdot7:
0.573079513915593
-0.027577000594130
-0.138400921629888

qdot1:
0.176468414339103
0.096782182871391
0.016295549571132
qdot2:
-0.471848309933105
-0.756578830509565
0.339401839453514
qdot3:
-0.283738097895482
-0.088395822406532
-0.005181430289626
qdot4:
0.634001302679818
0.600625949208946
-0.295210479939071
qdot5:
-0.279628366461205
-0.054598068020366
-0.007151016948940
qdot6:
0.299693172173853
0.112902055915498
-0.005279606154803
qdot7:
0.655131240144954
0.347347987237285
-0.086100093226134

qdot1:
-1.052855033505692
0.212232860294249
0.066837166609141
qdot2:
2.376578884644157
-1.065275473059588
0.041424557937532
qdot3:
1.141840048452815
-0.274025390935203
-0.064458007842357
qdot4:
-2.241500783947373
1.015407711460776
-0.030896634369034
qdot5:
1.059818348474980
-0.237538932851607
-0.054932109640888
qdot6:
-1.163985733864798
0.308969889788529
0.063720563223436
qdot7:
-2.715128907456811
0.775953558148522
0.097623896206514

qdot1:
1.086334928399283
-0.476574977082931
0.023602125696946
qdot2:
-0.771026329812835
0.489550319468822
-0.052739402282153
qdot3:
-1.011068845265136
0.472998985048071
-0.031914455621379
qdot4:
0.543115667532500
-0.451046129130277
0.061408732621866
qdot5:
-1.060127548321209
0.455824504083283
-0.019229945652060
qdot6:
0.884995377667266
-0.452542826175484
0.040238184198922
qdot7:
2.111301721452489
-1.000361329873981
0.060920402607267

qdot1:
-0.486926619298359
0.234136363875823
-0.016050440787889
qdot2:
-0.109184064725483
-0.014877129608261
0.024896787640430
qdot3:
0.394011843818057
-0.188471134373414
0.014622106217580
qdot4:
0.445408505925283
-0.095724345510099
-0.028019483085263
qdot5:
0.510756903948304
-0.237741220223202
0.016439132792575
qdot6:
-0.241926977399015
0.126446429496336
-0.013097210187033
qdot7:
-0.704113933836391
0.380912564939520
-0.040394866485324

qdot1:
0.179252325111218
-0.084424939367897
0.008435931804782
qdot2:
0.185839927410702
-0.086308463558572
0.008347161294697
qdot3:
-0.166360008498703
0.069302668671090
-0.004868747350042
qdot4:
-0.489104915821485
0.195674622013701
-0.011671901601405
qdot5:
-0.232335338952166
0.096410535942755
-0.006676509887620
qdot6:
0.075078003772596
-0.031829109682641
0.002378128146653
qdot7:
0.160924146477662
-0.079738883359190
0.008864239868929

coefs_qdotdot:
qdotdot1:
-0.171886565516083
0.022997323655591
qdotdot2:
-0.496397891898574
0.066202183490817
qdotdot3:
0.479773147032403
-0.067722631183707
qdotdot4:
6.024282781614365
-1.096559108240611
qdotdot5:
1.785108898417699
-0.317483044448801
qdotdot6:
-1.388737610171126
0.232594739083717
qdotdot7:
0.384557847723889
-0.096730732419999

qdotdot1:
0.299020662794707
-0.033229226866326
qdotdot2:
0.963153810347220
-0.096176656670467
qdotdot3:
-0.480494972986110
0.089218017491667
qdotdot4:
-4.953074939252400
0.874069830453606
qdotdot5:
-1.387385692265341
0.266451571747916
qdotdot6:
0.976839448012214
-0.221681167619803
qdotdot7:
0.011165864651541
0.029063631954706

qdotdot1:
-0.666258659050369
0.064584702647267
qdotdot2:
-5.115036420789993
0.218884710780018
qdotdot3:
0.701111327982316
-0.067958750762525
qdotdot4:
5.405991451703248
-0.746151723654160
qdotdot5:
1.175015855132518
-0.187382103300077
qdotdot6:
-1.583545692707284
0.097856967373770
qdotdot7:
-0.783819489131754
0.032716145756851

qdotdot1:
-2.250247383370489
-0.153358020457843
qdotdot2:
-2.878832916936224
-1.454316757126920
qdotdot3:
4.626881090736404
0.161384778127737
qdotdot4:
1.452427317766062
1.022225290381887
qdotdot5:
2.959517492637834
0.196982364884494
qdotdot6:
-5.348697540381202
-0.420143445441730
qdotdot7:
-1.419376405560602
-0.223682403911103

qdotdot1:
3.329020031061969
-0.889446078346539
qdotdot2:
7.000811163941618
-2.396024120714482
qdotdot3:
-10.157060182443775
1.674903665575920
qdotdot4:
-14.340114187447789
1.497335010077486
qdotdot5:
-8.603145382341907
1.165082805548237
qdotdot6:
16.606353800711613
-2.169778802793469
qdotdot7:
2.762234385019426
-0.687980698180077

qdotdot1:
3.752895546847859
0.199523919994981
qdotdot2:
18.225022580254656
-0.105958801054986
qdotdot3:
0.013889786586498
-1.647615786643205
qdotdot4:
10.674433197596553
-3.193521150959393
qdotdot5:
2.019691134977733
-1.649128922024971
qdotdot6:
-6.303572971835647
3.262396702936609
qdotdot7:
4.904480549088698
0.215585620318142

qdotdot1:
-3.340375786095769
1.427149653482414
qdotdot2:
-19.563786026044006
5.855706380834278
qdotdot3:
6.136862683445387
-1.643072239072169
qdotdot4:
-8.657250381289934
0.298238403811213
qdotdot5:
4.834318958665055
-0.988459105867249
qdotdot6:
-7.947512710850090
1.200407954104798
qdotdot7:
-7.885230188053589
1.819911255361974

qdotdot1:
-3.341688353902242
0.334465025482635
qdotdot2:
2.615011602177140
-0.543887444841443
qdotdot3:
1.282364812794889
0.364383193414909
qdotdot4:
11.799606847340529
-2.533671841663642
qdotdot5:
0.830132253490853
0.592915670877632
qdotdot6:
4.150077161688919
-1.399336962657621
qdotdot7:
0.294511813199371
-0.759460158653819

qdotdot1:
2.346803024841641
-0.758648962193176
qdotdot2:
-2.642364920089920
0.311520198703879
qdotdot3:
-1.192291265037215
0.783863038844676
qdotdot4:
-4.600751708435357
1.326148084045843
qdotdot5:
-2.717022183858669
0.864463787221888
qdotdot6:
-1.206705316249575
-0.041787450274577
qdotdot7:
1.177315593931836
-0.663121138239764

qdotdot1:
-0.586540884899110
0.009023825060805
qdotdot2:
0.472865269331568
-0.552835105799979
qdotdot3:
-0.498579425220430
0.393847537347078
qdotdot4:
3.862326169931282
-0.178823509263063
qdotdot5:
0.695134113641409
-0.024312974540820
qdotdot6:
1.458803914831532
-0.436517993790055
qdotdot7:
0.470338812872596
-0.278004392648295

qdotdot1:
0.785771856669726
-0.182842075563428
qdotdot2:
-0.268768773336299
-0.398154122581174
qdotdot3:
-0.586384602120194
0.230755086478824
qdotdot4:
-2.740891764498165
1.084598543959837
qdotdot5:
-0.635045312536078
0.203075322169951
qdotdot6:
-0.821418683910936
0.040677601878358
qdotdot7:
0.205609549198223
-0.124149849420919

qdotdot1:
-0.637731861699240
0.074195121410565
qdotdot2:
0.255141502078133
-0.486072226985285
qdotdot3:
0.177384972114998
0.038940308183658
qdotdot4:
2.289213306963835
0.188013701456591
qdotdot5:
0.298959412522711
-0.004657069490845
qdotdot6:
0.055257947055482
-0.228020181406182
qdotdot7:
0.197677316099378
-0.056892029293606

qdotdot1:
0.503368273692681
-0.134416078851699
qdotdot2:
1.277522742903455
-0.402611797638981
qdotdot3:
-1.392450936208241
0.096965466034167
qdotdot4:
-3.044527420581537
0.936848069477066
qdotdot5:
-1.449897029271262
0.093136824183980
qdotdot6:
1.798079831271540
-0.209944517711792
qdotdot7:
2.007424741305191
0.007771044096260

qdotdot1:
-0.055033323683057
0.030242872747769
qdotdot2:
0.011264170865600
0.015284137573231
qdotdot3:
0.784419809026337
-0.358525122651062
qdotdot4:
0.206365404833685
-0.059060332757380
qdotdot5:
1.225143921888509
-0.381145202006541
qdotdot6:
-1.042588250477870
0.378233075876632
qdotdot7:
-1.804832764235685
0.664428347690944

qdotdot1:
-0.095447785318860
0.012240686566646
qdotdot2:
-0.086145117268418
0.018968808742037
qdotdot3:
0.382074519968037
-0.101930199771620
qdotdot4:
0.101926746848360
0.008444738543677
qdotdot5:
-0.130634198805078
0.019616872759783
qdotdot6:
-0.061341477314322
0.037187568550084
qdotdot7:
-0.172844007283425
0.074041773282295

qdotdot1:
0.088734238511099
-0.018981647228451
qdotdot2:
-0.232032709582787
-0.009210489469933
qdotdot3:
-0.095481977768791
0.023051832626425
qdotdot4:
-0.032861171704121
0.041786433189776
qdotdot5:
0.246631893555800
-0.023115439430820
qdotdot6:
-0.356404129835064
0.017121895221007
qdotdot7:
-0.230200213564526
0.017502029883777

qdotdot1:
-0.432493325846220
0.010044589520698
qdotdot2:
-1.529346152321350
-0.085111702743481
qdotdot3:
-0.002621873206383
-0.008181686007392
qdotdot4:
3.032583145351615
0.031037074591077
qdotdot5:
-0.652732333252258
0.057561375430744
qdotdot6:
-0.060418540563708
-0.099462985931418
qdotdot7:
1.213670629410343
-0.057799747769875

qdotdot1:
0.231788925979767
-0.131430154378405
qdotdot2:
0.320990439461393
-0.585382671802720
qdotdot3:
0.022828250023791
-0.009039338179673
qdotdot4:
-1.725283287420724
1.023038333805667
qdotdot5:
0.501945837766842
-0.155956693318280
qdotdot6:
0.147840041613776
-0.119226753467676
qdotdot7:
-0.692690076279579
0.339209249161430

qdotdot1:
-0.168783729388923
-0.055608686203204
qdotdot2:
0.886783954583884
-0.480382114561732
qdotdot3:
0.203021760400702
-0.001571891556164
qdotdot4:
0.375264053036041
0.458673529415512
qdotdot5:
0.247150866767272
0.008236959174139
qdotdot6:
0.285565097416206
-0.070866164354728
qdotdot7:
0.096233760724750
0.112620431978275

qdotdot1:
0.651531120550246
-0.110820254712180
qdotdot2:
0.810388818460183
-0.190302417671341
qdotdot3:
-0.493121020619853
0.064839425895812
qdotdot4:
-2.190655130411365
0.581427760810727
qdotdot5:
-0.518691098531301
0.089083537585326
qdotdot6:
0.678513734382096
0.022546257546657
qdotdot7:
0.157948040084672
0.144099869554204

qdotdot1:
-0.129108572290959
0.102304880205893
qdotdot2:
0.419360914985282
0.074787339092020
qdotdot3:
0.435321979446556
-0.096467502868827
qdotdot4:
-0.338818549965439
-0.135166820018485
qdotdot5:
0.780544539660342
-0.080587728864581
qdotdot6:
-0.809937832058246
0.244497790823873
qdotdot7:
-1.231562966190030
0.195766929332808

qdotdot1:
0.119471992895232
0.060071622237568
qdotdot2:
-0.238438636846570
0.211966283837011
qdotdot3:
-0.145582384179181
0.045932534022726
qdotdot4:
0.647077390959767
-0.245999206832403
qdotdot5:
-0.570780580110356
0.174739538057347
qdotdot6:
0.221387933534416
-0.020444441846274
qdotdot7:
0.865098350761741
-0.207094906503490

qdotdot1:
-0.062742202734536
0.099152617452690
qdotdot2:
0.635913170799639
0.133969600263878
qdotdot3:
0.018887870269075
-0.001689543098746
qdotdot4:
-0.575882379648981
-0.034330950473037
qdotdot5:
0.089469401396774
-0.011970941776523
qdotdot6:
0.037981393884811
0.051974713149587
qdotdot7:
-0.406625284554401
0.075891119655608

qdotdot1:
-0.338796368664009
0.078628746833030
qdotdot2:
-0.006518036806336
0.341985880757729
qdotdot3:
0.072738483866814
0.004488949029170
qdotdot4:
0.030807651106794
-0.222710301801604
qdotdot5:
0.107226756182807
0.017295777252375
qdotdot6:
0.118834282278802
0.064398969552321
qdotdot7:
-0.229357093222802
-0.057121818480896

qdotdot1:
0.397718338869950
-0.032196384160388
qdotdot2:
0.611527579443020
0.339853737825587
qdotdot3:
-0.497651287133069
0.028282745977439
qdotdot4:
-0.546290621854804
-0.212632679119361
qdotdot5:
-0.626491082323830
0.052371180648283
qdotdot6:
0.076951494035202
0.103271360516812
qdotdot7:
0.392902930311713
-0.132147799429041

qdotdot1:
-0.084332320583350
0.097902964830744
qdotdot2:
1.210391686148675
0.539893143103490
qdotdot3:
0.132634433830675
-0.134506097666460
qdotdot4:
-2.392397379204486
-0.391332143834039
qdotdot5:
0.593347653472841
-0.152563000135702
qdotdot6:
-0.912089767795564
0.128443293262786
qdotdot7:
-1.361702681398576
-0.003623639352588

qdotdot1:
-0.598573710057822
0.070316658305430
qdotdot2:
-2.389317501167233
0.935829550862935
qdotdot3:
0.875851332971024
-0.091119480030956
qdotdot4:
3.532218114681253
-1.173919495593975
qdotdot5:
0.196987155562226
0.041529491705552
qdotdot6:
0.149237622134639
-0.169914296555262
qdotdot7:
0.911191544122254
-0.449056034732683

qdotdot1:
0.190830827730739
-0.125485351285063
qdotdot2:
-0.178579207409962
0.154249671196841
qdotdot3:
-0.817833148211032
0.195384000186498
qdotdot4:
-2.098801462354871
-0.018480501957380
qdotdot5:
-0.718768134952043
0.105966803726611
qdotdot6:
0.384197820058000
-0.121096538893225
qdotdot7:
-0.267279596191856
-0.150992266706908

qdotdot1:
0.222139732259260
-0.063061862024423
qdotdot2:
-0.536170153411552
0.095833861924879
qdotdot3:
0.525621425661152
-0.072140903160781
qdotdot4:
1.618609743617912
-0.705028436080404
qdotdot5:
0.407362153750068
-0.129152518903891
qdotdot6:
-0.363300859708327
0.004580055289931
qdotdot7:
0.644564455879454
-0.238423239998144

qdotdot1:
0.266509200323409
0.009603217071777
qdotdot2:
-2.069685776657678
-0.079555053018085
qdotdot3:
-0.575313292154088
0.099797372274558
qdotdot4:
2.372822168089352
-0.175558071415496
qdotdot5:
-0.179446544712102
0.004101459670728
qdotdot6:
0.694445069775101
-0.114260844705448
qdotdot7:
1.146159027831187
-0.027577000594130

qdotdot1:
0.352936828678206
0.096782182871391
qdotdot2:
-0.943696619866209
-0.756578830509565
qdotdot3:
-0.567476195790964
-0.088395822406532
qdotdot4:
1.268002605359636
0.600625949208946
qdotdot5:
-0.559256732922410
-0.054598068020366
qdotdot6:
0.599386344347705
0.112902055915498
qdotdot7:
1.310262480289909
0.347347987237285

qdotdot1:
-2.105710067011383
0.212232860294249
qdotdot2:
4.753157769288315
-1.065275473059588
qdotdot3:
2.283680096905631
-0.274025390935203
qdotdot4:
-4.483001567894746
1.015407711460776
qdotdot5:
2.119636696949959
-0.237538932851607
qdotdot6:
-2.327971467729595
0.308969889788529
qdotdot7:
-5.430257814913623
0.775953558148522

qdotdot1:
2.172669856798566
-0.476574977082931
qdotdot2:
-1.542052659625669
0.489550319468822
qdotdot3:
-2.022137690530272
0.472998985048071
qdotdot4:
1.086231335065000
-0.451046129130277
qdotdot5:
-2.120255096642419
0.455824504083283
qdotdot6:
1.769990755334531
-0.452542826175484
qdotdot7:
4.222603442904978
-1.000361329873981

qdotdot1:
-0.973853238596717
0.234136363875823
qdotdot2:
-0.218368129450967
-0.014877129608261
qdotdot3:
0.788023687636114
-0.188471134373414
qdotdot4:
0.890817011850565
-0.095724345510099
qdotdot5:
1.021513807896608
-0.237741220223202
qdotdot6:
-0.483853954798030
0.126446429496336
qdotdot7:
-1.408227867672783
0.380912564939520

qdotdot1:
0.358504650222437
-0.084424939367897
qdotdot2:
0.371679854821403
-0.086308463558572
qdotdot3:
-0.332720016997405
0.069302668671090
qdotdot4:
-0.978209831642971
0.195674622013701
qdotdot5:
-0.464670677904331
0.096410535942755
qdotdot6:
0.150156007545192
-0.031829109682641
qdotdot7:
0.321848292955324
-0.079738883359190

