0.000000000

0.003000021

0.005000114

0.006999969

0.009999990

0.012000084

0.015000105

0.018000126

0.019999981

0.022000074

0.023999929

0.028000116

0.029999971

0.032000065

0.033999920

0.036999941

0.039999962

0.042000055

0.043999910

0.046000004

0.046999931

0.049000025

0.052999973

0.055000067

0.055999994

0.058000088

0.059999943

0.061000109

0.065000057

0.065999985

0.068000078

0.069999933

0.072000027

0.074000120

0.076999903

0.078999996

0.081000090

0.082999945

0.084000111

0.088000059

0.089999914

0.092000008

0.092999935

0.095000029

0.097000122

0.099999905

0.101999998

0.104000092

0.105000019

0.107000113

0.108999968

0.111999989

0.114000082

0.115999937

0.118000031

0.118999958

0.121000051

0.125000000

0.125999928

0.128000021

0.130000114

0.131999969

0.132999897

0.137000084

0.138000011

0.140000105

0.141999960

0.144000053

0.144999981

0.148999929

0.151000023

0.151999950

0.154000044

0.155999899

0.157000065

0.161000013

0.161999941

0.164000034

0.166000128

0.167999983

0.168999910

0.173000097

0.176000118

0.177999973

0.180000067

0.180999994

0.200000048

0.201999903

0.203999996

0.206000090

0.214999914

0.217000008

0.220999956

0.223000050

0.224999905

0.226000071

0.227999926

0.240999937

0.242000103

0.246000051

0.247999907

0.249000072

0.250999928

0.253000021

0.255000114

0.257999897

0.259999990

0.262000084

0.263999939

0.265000105

0.266999960

0.269999981

0.272000074

0.273999929

0.276000023

0.278000116

0.280999899

0.282999992

0.285000086

0.286000013

0.288000107

0.289999962

0.293999910

0.295000076

0.296999931

0.299999952

0.302000046

0.305000067

0.306999922

0.309000015

0.311000109

0.312999964

0.316999912

0.319000006

0.321000099

0.322999954

0.325000048

0.325999975

0.329999924

0.332000017

0.338000059

0.341000080

0.342999935

0.345000029

0.345999956

0.348000050

0.349999905

0.354000092

0.355000019

0.357000113

0.358999968

0.361000061

0.361999989

0.365999937

0.367000103

0.368999958

0.371000051

0.374000072

0.375999928

0.378999949

0.381000042

0.382999897

0.384999990

0.385999918

0.390000105

0.391999960

0.394000053

0.394999981

0.397000074

0.398999929

0.401999950

0.404000044

0.405999899

0.407999992

0.408999920

0.411000013

0.414999962

0.416000128

0.417999983

0.420000076

0.421999931

0.424000025

0.427000046

0.428999901

0.430999994

0.433000088

0.434999943

0.437999964

0.440000057

0.441999912

0.444000006

0.444999933

0.447000027

0.450999975

0.453000069

0.453999996

0.456000090

0.457999945

0.460000038

0.463000059

0.464999914

0.467000008

0.469000101

0.470000029

0.472000122

0.474999905

0.479000092

0.480000019

0.482000113

0.483999968

0.486999989

0.489000082

0.490999937

0.493000031

0.493999958

0.496000051

0.499000072

0.500999928

0.503000021

0.505000114

0.506999969

0.509999990

0.512000084

0.513999939

0.515000105

0.516999960

0.519000053

0.522000074

0.523999929

0.526000023

0.526999950

0.529000044

0.530999899

0.533999920

0.536000013

0.538000107

0.539000034

0.541000128

0.542999983

0.548000097

0.549000025

0.551000118

0.552999973

0.555000067

0.555999994

0.559999943

0.561000109

0.562999964

0.565999985

0.568000078

0.571000099

0.572999954

0.575000048

0.575999975

0.579999924

0.582999945

0.585000038

0.587000132

0.588999987

0.589999914

0.592000008

0.595999956

0.598000050

0.598999977

0.601000071

0.602999926

0.605000019

0.608000040

0.609999895

0.611999989

0.612999916

0.615000010

0.617000103

0.620000124

0.621999979

0.624000072

0.625999928

0.627000093

0.628999949

0.631999969

0.634000063

0.635999918

0.638000011

0.638999939

0.643000126

0.644999981

0.651000023

0.651999950

0.655999899

0.657000065

0.658999920

0.661000013

0.661999941

0.664000034

0.667999983

0.668999910

0.671000004

0.673000097

0.674999952

0.676000118

0.680000067

0.681999922

0.684000015

0.684999943

0.687000036

0.689000130

0.691999912

0.694000006

0.696000099

0.697999954

0.700000048

0.703000069

0.704999924

0.706000090

0.707999945

0.710000038

0.712000132

0.714999914

0.717000008

0.719000101

0.720999956

0.723000050

0.724999905

0.727999926

0.730000019

0.732000113

0.733000040

0.734999895

0.736999989

0.740999937

0.742000103

0.743999958

0.746000051

0.747999907

0.749000072

0.753000021

0.755000114

0.756000042

0.757999897

0.759999990

0.760999918

0.765000105

0.766000032

0.768000126

0.769999981

0.772000074

0.773000002

0.776999950

0.779999971

0.782000065

0.783999920

0.785000086

0.789000034

0.791000128

0.792999983

0.795000076

0.796000004

0.799999952

0.802000046

0.803999901

0.805000067

0.806999922

0.809000015

0.812000036

0.814000130

0.815999985

0.816999912

0.819000006

0.821000099

0.825000048

0.825999975

0.828000069

0.829999924

0.832000017

0.834000111

0.837000132

0.838999987

0.841000080

0.842000008

0.844000101

0.845999956

0.848999977

0.851000071

0.852999926

0.855000019

0.857000113

0.859999895

0.861999989

0.864000082

0.865999937

0.867000103

0.868999958

0.872999907

0.875000000

0.877000093

0.880000114

0.881000042

0.884999990

0.887000084

0.888999939

0.890000105

0.891999960

0.894999981

0.898000002

0.900000095

0.901999950

0.904000044

0.904999971

0.907000065

0.910000086

0.911999941

0.914000034

0.916000128

0.917000055

0.918999910

0.921999931

0.924000025

0.926000118

0.927999973

0.928999901

0.930999994

0.934000015

0.936000109

0.937999964

0.940000057

0.941999912

0.944999933

0.947000027

0.947999954

0.950000048

0.951999903

0.957999945

0.960000038

0.962000132

0.963000059

0.964999914

0.967000008

0.970000029

0.972000122

0.973999977

0.976000071

0.976999998

0.980000019

0.982000113

0.983999968

0.986000061

0.987999916

0.990000010

0.993000031

0.995000124

0.996999979

0.997999907

1.000000000

1.002000093

1.006000042

1.006999969

1.009000063

1.010999918

1.013000011

1.013999939

1.018000126

1.019999981

1.020999908

1.023000002

1.025000095

1.026000023

1.029999971

1.032000065

1.032999992

1.035000086

1.036999941

1.038000107

1.042000055

1.043999910

1.046000004

1.048000097

1.049000025

1.052999973

1.055000067

1.056999922

1.059000015

1.059999943

1.062000036

1.066999912

1.068000078

1.069999933

1.072000027

1.074000120

1.075000048

1.078999996

1.082000017

1.084000111

1.085999966

1.088000059

1.091000080

1.092999935

1.095000029

1.097000122

1.098999977

1.101999998

1.104000092

1.105999947

1.108000040

1.108999968

1.111000061

1.115000010

1.115999937

1.118000031

1.120000124

1.121999979

1.124000072

1.127000093

1.128999949

1.131000042

1.132999897

1.134000063

1.135999918

1.138999939

1.141000032

1.143000126

1.144999981

1.145999908

1.148000002

1.151000023

1.153000116

1.154999971

1.155999899

1.157999992

1.160000086

1.163000107

1.164999962

1.167000055

1.168999910

1.170000076

1.171999931

1.174999952

1.177000046

1.178999901

1.181999922

1.184000015

1.187000036

1.190000057

1.190999985

1.193000078

1.194999933

1.199000120

1.200000048

1.201999903

1.203999996

1.206000090

1.207000017

1.210999966

1.212000132

1.213999987

1.216000080

1.217999935

1.219000101

1.223000050

1.223999977

1.226000071

1.227999926

1.230000019

1.230999947

1.234999895

1.236999989

1.237999916

1.240999937

1.243000031

1.245000124

1.247999907

1.250000000

1.252000093

1.253999949

1.255000114

1.256999969

1.259999990

1.266000032

1.268000126

1.270999908

1.273000002

1.275000095

1.276999950

1.279000044

1.279999971

1.283999920

1.286999941

1.289999962

1.295000076

1.296999931

1.299000025

1.301000118

1.302999973

1.303999901

1.308000088

1.309999943

1.311000109

1.312999964

1.315000057

1.315999985

1.319999933

1.321000099

1.322999954

1.325000048

1.326999903

1.328000069

1.332000017

1.332999945

1.335000038

1.337000132

1.338999987

1.341000080

1.344000101

1.345999956

1.348000050

1.349999905

1.351000071

1.352999926

1.355999947

1.358000040

1.359999895

1.361999989

1.362999916

1.365000010

1.368000031

1.370000124

1.371999979

1.374000072

1.375000000

1.378999949

1.381999969

1.384000063

1.385999918

1.388000011

1.391000032

1.393000126

1.394999981

1.397000074

1.398000002

1.400000095

1.404000044

1.404999971

1.407000065

1.408999920

1.411000013

1.411999941

1.417000055

1.417999983

1.420000076

1.421999931

1.424000025

1.426000118

1.428999901

1.430999994

1.433000088

1.434999943

1.436000109

1.437999964

1.440999985

1.443000078

1.444999933

1.447000027

1.447999954

1.450000048

1.453000069

1.454999924

1.457000017

1.459000111

1.460000038

1.463999987

1.466000080

1.467999935

1.469000101

1.470999956

1.473000050

1.476000071

1.477999926

1.480000019

1.480999947

1.484999895

1.487999916

1.490000010

1.492000103

1.493999958

1.495000124

1.496999979

1.500999928

1.502000093

1.503999949

1.506000042

1.507999897

1.509999990

1.513000011

1.515000105

1.516000032

1.518000126

1.519999981

1.522000074

1.525000095

1.526999950

1.529000044

1.530999899

1.532000065

1.533999920

1.536999941

1.539000034

1.541000128

1.542999983

1.543999910

1.546000004

1.549000025

1.551000118

1.552999973

1.555000067

1.555999994

1.558000088

1.561000109

1.562999964

1.565000057

1.566999912

1.568000078

1.569999933

1.572999954

1.575999975

1.581000090

1.585000038

1.588000059

1.589999914

1.591000080

1.592999935

1.595000029

1.598000050

1.599999905

1.601999998

1.604000092

1.605000019

1.608999968

1.611000061

1.612999916

1.614000082

1.615999937

1.618000031

1.621000051

1.622999907

1.625000000

1.625999928

1.628000021

1.630000114

1.634000063

1.634999990

1.637000084

1.638999939

1.641000032

1.641999960

1.645999908

1.647000074

1.648999929

1.651000023

1.653000116

1.654000044

1.657999992

1.660000086

1.661000013

1.663000107

1.664999962

1.666000128

1.670000076

1.671999931

1.673000097

1.674999952

1.677000046

1.677999973

1.681999922

1.684999943

1.687000036

1.687999964

1.690000057

1.694000006

1.696000099

1.697000027

1.699000120

1.700999975

1.701999903

1.706000090

1.707000017

1.709000111

1.710999966

1.713000059

1.713999987

1.717999935

1.719000101

1.720999956

1.723000050

1.724999905

1.726000071

1.730000019

1.730999947

1.733000040

1.734999895

1.736999989

1.737999916

1.742000103

1.743000031

1.745000124

1.746999979

1.749000072

1.750000000

1.753999949

1.756000042

1.756999969

1.759000063

1.762000084

1.763000011

1.766999960

1.768000126

1.769999981

1.772000074

1.773999929

1.775000095

1.779000044

1.780999899

1.782000065

1.785000086

1.786999941

1.791000128

1.792999983

1.793999910

1.796000004

1.798000097

1.799000025

1.811000109

1.815000057

1.815999985

1.818000078

1.819999933

1.822000027

1.824000120

1.826999903

1.828999996

1.831000090

1.832000017

1.834000111

1.835999966

1.838999987

1.841000080

1.842999935

1.845000029

1.845999956

1.848000050

1.855000019

1.857000113

1.858000040

1.861999989

1.864000082

1.865999937

1.867000103

1.868999958

1.871000051

1.874000072

1.875999928

1.878000021

1.880000114

1.888000011

1.890000105

1.891000032

1.893000126

1.894999981

1.898999929

1.901000023

1.901999950

1.904000044

1.905999899

1.907000065

1.911000013

1.911999941

1.914000034

1.916000128

1.917999983

1.918999910

1.923000097

1.924000025

1.926000118

1.927999973

1.930000067

1.930999994

1.936000109

1.937000036

1.939000130

1.940999985

1.943000078

1.944000006

1.947999954

1.950000048

1.950999975

1.953000069

1.954999924

1.956000090

1.960000038

1.962000132

1.963999987

1.964999914

1.967000008

1.969000101

1.972000122

1.973999977

1.976000071

1.976999998

1.979000092

1.980999947

1.983999968

1.987999916

1.989000082

1.990999937

1.993000031

1.996000051

1.997999907

2.000000000

2.002000093

2.003000021

2.006999969

2.009000063

2.009999990

2.012000084

2.013999939

2.016000032

2.019999981

2.020999908

2.023000002

2.025000095

2.026000023

2.028000116

2.032000065

2.032999992

2.035000086

2.036999941

2.039000034

2.039999962

2.043999910

2.046000004

2.046999931

2.049000025

2.051000118

2.052999973

2.055999994

2.058000088

2.059999943

2.062000036

2.062999964

2.066999912

2.069000006

2.071000099

2.072000027

2.074000120

2.075999975

2.078999996

2.081000090

2.082999945

2.084000111

2.088000059

2.091000080

2.092999935

2.095000029

2.097000122

2.098000050

2.099999905

2.104000092

2.105000019

2.107000113

2.108999968

2.111999989

2.114000082

2.117000103

2.118999958

2.121000051

2.121999979

2.124000072

2.125999928

2.128999949

2.131000042

2.132999897

2.134000063

2.135999918

2.138000011

2.141000032

2.143000126

2.144999981

2.147000074

2.148000002

2.150000095

2.153000116

2.154999971

2.157000065

2.157999992

2.160000086

2.161999941

2.164999962

2.167000055

2.168999910

2.171000004

2.171999931

2.176000118

2.177999973

2.180000067

2.180999994

2.183000088

2.184999943

2.189000130

2.190999985

2.197000027

2.200000048

2.201999903

2.203999996

2.204999924

2.207000017

2.209000111

2.213000059

2.213999987

2.216000080

2.217999935

2.220000029

2.220999956

2.224999905

2.226000071

2.227999926

2.230000019

2.232000113

2.233000040

2.236999989

2.239000082

2.240000010

2.242000103

2.243999958

2.245000124

2.249000072

2.250999928

2.253000021

2.253999949

2.256000042

2.257999897

2.260999918

2.263000011

2.265000105

2.266000032

2.268000126

2.269999981

2.273000002

2.275000095

2.276999950

2.278000116

2.279999971

2.282000065

2.285000086

2.288000107

2.289999962

2.292000055

2.292999983

2.295000076

2.298000097

2.299999952

2.302999973

2.305000067

2.305999994

2.309999943

2.312000036

2.312999964

2.315000057

2.316999912

2.318000078

2.322000027

2.324000120

2.325000048

2.326999903

2.328999996

2.329999924

2.334000111

2.335999966

2.338000059

2.338999987

2.341000080

2.345000029

2.347000122

2.348000050

2.349999905

2.351999998

2.354000092

2.357000113

2.358999968

2.361000061

2.361999989

2.364000082

2.365999937

2.370000124

2.371000051

2.372999907

2.375000000

2.375999928

2.378000021

2.381999969

2.382999897

2.384999990

2.388000011

2.390000105

2.394000053

2.394999981

2.397000074

2.398999929

2.401000023

2.401999950

2.405999899

2.407999992

2.410000086

2.411999941

2.413000107

2.414999962

2.417999983

2.420000076

2.421999931

2.424000025

2.424999952

2.428999901

2.430999994

2.433000088

2.434999943

2.436000109

2.437999964

2.441999912

2.443000078

2.444999933

2.447000027

2.449000120

2.450999975

2.453999996

2.456000090

2.457999945

2.459000111

2.460999966

2.463000059

2.467000008

2.469000101

2.470999956

2.473000050

2.473999977

2.476000071

2.479000092

2.480999947

2.483000040

2.484999895

2.486000061

2.489000082

2.490999937

2.493000031

2.495000124

2.496999979

2.499000072

2.502000093

2.507999897

2.509999990

2.512000084

2.515000105

2.516999960

2.519000053

2.519999981

2.522000074

2.523999929

2.526999950

2.529000044

2.530999899

2.532999992

2.533999920

2.538000107

2.539999962

2.541000128

2.542999983

2.545000076

2.546000004

2.549999952

2.552000046

2.553999901

2.555000067

2.556999922

2.559000015

2.562999964

2.564000130

2.565999985

2.568000078

2.569000006

2.571000099

2.575000048

2.575999975

2.578000069

2.581000090

2.582000017

2.585999966

2.588000059

2.591000080

2.592999935

2.594000101

2.598000050

2.599999905

2.601999998

2.602999926

2.605000019

2.607000113

2.611000061

2.611999989

2.614000082

2.615999937

2.618000031

2.618999958

2.622999907

2.625000000

2.625999928

2.628000021

2.630000114

2.631999969

2.634999990

2.637000084

2.638000011

2.641000032

2.643000126

2.644000053

2.648000002

2.650000095

2.651000023

2.653000116

2.654999971

2.657000065

2.660000086

2.661999941

2.664000034

2.666000128

2.667000055

2.671000004

2.673000097

2.674000025

2.676000118

2.677999973

2.680000067

2.683000088

2.684999943

2.687000036

2.690000057

2.691999912

2.696000099

2.697999954

2.699000120

2.700999975

2.703000069

2.703999996

2.707999945

2.710000038

2.710999966

2.713000059

2.714999914

2.717000008

2.720000029

2.722000122

2.723999977

2.726000071

2.726999998

2.729000092

2.732000113

2.733999968

2.736000061

2.737999916

2.739000082

2.740999937

2.743999958

2.746000051

2.747999907

2.749000072

2.750999928

2.753000021

2.756000042

2.757999897

2.759999990

2.760999918

2.763000011

2.765000105

2.768000126

2.769999981

2.772000074

2.773000002

2.775000095

2.776999950

2.779999971

2.782000065

2.783999920

2.785000086

2.786999941

2.789000034

2.792000055

2.793999910

2.796000004

2.798000097

2.799999952

2.802999973

2.805000067

2.806999922

2.808000088

2.809999943

2.816999912

2.819000006

2.821000099

2.822999954

2.824000120

2.825999975

2.828999996

2.831000090

2.832999945

2.834000111

2.835999966

2.838000059

2.841000080

2.842999935

2.845000029

2.847000122

2.848000050

2.849999905

2.852999926

2.855000019

2.857000113

2.858999968

2.859999895

2.861999989

2.865000010

2.867000103

2.868999958

2.871000051

2.871999979

2.875999928

2.878000021

2.880000114

2.881000042

2.882999897

2.884999990

2.888999939

2.891999960

2.894000053

2.895999908

2.897000074

2.901000023

2.903000116

2.904000044

2.905999899

2.907999992

2.908999920

2.913000107

2.914999962

2.916000128

2.917999983

2.920000076

2.921000004

2.924999952

2.927000046

2.927999973

2.930000067

2.931999922

2.933000088

2.937000036

2.939000130

2.940000057

2.941999912

2.944000006

2.946000099

2.949000120

2.950999975

2.953000069

2.954999924

2.957000017

2.960999966

2.962000132

2.963999987

2.966000080

2.967000008

2.969000101

2.973000050

2.973999977

2.976000071

2.977999926

2.980000019

2.980999947

2.984999895

2.986999989

2.989000082

2.992000103

2.993999958

2.997999907

3.000000000

3.000999928

3.003000021

3.005000114

3.006000042

3.009999990

3.012000084

3.013999939

3.016000032

3.018000126

3.020999908

3.023000002

3.025000095

3.026000023

3.028000116

3.029999971

3.032999992

3.035000086

3.036999941

3.039000034

3.039999962

3.042000055

3.046000004

3.046999931

3.049000025

3.051000118

3.052999973

3.053999901

3.058000088

3.059000015

3.061000109

3.062999964

3.065000057

3.065999985

3.069999933

3.072000027

3.072999954

3.075000048

3.076999903

3.078000069

3.082000017

3.084000111

3.085999966

3.088000059

3.088999987

3.092000008

3.094000101

3.095999956

3.098000050

3.099999905

3.101000071

3.105000019

3.107000113

3.108999968

3.109999895

3.111999989

3.114000082

3.118000031

3.118999958

3.121000051

3.128999949

3.131000042

3.131999969

3.134000063

3.135999918

3.138000011

3.141000032

3.143000126

3.144000053

3.145999908

3.148000002

3.150000095

3.153000116

3.154999971

3.157000065

3.158999920

3.160000086

3.161999941

3.166000128

3.167000055

3.170000076

3.171999931

3.174000025

3.174999952

3.178999901

3.180999994

3.181999922

3.184000015

3.186000109

3.187000036

3.190999985

3.194000006

3.196000099

3.197000027

3.199000120

3.203000069

3.204999924

3.207000017

3.209000111

3.210999966

3.214999914

3.216000080

3.217999935

3.220000029

3.222000122

3.223000050

3.226999998

3.227999926

3.230000019

3.232000113

3.233999968

3.234999895

3.239000082

3.240000010

3.242000103

3.243999958

3.246000051

3.246999979

3.250999928

3.252000093

3.253999949

3.256000042

3.257999897

3.259000063

3.263000011

3.263999939

3.266000032

3.268000126

3.269999981

3.272000074

3.275000095

3.276999950

3.279000044

3.279999971

3.282000065

3.283999920

3.286999941

3.289000034

3.291000128

3.292999983

3.293999910

3.298000097

3.299999952

3.302000046

3.302999973

3.305000067

3.306999922

3.309999943

3.312000036

3.314000130

3.315999985

3.316999912

3.319000006

3.322999954

3.325000048

3.326999903

3.328999996

3.331000090

3.335000038

3.335999966

3.338000059

3.339999914

3.342000008

3.342999935

3.348000050

3.349999905

3.351999998

3.352999926

3.355000019

3.357000113

3.359999895

3.361999989

3.362999916

3.365000010

3.367000103

3.368999958

3.371999979

3.374000072

3.375999928

3.378000021

3.378999949

3.382999897

3.384999990

3.385999918

3.388000011

3.390000105

3.391999960

3.394999981

3.397000074

3.398999929

3.401000023

3.403000116

3.404000044

3.407999992

3.408999920

3.411000013

3.413000107

3.414999962

3.416000128

3.420000076

3.421000004

3.423000097

3.424999952

3.427000046

3.427999973

3.431999922

3.437000036

3.439000130

3.440999985

3.444000006

3.446000099

3.447999954

3.449000120

3.450999975

3.451999903

3.456000090

3.457999945

3.460000038

3.462000132

3.463000059

3.467000008

3.469000101

3.470999956

3.473000050

3.473999977

3.476000071

3.480000019

3.480999947

3.483000040

3.484999895

3.486000061

3.487999916

3.492000103

3.495000124

3.496999979

3.499000072

3.500000000

3.503999949

3.506000042

3.507999897

3.509000063

3.510999918

3.513000011

3.516000032

3.518000126

3.519999981

3.520999908

3.523999929

3.526000023

3.529000044

3.530999899

3.532999992

3.533999920

3.536000013

3.538000107

3.541000128

3.542999983

3.543999910

3.546000004

3.548000097

3.549000025

3.552999973

3.555000067

3.555999994

3.558000088

3.559999943

3.562000036

3.565000057

3.566999912

3.569000006

3.571000099

3.572000027

3.574000120

3.576999903

3.578999996

3.581000090

3.582000017

3.584000111

3.585000038

3.588999987

3.592000008

3.592999935

3.595000029

3.598999977

3.601000071

3.602999926

3.604000092

3.605999947

3.608000040

3.611000061

3.612999916

3.615000010

3.617000103

3.618000031

3.620000124

3.624000072

3.625000000

3.627000093

3.628999949

3.631000042

3.631999969

3.635999918

3.637000084

3.638999939

3.641000032

3.643000126

3.644000053

3.648000002

3.650000095

3.651000023

3.653000116

3.654999971

3.657000065

3.660000086

3.661999941

3.664000034

3.664999962

3.667000055

3.668999910

3.671999931

3.674000025

3.676000118

3.677000046

3.678999901

3.680999994

3.684000015

3.686000109

3.687999964

3.690000057

3.690999985

3.694000006

3.696000099

3.697999954

3.700999975

3.701999903

3.703999996

3.707999945

3.709000111

3.710999966

3.713000059

3.714999914

3.716000080

3.720000029

3.720999956

3.723000050

3.724999905

3.726999998

3.727999926

3.732000113

3.733999968

3.736000061

3.736999989

3.739000082

3.745000124

3.746999979

3.749000072

3.750999928

3.752000093

3.756000042

3.757999897

3.759999990

3.760999918

3.763000011

3.765000105

3.768000126

3.769999981

3.772000074

3.773000002

3.775000095

3.776999950

3.779999971

3.782000065

3.783999920

3.786000013

3.786999941

3.791000128

3.793999910

3.796000004

3.798000097

3.799000025

3.802999973

3.805000067

3.806999922

3.808000088

3.809999943

3.812000036

3.815999985

3.816999912

3.819000006

3.821000099

3.822999954

3.824000120

3.828000069

3.828999996

3.831000090

3.832999945

3.834000111

3.835999966

3.839999914

3.841000080

3.842999935

3.845000029

3.847000122

3.848000050

3.851999998

3.854000092

3.855999947

3.857000113

3.858999968

3.861000061

3.864000082

3.865999937

3.868000031

3.868999958

3.871000051

3.872999907

3.877000093

3.878999949

3.881000042

3.882999897

3.884000063

3.888000011

3.890000105

3.891999960

3.894999981

3.897000074

3.901000023

3.903000116

3.904000044

3.905999899

3.907999992

3.910000086

3.913000107

3.914999962

3.916000128

3.917999983

3.920000076

3.921999931

3.924999952

3.927000046

3.928999901

3.930000067

3.931999922

3.934000015

3.937000036

3.939000130

3.940000057

3.941999912

3.944000006

3.946000099

3.949000120

3.950999975

3.953000069

3.953999996

3.956000090

3.960000038

3.962000132

3.963000059

3.964999914

3.967000008

3.967999935

3.972000122

3.973999977

3.976000071

3.976999998

3.979000092

3.980999947

3.984999895

3.986000061

3.987999916

3.990000010

3.992000103

3.993000031

3.996000051

3.997999907

4.000000000

4.002000093

4.003000021

4.006999969

4.009000063

4.009999990

4.012000084

4.013999939

4.016000032

4.019000053

4.020999908

4.023000002

4.025000095

4.026000023

4.028000116

4.032000065

4.032999992

4.035000086

4.036999941

4.039000034

4.041000128

4.043999910

4.046000004

4.048000097

4.049000025

4.055999994

4.058000088

4.059999943

4.062000036

4.062999964

4.065000057

4.069000006

4.069999933

4.072000027

4.074000120

4.075999975

4.076999903

4.081000090

4.082999945

4.085000038

4.085999966

4.088000059

4.089999914

4.092999935

4.095999956

4.098000050

4.099999905

4.101999998

4.105000019

4.107000113

4.108999968

4.111000061

4.111999989

4.115999937

4.118000031

4.118999958

4.121000051

4.122999907

4.125000000

4.128000021

4.130000114

4.131999969

4.132999897

4.134999990

4.137000084

4.141000032

4.141999960

4.144000053

4.145999908

4.148000002

4.148999929

4.153000116

4.154000044

4.155999899

4.157999992

4.160000086

4.161000013

4.164999962

4.166000128

4.167999983

4.170000076

4.171999931

4.173000097

4.177000046

4.177999973

4.180000067

4.181999922

4.183000088

4.184999943

4.189000130

4.190000057

4.191999912

4.194999933

4.197000027

4.200999975

4.201999903

4.203999996

4.206000090

4.207999945

4.210000038

4.213000059

4.214999914

4.217000008

4.217999935

4.220000029

4.222000122

4.224999905

4.226999998

4.230000019

4.232000113

4.233000040

4.236999989

4.239000082

4.240000010

4.242000103

4.243999958

4.246000051

4.249000072

4.250999928

4.252000093

4.253999949

4.256000042

4.257999897

4.260999918

4.263000011

4.265000105

4.266999960

4.269000053

4.269999981

4.273999929

4.276000023

4.276999950

4.279000044

4.280999899

4.282000065

4.286000013

4.288000107

4.289000034

4.291000128

4.292999983

4.295000076

4.298000097

4.299999952

4.302000046

4.302999973

4.305000067

4.306999922

4.309999943

4.312000036

4.314000130

4.315000057

4.316999912

4.319000006

4.322000027

4.324000120

4.325999975

4.328000069

4.328999996

4.332999945

4.335999966

4.338000059

4.338999987

4.341000080

4.342999935

4.345999956

4.348000050

4.349999905

4.351999998

4.352999926

4.357000113

4.358999968

4.365000010

4.367000103

4.370000124

4.371999979

4.374000072

4.375000000

4.377000093

4.378000021

4.381999969

4.384000063

4.384999990

4.387000084

4.388999939

4.391000032

4.394000053

4.397000074

4.398999929

4.401000023

4.401999950

4.407000065

4.408999920

4.411000013

4.411999941

4.414000034

4.416000128

4.418999910

4.421000004

4.421999931

4.424000025

4.426000118

4.427999973

4.430999994

4.433000088

4.434000015

4.436000109

4.437999964

4.440000057

4.443000078

4.444999933

4.447000027

4.447999954

4.450000048

4.453999996

4.456000090

4.457999945

4.459000111

4.460999966

4.463000059

4.466000080

4.467999935

4.470000029

4.472000122

4.473000050

4.474999905

4.479000092

4.480000019

4.482000113

4.483999968

4.484999895

4.486999989

4.490999937

4.492000103

4.493999958

4.496000051

4.497999907

4.500999928

4.503999949

4.505000114

4.506999969

4.509000063

4.510999918

4.513999939

4.516000032

4.518000126

4.519999981

4.522000074

4.525000095

4.526999950

4.529000044

4.530999899

4.532999992

4.533999920

4.536999941

4.539000034

4.541000128

4.542999983

4.543999910

4.546000004

4.549000025

4.551000118

4.552999973

4.555000067

4.556999922

4.558000088

4.562000036

4.564000130

4.565000057

4.566999912

4.569000006

4.569999933

4.574000120

4.575999975

4.576999903

4.578999996

4.582000017

4.582999945

4.587000132

4.588999987

4.591000080

4.592999935

4.595000029

4.597000122

4.598999977

4.601000071

4.602999926

4.605000019

4.605999947

4.609999895

4.611000061

4.612999916

4.615000010

4.617000103

4.618000031

4.621000051

4.622999907

4.625000000

4.627000093

4.628000021

4.630000114

4.632999897

4.634999990

4.637000084

4.638999939

4.640000105

4.641999960

4.644999981

4.647000074

4.648999929

4.651000023

4.653000116

4.654000044

4.657999992

4.660000086

4.661999941

4.663000107

4.664999962

4.671000004

4.673000097

4.674999952

4.676000118

4.677999973

4.681999922

4.683000088

4.684999943

4.687000036

4.689000130

4.690000057

4.693000078

4.697000027

4.697999954

4.700000048

4.701999903

4.706000090

4.707000017

4.709000111

4.710999966

4.713000059

4.714999914

4.717999935

4.720000029

4.722000122

4.723000050

4.724999905

4.726999998

4.730000019

4.732000113

4.733999968

4.734999895

4.736999989

4.739000082

4.742000103

4.743999958

4.746000051

4.747999907

4.749000072

4.753000021

4.755000114

4.756000042

4.759000063

4.760999918

4.763000011

4.766000032

4.768000126

4.769000053

4.770999908

4.773000002

4.775000095

4.779000044

4.779999971

4.782000065

4.783999920

4.786000013

4.786999941

4.789999962

4.792000055

4.793999910

4.796999931

4.799000025

4.802999973

4.805000067

4.806999922

4.809000015

4.809999943

4.814000130

4.815999985

4.816999912

4.819000006

4.821000099

4.822999954

4.825999975

4.828000069

4.829999924

4.832000017

4.832999945

4.835000038

4.838000059

4.839999914

4.842000008

4.844000101

4.845999956

4.847000122

4.851000071

4.851999998

4.854000092

4.855999947

4.858000040

4.858999968

4.862999916

4.864000082

4.865999937

4.868000031

4.868999958

4.871000051

4.874000072

4.875999928

4.878000021

4.880000114

4.881000042

4.882999897

4.885999918

4.888000011

4.890000105

4.891999960

4.893000126

4.894999981

4.898999929

4.901000023

4.903000116

4.904999971

4.907000065

4.910000086

4.911999941

4.914000034

4.916000128

4.917000055

4.918999910

4.923000097

4.924000025

4.926000118

4.927999973

4.930000067

4.930999994

4.934999943

4.937000036

4.939000130

4.940999985

4.943000078

4.944000006

4.947000027

4.949000120

4.950999975

4.953000069

4.953999996

4.956000090

4.959000111

4.960999966

4.963000059

4.964999914

4.967000008

4.967999935

4.972000122

4.973999977

4.979000092

4.983000040

4.984999895

4.986000061

4.987999916

4.990000010

4.992000103

4.995000124

4.997999907

5.000000000

5.002000093

5.003999949

5.006999969

5.009000063

5.010999918

5.012000084

5.013999939

5.016000032

5.019000053

5.020999908

5.023000002

5.023999929

5.026000023

5.028000116

5.030999899

5.032999992

5.035000086

5.036999941

5.039000034

5.039999962

5.043999910

5.045000076

5.046999931

5.049000025

5.049999952

5.052000046

5.055000067

5.056999922

5.059000015

5.059999943

5.062000036

5.064000130

5.066999912

5.069000006

5.071000099

5.072999954

5.074000120

5.075999975

5.078999996

5.081000090

5.082999945

5.085000038

5.085999966

5.088000059

5.091000080

5.092999935

5.095000029

5.098000050

5.099999905

5.104000092

5.105000019

5.107000113

5.108999968

5.111999989

5.112999916

5.117000103

5.118000031

5.120000124

5.121999979

5.122999907

5.125000000

5.128999949

5.131000042

5.131999969

5.134000063

5.135999918

5.137000084

5.148000002

5.148999929

5.153000116

5.154999971

5.157000065

5.157999992

5.160000086

5.161999941

5.164999962

5.167000055

5.168999910

5.170000076

5.171999931

5.174000025

5.177000046

5.178999901

5.180999994

5.181999922

5.184000015

5.186000109

5.189000130

5.190999985

5.191999912

5.194999933

5.196000099

5.199000120

5.200999975

5.203000069

5.203999996

5.206000090

5.207999945

5.210999966

5.213999987

5.214999914

5.217000008

5.219000101

5.220000029

5.224999905

5.226000071

5.227999926

5.230000019

5.232000113

5.234999895

5.236999989

5.237999916

5.240999937

5.243000031

5.243999958

5.247999907

5.250000000

5.250999928

5.253000021

5.255000114

5.256999969

5.259999990

5.262000084

5.263000011

5.265000105

5.266999960

5.269000053

5.272000074

5.273999929

5.276000023

5.276999950

5.279000044

5.280999899

5.283999920

5.286000013

5.292000055

5.296000004

5.298000097

5.301000118

5.303999901

5.309999943

5.312000036

5.314000130

5.315999985

5.316999912

5.319999933

5.322000027

5.324000120

5.325999975

5.328000069

5.328999996

5.332999945

5.335000038

5.337000132

5.338000059

5.339999914

5.342000008

5.345000029

5.347000122

5.348999977

5.349999905

5.351999998

5.355999947

5.358000040

5.358999968

5.361000061

5.362999916

5.365000010

5.368000031

5.370000124

5.371999979

5.372999907

5.375000000

5.377000093

5.380000114

5.381999969

5.384000063

5.385999918

5.388000011

5.388999939

5.393000126

5.394999981

5.395999908

5.398000002

5.400000095

5.403000116

5.404999971

5.407000065

5.408999920

5.411000013

5.411999941

5.416000128

5.417000055

5.418999910

5.421000004

5.423000097

5.424000025

5.427000046

5.428999901

5.430999994

5.433000088

5.434000015

5.436000109

5.439000130

5.440999985

5.443000078

5.444999933

5.447000027

5.447999954

5.451999903

5.453999996

5.456000090

5.457000017

5.459000111

5.463999987

5.466000080

5.467000008

5.469000101

5.470999956

5.473000050

5.476000071

5.477999926

5.480000019

5.482000113

5.483999968

5.484999895

5.487999916

5.490000010

5.492000103

5.493999958

5.495000124

5.496999979

5.500000000

5.500999928

5.503000021

5.505000114

5.506999969

5.507999897

5.512000084

5.513999939

5.516000032

5.518000126

5.519000053

5.523000002

5.525000095

5.526999950

5.528000116

5.529999971

5.532000065

5.535000086

5.536999941

5.539000034

5.539999962

5.542000055

5.543999910

5.546999931

5.549000025

5.551000118

5.552999973

5.553999901

5.555999994

5.559000015

5.561000109

5.562999964

5.565000057

5.566999912

5.568000078

5.571000099

5.572999954

5.575000048

5.576999903

5.578999996

5.579999924

5.584000111

5.585999966

5.587000132

5.588999987

5.591000080

5.592000008

5.595999956

5.601999998

5.605000019

5.607000113

5.608999968

5.611000061

5.612999916

5.614000082

5.618000031

5.620000124

5.621000051

5.622999907

5.625000000

5.625999928

5.630000114

5.631999969

5.632999897

5.634999990

5.637000084

5.640000105

5.643000126

5.644999981

5.645999908

5.648000002

5.650000095

5.651999950

5.654999971

5.657000065

5.658999920

5.660000086

5.661999941

5.664000034

5.667000055

5.668999910

5.671000004

5.671999931

5.674000025

5.676000118

5.678999901

5.680999994

5.683000088

5.684000015

5.686000109

5.690000057

5.691999912

5.693000078

5.694999933

5.697000027

5.700999975

5.703000069

5.704999924

5.706000090

5.707999945

5.710000038

5.713000059

5.714999914

5.717000008

5.719000101

5.720000029

5.722000122

5.724999905

5.726999998

5.729000092

5.730999947

5.732000113

5.733999968

5.737999916

5.739000082

5.740999937

5.743000031

5.745000124

5.746000051

5.749000072

5.750999928

5.753000021

5.755000114

5.756000042

5.757999897

5.760999918

5.763000011

5.765000105

5.766999960

5.769000053

5.769999981

5.773999929

5.775000095

5.776999950

5.779000044

5.780999899

5.782000065

5.786000013

5.788000107

5.789000034

5.791000128

5.792999983

5.793999910

5.796999931

5.799000025

5.801000118

5.802999973

5.803999901

5.808000088

5.809999943

5.811000109

5.812999964

5.815000057

5.818000078

5.821000099

5.822999954

5.825000048

5.826999903

5.828999996

5.829999924

5.834000111

5.835999966

5.837000132

5.838999987

5.841000080

5.842000008

5.845999956

5.848000050

5.848999977

5.851000071

5.852999926

5.854000092

5.858000040

5.859999895

5.861000061

5.862999916

5.865000010

5.868999958

5.871000051

5.871999979

5.874000072

5.875999928

5.877000093

5.881000042

5.882999897

5.884000063

5.885999918

5.888000011

5.890000105

5.893000126

5.894999981

5.897000074

5.898999929

5.904999971

5.907000065

5.908999920

5.911000013

5.911999941

5.916000128

5.917999983

5.918999910

5.921000004

5.923000097

5.924999952

5.927999973

5.930000067

5.931999922

5.933000088

5.934999943

5.937000036

5.940999985

5.941999912

5.944000006

5.946000099

5.947000027

5.949000120

5.953000069

5.953999996

5.956000090

5.957999945

5.960000038

5.960999966

5.964999914

5.967000008

5.969000101

5.970999956

5.972000122

5.976000071

5.977999926

5.979000092

5.980999947

5.983000040

5.983999968

5.987999916

5.990000010

5.993000031

5.993999958

5.996000051

6.000000000

6.002000093

6.003999949

6.005000114

6.006999969

6.009000063

6.012000084

6.013999939

6.016000032

6.018000126

6.019000053

6.020999908

6.025000095

6.026999950

6.028000116

6.029999971

6.032000065

6.033999920

6.036999941

6.039000034

6.041000128

6.042000055

6.043999910

6.046000004

6.049000025

6.051000118

6.052000046

6.053999901

6.055999994

6.058000088

6.061000109

6.062999964

6.065000057

6.065999985

6.068000078

6.069999933

6.072999954

6.075000048

6.075999975

6.078000069

6.079999924

6.082000017

6.085000038

6.087000132

6.088999987

6.091000080

6.092999935

6.095000029

6.097000122

6.098999977

6.101000071

6.101999998

6.104000092

6.107000113

6.108999968

6.111000061

6.112999916

6.114000082

6.115999937

6.120000124

6.121000051

6.122999907

6.125000000

6.125999928

6.128000021

6.131999969

6.134000063

6.134999990

6.137000084

6.138999939

6.140000105

6.144000053

6.145999908

6.147000074

6.148999929

6.151000023

6.153000116

6.155999899

6.157999992

6.160000086

6.161000013

6.163000107

6.164999962

6.167999983

6.171000004

6.173000097

6.174000025

6.176000118

6.177999973

6.180999994

6.183000088

6.184999943

6.186000109

6.187999964

6.191999912

6.194000006

6.196000099

6.197000027

6.199000120

6.203000069

6.207999945

6.210000038

6.212000132

6.214999914

6.217000008

6.219000101

6.220999956

6.223000050

6.223999977

6.227999926

6.230000019

6.232000113

6.233000040

6.234999895

6.236000061

6.240000010

6.242000103

6.243000031

6.245000124

6.246999979

6.249000072

6.252000093

6.253999949

6.256000042

6.256999969

6.259000063

6.260999918

6.263999939

6.266000032

6.266999960

6.269000053

6.270999908

6.273000002

6.276000023

6.278000116

6.279999971

6.280999899

6.282999992

6.285000086

6.288000107

6.289999962

6.292000055

6.293999910

6.295000076

6.299000025

6.301000118

6.302000046

6.303999901

6.306999922

6.311000109

6.312999964

6.315000057

6.316999912

6.318000078

6.322000027

6.324000120

6.325000048

6.326999903

6.328999996

6.331000090

6.334000111

6.335999966

6.338000059

6.339999914

6.341000080

6.342999935

6.347000122

6.348999977

6.351000071

6.352999926

6.355000019

6.355999947

6.359999895

6.361999989

6.362999916

6.365000010

6.367000103

6.368000031

6.371999979

6.374000072

6.375000000

6.377000093

6.378999949

6.380000114

6.384000063

6.385999918

6.387000084

6.388999939

6.391000032

6.391999960

6.394999981

6.397000074

6.398999929

6.400000095

6.401999950

6.405999899

6.407999992

6.408999920

6.411000013

6.413000107

6.414999962

6.417999983

6.420000076

6.421999931

6.423000097

6.424999952

6.427000046

6.430000067

6.431999922

6.434000015

6.436000109

6.437999964

6.439000130

6.441999912

6.444000006

6.446000099

6.447999954

6.450000048

6.450999975

6.454999924

6.456000090

6.457999945

6.460000038

6.462000132

6.463000059

6.467000008

6.469000101

6.470000029

6.473000050

6.473999977

6.477999926

6.480000019

6.480999947

6.483000040

6.484999895

6.486000061

6.490000010

6.492000103

6.493999958

6.496000051

6.496999979

6.500999928

6.503000021

6.505000114

6.506000042

6.513999939

6.515000105

6.516999960

6.519000053

6.519999981

6.523000002

6.526000023

6.528000116

6.529999971

6.532000065

6.533999920

6.535000086

6.539000034

6.541000128

6.542999983

6.543999910

6.546000004

6.548000097

6.551000118

6.552999973

6.553999901

6.555999994

6.558000088

6.559999943

6.562999964

6.565000057

6.566999912

6.569000006

6.569999933

6.574000120

6.575999975

6.576999903

6.578999996

6.581000090

6.582000017

6.585999966

6.588000059

6.588999987

6.591000080

6.594000101

6.598000050

6.598999977

6.601000071

6.602999926

6.605000019

6.605999947

6.609999895

6.611999989

6.614000082

6.615000010

6.617000103

6.618000031

6.621999979

6.624000072

6.625999928

6.628000021

6.628999949

6.632999897

6.634999990

6.635999918

6.638000011

6.640000105

6.641999960

6.644999981

6.647000074

6.648999929

6.650000095

6.651999950

6.654000044

6.657000065

6.658999920

6.661999941

6.667000055

6.670000076

6.671999931

6.674000025

6.674999952

6.677000046

6.680999994

6.683000088

6.684000015

6.686000109

6.687999964

6.690000057

6.693000078

6.694999933

6.697000027

6.699000120

6.700999975

6.704999924

6.707000017

6.709000111

6.710000038

6.712000132

6.713999987

6.717999935

6.719000101

6.720999956

6.723000050

6.724999905

6.729000092

6.730999947

6.732000113

6.733999968

6.736000061

6.737999916

6.742000103

6.743999958

6.746000051

6.746999979

6.749000072

6.753000021

6.755000114

6.756999969

6.759000063

6.760999918

6.762000084

6.766000032

6.768000126

6.769999981

6.772000074

6.773000002

6.776999950

6.779000044

6.780999899

6.782000065

6.783999920

6.786000013

6.789999962

6.792000055

6.793999910

6.795000076

6.796999931

6.801000118

6.802000046

6.803999901

6.805999994

6.808000088

6.812000036

6.814000130

6.815999985

6.818000078

6.825000048

6.826999903

6.828999996

6.829999924

6.832000017

6.835999966

6.838000059

6.838999987

6.841000080

6.842999935

6.845000029

6.848999977

6.851000071

6.851999998

6.854000092

6.855999947

6.859999895

6.861999989

6.864000082

6.865999937

6.867000103

6.868999958

6.872999907

6.875999928

6.878000021

6.878999949

6.881000042

6.884999990

6.887000084

6.888999939

6.891000032

6.893000126

6.897000074

6.898000002

6.900000095

6.901999950

6.904000044

6.905999899

6.908999920

6.911000013

6.913000107

6.914999962

6.917000055

6.920000076

6.921999931

6.924000025

6.926000118

6.927999973

6.928999901

6.933000088

6.934999943

6.937000036

6.939000130

6.940000057

6.944000006

6.946000099

6.947999954

6.950000048

6.951999903

6.953000069

6.957000017

6.959000111

6.960999966

6.963000059

6.963999987

6.967999935

6.970000029

6.972000122

6.973999977

6.976000071

6.976999998

6.980999947

6.983000040

6.984999895

6.986999989

6.987999916

6.990999937

6.993000031

6.995000124

6.996999979

6.999000072

7.000000000

7.003999949

7.006000042

7.007999897

7.009999990

7.012000084

7.015000105

7.016999960

7.019000053

7.020999908

7.023000002

7.025000095

7.028000116

7.029999971

7.032000065

7.033999920

7.035000086

7.039000034

7.041000128

7.042999983

7.045000076

7.046999931

7.048000097

7.052999973

7.055000067

7.056999922

7.059000015

7.059999943

7.064000130

7.065999985

7.068000078

7.069999933

7.071000099

7.072999954

7.076999903

7.078999996

7.081000090

7.082000017

7.084000111

7.088000059

7.091000080

7.092999935

7.094000101

7.095999956

7.099999905

7.101999998

7.104000092

7.105999947

7.108000040

7.111000061

7.112999916

7.115000010

7.117000103

7.118999958

7.120000124

7.124000072

7.125999928

7.128000021

7.130000114

7.131999969

7.134999990

7.137000084

7.138999939

7.141000032

7.147000074

7.148999929

7.151000023

7.153000116

7.154000044

7.155999899

7.160000086

7.161999941

7.164000034

7.166000128

7.167999983

7.171999931

7.173000097

7.174999952

7.177000046

7.178999901

7.180999994

7.184000015

7.186000109

7.187999964

7.190000057

7.194000006

7.196000099

7.197999954

7.200000048

7.201999903

7.203000069

7.207000017

7.209000111

7.210999966

7.213000059

7.214999914

7.217999935

7.220000029

7.222000122

7.223999977

7.226000071

7.230999947

7.233000040

7.234999895

7.236999989

7.239000082

7.240000010

7.243999958

7.246000051

7.247999907

7.249000072

7.250999928

7.255000114

7.256999969

7.259000063

7.259999990

7.262000084

7.263999939

7.268000126

7.269000053

7.270999908

7.273000002

7.275000095

7.276999950

7.279999971

7.282000065

7.283999920

7.286000013

7.286999941

7.291000128

7.292999983

7.295000076

7.296999931

7.299000025

7.299999952

7.303999901

7.305999994

7.308000088

7.309999943

7.311000109

7.315000057

7.316999912

7.319000006

7.321000099

7.322999954

7.325999975

7.328999996

7.331000090

7.332999945

7.334000111

7.338000059

7.339999914

7.342000008

7.344000101

7.345999956

7.347000122

7.351000071

7.352999926

7.355000019

7.357000113

7.358000040

7.361999989

7.364000082

7.365999937

7.368000031

7.370000124

7.374000072

7.375999928

7.378000021

7.378999949

7.381000042

7.382999897

7.387000084

7.388999939

7.391000032

7.393000126

7.397000074

7.398999929

7.401000023

7.403000116

7.405999899

7.407000065

7.411000013

7.413000107

7.414999962

7.416000128

7.417999983

7.421999931

7.424000025

7.426000118

7.427999973

7.430000067

7.430999994

7.434999943

7.437000036

7.439000130

7.440000057

7.441999912

7.446000099

7.447999954

7.450000048

7.450999975

7.453000069

7.454999924

7.459000111

7.460999966

7.463000059

7.464999914

7.466000080

7.473999977

7.476000071

7.477999926

7.480000019

7.483000040

7.484999895

7.486999989

7.489000082

7.493000031

7.495000124

7.496999979

7.499000072

7.500999928

7.502000093

7.506000042

7.507999897

7.509999990

7.512000084

7.513000011

7.516999960

7.519000053

7.520999908

7.523000002

7.525000095

7.526000023

7.529999971

7.532000065

7.533999920

7.536000013

7.536999941

7.541000128

7.542999983

7.545000076

7.546000004

7.548000097

7.549999952

7.553999901

7.555999994

7.558000088

7.559999943

7.562000036

7.565000057

7.566999912

7.569000006

7.572000027

7.572999954

7.576999903

7.578999996

7.587000132

7.592000008

7.594000101

7.595999956

7.598000050

7.601000071

7.602999926

7.605000019

7.607000113

7.608999968

7.609999895

7.614000082

7.615999937

7.618000031

7.620000124

7.621000051

7.625000000

7.627000093

7.628999949

7.631000042

7.631999969

7.634000063

7.638000011

7.638999939

7.641000032

7.643000126

7.644999981

7.647000074

7.650000095

7.651999950

7.654000044

7.655999899

7.657999992

7.661000013

7.663000107

7.664999962

7.667000055

7.668999910

7.671000004

7.674000025

7.676000118

7.677999973

7.680000067

7.681999922

7.684999943

7.687999964

7.690000057

7.690999985

7.693000078

7.697000027

7.697999954

7.700000048

7.701999903

7.703999996

7.707999945

7.710000038

7.712000132

7.713999987

7.716000080

7.717000008

7.720999956

7.723000050

7.724999905

7.726000071

7.727999926

7.732000113

7.733999968

7.734999895

7.736999989

7.739000082

7.740999937

7.745000124

7.746000051

7.747999907

7.750000000

7.752000093

7.753999949

7.757999897

7.759999990

7.762000084

7.763999939

7.766000032

7.769000053

7.770999908

7.773000002

7.775000095

7.776999950

7.779000044

7.782000065

7.783999920

7.786000013

7.788000107

7.792000055

7.798000097

7.799999952

7.801000118

7.805000067

7.806999922

7.809000015

7.811000109

7.812999964

7.816999912

7.818000078

7.819999933

7.822000027

7.824000120

7.825999975

7.828999996

7.831000090

7.832999945

7.835000038

7.837000132

7.841000080

7.842000008

7.844000101

7.845999956

7.848000050

7.849999905

7.852999926

7.855000019

7.857000113

7.858999968

7.859999895

7.864000082

7.865999937

7.867000103

7.868999958

7.871000051

7.872999907

7.875999928

7.878000021

7.880000114

7.881999969

7.884000063

7.884999990

7.888000011

7.890000105

7.891999960

7.894000053

7.895999908

7.900000095

7.901999950

7.904000044

7.904999971

7.907000065

7.911000013

7.913000107

7.914999962

7.917000055

7.917999983

7.920000076

7.924000025

7.924999952

7.927000046

7.928999901

7.930999994

7.934000015

7.937000036

7.939000130

7.940999985

7.943000078

7.944000006

7.947999954

7.950000048

7.951999903

7.953000069

7.954999924

7.957000017

7.960999966

7.962000132

7.963999987

7.966000080

7.967999935

7.972000122

7.973999977

7.976000071

7.976999998

7.979000092

7.980999947

7.984999895

7.986999989

7.989000082

7.990999937

7.992000103

7.996000051

7.997999907

8.000000000

8.002000093

8.003999949

8.007999897

8.009000063

8.010999918

8.013000011

8.015000105

8.016999960

8.019999981

8.022000074

8.023999929

8.026000023

8.026999950

8.030999899

8.032999992

8.035000086

8.036999941

8.039000034

8.039999962

8.043999910

8.046000004

8.048000097

8.049999952

8.051000118

8.055000067

8.056999922

8.059000015

8.061000109

8.062999964

8.065000057

8.068000078

8.069999933

8.072000027

8.074000120

8.075000048

8.078999996

8.081000090

8.082999945

8.085000038

8.087000132

8.091000080

8.092999935

8.095000029

8.097000122

8.098000050

8.101999998

8.104000092

8.105999947

8.107000113

8.108999968

8.111999989

8.115999937

8.121000051

8.122999907

8.127000093

8.128999949

8.131000042

8.132999897

8.134000063

8.135999918

8.140000105

8.141000032

8.143000126

8.144999981

8.147000074

8.148999929

8.151999950

8.154000044

8.155999899

8.157999992

8.160000086

8.163000107

8.164999962

8.167000055

8.168999910

8.171000004

8.173000097

8.176000118

8.177999973

8.180000067

8.181999922

8.183000088

8.187000036

8.189000130

8.190999985

8.193000078

8.194000006

8.197999954

8.200000048

8.201999903

8.203999996

8.204999924

8.207000017

8.210999966

8.213000059

8.213999987

8.216000080

8.217999935

8.222000122

8.223999977

8.226000071

8.227999926

8.230000019

8.233999968

8.236000061

8.237999916

8.239000082

8.240999937

8.243000031

8.246999979

8.247999907

8.250000000

8.252000093

8.253999949

8.257999897

8.259999990

8.262000084

8.263000011

8.265000105

8.266999960

8.270999908

8.272000074

8.273999929

8.276000023

8.279000044

8.282000065

8.283999920

8.286999941

8.289000034

8.291000128

8.292999983

8.296000004

8.298000097

8.299999952

8.302000046

8.302999973

8.306999922

8.309000015

8.311000109

8.312999964

8.314000130

8.315999985

8.319999933

8.322000027

8.324000120

8.325999975

8.328000069

8.331000090

8.332999945

8.335000038

8.337000132

8.338999987

8.342000008

8.344000101

8.345999956

8.348999977

8.349999905

8.354000092

8.355999947

8.358000040

8.358999968

8.361000061

8.362999916

8.367000103

8.368000031

8.370000124

8.371999979

8.374000072

8.375999928

8.378999949

8.381000042

8.382999897

8.384999990

8.388999939

8.391000032

8.393000126

8.394999981

8.397000074

8.398000002

8.401999950

8.404000044

8.405999899

8.407999992

8.408999920

8.413000107

8.414999962

8.417000055

8.418999910

8.420000076

8.421999931

8.426000118

8.427999973

8.430000067

8.431999922

8.433000088

8.437000036

8.444000006

8.444999933

8.449000120

8.450999975

8.453000069

8.454999924

8.457000017

8.457999945

8.463000059

8.464999914

8.467000008

8.469000101

8.470000029

8.473999977

8.476000071

8.477999926

8.480000019

8.482000113

8.483000040

8.486000061

8.487999916

8.490000010

8.492000103

8.493999958

8.496999979

8.499000072

8.500999928

8.503000021

8.505000114

8.506999969

8.509999990

8.512000084

8.513999939

8.516000032

8.518000126

8.520999908

8.523000002

8.525000095

8.526999950

8.529000044

8.529999971

8.533999920

8.536000013

8.538000107

8.539999962

8.542000055

8.546000004

8.546999931

8.549000025

8.551000118

8.552999973

8.555000067

8.558000088

8.559999943

8.562000036

8.564000130

8.565000057

8.569000006

8.571000099

8.572999954

8.575000048

8.576999903

8.578999996

8.582000017

8.585000038

8.587000132

8.588999987

8.592999935

8.595000029

8.595999956

8.598000050

8.599999905

8.604000092

8.605999947

8.608000040

8.608999968

8.611000061

8.612999916

8.617000103

8.618000031

8.620000124

8.621999979

8.624000072

8.625999928

8.628999949

8.631000042

8.632999897

8.634999990

8.637000084

8.641000032

8.643000126

8.644999981

8.647000074

8.648999929

8.650000095

8.654000044

8.655999899

8.657999992

8.660000086

8.661000013

8.664999962

8.667000055

8.668999910

8.671000004

8.673000097

8.674000025

8.677999973

8.680000067

8.681999922

8.684000015

8.684999943

8.689000130

8.690999985

8.693000078

8.694999933

8.697000027

8.700999975

8.701999903

8.703999996

8.706000090

8.707999945

8.710000038

8.713000059

8.714999914

8.717000008

8.719000101

8.720000029

8.723999977

8.726000071

8.727999926

8.730000019

8.732000113

8.733000040

8.736999989

8.739000082

8.740999937

8.743000031

8.745000124

8.747999907

8.750000000

8.752000093

8.753999949

8.756000042

8.756999969

8.760999918

8.766999960

8.769000053

8.773000002

8.773999929

8.776000023

8.778000116

8.779999971

8.782000065

8.783999920

8.786000013

8.788000107

8.789999962

8.792000055

8.796000004

8.796999931

8.799000025

8.801000118

8.802999973

8.805000067

8.808000088

8.809999943

8.812000036

8.814000130

8.815999985

8.819999933

8.822000027

8.824000120

8.825999975

8.828000069

8.829999924

8.832999945

8.839999914

8.844000101

8.845999956

8.848000050

8.848999977

8.851000071

8.852999926

8.857000113

8.858999968

8.859999895

8.861999989

8.864000082

8.868000031

8.870000124

8.871000051

8.872999907

8.875000000

8.877000093

8.881000042

8.882999897

8.884999990

8.887000084

8.888000011

8.891999960

8.894000053

8.895999908

8.898000002

8.900000095

