nSeg: 34

breaks: 
0.000000000000000
0.327735290807836
0.655470581615672
0.983205872423509
1.310941163231345
1.638676454039181
1.966411744847017
2.294147035654853
2.621882326462690
2.949617617270526
3.277352908078362
3.605088198886198
3.932823489694034
4.260558780501871
4.588294071309707
4.916029362117543
5.243764652925379
5.571499943733215
5.899235234541051
6.226970525348888
6.554705816156724
6.882441106964560
7.210176397772396
7.537911688580232
7.865646979388068
8.193382270195904
8.521117561003742
8.848852851811577
9.176588142619414
9.504323433427249
9.832058724235086
10.159794015042921
10.487529305850758
10.815264596658594
11.142999887466431

coefs_q:
q1:
0.006095581638023
-0.002454887333316
-0.000000000000000
-1.444397449000000
q2:
-0.020974833549270
0.008486317968705
0.000000000000000
1.407898783999999
q3:
0.020450678149557
-0.008259171371507
-0.000000000000000
-2.717212200000000
q4:
0.068097036986859
-0.040265546386150
-0.000000000000000
1.484334826000001
q5:
0.000281137913011
-0.000153759836345
-0.000000000000000
-1.120554090000000
q6:
-0.033228277907212
0.013430598110968
0.000000000000000
-0.469972163000000
q7:
0.000922816964513
-0.000409530934601
0.000000000000000
-0.326137364000000

q1:
-0.010482875984163
0.003538324329025
0.000355080538861
-1.444446551685975
q2:
0.034934462237933
-0.012136261550042
-0.001196215321062
1.408071943002763
q3:
-0.034243212872222
0.011848055480181
0.001176203977032
-2.717379412506783
q4:
-0.038776613953032
0.026687860273971
-0.004449886906472
1.482407051245974
q5:
-0.000247842479077
0.000122656610688
-0.000010193624706
-1.120560708739763
q6:
0.055525014590862
-0.019239639857923
-0.001903827986253
-0.469699284807826
q7:
-0.000948410966664
0.000497788124080
0.000028924995660
-0.326148866716056

q1:
0.022112386433612
-0.006768500898491
-0.000703562318494
-1.444319146502132
q2:
-0.064541015471293
0.022211506872251
0.002105798134572
1.407606109486516
q3:
0.065569619866032
-0.021820072506436
-0.002091977923009
-2.716926760261038
q4:
0.014415632422538
-0.011437534277349
0.000548183118945
1.482450199012162
q5:
0.000365914791851
-0.000121023570176
-0.000009658419699
-1.120559599549072
q6:
-0.102099093282232
0.035352880554214
0.003377049639203
-0.470435172376438
q7:
-0.002678282682367
-0.000434695107815
0.000049602803693
-0.326119305481083

q1:
-0.079697455407356
0.014972527296334
0.001985186658799
-1.444498331903847
q2:
-0.180284978049631
-0.041245598551301
-0.004132345437124
1.408410016351562
q3:
0.025785097331682
0.042648362798424
0.004734187852866
-2.717647884502344
q4:
0.267332202905793
0.002736000175189
-0.002303616690501
1.481908809362737
q5:
-0.000432376253548
0.000238746001978
0.000028923375723
-1.120562883146282
q6:
0.016178467543764
-0.065031547529992
-0.006349696912893
-0.469125237474728
q7:
0.082869068509495
-0.003067998369128
-0.001098353461583
-0.326244021080091

q1:
0.054149246991743
-0.063386478877389
-0.013881773841775
-1.445045035328899
q2:
0.158791944011565
-0.218502847679442
-0.089261077999441
1.396279068577792
q3:
-0.078660407575445
0.068000421915945
0.040997699488763
-2.710607753693627
q4:
-0.232323080358424
0.265578591960077
0.085632544190937
1.490858385606513
q5:
0.000210958434217
-0.000186368869607
0.000046089210432
-1.120542980715869
q6:
0.086676750618659
-0.049124783234151
-0.043762755173435
-0.477621805711404
q7:
-0.070530317048247
0.078409356431673
0.023593668432902
-0.324016352944481

q1:
0.030052624154415
-0.010146621247796
-0.037981165795305
-1.454496779049869
q2:
0.056061647714288
-0.062377675833727
-0.181315538055287
1.349145403868244
q3:
0.005192535387800
-0.009338952739459
0.060223133148533
-2.692636425053644
q4:
-0.060747672353605
0.037157175052157
0.184849738830624
1.539270820535257
q5:
-0.000025279974487
0.000021046701752
-0.000008092698327
-1.120540467415865
q6:
-0.037916800086721
0.036096306976703
-0.048032646628453
-0.494189707590930
q7:
0.009762632160560
0.009063534525945
0.052261621788700
-0.310344714492028

q1:
0.020097920287306
0.019401295302561
-0.034948082502635
-1.466976482274805
q2:
0.048321207954163
-0.007257534583302
-0.204137453991777
1.284995383386176
q3:
-0.057302019166207
-0.004233621453408
0.055774921598423
-2.673719491247820
q4:
-0.051037116787111
-0.022570293141967
0.189630374815440
1.601705220424778
q5:
0.000009970643701
-0.000003808717618
-0.000002443202584
-1.120541748953964
q6:
0.061400082438378
-0.001183713532069
-0.036590557663020
-0.507389335709408
q7:
-0.027858160184723
0.018662211796518
0.061348327322556
-0.291899552630899

q1:
-0.033327706198824
0.039161688552539
-0.015754925958309
-1.475638810245355
q2:
0.008207268183224
0.040252160839829
-0.193323950560498
1.219013812820024
q3:
0.060385282589239
-0.060573303199347
0.034535405300991
-2.657911972468760
q4:
0.025615392172850
-0.072750286078619
0.158390457064610
1.659632883722995
q5:
-0.000002645171109
0.000005994477820
-0.000001726851828
-1.120542607785186
q6:
-0.068752052020757
0.059185208088631
-0.017581420977236
-0.517347078842223
q7:
-0.006999234712249
-0.008728094892016
0.064604088015172
-0.270769692835172

q1:
-0.010413689508287
0.006393692103450
-0.000824820031156
-1.477769090133925
q2:
-0.033316117323868
0.048321595114129
-0.164295204894985
1.160267146975638
q3:
0.005185509408999
-0.001202138749655
0.014289412869052
-2.650974011437853
q4:
0.009406278361503
-0.047565082069842
0.118958864895822
1.704630605173433
q5:
-0.000000022664551
0.000003393730052
0.000001349995209
-1.120542622981891
q6:
-0.000227839141922
-0.008412213199344
-0.000941318732011
-0.519172245340090
q7:
-0.003720594958274
-0.015609783563570
0.056627706341885
-0.250780529966405

q1:
-0.001604735353079
-0.003845108574692
0.000010440732790
-1.477719248237056
q2:
-0.034459164591749
0.015564992914951
-0.143357315388555
1.110439252945448
q3:
0.012018960608151
0.003896284552780
0.015172379527318
-2.646237447520571
q4:
0.018906761433997
-0.038316773947163
0.090812349838972
1.738839759427623
q5:
-0.000005987178071
0.000003371446133
0.000003567182193
-1.120541816816687
q6:
-0.015075840997312
-0.008636225981650
-0.006528693904814
-0.520392328504154
q7:
0.010624948142604
-0.019267894375455
0.045197060419837
-0.234029258656394

q1:
-0.005259013951024
-0.005422893797525
-0.003027010719877
-1.478185321362240
q2:
-0.042818553236335
-0.018315460070465
-0.144258740541625
1.063914806032049
q3:
-0.001530380796453
0.015713397203141
0.021599164280244
-2.640423328059441
q4:
0.021459758336175
-0.019727535076746
0.071789181341281
1.765152109819505
q5:
0.000002094445627
-0.000002515182506
0.000003847810002
-1.120540496358499
q6:
0.012732106930957
-0.023458881381930
-0.017047393250125
-0.523990335118317
q7:
0.004371021363052
-0.008821382967451
0.035991212941277
-0.220912138164074

q1:
-0.002885469679013
-0.010593587197329
-0.008276176776443
-1.479944983690468
q2:
0.015001433010663
-0.060414913061108
-0.170061462275310
1.013161547820705
q3:
0.000329307167355
0.014208717817025
0.031405697347964
-2.631710609815117
q4:
-0.000393756380393
0.001371825340170
0.065773367472780
1.787316445592452
q5:
-0.000006929574528
-0.000000455911265
0.000002874077721
-1.120539431723117
q6:
0.001814338390135
-0.010940599079089
-0.028321316982656
-0.531648897834235
q7:
-0.002233070665565
-0.004523769094810
0.031617535649277
-0.209910186476280

q1:
0.019604353003253
-0.013430597930435
-0.016149750075712
-1.483896815391077
q2:
0.059458344116617
-0.045665416030257
-0.204827729779060
0.951465297017499
q3:
-0.049715285319398
0.014532494557799
0.040825206943797
-2.619880097769428
q4:
-0.065124139952397
0.000984681754664
0.066545678010796
1.809006186560513
q5:
0.000009281008228
-0.000007269109634
0.000000342315750
-1.120538782692208
q6:
0.035448655678833
-0.009156730919345
-0.034907921274153
-0.542042058566355
q7:
-0.027970195118550
-0.006719337286730
0.027932772909740
-0.200112513145724

q1:
0.023811399644293
0.005844517067427
-0.018635976493442
-1.489942128533242
q2:
0.094294202430591
0.012794377069779
-0.215600729291928
0.881524143538881
q3:
-0.013818641808023
-0.034347865917443
0.034331010448779
-2.606689382039592
q4:
0.027160786102788
-0.063045755083064
0.046206074095667
1.828628806721260
q5:
-0.000032885146125
0.000001856032157
-0.000001431740771
-1.120539124569607
q6:
0.002186657473722
0.025696595513603
-0.029487223941432
-0.553218274464921
q7:
0.026059326861412
-0.034219797380120
0.014515573704279
-0.192664296536137

q1:
-0.041800444697437
0.029256025028319
-0.007132290122180
-1.494583820363451
q2:
-0.029365295605190
0.105504990635027
-0.176829851614810
0.815557787257958
q3:
0.041921934355359
-0.047934435692009
0.007364196402467
-2.599613663472037
q4:
-0.033984991912291
-0.036341110687163
0.013633490739982
1.837956515797378
q5:
0.000045021638029
-0.000030476836629
-0.000010811788448
-1.120540552073405
q6:
-0.024432226013737
0.027846529982745
-0.011939252136126
-0.560045221118151
q7:
-0.039125540372383
-0.008598114178576
0.000482633007805
-0.190665248346168

q1:
0.010797618061544
-0.011842417668115
-0.001425236449970
-1.495250388588988
q2:
-0.037892550895121
0.076632859550552
-0.117136850317125
0.767903017276943
q3:
0.023657670742130
-0.006716543650467
-0.010546858205272
-2.600873070622839
q4:
0.010296154125003
-0.069755354309594
-0.021138065069414
1.837324931867183
q5:
-0.000006020190284
0.000013788702268
-0.000016281079016
-1.120545784147830
q6:
-0.043917286523828
0.003824621889660
-0.001559497967004
-0.561827195637167
q7:
0.022516789437170
-0.047066575234446
-0.017760650164700
-0.192807904069731

q1:
-0.019658035405128
-0.001226136181819
-0.005708262746416
-1.496609388182826
q2:
0.013114071344174
0.039376680989363
-0.079116429811793
0.736410404662452
q3:
-0.016171724009484
0.016543817151056
-0.007326113866709
-2.604218273329745
q4:
0.008037456191631
-0.059632115110514
-0.063542904986702
1.823267237129793
q5:
0.000042370943400
0.000007869615827
-0.000009182883837
-1.120549850905538
q6:
0.052138103682265
-0.039355112121473
-0.013204093515672
-0.563473478377483
q7:
-0.016741482724902
-0.024927935631698
-0.041355792119983
-0.202891496371008

q1:
0.017002858011380
-0.020554032032450
-0.012846392509963
-1.499303892946422
q2:
-0.007681305818085
0.052270512946336
-0.049080410055554
0.715172268379042
q3:
0.008311419150813
0.000643683137720
-0.001693163461307
-2.605411601054432
q4:
-0.032644154522104
-0.051729640983556
-0.100040082505063
1.796319810129436
q5:
-0.000190621254922
0.000049528976198
0.000009628660413
-1.120550523632085
q6:
-0.037460028459626
0.011907377595955
-0.022199684772409
-0.570192699762936
q7:
0.001323112721963
-0.041388259759898
-0.063089949701917
-0.219712105765531

q1:
0.001819840586739
-0.003836722187678
-0.020840103437319
-1.505123288600171
q2:
-0.038685154482399
0.044718207958113
-0.017293783404854
0.704430884957284
q3:
-0.012869831409255
0.008815519254972
0.001406950985672
-2.605604792078299
q4:
0.059333019500976
-0.083825565409989
-0.144466307492968
1.756827696505900
q5:
0.000433572305670
-0.000137890961050
-0.000019330680389
-1.120548758336865
q6:
0.044296397625341
-0.024923542366701
-0.026465541318752
-0.577508018340019
q7:
0.023616112118563
-0.040087367561786
-0.089792388115940
-0.244787862717334

q1:
0.036251352779533
-0.002047444235922
-0.022768552431319
-1.512301367539562
q2:
-0.005077428915656
0.006682736895408
-0.000447879795488
0.702204501375383
q3:
-0.047456510999959
-0.003838174563708
0.003038202495515
-2.604649852147502
q4:
0.040990811042419
-0.025488992208011
-0.180292545823433
1.702565901909191
q5:
-0.000863449579222
0.000288399876005
0.000029996402623
-1.120554641916444
q6:
0.020027436112784
0.018628935905741
-0.028528505997756
-0.587299428388325
q7:
0.049990668906877
-0.016867867443002
-0.108458628623263
-0.277690459409233

q1:
-0.030880419960344
0.033595098700212
-0.012429272721160
-1.518707215693405
q2:
0.107797806336865
0.001690578968723
0.002296351314269
0.702596774348063
q3:
0.062273364978539
-0.050497694863599
-0.014769579472540
-2.605736958818131
q4:
0.018848542286030
0.014813413924298
-0.183791309576788
1.642182854727914
q5:
0.001663322430157
-0.000560548820828
-0.000059196410951
-1.120544229196921
q6:
-0.034802106603319
0.038320028701416
-0.009864320521024
-0.593943275231025
q7:
-0.007889482809774
0.032283251792619
-0.103406463150527
-0.313288183541805

q1:
-0.004787877277717
0.003233288452298
-0.000359310547749
-1.520259321585697
q2:
-0.009106363593614
0.107678015193501
0.038140299327269
0.707325673888588
q3:
0.003821555739692
0.010729843278873
-0.027802907876463
-2.613809291352156
q4:
-0.184771667949485
0.033345411386545
-0.168007962958575
1.584202581341660
q5:
-0.003184913568039
0.001074839560236
0.000109354814088
-1.120565286149877
q6:
-0.015504830338697
0.004102393116324
0.004039004230186
-0.594285300988942
q7:
-0.102049052263770
0.024526265963665
-0.084787979328018
-0.343988300190143

q1:
0.001980702336570
-0.001474180603597
0.000217211174607
-1.520198335203322
q2:
-0.059550281312141
0.098724585031836
0.105785715535614
0.731070773006810
q3:
0.006438662760497
0.014487219323932
-0.019538386531013
-2.621634261354126
q4:
0.104444375635205
-0.148323177598875
-0.205690234604609
1.526217720881375
q5:
0.005959485451726
-0.002056586163021
-0.000212398194275
-1.120526113666834
q6:
-0.005833206295464
-0.011142047123613
0.001731861176921
-0.593066740905794
q7:
0.062052030263626
-0.075808961497327
-0.101595128462153
-0.372734286372325

q1:
0.001474029241812
0.000473257565241
-0.000110826628444
-1.520215764743781
q2:
-0.059311637899325
0.040174398741267
0.151307814375404
0.774248234426874
q3:
0.016612050758071
0.020817750360607
-0.007967702024489
-2.626254946820454
q4:
0.056468033700666
-0.045632854132735
-0.269256471068102
1.446550987387142
q5:
-0.011095210242396
0.003802814929739
0.000359902598402
-1.120606835923651
q6:
-0.013982343479812
-0.016877289808371
-0.007451064360726
-0.593901262460045
q7:
0.021719321587629
-0.014799040946329
-0.131290568492542
-0.411988900720850

q1:
-0.000859911338426
0.001922531771915
0.000674358086683
-1.520149364696017
q2:
0.009960669040045
-0.018141151944406
0.158528886921814
0.826064394768286
q3:
-0.036937772234585
0.037150816218940
0.011030643001172
-2.626045420140838
q4:
0.053655155022352
0.009886848205968
-0.280971698715729
1.355392493670899
q5:
0.020870670790530
-0.007106060936359
-0.000722687692187
-1.120470996838145
q6:
0.046153257179853
-0.030624812027964
-0.023019179520040
-0.598648245055148
q7:
0.011568199570426
0.006555523583683
-0.133992260052668
-0.455842456994485

q1:
0.001197746721417
0.001077061894211
0.001657430789156
-1.519752124564126
q2:
-0.003048863617685
-0.008347763650966
0.149847534465981
0.876421994179514
q3:
0.007530662772819
0.000833381643654
0.023479405133771
-2.619740194654922
q4:
-0.034005594274340
0.062640911709739
-0.257201792228114
1.266258881530790
q5:
-0.039395928667207
0.013414105146308
0.001344681011389
-1.120736418869914
q6:
-0.009177851215702
0.014753341462740
-0.028220820541282
-0.607857170976264
q7:
0.015872580517370
0.017929445334692
-0.125967671643784
-0.498645091854594

q1:
0.002005141458615
0.002254693504385
0.002749364613616
-1.519051075028838
q2:
-0.007348762265231
-0.011345424264092
0.143393381797706
0.924528355995065
q3:
-0.001644059052108
0.008237573505130
0.026452277257363
-2.611690555324403
q4:
-0.013935550163270
0.029206411723957
-0.227100182972650
1.187495992809187
q5:
0.076312732516505
-0.025320203268868
-0.002557367519195
-1.120241727557919
q6:
-0.026958571656587
0.005729624251233
-0.021507829816406
-0.615844547608953
q7:
-0.070945699322270
0.033535459709885
-0.109100806022601
-0.537444584560416

q1:
-0.003490352184610
0.004226160361534
0.004873369140046
-1.517837248277884
q2:
0.013437428281985
-0.018570770478311
0.133588789013940
0.970046118391100
q3:
0.008707925679718
0.006621124990486
0.031321997129850
-2.602194283779779
q4:
-0.000532824038871
0.015504896967977
-0.212446709216100
1.115713759452623
q5:
-0.170841057255335
0.049710923482043
0.005436332262882
-1.121113145867584
q6:
0.056394982570002
-0.020776201713673
-0.026439124256722
-0.623227001756936
q7:
0.134136109116999
-0.036218768486963
-0.109980221004984
-0.572096154777756

q1:
-0.013990055161004
0.000794425596800
0.006518792339126
-1.515909007587682
q2:
0.019995988624434
-0.005359012081194
0.125746154767832
1.012306211577996
q3:
0.025453511535923
0.015182808655412
0.038467915664043
-2.590911244104892
q4:
0.067310611570571
0.014981021243991
-0.202455397945357
1.047734106364281
q5:
-0.014051745072836
-0.118261007262443
-0.017029949379789
-1.120005975311125
q6:
-0.011826188409739
0.034671676324374
-0.021885086844271
-0.632138389765191
q7:
0.024326341538978
0.095664641700911
-0.090497710459885
-0.607308943460721

q1:
0.017665014464733
-0.012960678793028
0.002531481809819
-1.514179720214097
q2:
-0.029745730403546
0.014301161359263
0.128676812661927
1.053645952936881
q3:
-0.042238189174957
0.040208850671331
0.056621717241822
-2.575777139475770
q4:
-0.087883236506490
0.081161209816594
-0.170946195889802
0.985360926074791
q5:
0.181963672546965
-0.132076765535854
-0.099074472148024
-1.138784407419474
q6:
-0.033448151370612
0.023044098431532
-0.002969590620445
-0.636003113399469
q7:
-0.165784686339977
0.119582443556614
-0.019953644377471
-0.625836517103409

q1:
-0.004695771448986
0.004407667165144
-0.000271641943328
-1.514120329134299
q2:
-0.005810251430715
-0.014945015453030
0.128465798953269
1.096306864595177
q3:
0.012414202694572
-0.001319984966022
0.069366970952938
-2.554388231508293
q4:
0.034512778975371
-0.005246104404172
-0.146066136740754
0.934959702559982
q5:
-0.066198944988316
0.046830985880071
-0.127012522533653
-1.179035510372956
q6:
0.014688719367159
-0.009842320417764
0.001357097936078
-0.635678624764129
q7:
0.060659777945829
-0.043418033610741
0.005008120665347
-0.625367613241808

q1:
0.001609304808641
-0.000209242899058
0.001104329854452
-1.513901227818117
q2:
-0.042141059957646
-0.020657688779966
0.116797536327922
1.136599856625979
q3:
-0.051623231410534
0.010885732024737
0.072502003847021
-2.531359000185063
q4:
0.047306395283284
0.028687062558067
-0.138383707503373
0.887740113724206
q5:
0.091128882992455
-0.018256205580682
-0.117647558602463
-1.217962208022038
q6:
-0.007416176288241
0.004599714722408
-0.000361088966080
-0.635773948631448
q7:
-0.021668131996532
0.016223016285504
-0.003904646246264
-0.626254467865114

q1:
-0.001301770970489
0.001373035039318
0.001485745609980
-1.513505123773550
q2:
0.053991676233698
-0.062091026400474
0.089677862094286
1.171176222704373
q3:
0.034009857385058
-0.039870532251578
0.063002661915670
-2.508245544380914
q4:
-0.049494431731609
0.075198988203780
-0.104336582446061
0.847133467067148
q5:
-0.060938518834321
0.071342247324895
-0.100249389273586
-1.255272435733400
q6:
0.004157843794677
-0.002691913355119
0.000264164869832
-0.635659298548146
q7:
0.010397343874616
-0.005081218337934
-0.000253085855795
-0.626554402833800

q1:
-0.006291443715613
0.000093126176582
0.001966258382444
-1.512916539415788
q2:
-0.187671417232100
-0.009006093265514
0.066376826904954
1.195798224643529
q3:
-0.135343347805288
-0.006431840750303
0.047827740234806
-2.490682637995766
q4:
0.166343552859840
0.026535772272997
-0.070994511135939
0.819273529679538
q5:
0.203682248720562
0.011427137750200
-0.073122940786014
-1.282609966716100
q6:
-0.002341754815593
0.001396103080427
-0.000160517887376
-0.635715496755469
q7:
-0.009734572529940
0.005141511217195
-0.000233325751477
-0.626817114572524

coefs_qdot:
qdot1:
0.018286744914069
-0.004909774666632
-0.000000000000000
qdot2:
-0.062924500647809
0.016972635937410
0.000000000000000
qdot3:
0.061352034448672
-0.016518342743014
-0.000000000000000
qdot4:
0.204291110960578
-0.080531092772299
-0.000000000000000
qdot5:
0.000843413739034
-0.000307519672690
-0.000000000000000
qdot6:
-0.099684833721636
0.026861196221937
0.000000000000000
qdot7:
0.002768450893538
-0.000819061869202
0.000000000000000

qdot1:
-0.031448627952489
0.007076648658051
0.000355080538861
qdot2:
0.104803386713799
-0.024272523100085
-0.001196215321062
qdot3:
-0.102729638616666
0.023696110960361
0.001176203977032
qdot4:
-0.116329841859096
0.053375720547943
-0.004449886906472
qdot5:
-0.000743527437232
0.000245313221377
-0.000010193624706
qdot6:
0.166575043772586
-0.038479279715846
-0.001903827986253
qdot7:
-0.002845232899993
0.000995576248160
0.000028924995660

qdot1:
0.066337159300835
-0.013537001796982
-0.000703562318494
qdot2:
-0.193623046413880
0.044423013744501
0.002105798134572
qdot3:
0.196708859598097
-0.043640145012873
-0.002091977923009
qdot4:
0.043246897267613
-0.022875068554698
0.000548183118945
qdot5:
0.001097744375553
-0.000242047140353
-0.000009658419699
qdot6:
-0.306297279846697
0.070705761108428
0.003377049639203
qdot7:
-0.008034848047101
-0.000869390215630
0.000049602803693

qdot1:
-0.239092366222069
0.029945054592668
0.001985186658799
qdot2:
-0.540854934148894
-0.082491197102603
-0.004132345437124
qdot3:
0.077355291995046
0.085296725596847
0.004734187852866
qdot4:
0.801996608717378
0.005472000350378
-0.002303616690501
qdot5:
-0.001297128760645
0.000477492003956
0.000028923375723
qdot6:
0.048535402631291
-0.130063095059985
-0.006349696912893
qdot7:
0.248607205528486
-0.006135996738257
-0.001098353461583

qdot1:
0.162447740975230
-0.126772957754779
-0.013881773841775
qdot2:
0.476375832034694
-0.437005695358885
-0.089261077999441
qdot3:
-0.235981222726336
0.136000843831890
0.040997699488763
qdot4:
-0.696969241075271
0.531157183920155
0.085632544190937
qdot5:
0.000632875302651
-0.000372737739214
0.000046089210432
qdot6:
0.260030251855978
-0.098249566468302
-0.043762755173435
qdot7:
-0.211590951144740
0.156818712863347
0.023593668432902

qdot1:
0.090157872463245
-0.020293242495593
-0.037981165795305
qdot2:
0.168184943142863
-0.124755351667454
-0.181315538055287
qdot3:
0.015577606163399
-0.018677905478919
0.060223133148533
qdot4:
-0.182243017060815
0.074314350104313
0.184849738830624
qdot5:
-0.000075839923461
0.000042093403505
-0.000008092698327
qdot6:
-0.113750400260163
0.072192613953406
-0.048032646628453
qdot7:
0.029287896481679
0.018127069051891
0.052261621788700

qdot1:
0.060293760861917
0.038802590605122
-0.034948082502635
qdot2:
0.144963623862488
-0.014515069166603
-0.204137453991777
qdot3:
-0.171906057498622
-0.008467242906815
0.055774921598423
qdot4:
-0.153111350361333
-0.045140586283934
0.189630374815440
qdot5:
0.000029911931102
-0.000007617435236
-0.000002443202584
qdot6:
0.184200247315134
-0.002367427064139
-0.036590557663020
qdot7:
-0.083574480554170
0.037324423593037
0.061348327322556

qdot1:
-0.099983118596472
0.078323377105079
-0.015754925958309
qdot2:
0.024621804549671
0.080504321679657
-0.193323950560498
qdot3:
0.181155847767716
-0.121146606398694
0.034535405300991
qdot4:
0.076846176518549
-0.145500572157239
0.158390457064610
qdot5:
-0.000007935513326
0.000011988955640
-0.000001726851828
qdot6:
-0.206256156062272
0.118370416177263
-0.017581420977236
qdot7:
-0.020997704136747
-0.017456189784033
0.064604088015172

qdot1:
-0.031241068524860
0.012787384206901
-0.000824820031156
qdot2:
-0.099948351971605
0.096643190228257
-0.164295204894985
qdot3:
0.015556528226997
-0.002404277499309
0.014289412869052
qdot4:
0.028218835084508
-0.095130164139685
0.118958864895822
qdot5:
-0.000000067993652
0.000006787460105
0.000001349995209
qdot6:
-0.000683517425767
-0.016824426398688
-0.000941318732011
qdot7:
-0.011161784874823
-0.031219567127140
0.056627706341885

qdot1:
-0.004814206059236
-0.007690217149384
0.000010440732790
qdot2:
-0.103377493775248
0.031129985829902
-0.143357315388555
qdot3:
0.036056881824453
0.007792569105561
0.015172379527318
qdot4:
0.056720284301992
-0.076633547894326
0.090812349838972
qdot5:
-0.000017961534213
0.000006742892266
0.000003567182193
qdot6:
-0.045227522991936
-0.017272451963300
-0.006528693904814
qdot7:
0.031874844427812
-0.038535788750909
0.045197060419837

qdot1:
-0.015777041853073
-0.010845787595050
-0.003027010719877
qdot2:
-0.128455659709004
-0.036630920140931
-0.144258740541625
qdot3:
-0.004591142389358
0.031426794406283
0.021599164280244
qdot4:
0.064379275008525
-0.039455070153493
0.071789181341281
qdot5:
0.000006283336882
-0.000005030365011
0.000003847810002
qdot6:
0.038196320792872
-0.046917762763860
-0.017047393250125
qdot7:
0.013113064089155
-0.017642765934903
0.035991212941277

qdot1:
-0.008656409037039
-0.021187174394658
-0.008276176776443
qdot2:
0.045004299031989
-0.120829826122217
-0.170061462275310
qdot3:
0.000987921502064
0.028417435634050
0.031405697347964
qdot4:
-0.001181269141179
0.002743650680341
0.065773367472780
qdot5:
-0.000020788723583
-0.000000911822531
0.000002874077721
qdot6:
0.005443015170405
-0.021881198158178
-0.028321316982656
qdot7:
-0.006699211996694
-0.009047538189620
0.031617535649277

qdot1:
0.058813059009758
-0.026861195860869
-0.016149750075712
qdot2:
0.178375032349852
-0.091330832060513
-0.204827729779060
qdot3:
-0.149145855958194
0.029064989115599
0.040825206943797
qdot4:
-0.195372419857192
0.001969363509328
0.066545678010796
qdot5:
0.000027843024683
-0.000014538219269
0.000000342315750
qdot6:
0.106345967036499
-0.018313461838690
-0.034907921274153
qdot7:
-0.083910585355650
-0.013438674573460
0.027932772909740

qdot1:
0.071434198932880
0.011689034134854
-0.018635976493442
qdot2:
0.282882607291772
0.025588754139559
-0.215600729291928
qdot3:
-0.041455925424070
-0.068695731834887
0.034331010448779
qdot4:
0.081482358308365
-0.126091510166127
0.046206074095667
qdot5:
-0.000098655438376
0.000003712064314
-0.000001431740771
qdot6:
0.006559972421166
0.051393191027206
-0.029487223941432
qdot7:
0.078177980584235
-0.068439594760240
0.014515573704279

qdot1:
-0.125401334092312
0.058512050056639
-0.007132290122180
qdot2:
-0.088095886815570
0.211009981270054
-0.176829851614810
qdot3:
0.125765803066076
-0.095868871384017
0.007364196402467
qdot4:
-0.101954975736874
-0.072682221374327
0.013633490739982
qdot5:
0.000135064914088
-0.000060953673258
-0.000010811788448
qdot6:
-0.073296678041212
0.055693059965490
-0.011939252136126
qdot7:
-0.117376621117149
-0.017196228357153
0.000482633007805

qdot1:
0.032392854184632
-0.023684835336231
-0.001425236449970
qdot2:
-0.113677652685362
0.153265719101104
-0.117136850317125
qdot3:
0.070973012226389
-0.013433087300935
-0.010546858205272
qdot4:
0.030888462375008
-0.139510708619187
-0.021138065069414
qdot5:
-0.000018060570852
0.000027577404535
-0.000016281079016
qdot6:
-0.131751859571483
0.007649243779320
-0.001559497967004
qdot7:
0.067550368311509
-0.094133150468893
-0.017760650164700

qdot1:
-0.058974106215384
-0.002452272363639
-0.005708262746416
qdot2:
0.039342214032523
0.078753361978726
-0.079116429811793
qdot3:
-0.048515172028451
0.033087634302113
-0.007326113866709
qdot4:
0.024112368574892
-0.119264230221027
-0.063542904986702
qdot5:
0.000127112830199
0.000015739231655
-0.000009182883837
qdot6:
0.156414311046794
-0.078710224242946
-0.013204093515672
qdot7:
-0.050224448174707
-0.049855871263395
-0.041355792119983

qdot1:
0.051008574034141
-0.041108064064901
-0.012846392509963
qdot2:
-0.023043917454256
0.104541025892672
-0.049080410055554
qdot3:
0.024934257452438
0.001287366275440
-0.001693163461307
qdot4:
-0.097932463566313
-0.103459281967111
-0.100040082505063
qdot5:
-0.000571863764766
0.000099057952396
0.000009628660413
qdot6:
-0.112380085378879
0.023814755191911
-0.022199684772409
qdot7:
0.003969338165890
-0.082776519519797
-0.063089949701917

qdot1:
0.005459521760216
-0.007673444375356
-0.020840103437319
qdot2:
-0.116055463447196
0.089436415916227
-0.017293783404854
qdot3:
-0.038609494227765
0.017631038509945
0.001406950985672
qdot4:
0.177999058502928
-0.167651130819978
-0.144466307492968
qdot5:
0.001300716917010
-0.000275781922100
-0.000019330680389
qdot6:
0.132889192876022
-0.049847084733402
-0.026465541318752
qdot7:
0.070848336355690
-0.080174735123571
-0.089792388115940

qdot1:
0.108754058338600
-0.004094888471844
-0.022768552431319
qdot2:
-0.015232286746967
0.013365473790817
-0.000447879795488
qdot3:
-0.142369532999878
-0.007676349127416
0.003038202495515
qdot4:
0.122972433127256
-0.050977984416022
-0.180292545823433
qdot5:
-0.002590348737667
0.000576799752010
0.000029996402623
qdot6:
0.060082308338352
0.037257871811481
-0.028528505997756
qdot7:
0.149972006720632
-0.033735734886004
-0.108458628623263

qdot1:
-0.092641259881031
0.067190197400423
-0.012429272721160
qdot2:
0.323393419010596
0.003381157937446
0.002296351314269
qdot3:
0.186820094935617
-0.100995389727198
-0.014769579472540
qdot4:
0.056545626858089
0.029626827848595
-0.183791309576788
qdot5:
0.004989967290470
-0.001121097641656
-0.000059196410951
qdot6:
-0.104406319809958
0.076640057402833
-0.009864320521024
qdot7:
-0.023668448429322
0.064566503585238
-0.103406463150527

qdot1:
-0.014363631833152
0.006466576904595
-0.000359310547749
qdot2:
-0.027319090780842
0.215356030387001
0.038140299327269
qdot3:
0.011464667219076
0.021459686557746
-0.027802907876463
qdot4:
-0.554315003848455
0.066690822773090
-0.168007962958575
qdot5:
-0.009554740704117
0.002149679120472
0.000109354814088
qdot6:
-0.046514491016090
0.008204786232648
0.004039004230186
qdot7:
-0.306147156791310
0.049052531927330
-0.084787979328018

qdot1:
0.005942107009710
-0.002948361207194
0.000217211174607
qdot2:
-0.178650843936423
0.197449170063672
0.105785715535614
qdot3:
0.019315988281491
0.028974438647864
-0.019538386531013
qdot4:
0.313333126905615
-0.296646355197751
-0.205690234604609
qdot5:
0.017878456355179
-0.004113172326042
-0.000212398194275
qdot6:
-0.017499618886391
-0.022284094247226
0.001731861176921
qdot7:
0.186156090790879
-0.151617922994655
-0.101595128462153

qdot1:
0.004422087725436
0.000946515130483
-0.000110826628444
qdot2:
-0.177934913697974
0.080348797482534
0.151307814375404
qdot3:
0.049836152274212
0.041635500721214
-0.007967702024489
qdot4:
0.169404101101998
-0.091265708265470
-0.269256471068102
qdot5:
-0.033285630727189
0.007605629859477
0.000359902598402
qdot6:
-0.041947030439436
-0.033754579616741
-0.007451064360726
qdot7:
0.065157964762887
-0.029598081892658
-0.131290568492542

qdot1:
-0.002579734015277
0.003845063543830
0.000674358086683
qdot2:
0.029882007120136
-0.036282303888812
0.158528886921814
qdot3:
-0.110813316703755
0.074301632437879
0.011030643001172
qdot4:
0.160965465067056
0.019773696411937
-0.280971698715729
qdot5:
0.062612012371590
-0.014212121872718
-0.000722687692187
qdot6:
0.138459771539560
-0.061249624055929
-0.023019179520040
qdot7:
0.034704598711277
0.013111047167365
-0.133992260052668

qdot1:
0.003593240164251
0.002154123788423
0.001657430789156
qdot2:
-0.009146590853054
-0.016695527301932
0.149847534465981
qdot3:
0.022591988318457
0.001666763287307
0.023479405133771
qdot4:
-0.102016782823019
0.125281823419477
-0.257201792228114
qdot5:
-0.118187786001622
0.026828210292616
0.001344681011389
qdot6:
-0.027533553647105
0.029506682925480
-0.028220820541282
qdot7:
0.047617741552111
0.035858890669384
-0.125967671643784

qdot1:
0.006015424375844
0.004509387008769
0.002749364613616
qdot2:
-0.022046286795693
-0.022690848528184
0.143393381797706
qdot3:
-0.004932177156324
0.016475147010260
0.026452277257363
qdot4:
-0.041806650489810
0.058412823447913
-0.227100182972650
qdot5:
0.228938197549515
-0.050640406537737
-0.002557367519195
qdot6:
-0.080875714969761
0.011459248502466
-0.021507829816406
qdot7:
-0.212837097966811
0.067070919419771
-0.109100806022601

qdot1:
-0.010471056553829
0.008452320723069
0.004873369140046
qdot2:
0.040312284845954
-0.037141540956623
0.133588789013940
qdot3:
0.026123777039153
0.013242249980973
0.031321997129850
qdot4:
-0.001598472116612
0.031009793935954
-0.212446709216100
qdot5:
-0.512523171766004
0.099421846964087
0.005436332262882
qdot6:
0.169184947710007
-0.041552403427347
-0.026439124256722
qdot7:
0.402408327350997
-0.072437536973926
-0.109980221004984

qdot1:
-0.041970165483011
0.001588851193600
0.006518792339126
qdot2:
0.059987965873302
-0.010718024162389
0.125746154767832
qdot3:
0.076360534607768
0.030365617310825
0.038467915664043
qdot4:
0.201931834711712
0.029962042487982
-0.202455397945357
qdot5:
-0.042155235218509
-0.236522014524886
-0.017029949379789
qdot6:
-0.035478565229218
0.069343352648749
-0.021885086844271
qdot7:
0.072979024616934
0.191329283401822
-0.090497710459885

qdot1:
0.052995043394199
-0.025921357586055
0.002531481809819
qdot2:
-0.089237191210637
0.028602322718525
0.128676812661927
qdot3:
-0.126714567524871
0.080417701342662
0.056621717241822
qdot4:
-0.263649709519471
0.162322419633188
-0.170946195889802
qdot5:
0.545891017640894
-0.264153531071707
-0.099074472148024
qdot6:
-0.100344454111835
0.046088196863064
-0.002969590620445
qdot7:
-0.497354059019932
0.239164887113229
-0.019953644377471

qdot1:
-0.014087314346959
0.008815334330288
-0.000271641943328
qdot2:
-0.017430754292145
-0.029890030906060
0.128465798953269
qdot3:
0.037242608083717
-0.002639969932044
0.069366970952938
qdot4:
0.103538336926112
-0.010492208808343
-0.146066136740754
qdot5:
-0.198596834964947
0.093661971760142
-0.127012522533653
qdot6:
0.044066158101478
-0.019684640835528
0.001357097936078
qdot7:
0.181979333837488
-0.086836067221483
0.005008120665347

qdot1:
0.004827914425924
-0.000418485798116
0.001104329854452
qdot2:
-0.126423179872937
-0.041315377559932
0.116797536327922
qdot3:
-0.154869694231603
0.021771464049475
0.072502003847021
qdot4:
0.141919185849853
0.057374125116134
-0.138383707503373
qdot5:
0.273386648977365
-0.036512411161364
-0.117647558602463
qdot6:
-0.022248528864724
0.009199429444816
-0.000361088966080
qdot7:
-0.065004395989595
0.032446032571008
-0.003904646246264

qdot1:
-0.003905312911468
0.002746070078636
0.001485745609980
qdot2:
0.161975028701095
-0.124182052800949
0.089677862094286
qdot3:
0.102029572155174
-0.079741064503155
0.063002661915670
qdot4:
-0.148483295194828
0.150397976407560
-0.104336582446061
qdot5:
-0.182815556502963
0.142684494649790
-0.100249389273586
qdot6:
0.012473531384032
-0.005383826710238
0.000264164869832
qdot7:
0.031192031623847
-0.010162436675868
-0.000253085855795

qdot1:
-0.018874331146839
0.000186252353165
0.001966258382444
qdot2:
-0.563014251696301
-0.018012186531027
0.066376826904954
qdot3:
-0.406030043415864
-0.012863681500605
0.047827740234806
qdot4:
0.499030658579519
0.053071544545995
-0.070994511135939
qdot5:
0.611046746161687
0.022854275500400
-0.073122940786014
qdot6:
-0.007025264446779
0.002792206160855
-0.000160517887376
qdot7:
-0.029203717589821
0.010283022434389
-0.000233325751477

coefs_qdotdot:
qdotdot1:
0.036573489828138
-0.004909774666632
qdotdot2:
-0.125849001295619
0.016972635937410
qdotdot3:
0.122704068897344
-0.016518342743014
qdotdot4:
0.408582221921157
-0.080531092772299
qdotdot5:
0.001686827478068
-0.000307519672690
qdotdot6:
-0.199369667443273
0.026861196221937
qdotdot7:
0.005536901787076
-0.000819061869202

qdotdot1:
-0.062897255904977
0.007076648658051
qdotdot2:
0.209606773427598
-0.024272523100085
qdotdot3:
-0.205459277233332
0.023696110960361
qdotdot4:
-0.232659683718192
0.053375720547943
qdotdot5:
-0.001487054874465
0.000245313221377
qdotdot6:
0.333150087545173
-0.038479279715846
qdotdot7:
-0.005690465799986
0.000995576248160

qdotdot1:
0.132674318601671
-0.013537001796982
qdotdot2:
-0.387246092827759
0.044423013744501
qdotdot3:
0.393417719196194
-0.043640145012873
qdotdot4:
0.086493794535227
-0.022875068554698
qdotdot5:
0.002195488751107
-0.000242047140353
qdotdot6:
-0.612594559693393
0.070705761108428
qdotdot7:
-0.016069696094201
-0.000869390215630

qdotdot1:
-0.478184732444138
0.029945054592668
qdotdot2:
-1.081709868297788
-0.082491197102603
qdotdot3:
0.154710583990092
0.085296725596847
qdotdot4:
1.603993217434756
0.005472000350378
qdotdot5:
-0.002594257521290
0.000477492003956
qdotdot6:
0.097070805262581
-0.130063095059985
qdotdot7:
0.497214411056971
-0.006135996738257

qdotdot1:
0.324895481950459
-0.126772957754779
qdotdot2:
0.952751664069387
-0.437005695358885
qdotdot3:
-0.471962445452671
0.136000843831890
qdotdot4:
-1.393938482150541
0.531157183920155
qdotdot5:
0.001265750605301
-0.000372737739214
qdotdot6:
0.520060503711957
-0.098249566468302
qdotdot7:
-0.423181902289480
0.156818712863347

qdotdot1:
0.180315744926491
-0.020293242495593
qdotdot2:
0.336369886285725
-0.124755351667454
qdotdot3:
0.031155212326798
-0.018677905478919
qdotdot4:
-0.364486034121631
0.074314350104313
qdotdot5:
-0.000151679846923
0.000042093403505
qdotdot6:
-0.227500800520327
0.072192613953406
qdotdot7:
0.058575792963359
0.018127069051891

qdotdot1:
0.120587521723833
0.038802590605122
qdotdot2:
0.289927247724976
-0.014515069166603
qdotdot3:
-0.343812114997244
-0.008467242906815
qdotdot4:
-0.306222700722667
-0.045140586283934
qdotdot5:
0.000059823862203
-0.000007617435236
qdotdot6:
0.368400494630268
-0.002367427064139
qdotdot7:
-0.167148961108340
0.037324423593037

qdotdot1:
-0.199966237192943
0.078323377105079
qdotdot2:
0.049243609099342
0.080504321679657
qdotdot3:
0.362311695535432
-0.121146606398694
qdotdot4:
0.153692353037098
-0.145500572157239
qdotdot5:
-0.000015871026653
0.000011988955640
qdotdot6:
-0.412512312124544
0.118370416177263
qdotdot7:
-0.041995408273494
-0.017456189784033

qdotdot1:
-0.062482137049720
0.012787384206901
qdotdot2:
-0.199896703943210
0.096643190228257
qdotdot3:
0.031113056453994
-0.002404277499309
qdotdot4:
0.056437670169015
-0.095130164139685
qdotdot5:
-0.000000135987304
0.000006787460105
qdotdot6:
-0.001367034851534
-0.016824426398688
qdotdot7:
-0.022323569749645
-0.031219567127140

qdotdot1:
-0.009628412118473
-0.007690217149384
qdotdot2:
-0.206754987550496
0.031129985829902
qdotdot3:
0.072113763648906
0.007792569105561
qdotdot4:
0.113440568603984
-0.076633547894326
qdotdot5:
-0.000035923068425
0.000006742892266
qdotdot6:
-0.090455045983871
-0.017272451963300
qdotdot7:
0.063749688855623
-0.038535788750909

qdotdot1:
-0.031554083706145
-0.010845787595050
qdotdot2:
-0.256911319418008
-0.036630920140931
qdotdot3:
-0.009182284778715
0.031426794406283
qdotdot4:
0.128758550017050
-0.039455070153493
qdotdot5:
0.000012566673764
-0.000005030365011
qdotdot6:
0.076392641585743
-0.046917762763860
qdotdot7:
0.026226128178311
-0.017642765934903

qdotdot1:
-0.017312818074078
-0.021187174394658
qdotdot2:
0.090008598063978
-0.120829826122217
qdotdot3:
0.001975843004128
0.028417435634050
qdotdot4:
-0.002362538282358
0.002743650680341
qdotdot5:
-0.000041577447167
-0.000000911822531
qdotdot6:
0.010886030340809
-0.021881198158178
qdotdot7:
-0.013398423993387
-0.009047538189620

qdotdot1:
0.117626118019516
-0.026861195860869
qdotdot2:
0.356750064699703
-0.091330832060513
qdotdot3:
-0.298291711916389
0.029064989115599
qdotdot4:
-0.390744839714383
0.001969363509328
qdotdot5:
0.000055686049366
-0.000014538219269
qdotdot6:
0.212691934072999
-0.018313461838690
qdotdot7:
-0.167821170711301
-0.013438674573460

qdotdot1:
0.142868397865761
0.011689034134854
qdotdot2:
0.565765214583543
0.025588754139559
qdotdot3:
-0.082911850848139
-0.068695731834887
qdotdot4:
0.162964716616731
-0.126091510166127
qdotdot5:
-0.000197310876751
0.000003712064314
qdotdot6:
0.013119944842331
0.051393191027206
qdotdot7:
0.156355961168470
-0.068439594760240

qdotdot1:
-0.250802668184625
0.058512050056639
qdotdot2:
-0.176191773631139
0.211009981270054
qdotdot3:
0.251531606132151
-0.095868871384017
qdotdot4:
-0.203909951473748
-0.072682221374327
qdotdot5:
0.000270129828175
-0.000060953673258
qdotdot6:
-0.146593356082424
0.055693059965490
qdotdot7:
-0.234753242234299
-0.017196228357153

qdotdot1:
0.064785708369263
-0.023684835336231
qdotdot2:
-0.227355305370724
0.153265719101104
qdotdot3:
0.141946024452779
-0.013433087300935
qdotdot4:
0.061776924750015
-0.139510708619187
qdotdot5:
-0.000036121141703
0.000027577404535
qdotdot6:
-0.263503719142966
0.007649243779320
qdotdot7:
0.135100736623017
-0.094133150468893

qdotdot1:
-0.117948212430768
-0.002452272363639
qdotdot2:
0.078684428065046
0.078753361978726
qdotdot3:
-0.097030344056902
0.033087634302113
qdotdot4:
0.048224737149783
-0.119264230221027
qdotdot5:
0.000254225660398
0.000015739231655
qdotdot6:
0.312828622093588
-0.078710224242946
qdotdot7:
-0.100448896349414
-0.049855871263395

qdotdot1:
0.102017148068283
-0.041108064064901
qdotdot2:
-0.046087834908512
0.104541025892672
qdotdot3:
0.049868514904877
0.001287366275440
qdotdot4:
-0.195864927132625
-0.103459281967111
qdotdot5:
-0.001143727529531
0.000099057952396
qdotdot6:
-0.224760170757758
0.023814755191911
qdotdot7:
0.007938676331780
-0.082776519519797

qdotdot1:
0.010919043520432
-0.007673444375356
qdotdot2:
-0.232110926894392
0.089436415916227
qdotdot3:
-0.077218988455531
0.017631038509945
qdotdot4:
0.355998117005856
-0.167651130819978
qdotdot5:
0.002601433834020
-0.000275781922100
qdotdot6:
0.265778385752043
-0.049847084733402
qdotdot7:
0.141696672711381
-0.080174735123571

qdotdot1:
0.217508116677201
-0.004094888471844
qdotdot2:
-0.030464573493934
0.013365473790817
qdotdot3:
-0.284739065999757
-0.007676349127416
qdotdot4:
0.245944866254513
-0.050977984416022
qdotdot5:
-0.005180697475334
0.000576799752010
qdotdot6:
0.120164616676703
0.037257871811481
qdotdot7:
0.299944013441264
-0.033735734886004

qdotdot1:
-0.185282519762062
0.067190197400423
qdotdot2:
0.646786838021191
0.003381157937446
qdotdot3:
0.373640189871233
-0.100995389727198
qdotdot4:
0.113091253716178
0.029626827848595
qdotdot5:
0.009979934580941
-0.001121097641656
qdotdot6:
-0.208812639619916
0.076640057402833
qdotdot7:
-0.047336896858644
0.064566503585238

qdotdot1:
-0.028727263666304
0.006466576904595
qdotdot2:
-0.054638181561683
0.215356030387001
qdotdot3:
0.022929334438151
0.021459686557746
qdotdot4:
-1.108630007696910
0.066690822773090
qdotdot5:
-0.019109481408233
0.002149679120472
qdotdot6:
-0.093028982032180
0.008204786232648
qdotdot7:
-0.612294313582620
0.049052531927330

qdotdot1:
0.011884214019420
-0.002948361207194
qdotdot2:
-0.357301687872847
0.197449170063672
qdotdot3:
0.038631976562982
0.028974438647864
qdotdot4:
0.626666253811231
-0.296646355197751
qdotdot5:
0.035756912710357
-0.004113172326042
qdotdot6:
-0.034999237772783
-0.022284094247226
qdotdot7:
0.372312181581757
-0.151617922994655

qdotdot1:
0.008844175450873
0.000946515130483
qdotdot2:
-0.355869827395948
0.080348797482534
qdotdot3:
0.099672304548423
0.041635500721214
qdotdot4:
0.338808202203996
-0.091265708265470
qdotdot5:
-0.066571261454379
0.007605629859477
qdotdot6:
-0.083894060878872
-0.033754579616741
qdotdot7:
0.130315929525773
-0.029598081892658

qdotdot1:
-0.005159468030553
0.003845063543830
qdotdot2:
0.059764014240273
-0.036282303888812
qdotdot3:
-0.221626633407510
0.074301632437879
qdotdot4:
0.321930930134112
0.019773696411937
qdotdot5:
0.125224024743180
-0.014212121872718
qdotdot6:
0.276919543079119
-0.061249624055929
qdotdot7:
0.069409197422553
0.013111047167365

qdotdot1:
0.007186480328502
0.002154123788423
qdotdot2:
-0.018293181706108
-0.016695527301932
qdotdot3:
0.045183976636913
0.001666763287307
qdotdot4:
-0.204033565646038
0.125281823419477
qdotdot5:
-0.236375572003245
0.026828210292616
qdotdot6:
-0.055067107294209
0.029506682925480
qdotdot7:
0.095235483104221
0.035858890669384

qdotdot1:
0.012030848751688
0.004509387008769
qdotdot2:
-0.044092573591386
-0.022690848528184
qdotdot3:
-0.009864354312649
0.016475147010260
qdotdot4:
-0.083613300979621
0.058412823447913
qdotdot5:
0.457876395099029
-0.050640406537737
qdotdot6:
-0.161751429939522
0.011459248502466
qdotdot7:
-0.425674195933621
0.067070919419771

qdotdot1:
-0.020942113107657
0.008452320723069
qdotdot2:
0.080624569691908
-0.037141540956623
qdotdot3:
0.052247554078306
0.013242249980973
qdotdot4:
-0.003196944233223
0.031009793935954
qdotdot5:
-1.025046343532009
0.099421846964087
qdotdot6:
0.338369895420014
-0.041552403427347
qdotdot7:
0.804816654701993
-0.072437536973926

qdotdot1:
-0.083940330966023
0.001588851193600
qdotdot2:
0.119975931746604
-0.010718024162389
qdotdot3:
0.152721069215536
0.030365617310825
qdotdot4:
0.403863669423425
0.029962042487982
qdotdot5:
-0.084310470437018
-0.236522014524886
qdotdot6:
-0.070957130458436
0.069343352648749
qdotdot7:
0.145958049233869
0.191329283401822

qdotdot1:
0.105990086788398
-0.025921357586055
qdotdot2:
-0.178474382421273
0.028602322718525
qdotdot3:
-0.253429135049741
0.080417701342662
qdotdot4:
-0.527299419038942
0.162322419633188
qdotdot5:
1.091782035281788
-0.264153531071707
qdotdot6:
-0.200688908223670
0.046088196863064
qdotdot7:
-0.994708118039864
0.239164887113229

qdotdot1:
-0.028174628693918
0.008815334330288
qdotdot2:
-0.034861508584289
-0.029890030906060
qdotdot3:
0.074485216167434
-0.002639969932044
qdotdot4:
0.207076673852223
-0.010492208808343
qdotdot5:
-0.397193669929895
0.093661971760142
qdotdot6:
0.088132316202956
-0.019684640835528
qdotdot7:
0.363958667674975
-0.086836067221483

qdotdot1:
0.009655828851848
-0.000418485798116
qdotdot2:
-0.252846359745875
-0.041315377559932
qdotdot3:
-0.309739388463205
0.021771464049475
qdotdot4:
0.283838371699706
0.057374125116134
qdotdot5:
0.546773297954731
-0.036512411161364
qdotdot6:
-0.044497057729449
0.009199429444816
qdotdot7:
-0.130008791979190
0.032446032571008

qdotdot1:
-0.007810625822936
0.002746070078636
qdotdot2:
0.323950057402191
-0.124182052800949
qdotdot3:
0.204059144310348
-0.079741064503155
qdotdot4:
-0.296966590389657
0.150397976407560
qdotdot5:
-0.365631113005926
0.142684494649790
qdotdot6:
0.024947062768064
-0.005383826710238
qdotdot7:
0.062384063247694
-0.010162436675868

qdotdot1:
-0.037748662293678
0.000186252353165
qdotdot2:
-1.126028503392603
-0.018012186531027
qdotdot3:
-0.812060086831729
-0.012863681500605
qdotdot4:
0.998061317159038
0.053071544545995
qdotdot5:
1.222093492323374
0.022854275500400
qdotdot6:
-0.014050528893557
0.002792206160855
qdotdot7:
-0.058407435179643
0.010283022434389

