nSeg: 30

breaks: 
0.000000000000000
0.325700004895528
0.651400009791056
0.977100014686584
1.302800019582113
1.628500024477641
1.954200029373169
2.279900034268697
2.605600039164225
2.931300044059753
3.257000048955282
3.582700053850810
3.908400058746338
4.234100063641866
4.559800068537395
4.885500073432922
5.211200078328450
5.536900083223979
5.862600088119507
6.188300093015035
6.514000097910563
6.839700102806091
7.165400107701619
7.491100112597148
7.816800117492676
8.142500122388205
8.468200127283732
8.793900132179260
9.119600137074789
9.445300141970316
9.771000146865845

coefs_q:
q1:
0.001177899919676
-0.000725046452548
0.000000000000000
-1.396730781000000
q2:
-0.033102186923160
0.012982528349199
-0.000000000000000
1.559332848000000
q3:
-0.029925250502241
0.015870822841345
-0.000000000000000
-2.783237934000001
q4:
0.538341499325042
-0.297052282486801
-0.000000000000000
1.320417047000000
q5:
-0.000669072328409
0.000426309793876
-0.000000000000000
-1.044185162000000
q6:
0.091863878148483
-0.052762421636888
0.000000000000000
-0.416035295000000
q7:
0.197905954554268
-0.108836071314731
0.000000000000000
-0.413142145000000

q1:
-0.000408608290230
0.000425879576267
-0.000097438653069
-1.396766997351685
q2:
0.062734978813557
-0.019361618979578
-0.002077669849543
1.559566346643318
q3:
0.029249871858120
-0.013369139863894
0.000814798158003
-2.782588279173876
q4:
-0.408278305375226
0.228961204410096
-0.022177264462925
1.307505517742251
q5:
0.000140030733419
-0.000227440788039
0.000064771636174
-1.044163055574865
q6:
-0.069731695596105
0.036997775051161
-0.005134545470147
-0.418458423397949
q7:
-0.151035720887347
0.084537839786806
-0.007913934127598
-0.417849795835305

q1:
-0.000502241787145
0.000026628409881
0.000049943200234
-1.396767673192855
q2:
-0.216872673785403
0.041936729740511
0.005275043835810
1.559003279160825
q3:
-0.025092420215575
0.015210910358256
0.001414662817032
-2.782730509085789
q4:
0.451063147384716
-0.169967533768252
-0.002963025646071
1.310464514318664
q5:
0.000610032438985
-0.000090616756359
-0.000038819707593
-1.044161248363359
q6:
0.048125472269721
-0.031137065739914
-0.003225712418783
-0.418615261829881
q7:
0.160134237050825
-0.063039165310420
-0.000911815745392
-0.416677895643048

q1:
0.001562689839035
-0.000464112047714
-0.000092545222750
-1.396765934600698
q2:
0.154353387849679
-0.169969563000325
-0.036425250583700
1.557676988589648
q3:
-0.006396408266278
-0.009306893802904
0.003337601038014
-2.781523126112475
q4:
-0.306456839122119
0.270766274165931
0.029867124594916
1.307053636946555
q5:
-0.001626283677182
0.000505445948732
0.000096290162393
-1.044162427737275
q6:
0.006231966798010
0.015886333921630
-0.008192875846658
-0.421306156528111
q7:
-0.102095169510278
0.093428000063766
0.008985827882543
-0.418129395091878

q1:
-0.003155143573935
0.001062792216958
0.000102444911304
-1.396791318229301
q2:
0.199274074426692
-0.019150865465480
-0.098021775060857
1.533115803164902
q3:
0.031273075406655
-0.015556824413825
-0.004760512106896
-2.781644347896592
q4:
-0.165924964085125
-0.028672707841095
0.108717000332091
1.334916167845356
q5:
0.003091951884812
-0.001083595856126
-0.000092013265275
-1.044133636854843
q6:
-0.040959893193703
0.021975588771492
0.004138752559846
-0.422074029041563
q7:
-0.063124157811939
-0.006329191564156
0.037353910237260
-0.408819253277800

q1:
0.006053355550312
-0.002020098615473
-0.000209349787379
-1.396754221925306
q2:
-0.174041311907139
0.175559835583496
-0.047079372727715
1.506043579692953
q3:
-0.024629459067421
0.015000098025311
-0.004941837894361
-2.783764624518492
q4:
0.228126502655071
-0.190797992685542
0.037235392096140
1.361550903671999
q5:
-0.005734282033264
0.001937550375934
0.000186119726007
-1.044171725731198
q6:
0.033316726550236
-0.018046323469636
0.005418514287896
-0.419810037413864
q7:
0.087991072285572
-0.068007807089280
0.013142349411918
-0.399505454277976

q1:
-0.011994136537720
0.003894635181640
0.000401186781398
-1.396827554250074
q2:
-0.010634890190495
0.005504067162959
0.011893141283209
1.503320101780034
q3:
0.024478230224351
-0.009065346791188
-0.003008889388353
-2.784633921433453
q4:
-0.062670044183349
0.032104416409127
-0.014451106473978
1.361320391726378
q5:
0.011061916007942
-0.003665416682985
-0.000376646338658
-1.044103692072379
q6:
-0.034896494710145
0.014507450531908
0.004265903354753
-0.418808483377261
q7:
-0.045169263796588
0.017968270933240
-0.003155527759074
-0.399399164473878

q1:
0.027211592341690
-0.007824835805519
-0.000878879581039
-1.396698145313293
q2:
-0.112370154721769
-0.004887284198364
0.012094027497797
1.507410132220954
q3:
-0.005155666913345
0.014852332320527
-0.001124068173117
-2.785729840115139
q4:
0.131041359691325
-0.029130484682832
-0.013482496896165
1.357854042433878
q5:
-0.023205077234368
0.007143181610837
0.000756061715368
-1.044233001183635
q6:
-0.018218765658022
-0.019589914961885
0.002610544665029
-0.417085809575736
q7:
0.091849379478669
-0.026166617385788
-0.005825729238805
-0.400081453744680

q1:
-0.109139051074708
0.018763611471192
0.002683879706821
-1.396874286971765
q2:
-0.145925191017275
-0.114684164027339
-0.026850393774680
1.506948275797120
q3:
0.032367772131239
0.009814730103778
0.006909994179237
-2.784698536829605
q4:
0.193381957061201
0.098910029796111
0.009244701288838
1.354900150588169
q5:
0.066743251631844
-0.015530499695667
-0.001975687825921
-1.044030744749490
q6:
0.034174741867874
-0.037391471153910
-0.015948293071840
-0.418943128959703
q7:
-0.088684966321133
0.063579412651773
0.006359618362482
-0.401581227087605

q1:
0.045235319370601
-0.087876156936786
-0.019826076689665
-1.397780493921335
q2:
0.010517103334640
-0.257267670313461
-0.147995108040379
1.480995573509797
q3:
0.092149549709930
0.041441280728584
0.023604077158263
-2.780288480252293
q4:
-0.212259127525610
0.287863542880731
0.135216855803146
1.375085001871240
q5:
0.041300609587793
0.049684332454038
0.009148215670681
-1.044015702165360
q6:
-0.192775153878365
-0.003999330372900
-0.029429277331751
-0.426923242204782
q7:
-0.039811841538383
-0.023074669243085
0.019552013488984
-0.395829466486461

q1:
0.018656768944419
-0.043676725715420
-0.062672851213509
-1.411996894109411
q2:
0.162098704743658
-0.246991408490724
-0.312232292475517
1.405865855055540
q3:
-0.190530737198792
0.131480607103519
0.079924736871723
-2.765020715325472
q4:
-0.245376751028201
0.080465146258095
0.255181511658825
1.442328197668080
q5:
-0.209709529773393
0.090039158688836
0.054656157419936
-1.034338636496299
q6:
0.323622331049912
-0.192359936058658
-0.093383491369792
-0.443593070897026
q7:
0.088507796590365
-0.061974820194939
-0.008148605637343
-0.393284663623559

q1:
0.125972317860875
-0.025447196505824
-0.085186513019366
-1.436398091511518
q2:
0.219975143419737
-0.088604761705019
-0.421535966751191
1.283571403310117
q3:
-0.005605055851383
-0.054686979011667
0.104936421917184
-2.731624616939052
q4:
-0.020697213706080
-0.159292480775306
0.229507448420668
1.525498730557015
q5:
0.175462443672106
-0.114868025932663
0.046569395237071
-1.014231279131228
q6:
-0.142742693586684
0.123851448363117
-0.115696706147615
-0.483232424843085
q7:
-0.048974116475211
0.024506149153384
-0.020352151979006
-0.399455002717799

q1:
-0.040851449847721
0.097640357126141
-0.061673200251905
-1.462490394243006
q2:
0.504946177117656
0.126332954161089
-0.409247894283550
1.144478133023050
q3:
-0.098001224069516
-0.060163679166372
0.067529561986343
-2.703441702529296
q4:
0.200219308887520
-0.179515728591488
0.119157612971259
1.582636385341845
q5:
-0.212661837042421
0.056576330356296
0.027583789702479
-1.005186583093912
q6:
0.311825940022531
-0.015622439636835
-0.080446517475627
-0.512708439485907
q7:
0.171531668561238
-0.023346460773807
-0.019974441468100
-0.405176150482461

q1:
-0.069045704041086
0.057724404879965
-0.011070896505924
-1.473631053261349
q2:
-0.602102723612503
0.619715871238685
-0.166259788198540
1.042033654993036
q3:
0.209321759037455
-0.155920676643999
-0.002849113758942
-2.691215499790688
q4:
-0.414659141754198
0.016118561063046
0.065939154707330
1.609320564089505
q5:
0.195398351951700
-0.151215553741129
-0.003240205817270
-0.997548452807665
q6:
-0.458942465916883
0.289062690938839
0.008612973712070
-0.529793390416768
q7:
-0.335253216192136
0.144257135096592
0.019406165750753
-0.408231939536118

q1:
-0.002202947575933
-0.009740153552626
0.004557574386298
-1.473498968845922
q2:
-0.175183962276150
0.031401291154075
0.045809074780345
1.032819706152318
q3:
0.029435703634976
0.048607617185720
-0.037800977749858
-2.701451444339156
q4:
0.509920546178991
-0.389044892434908
-0.055522953246158
1.618180165684487
q5:
0.033544052359798
0.039708178820611
-0.039558158374770
-1.007893713806370
q6:
0.057642167755124
-0.159369999248846
0.050853884030415
-0.512180885664985
q7:
0.164702424717709
-0.183318787368469
0.006683785414575
-0.398191621689662

q1:
0.017586173117695
-0.011892653661425
-0.002488231029222
-1.473123919896302
q2:
0.081242734232384
-0.139770960958805
0.010513072794417
1.045018107510131
q3:
-0.126062163076884
0.077369243639765
0.003229686437725
-2.707589887133819
q4:
-0.042485541960248
0.109198480725574
-0.146668930909884
1.576444233062593
q5:
-0.137308318270668
0.072484072874018
-0.003017141448589
-1.015406581987801
q6:
0.188290058332744
-0.103047836288748
-0.034615606288853
-0.510532262565736
q7:
0.102697282894378
-0.022388045757880
-0.060314931141721
-0.409770722642490

q1:
-0.001777958357425
0.005290796350156
-0.004638455987822
-1.474588305703125
q2:
0.151573357457780
-0.060388684147165
-0.054678924596484
1.036422213256950
q3:
0.017240553511513
-0.045806097754081
0.013509803207211
-2.702686111043538
q4:
-0.134012981341883
0.067685857052248
-0.089057701229705
1.538790097040463
q5:
0.045489817927547
-0.061679886924842
0.000501781967950
-1.013444178448105
q6:
-0.037219193567892
0.080930382473515
-0.041819261104751
-0.526232430938267
q7:
-0.088069888597565
0.077957470866489
-0.042215969111805
-0.428241996981883

q1:
-0.005541761966341
0.003553553213004
-0.001757851291803
-1.475599229757806
q2:
-0.043076748255867
0.087713645650928
-0.045779184500938
1.017444148579968
q3:
0.046798716678109
-0.028960352664777
-0.010841630060233
-2.702549433197889
q4:
-0.010024305974967
-0.063258228985099
-0.087615622746558
1.512333948002977
q5:
0.052769881825735
-0.017231785159745
-0.025199750016315
-1.018252088697996
q6:
-0.080270379697379
0.044563507891704
-0.000945900398441
-0.532553768261844
q7:
-0.051465056507449
-0.008095618575638
-0.019461963478664
-0.436764822760472

q1:
0.005483569125992
-0.001861302485698
-0.001206685221635
-1.475986269442432
q2:
-0.035427506399314
0.045623354297470
-0.002351322964990
1.010350255132203
q3:
-0.024329052354247
0.016766674088716
-0.014813111232150
-2.707535765471830
q4:
0.144736699588232
-0.073052978500462
-0.132012183691921
1.476740731163416
q5:
-0.062271400109495
0.034329667147189
-0.019630969769301
-1.026464382239861
q6:
0.064958868767087
-0.033868681289502
0.002537404678253
-0.530907904234276
q7:
0.118431815030359
-0.058382126044913
-0.041113765227021
-0.445740510742953

q1:
-0.004789167319900
0.003496692987843
-0.000674038527081
-1.476387275109903
q2:
0.043339513881289
0.011007137274390
0.016093228417201
1.013200142031090
q3:
0.016647058698262
-0.007005243323929
-0.011633813184271
-2.711422357723916
q4:
-0.147749066688464
0.068369252792888
-0.133537673177807
1.430995579648264
q5:
0.047833532135528
-0.026515718814352
-0.017085966759043
-1.031367984018198
q6:
-0.042749122291538
0.029602630336842
0.001147951862087
-0.531429921919439
q7:
-0.111037265686927
0.057337602160610
-0.041453966661252
-0.461232600389687

q1:
0.003346827030278
-0.001182802470767
0.000079595625659
-1.476401346273501
q2:
-0.010741112676647
0.053354176924307
0.037055708766799
1.021106747439741
q3:
-0.000638090052860
0.009260597974632
-0.010899244163496
-2.715379447579337
q4:
0.018982014349861
-0.075996362438340
-0.136021822826669
1.389650211007992
q5:
-0.023267806875046
0.020222426137784
-0.019135692214610
-1.038093015515262
q6:
0.004715687462256
-0.012167537682059
0.006826561625104
-0.529392772374526
q7:
0.034817719907006
-0.051156911772845
-0.039440915771699
-0.472488140267512

q1:
-0.002362450449135
0.002087382269671
0.000374217270590
-1.476385259977250
q2:
-0.016055533756306
0.042859035570206
0.068392352547277
1.038464519444672
q3:
0.005713015595678
0.008637120174611
-0.005069957274669
-2.717969008933878
q4:
0.024778886308128
-0.057449035938309
-0.179484989731229
1.337942007553576
q5:
0.020361968847075
-0.002512548301548
-0.013367584916649
-1.042984218058788
q6:
-0.001452695960022
-0.007559839393431
0.000401354815041
-0.528297170649043
q7:
-0.015302130450276
-0.017136517140356
-0.061684085903061
-0.489557830411293

q1:
0.005625090050582
-0.000220968098876
0.000982108375155
-1.476123570518262
q2:
-0.014213134214440
0.027171173301118
0.091201191919502
1.064731691246165
q3:
-0.013821972951213
0.014219307797053
0.002374381427596
-2.718506677003182
q4:
0.003636240695316
-0.033237585762721
-0.209021622863214
1.274245644312358
q5:
-0.032129460481084
0.017383131757976
-0.008524235812091
-1.046901058376889
q6:
0.020484648641549
-0.008979268637304
-0.004985432751537
-0.529018592126516
q7:
0.039397528190470
-0.032088229028057
-0.077716585971094
-0.511994882672041

q1:
-0.004783629726650
0.005275307472162
0.002628306733778
-1.475632789012814
q2:
-0.000817219767558
0.013283519651447
0.104377285612199
1.096827181648999
q3:
0.022887468109729
0.000713857823425
0.007238113543292
-2.716702504707987
q4:
0.068633475414780
-0.029684614925923
-0.229515383935542
1.202767074865303
q5:
0.046228575444901
-0.014010564549963
-0.007425790655930
-1.048943477095020
q6:
-0.041222345445933
0.011036281851203
-0.004315463537699
-0.530887119687863
q7:
-0.024890417085877
0.006407096345466
-0.086080931011537
-0.539349909230449

q1:
0.007599448930358
0.000601222795997
0.004542292670886
-1.474382418680937
q2:
-0.021316862873397
0.012485014204564
0.112770097215252
1.132203751115911
q3:
-0.036302307982857
0.023077203249580
0.014986862251239
-2.713478553130807
q4:
-0.018857663536395
0.037377154909850
-0.227009923625119
1.127236269808533
q5:
-0.045730591155085
0.031159377196190
-0.001840422293102
-1.051251088179410
q6:
0.053048164944512
-0.029242072489434
-0.010245089637698
-0.532546181192568
q7:
0.045123883063247
-0.017913330554700
-0.089828511549814
-0.567566775235461

q1:
-0.000654631309203
0.008026644457459
0.007352389077575
-1.472576651794416
q2:
0.004095125197624
-0.008343692822105
0.114118925609793
1.169520882290653
q3:
0.010234404852684
-0.012393782413627
0.018466452469810
-2.707403550804423
q4:
0.009334558618776
0.018951331591484
-0.208663735295877
1.056612583457659
q5:
0.024192690892431
-0.013523984093070
0.003903425326919
-1.050125122629819
q6:
-0.029873855276037
0.022591290256946
-0.012411249443378
-0.537152184181341
q7:
-0.016922111726990
0.026177216249115
-0.087136963938687
-0.597165127843586

q1:
-0.001401322783486
0.007387004195622
0.012372614519341
-1.469353126017969
q2:
-0.004837812119341
-0.004342345931363
0.109987082725684
1.205945802154713
q3:
0.001954102602420
-0.002393745281761
0.013650154627030
-2.702350162738564
q4:
0.005327132752623
0.028072128954982
-0.193348193965688
0.990983683346284
q5:
-0.013502564806874
0.010114694533232
0.002793019700589
-1.049452540321866
q6:
0.009541293698435
-0.006598454172015
-0.007202382652223
-0.539830187135272
q7:
0.004388488116422
0.009642620632145
-0.075470442891103
-0.623353411434220

q1:
-0.007306391715429
0.006017771683298
0.016738550088729
-1.464588164646921
q2:
-0.030926310393199
-0.009069372224223
0.105618886056752
1.241140808912096
q3:
-0.020586092336167
-0.000484391600236
0.012712745430473
-2.698090721929704
q4:
0.013105215866025
0.033277270445807
-0.173366694280513
0.931172135568348
q5:
-0.007631997088912
-0.003078661737871
0.005084655616484
-1.047936401253856
q6:
0.021559604707973
0.002724344040855
-0.008464180340907
-0.542546314795772
q7:
0.027803699074941
0.013930612435153
-0.067792640765681
-0.646759617005944

q1:
-0.003371878600046
-0.001121303769154
0.018333329712336
-1.458750489494652
q2:
-0.004495163969111
-0.039287470563619
0.089869062124020
1.273510280214356
q3:
0.064980265990882
-0.020599062724244
0.005845864253775
-2.694712823258336
q4:
0.014782406837249
0.046082377060971
-0.147519256699048
0.878689462328361
q5:
0.053150925184116
-0.010535886205535
0.000650397284666
-1.046870603533307
q6:
-0.107152276104807
0.023790234117653
0.000171617895122
-0.544269205278502
q7:
-0.092057066025342
0.041097607209619
-0.049869949357986
-0.666401284796283

q1:
-0.042902264829566
-0.004415966398780
0.016529840791532
-1.453014772186653
q2:
-0.108074226697107
-0.043679695343855
0.062846655781788
1.298457690144276
q3:
-0.128982723948753
0.042893156129785
0.013107050585101
-2.692748888678715
q4:
0.230548230202906
0.060526266998750
-0.112796820806892
0.836041619307965
q5:
-0.118365248282122
0.041397883572470
0.010702149978163
-1.045940034502302
q6:
0.223526365535391
-0.080908256438054
-0.018431722254256
-0.545391785399035
q7:
0.264632745814923
-0.048851353355746
-0.052395344515738
-0.681464883137506

coefs_qdot:
qdot1:
0.003533699759027
-0.001450092905096
0.000000000000000
qdot2:
-0.099306560769479
0.025965056698399
-0.000000000000000
qdot3:
-0.089775751506723
0.031741645682690
-0.000000000000000
qdot4:
1.615024497975127
-0.594104564973602
-0.000000000000000
qdot5:
-0.002007216985227
0.000852619587751
-0.000000000000000
qdot6:
0.275591634445448
-0.105524843273776
0.000000000000000
qdot7:
0.593717863662803
-0.217672142629463
0.000000000000000

qdot1:
-0.001225824870691
0.000851759152533
-0.000097438653069
qdot2:
0.188204936440670
-0.038723237959156
-0.002077669849543
qdot3:
0.087749615574361
-0.026738279727789
0.000814798158003
qdot4:
-1.224834916125679
0.457922408820191
-0.022177264462925
qdot5:
0.000420092200256
-0.000454881576079
0.000064771636174
qdot6:
-0.209195086788315
0.073995550102322
-0.005134545470147
qdot7:
-0.453107162662041
0.169075679573612
-0.007913934127598

qdot1:
-0.001506725361436
0.000053256819763
0.000049943200234
qdot2:
-0.650618021356210
0.083873459481022
0.005275043835810
qdot3:
-0.075277260646724
0.030421820716511
0.001414662817032
qdot4:
1.353189442154147
-0.339935067536504
-0.002963025646071
qdot5:
0.001830097316956
-0.000181233512719
-0.000038819707593
qdot6:
0.144376416809164
-0.062274131479827
-0.003225712418783
qdot7:
0.480402711152474
-0.126078330620839
-0.000911815745392

qdot1:
0.004688069517106
-0.000928224095429
-0.000092545222750
qdot2:
0.463060163549037
-0.339939126000651
-0.036425250583700
qdot3:
-0.019189224798833
-0.018613787605809
0.003337601038014
qdot4:
-0.919370517366356
0.541532548331862
0.029867124594916
qdot5:
-0.004878851031545
0.001010891897465
0.000096290162393
qdot6:
0.018695900394030
0.031772667843260
-0.008192875846658
qdot7:
-0.306285508530835
0.186856000127532
0.008985827882543

qdot1:
-0.009465430721806
0.002125584433915
0.000102444911304
qdot2:
0.597822223280076
-0.038301730930960
-0.098021775060857
qdot3:
0.093819226219964
-0.031113648827651
-0.004760512106896
qdot4:
-0.497774892255376
-0.057345415682191
0.108717000332091
qdot5:
0.009275855654437
-0.002167191712253
-0.000092013265275
qdot6:
-0.122879679581109
0.043951177542984
0.004138752559846
qdot7:
-0.189372473435817
-0.012658383128312
0.037353910237260

qdot1:
0.018160066650937
-0.004040197230946
-0.000209349787379
qdot2:
-0.522123935721417
0.351119671166993
-0.047079372727715
qdot3:
-0.073888377202262
0.030000196050623
-0.004941837894361
qdot4:
0.684379507965213
-0.381595985371085
0.037235392096140
qdot5:
-0.017202846099791
0.003875100751868
0.000186119726007
qdot6:
0.099950179650709
-0.036092646939273
0.005418514287896
qdot7:
0.263973216856715
-0.136015614178560
0.013142349411918

qdot1:
-0.035982409613161
0.007789270363281
0.000401186781398
qdot2:
-0.031904670571485
0.011008134325917
0.011893141283209
qdot3:
0.073434690673052
-0.018130693582376
-0.003008889388353
qdot4:
-0.188010132550046
0.064208832818253
-0.014451106473978
qdot5:
0.033185748023826
-0.007330833365970
-0.000376646338658
qdot6:
-0.104689484130436
0.029014901063817
0.004265903354753
qdot7:
-0.135507791389765
0.035936541866481
-0.003155527759074

qdot1:
0.081634777025070
-0.015649671611038
-0.000878879581039
qdot2:
-0.337110464165308
-0.009774568396729
0.012094027497797
qdot3:
-0.015467000740034
0.029704664641053
-0.001124068173117
qdot4:
0.393124079073974
-0.058260969365665
-0.013482496896165
qdot5:
-0.069615231703103
0.014286363221674
0.000756061715368
qdot6:
-0.054656296974066
-0.039179829923770
0.002610544665029
qdot7:
0.275548138436008
-0.052333234771576
-0.005825729238805

qdot1:
-0.327417153224124
0.037527222942383
0.002683879706821
qdot2:
-0.437775573051826
-0.229368328054677
-0.026850393774680
qdot3:
0.097103316393716
0.019629460207557
0.006909994179237
qdot4:
0.580145871183602
0.197820059592222
0.009244701288838
qdot5:
0.200229754895532
-0.031060999391334
-0.001975687825921
qdot6:
0.102524225603622
-0.074782942307819
-0.015948293071840
qdot7:
-0.266054898963398
0.127158825303546
0.006359618362482

qdot1:
0.135705958111802
-0.175752313873571
-0.019826076689665
qdot2:
0.031551310003921
-0.514535340626922
-0.147995108040379
qdot3:
0.276448649129790
0.082882561457168
0.023604077158263
qdot4:
-0.636777382576830
0.575727085761461
0.135216855803146
qdot5:
0.123901828763379
0.099368664908076
0.009148215670681
qdot6:
-0.578325461635094
-0.007998660745800
-0.029429277331751
qdot7:
-0.119435524615148
-0.046149338486170
0.019552013488984

qdot1:
0.055970306833257
-0.087353451430839
-0.062672851213509
qdot2:
0.486296114230974
-0.493982816981448
-0.312232292475517
qdot3:
-0.571592211596377
0.262961214207038
0.079924736871723
qdot4:
-0.736130253084603
0.160930292516191
0.255181511658825
qdot5:
-0.629128589320179
0.180078317377671
0.054656157419936
qdot6:
0.970866993149735
-0.384719872117317
-0.093383491369792
qdot7:
0.265523389771096
-0.123949640389877
-0.008148605637343

qdot1:
0.377916953582626
-0.050894393011647
-0.085186513019366
qdot2:
0.659925430259211
-0.177209523410039
-0.421535966751191
qdot3:
-0.016815167554148
-0.109373958023333
0.104936421917184
qdot4:
-0.062091641118239
-0.318584961550612
0.229507448420668
qdot5:
0.526387331016318
-0.229736051865326
0.046569395237071
qdot6:
-0.428228080760051
0.247702896726233
-0.115696706147615
qdot7:
-0.146922349425634
0.049012298306769
-0.020352151979006

qdot1:
-0.122554349543162
0.195280714252282
-0.061673200251905
qdot2:
1.514838531352968
0.252665908322179
-0.409247894283550
qdot3:
-0.294003672208549
-0.120327358332744
0.067529561986343
qdot4:
0.600657926662560
-0.359031457182975
0.119157612971259
qdot5:
-0.637985511127263
0.113152660712592
0.027583789702479
qdot6:
0.935477820067594
-0.031244879273669
-0.080446517475627
qdot7:
0.514595005683713
-0.046692921547614
-0.019974441468100

qdot1:
-0.207137112123259
0.115448809759930
-0.011070896505924
qdot2:
-1.806308170837509
1.239431742477371
-0.166259788198540
qdot3:
0.627965277112364
-0.311841353287999
-0.002849113758942
qdot4:
-1.243977425262593
0.032237122126091
0.065939154707330
qdot5:
0.586195055855100
-0.302431107482259
-0.003240205817270
qdot6:
-1.376827397750649
0.578125381877677
0.008612973712070
qdot7:
-1.005759648576409
0.288514270193185
0.019406165750753

qdot1:
-0.006608842727800
-0.019480307105253
0.004557574386298
qdot2:
-0.525551886828450
0.062802582308150
0.045809074780345
qdot3:
0.088307110904929
0.097215234371439
-0.037800977749858
qdot4:
1.529761638536972
-0.778089784869816
-0.055522953246158
qdot5:
0.100632157079395
0.079416357641223
-0.039558158374770
qdot6:
0.172926503265373
-0.318739998497692
0.050853884030415
qdot7:
0.494107274153127
-0.366637574736939
0.006683785414575

qdot1:
0.052758519353085
-0.023785307322849
-0.002488231029222
qdot2:
0.243728202697152
-0.279541921917610
0.010513072794417
qdot3:
-0.378186489230652
0.154738487279530
0.003229686437725
qdot4:
-0.127456625880745
0.218396961451149
-0.146668930909884
qdot5:
-0.411924954812003
0.144968145748035
-0.003017141448589
qdot6:
0.564870174998233
-0.206095672577495
-0.034615606288853
qdot7:
0.308091848683134
-0.044776091515760
-0.060314931141721

qdot1:
-0.005333875072276
0.010581592700312
-0.004638455987822
qdot2:
0.454720072373341
-0.120777368294329
-0.054678924596484
qdot3:
0.051721660534538
-0.091612195508162
0.013509803207211
qdot4:
-0.402038944025649
0.135371714104497
-0.089057701229705
qdot5:
0.136469453782642
-0.123359773849683
0.000501781967950
qdot6:
-0.111657580703677
0.161860764947029
-0.041819261104751
qdot7:
-0.264209665792695
0.155914941732978
-0.042215969111805

qdot1:
-0.016625285899024
0.007107106426007
-0.001757851291803
qdot2:
-0.129230244767602
0.175427291301856
-0.045779184500938
qdot3:
0.140396150034327
-0.057920705329555
-0.010841630060233
qdot4:
-0.030072917924900
-0.126516457970197
-0.087615622746558
qdot5:
0.158309645477204
-0.034463570319490
-0.025199750016315
qdot6:
-0.240811139092137
0.089127015783408
-0.000945900398441
qdot7:
-0.154395169522348
-0.016191237151276
-0.019461963478664

qdot1:
0.016450707377975
-0.003722604971396
-0.001206685221635
qdot2:
-0.106282519197943
0.091246708594939
-0.002351322964990
qdot3:
-0.072987157062740
0.033533348177433
-0.014813111232150
qdot4:
0.434210098764697
-0.146105957000923
-0.132012183691921
qdot5:
-0.186814200328486
0.068659334294379
-0.019630969769301
qdot6:
0.194876606301261
-0.067737362579005
0.002537404678253
qdot7:
0.355295445091076
-0.116764252089825
-0.041113765227021

qdot1:
-0.014367501959699
0.006993385975687
-0.000674038527081
qdot2:
0.130018541643867
0.022014274548781
0.016093228417201
qdot3:
0.049941176094787
-0.014010486647857
-0.011633813184271
qdot4:
-0.443247200065393
0.136738505585776
-0.133537673177807
qdot5:
0.143500596406585
-0.053031437628705
-0.017085966759043
qdot6:
-0.128247366874615
0.059205260673684
0.001147951862087
qdot7:
-0.333111797060780
0.114675204321219
-0.041453966661252

qdot1:
0.010040481090834
-0.002365604941535
0.000079595625659
qdot2:
-0.032223338029940
0.106708353848615
0.037055708766799
qdot3:
-0.001914270158579
0.018521195949264
-0.010899244163496
qdot4:
0.056946043049584
-0.151992724876680
-0.136021822826669
qdot5:
-0.069803420625137
0.040444852275567
-0.019135692214610
qdot6:
0.014147062386769
-0.024335075364118
0.006826561625104
qdot7:
0.104453159721017
-0.102313823545690
-0.039440915771699

qdot1:
-0.007087351347406
0.004174764539342
0.000374217270590
qdot2:
-0.048166601268918
0.085718071140411
0.068392352547277
qdot3:
0.017139046787034
0.017274240349222
-0.005069957274669
qdot4:
0.074336658924383
-0.114898071876619
-0.179484989731229
qdot5:
0.061085906541224
-0.005025096603096
-0.013367584916649
qdot6:
-0.004358087880067
-0.015119678786861
0.000401354815041
qdot7:
-0.045906391350828
-0.034273034280713
-0.061684085903061

qdot1:
0.016875270151747
-0.000441936197751
0.000982108375155
qdot2:
-0.042639402643319
0.054342346602236
0.091201191919502
qdot3:
-0.041465918853638
0.028438615594106
0.002374381427596
qdot4:
0.010908722085948
-0.066475171525441
-0.209021622863214
qdot5:
-0.096388381443252
0.034766263515953
-0.008524235812091
qdot6:
0.061453945924646
-0.017958537274607
-0.004985432751537
qdot7:
0.118192584571409
-0.064176458056114
-0.077716585971094

qdot1:
-0.014350889179950
0.010550614944324
0.002628306733778
qdot2:
-0.002451659302673
0.026567039302894
0.104377285612199
qdot3:
0.068662404329186
0.001427715646851
0.007238113543292
qdot4:
0.205900426244340
-0.059369229851847
-0.229515383935542
qdot5:
0.138685726334703
-0.028021129099926
-0.007425790655930
qdot6:
-0.123667036337800
0.022072563702406
-0.004315463537699
qdot7:
-0.074671251257632
0.012814192690932
-0.086080931011537

qdot1:
0.022798346791073
0.001202445591994
0.004542292670886
qdot2:
-0.063950588620192
0.024970028409128
0.112770097215252
qdot3:
-0.108906923948572
0.046154406499160
0.014986862251239
qdot4:
-0.056572990609184
0.074754309819699
-0.227009923625119
qdot5:
-0.137191773465255
0.062318754392380
-0.001840422293102
qdot6:
0.159144494833537
-0.058484144978867
-0.010245089637698
qdot7:
0.135371649189741
-0.035826661109400
-0.089828511549814

qdot1:
-0.001963893927610
0.016053288914919
0.007352389077575
qdot2:
0.012285375592871
-0.016687385644209
0.114118925609793
qdot3:
0.030703214558053
-0.024787564827254
0.018466452469810
qdot4:
0.028003675856327
0.037902663182967
-0.208663735295877
qdot5:
0.072578072677292
-0.027047968186140
0.003903425326919
qdot6:
-0.089621565828112
0.045182580513892
-0.012411249443378
qdot7:
-0.050766335180970
0.052354432498230
-0.087136963938687

qdot1:
-0.004203968350458
0.014774008391245
0.012372614519341
qdot2:
-0.014513436358024
-0.008684691862727
0.109987082725684
qdot3:
0.005862307807261
-0.004787490563521
0.013650154627030
qdot4:
0.015981398257868
0.056144257909965
-0.193348193965688
qdot5:
-0.040507694420621
0.020229389066464
0.002793019700589
qdot6:
0.028623881095306
-0.013196908344030
-0.007202382652223
qdot7:
0.013165464349267
0.019285241264290
-0.075470442891103

qdot1:
-0.021919175146287
0.012035543366595
0.016738550088729
qdot2:
-0.092778931179596
-0.018138744448445
0.105618886056752
qdot3:
-0.061758277008500
-0.000968783200473
0.012712745430473
qdot4:
0.039315647598074
0.066554540891615
-0.173366694280513
qdot5:
-0.022895991266736
-0.006157323475741
0.005084655616484
qdot6:
0.064678814123920
0.005448688081711
-0.008464180340907
qdot7:
0.083411097224823
0.027861224870306
-0.067792640765681

qdot1:
-0.010115635800138
-0.002242607538308
0.018333329712336
qdot2:
-0.013485491907332
-0.078574941127238
0.089869062124020
qdot3:
0.194940797972647
-0.041198125448488
0.005845864253775
qdot4:
0.044347220511747
0.092164754121942
-0.147519256699048
qdot5:
0.159452775552347
-0.021071772411069
0.000650397284666
qdot6:
-0.321456828314420
0.047580468235306
0.000171617895122
qdot7:
-0.276171198076025
0.082195214419239
-0.049869949357986

qdot1:
-0.128706794488698
-0.008831932797561
0.016529840791532
qdot2:
-0.324222680091321
-0.087359390687711
0.062846655781788
qdot3:
-0.386948171846258
0.085786312259570
0.013107050585101
qdot4:
0.691644690608719
0.121052533997499
-0.112796820806892
qdot5:
-0.355095744846365
0.082795767144940
0.010702149978163
qdot6:
0.670579096606172
-0.161816512876108
-0.018431722254256
qdot7:
0.793898237444770
-0.097702706711491
-0.052395344515738

coefs_qdotdot:
qdotdot1:
0.007067399518054
-0.001450092905096
qdotdot2:
-0.198613121538957
0.025965056698399
qdotdot3:
-0.179551503013446
0.031741645682690
qdotdot4:
3.230048995950254
-0.594104564973602
qdotdot5:
-0.004014433970455
0.000852619587751
qdotdot6:
0.551183268890896
-0.105524843273776
qdotdot7:
1.187435727325606
-0.217672142629463

qdotdot1:
-0.002451649741383
0.000851759152533
qdotdot2:
0.376409872881340
-0.038723237959156
qdotdot3:
0.175499231148722
-0.026738279727789
qdotdot4:
-2.449669832251359
0.457922408820191
qdotdot5:
0.000840184400512
-0.000454881576079
qdotdot6:
-0.418390173576630
0.073995550102322
qdotdot7:
-0.906214325324082
0.169075679573612

qdotdot1:
-0.003013450722872
0.000053256819763
qdotdot2:
-1.301236042712419
0.083873459481022
qdotdot3:
-0.150554521293447
0.030421820716511
qdotdot4:
2.706378884308295
-0.339935067536504
qdotdot5:
0.003660194633912
-0.000181233512719
qdotdot6:
0.288752833618329
-0.062274131479827
qdotdot7:
0.960805422304948
-0.126078330620839

qdotdot1:
0.009376139034212
-0.000928224095429
qdotdot2:
0.926120327098075
-0.339939126000651
qdotdot3:
-0.038378449597665
-0.018613787605809
qdotdot4:
-1.838741034732712
0.541532548331862
qdotdot5:
-0.009757702063089
0.001010891897465
qdotdot6:
0.037391800788060
0.031772667843260
qdotdot7:
-0.612571017061670
0.186856000127532

qdotdot1:
-0.018930861443612
0.002125584433915
qdotdot2:
1.195644446560152
-0.038301730930960
qdotdot3:
0.187638452439927
-0.031113648827651
qdotdot4:
-0.995549784510752
-0.057345415682191
qdotdot5:
0.018551711308875
-0.002167191712253
qdotdot6:
-0.245759359162219
0.043951177542984
qdotdot7:
-0.378744946871634
-0.012658383128312

qdotdot1:
0.036320133301874
-0.004040197230946
qdotdot2:
-1.044247871442833
0.351119671166993
qdotdot3:
-0.147776754404525
0.030000196050623
qdotdot4:
1.368759015930427
-0.381595985371085
qdotdot5:
-0.034405692199582
0.003875100751868
qdotdot6:
0.199900359301417
-0.036092646939273
qdotdot7:
0.527946433713430
-0.136015614178560

qdotdot1:
-0.071964819226321
0.007789270363281
qdotdot2:
-0.063809341142970
0.011008134325917
qdotdot3:
0.146869381346104
-0.018130693582376
qdotdot4:
-0.376020265100092
0.064208832818253
qdotdot5:
0.066371496047651
-0.007330833365970
qdotdot6:
-0.209378968260872
0.029014901063817
qdotdot7:
-0.271015582779530
0.035936541866481

qdotdot1:
0.163269554050139
-0.015649671611038
qdotdot2:
-0.674220928330615
-0.009774568396729
qdotdot3:
-0.030934001480068
0.029704664641053
qdotdot4:
0.786248158147949
-0.058260969365665
qdotdot5:
-0.139230463406207
0.014286363221674
qdotdot6:
-0.109312593948132
-0.039179829923770
qdotdot7:
0.551096276872016
-0.052333234771576

qdotdot1:
-0.654834306448248
0.037527222942383
qdotdot2:
-0.875551146103652
-0.229368328054677
qdotdot3:
0.194206632787433
0.019629460207557
qdotdot4:
1.160291742367203
0.197820059592222
qdotdot5:
0.400459509791064
-0.031060999391334
qdotdot6:
0.205048451207244
-0.074782942307819
qdotdot7:
-0.532109797926797
0.127158825303546

qdotdot1:
0.271411916223603
-0.175752313873571
qdotdot2:
0.063102620007841
-0.514535340626922
qdotdot3:
0.552897298259581
0.082882561457168
qdotdot4:
-1.273554765153659
0.575727085761461
qdotdot5:
0.247803657526759
0.099368664908076
qdotdot6:
-1.156650923270187
-0.007998660745800
qdotdot7:
-0.238871049230296
-0.046149338486170

qdotdot1:
0.111940613666514
-0.087353451430839
qdotdot2:
0.972592228461948
-0.493982816981448
qdotdot3:
-1.143184423192753
0.262961214207038
qdotdot4:
-1.472260506169206
0.160930292516191
qdotdot5:
-1.258257178640357
0.180078317377671
qdotdot6:
1.941733986299470
-0.384719872117317
qdotdot7:
0.531046779542192
-0.123949640389877

qdotdot1:
0.755833907165252
-0.050894393011647
qdotdot2:
1.319850860518423
-0.177209523410039
qdotdot3:
-0.033630335108297
-0.109373958023333
qdotdot4:
-0.124183282236477
-0.318584961550612
qdotdot5:
1.052774662032637
-0.229736051865326
qdotdot6:
-0.856456161520102
0.247702896726233
qdotdot7:
-0.293844698851269
0.049012298306769

qdotdot1:
-0.245108699086324
0.195280714252282
qdotdot2:
3.029677062705936
0.252665908322179
qdotdot3:
-0.588007344417097
-0.120327358332744
qdotdot4:
1.201315853325120
-0.359031457182975
qdotdot5:
-1.275971022254526
0.113152660712592
qdotdot6:
1.870955640135189
-0.031244879273669
qdotdot7:
1.029190011367426
-0.046692921547614

qdotdot1:
-0.414274224246519
0.115448809759930
qdotdot2:
-3.612616341675018
1.239431742477371
qdotdot3:
1.255930554224728
-0.311841353287999
qdotdot4:
-2.487954850525186
0.032237122126091
qdotdot5:
1.172390111710200
-0.302431107482259
qdotdot6:
-2.753654795501299
0.578125381877677
qdotdot7:
-2.011519297152818
0.288514270193185

qdotdot1:
-0.013217685455600
-0.019480307105253
qdotdot2:
-1.051103773656900
0.062802582308150
qdotdot3:
0.176614221809857
0.097215234371439
qdotdot4:
3.059523277073944
-0.778089784869816
qdotdot5:
0.201264314158789
0.079416357641223
qdotdot6:
0.345853006530746
-0.318739998497692
qdotdot7:
0.988214548306254
-0.366637574736939

qdotdot1:
0.105517038706170
-0.023785307322849
qdotdot2:
0.487456405394303
-0.279541921917610
qdotdot3:
-0.756372978461304
0.154738487279530
qdotdot4:
-0.254913251761489
0.218396961451149
qdotdot5:
-0.823849909624006
0.144968145748035
qdotdot6:
1.129740349996466
-0.206095672577495
qdotdot7:
0.616183697366268
-0.044776091515760

qdotdot1:
-0.010667750144552
0.010581592700312
qdotdot2:
0.909440144746682
-0.120777368294329
qdotdot3:
0.103443321069075
-0.091612195508162
qdotdot4:
-0.804077888051298
0.135371714104497
qdotdot5:
0.272938907565283
-0.123359773849683
qdotdot6:
-0.223315161407354
0.161860764947029
qdotdot7:
-0.528419331585391
0.155914941732978

qdotdot1:
-0.033250571798047
0.007107106426007
qdotdot2:
-0.258460489535204
0.175427291301856
qdotdot3:
0.280792300068655
-0.057920705329555
qdotdot4:
-0.060145835849801
-0.126516457970197
qdotdot5:
0.316619290954408
-0.034463570319490
qdotdot6:
-0.481622278184273
0.089127015783408
qdotdot7:
-0.308790339044697
-0.016191237151276

qdotdot1:
0.032901414755950
-0.003722604971396
qdotdot2:
-0.212565038395887
0.091246708594939
qdotdot3:
-0.145974314125480
0.033533348177433
qdotdot4:
0.868420197529395
-0.146105957000923
qdotdot5:
-0.373628400656971
0.068659334294379
qdotdot6:
0.389753212602522
-0.067737362579005
qdotdot7:
0.710590890182152
-0.116764252089825

qdotdot1:
-0.028735003919399
0.006993385975687
qdotdot2:
0.260037083287734
0.022014274548781
qdotdot3:
0.099882352189573
-0.014010486647857
qdotdot4:
-0.886494400130786
0.136738505585776
qdotdot5:
0.287001192813170
-0.053031437628705
qdotdot6:
-0.256494733749231
0.059205260673684
qdotdot7:
-0.666223594121560
0.114675204321219

qdotdot1:
0.020080962181668
-0.002365604941535
qdotdot2:
-0.064446676059879
0.106708353848615
qdotdot3:
-0.003828540317158
0.018521195949264
qdotdot4:
0.113892086099168
-0.151992724876680
qdotdot5:
-0.139606841250274
0.040444852275567
qdotdot6:
0.028294124773538
-0.024335075364118
qdotdot7:
0.208906319442033
-0.102313823545690

qdotdot1:
-0.014174702694812
0.004174764539342
qdotdot2:
-0.096333202537837
0.085718071140411
qdotdot3:
0.034278093574067
0.017274240349222
qdotdot4:
0.148673317848767
-0.114898071876619
qdotdot5:
0.122171813082448
-0.005025096603096
qdotdot6:
-0.008716175760134
-0.015119678786861
qdotdot7:
-0.091812782701656
-0.034273034280713

qdotdot1:
0.033750540303495
-0.000441936197751
qdotdot2:
-0.085278805286637
0.054342346602236
qdotdot3:
-0.082931837707275
0.028438615594106
qdotdot4:
0.021817444171896
-0.066475171525441
qdotdot5:
-0.192776762886503
0.034766263515953
qdotdot6:
0.122907891849293
-0.017958537274607
qdotdot7:
0.236385169142818
-0.064176458056114

qdotdot1:
-0.028701778359901
0.010550614944324
qdotdot2:
-0.004903318605347
0.026567039302894
qdotdot3:
0.137324808658372
0.001427715646851
qdotdot4:
0.411800852488680
-0.059369229851847
qdotdot5:
0.277371452669406
-0.028021129099926
qdotdot6:
-0.247334072675600
0.022072563702406
qdotdot7:
-0.149342502515263
0.012814192690932

qdotdot1:
0.045596693582146
0.001202445591994
qdotdot2:
-0.127901177240384
0.024970028409128
qdotdot3:
-0.217813847897144
0.046154406499160
qdotdot4:
-0.113145981218368
0.074754309819699
qdotdot5:
-0.274383546930509
0.062318754392380
qdotdot6:
0.318288989667074
-0.058484144978867
qdotdot7:
0.270743298379483
-0.035826661109400

qdotdot1:
-0.003927787855221
0.016053288914919
qdotdot2:
0.024570751185741
-0.016687385644209
qdotdot3:
0.061406429116106
-0.024787564827254
qdotdot4:
0.056007351712655
0.037902663182967
qdotdot5:
0.145156145354584
-0.027047968186140
qdotdot6:
-0.179243131656223
0.045182580513892
qdotdot7:
-0.101532670361940
0.052354432498230

qdotdot1:
-0.008407936700916
0.014774008391245
qdotdot2:
-0.029026872716048
-0.008684691862727
qdotdot3:
0.011724615614523
-0.004787490563521
qdotdot4:
0.031962796515737
0.056144257909965
qdotdot5:
-0.081015388841241
0.020229389066464
qdotdot6:
0.057247762190613
-0.013196908344030
qdotdot7:
0.026330928698533
0.019285241264290

qdotdot1:
-0.043838350292574
0.012035543366595
qdotdot2:
-0.185557862359191
-0.018138744448445
qdotdot3:
-0.123516554016999
-0.000968783200473
qdotdot4:
0.078631295196147
0.066554540891615
qdotdot5:
-0.045791982533471
-0.006157323475741
qdotdot6:
0.129357628247839
0.005448688081711
qdotdot7:
0.166822194449647
0.027861224870306

qdotdot1:
-0.020231271600276
-0.002242607538308
qdotdot2:
-0.026970983814663
-0.078574941127238
qdotdot3:
0.389881595945294
-0.041198125448488
qdotdot4:
0.088694441023493
0.092164754121942
qdotdot5:
0.318905551104693
-0.021071772411069
qdotdot6:
-0.642913656628839
0.047580468235306
qdotdot7:
-0.552342396152050
0.082195214419239

qdotdot1:
-0.257413588977396
-0.008831932797561
qdotdot2:
-0.648445360182643
-0.087359390687711
qdotdot3:
-0.773896343692517
0.085786312259570
qdotdot4:
1.383289381217437
0.121052533997499
qdotdot5:
-0.710191489692729
0.082795767144940
qdotdot6:
1.341158193212343
-0.161816512876108
qdotdot7:
1.587796474889540
-0.097702706711491

