1579192841.901000023

1579192841.903000116

1579192841.904999971

1579192841.905999899

1579192841.907999992

1579192841.911000013

1579192841.913000107

1579192841.914999962

1579192841.917000055

1579192841.918999910

1579192841.920000076

1579192841.924000025

1579192841.926000118

1579192841.927999973

1579192841.930000067

1579192841.930999994

1579192841.934999943

1579192841.936000109

1579192841.937999964

1579192841.940000057

1579192841.940999985

1579192841.943000078

1579192841.950000048

1579192841.996000051

1579192841.997999907

1579192842.000999928

1579192842.003000021

1579192842.005000114

1579192842.007999897

1579192842.009999990

1579192842.012000084

1579192842.013999939

1579192842.016000032

1579192842.019999981

1579192842.022000074

1579192842.023999929

1579192842.026000023

1579192842.028000116

1579192842.032999992

1579192842.033999920

1579192842.036000013

1579192842.038000107

1579192842.039999962

1579192842.042000055

1579192842.045000076

1579192842.046999931

1579192842.049000025

1579192842.049999952

1579192842.052000046

1579192842.055999994

1579192842.056999922

1579192842.059000015

1579192842.061000109

1579192842.062999964

1579192842.063999891

1579192842.068000078

1579192842.069999933

1579192842.071000099

1579192842.072999954

1579192842.075000048

1579192842.076999903

1579192842.095999956

1579192842.098000050

1579192842.099999905

1579192842.104000092

1579192842.105999947

1579192842.108000040

1579192842.109999895

1579192842.111999989

1579192842.122999907

1579192842.135999918

1579192842.138999939

1579192842.141000032

1579192842.144000053

1579192842.145999908

1579192842.148000002

1579192842.150000095

1579192842.153000116

1579192842.154999971

1579192842.157000065

1579192842.157999992

1579192842.160000086

1579192842.164000034

1579192842.164999962

1579192842.167000055

1579192842.168999910

1579192842.171000004

1579192842.171999931

1579192842.176000118

1579192842.177999973

1579192842.180000067

1579192842.181999922

1579192842.188999891

1579192842.190999985

1579192842.193000078

1579192842.194000006

1579192842.198999882

1579192842.200999975

1579192842.201999903

1579192842.204999924

1579192842.206000090

1579192842.207999945

1579192842.210999966

1579192842.213000059

1579192842.214999914

1579192842.217000008

1579192842.219000101

1579192842.220000029

1579192842.223999977

1579192842.226000071

1579192842.227999926

1579192842.229000092

1579192842.230999947

1579192842.234999895

1579192842.236999989

1579192842.239000082

1579192842.240999937

1579192842.242000103

1579192842.243999958

1579192842.246999979

1579192842.249000072

1579192842.250999928

1579192842.253000021

1579192842.255000114

1579192842.259000063

1579192842.260999918

1579192842.262000084

1579192842.263999939

1579192842.266000032

1579192842.267999887

1579192842.272000074

1579192842.273000002

1579192842.275000095

1579192842.276999950

1579192842.279000044

1579192842.280999899

1579192842.282999992

1579192842.285000086

1579192842.286999941

1579192842.289000034

1579192842.289999962

1579192842.293999910

1579192842.296000004

1579192842.296999931

1579192842.299999952

1579192842.302000046

1579192842.302999973

1579192842.306999922

1579192842.309000015

1579192842.309999943

1579192842.312000036

1579192842.313999891

1579192842.315999985

1579192842.319000006

1579192842.319999933

1579192842.322000027

1579192842.323999882

1579192842.326999903

1579192842.331000090

1579192842.332999945

1579192842.335000038

1579192842.335999966

1579192842.338000059

1579192842.339999914

1579192842.344000101

1579192842.345999956

1579192842.348000050

1579192842.349999905

1579192842.351000071

1579192842.355000019

1579192842.357000113

1579192842.358999968

1579192842.361000061

1579192842.362999916

1579192842.365000010

1579192842.368000031

1579192842.369999886

1579192842.371999979

1579192842.372999907

1579192842.375000000

1579192842.378999949

1579192842.380000114

1579192842.382999897

1579192842.384000063

1579192842.385999918

1579192842.390000105

1579192842.391999960

1579192842.394000053

1579192842.395999908

1579192842.397000074

1579192842.398999929

1579192842.403000116

1579192842.404000044

1579192842.405999899

1579192842.407999992

1579192842.410000086

1579192842.411999941

1579192842.414999962

1579192842.417000055

1579192842.418999910

1579192842.420000076

1579192842.421999931

1579192842.424000025

1579192842.427000046

1579192842.428999901

1579192842.430999994

1579192842.431999922

1579192842.434000015

1579192842.437999964

1579192842.440000057

1579192842.441999912

1579192842.444000006

1579192842.444999933

1579192842.447000027

1579192842.450000048

1579192842.451999903

1579192842.453999996

1579192842.456000090

1579192842.457999945

1579192842.460000038

1579192842.463000059

1579192842.464999914

1579192842.466000080

1579192842.467999935

1579192842.470000029

1579192842.473999977

1579192842.474999905

1579192842.479000092

1579192842.482000113

1579192842.484999895

1579192842.486999989

1579192842.489000082

1579192842.490999937

1579192842.493000031

1579192842.494999886

1579192842.497999907

1579192842.500000000

1579192842.500999928

1579192842.503000021

1579192842.505000114

1579192842.507999897

1579192842.510999918

1579192842.513000011

1579192842.513999939

1579192842.516000032

1579192842.517999887

1579192842.522000074

1579192842.523999929

1579192842.525000095

1579192842.526999950

1579192842.529000044

1579192842.530999899

1579192842.533999920

1579192842.536000013

1579192842.538000107

1579192842.539999962

1579192842.540999889

1579192842.542999983

1579192842.546000004

1579192842.548000097

1579192842.549999952

1579192842.552000046

1579192842.552999973

1579192842.555000067

1579192842.559000015

1579192842.561000109

1579192842.562999964

1579192842.565000057

1579192842.565999985

1579192842.569999933

1579192842.572000027

1579192842.572999954

1579192842.575000048

1579192842.576999903

1579192842.578000069

1579192842.582000017

1579192842.582999945

1579192842.585000038

1579192842.586999893

1579192842.588999987

1579192842.592999935

1579192842.595000029

1579192842.596999884

1579192842.598999977

1579192842.599999905

1579192842.601999998

1579192842.608999968

1579192842.611000061

1579192842.612999916

1579192842.617000103

1579192842.618999958

1579192842.621000051

1579192842.621999979

1579192842.624000072

1579192842.625999928

1579192842.628999949

1579192842.631000042

1579192842.632999897

1579192842.634999990

1579192842.635999918

1579192842.638000011

1579192842.641999960

1579192842.642999887

1579192842.644999981

1579192842.647000074

1579192842.648999929

1579192842.651000023

1579192842.654000044

1579192842.654999971

1579192842.657000065

1579192842.658999920

1579192842.661000013

1579192842.664999962

1579192842.665999889

1579192842.667999983

1579192842.670000076

1579192842.671999931

1579192842.673000097

1579192842.677000046

1579192842.677999973

1579192842.680999994

1579192842.683000088

1579192842.684000015

1579192842.687999964

1579192842.690999985

1579192842.693000078

1579192842.694999933

1579192842.696000099

1579192842.697999954

1579192842.700999975

1579192842.703000069

1579192842.704999924

1579192842.707000017

1579192842.709000111

1579192842.710000038

1579192842.713999987

1579192842.716000080

1579192842.717999935

1579192842.719000101

1579192842.720999956

1579192842.724999905

1579192842.726999998

1579192842.729000092

1579192842.730999947

1579192842.732000113

1579192842.733999968

1579192842.736999989

1579192842.739000082

1579192842.740999937

1579192842.743000031

1579192842.743999958

1579192842.746000051

1579192842.750000000

1579192842.750999928

1579192842.753000021

1579192842.755000114

1579192842.756999969

1579192842.760999918

1579192842.762000084

1579192842.763999939

1579192842.766000032

1579192842.767999887

1579192842.769000053

1579192842.773000002

1579192842.775000095

1579192842.776000023

1579192842.778000116

1579192842.780999899

1579192842.783999920

1579192842.786000013

1579192842.788000107

1579192842.789999962

1579192842.792000055

1579192842.793999910

1579192842.796999931

1579192842.799000025

1579192842.801000118

1579192842.802999973

1579192842.803999901

1579192842.808000088

1579192842.809999943

1579192842.812000036

1579192842.812999964

1579192842.815000057

1579192842.816999912

1579192842.819999933

1579192842.822000027

1579192842.823999882

1579192842.825999975

1579192842.826999903

1579192842.828999996

1579192842.832999945

1579192842.835000038

1579192842.835999966

1579192842.838000059

1579192842.839999914

1579192842.844000101

1579192842.845999956

1579192842.846999884

1579192842.848999977

1579192842.851000071

1579192842.852999926

1579192842.855999947

1579192842.858000040

1579192842.859999895

1579192842.861999989

1579192842.862999916

1579192842.865000010

1579192842.868999958

1579192842.871000051

1579192842.871999979

1579192842.875000000

1579192842.877000093

1579192842.880000114

1579192842.881999969

1579192842.884000063

1579192842.885999918

1579192842.887000084

1579192842.888999939

1579192842.891999960

1579192842.894000053

1579192842.895999908

1579192842.898000002

1579192842.898999929

1579192842.901000023

1579192842.904999971

1579192842.907000065

1579192842.908999920

1579192842.910000086

1579192842.911999941

1579192842.915999889

1579192842.917999983

1579192842.918999910

1579192842.921000004

1579192842.923000097

1579192842.924999952

1579192842.927999973

1579192842.930000067

1579192842.931999922

1579192842.934000015

1579192842.934999943

1579192842.937000036

1579192842.940999985

1579192842.943000078

1579192842.944999933

1579192842.947000027

1579192842.947999954

1579192842.951999903

1579192842.953999996

1579192842.956000090

1579192842.957999945

1579192842.959000111

1579192842.960999966

1579192842.964999914

1579192842.966000080

1579192842.969000101

1579192842.970999956

1579192842.971999884

1579192842.976999998

1579192842.979000092

1579192842.980999947

1579192842.983000040

1579192842.983999968

1579192842.987999916

1579192842.990000010

1579192842.992000103

1579192842.993000031

1579192842.994999886

1579192842.999000072

1579192843.000999928

1579192843.002000093

1579192843.003999949

1579192843.006000042

1579192843.007999897

1579192843.010999918

1579192843.013000011

1579192843.015000105

1579192843.016999960

1579192843.017999887

1579192843.019999981

1579192843.023000002

1579192843.025000095

1579192843.026999950

1579192843.029000044

1579192843.035000086

1579192843.036999941

1579192843.039000034

1579192843.040999889

1579192843.042999983

1579192843.043999910

1579192843.048000097

1579192843.049999952

1579192843.051000118

1579192843.052999973

1579192843.055000067

1579192843.059999943

1579192843.061000109

1579192843.062999964

1579192843.065000057

1579192843.066999912

1579192843.068000078

1579192843.072000027

1579192843.073999882

1579192843.075000048

1579192843.076999903

1579192843.079999924

1579192843.081000090

1579192843.085000038

1579192843.086999893

1579192843.088999987

1579192843.091000080

1579192843.092999935

1579192843.095999956

1579192843.098000050

1579192843.101999998

1579192843.104000092

1579192843.105000019

1579192843.108999968

1579192843.111000061

1579192843.112999916

1579192843.115000010

1579192843.118999958

1579192843.119999886

1579192843.121999979

1579192843.124000072

1579192843.125999928

1579192843.127000093

1579192843.131000042

1579192843.132999897

1579192843.134999990

1579192843.137000084

1579192843.138000011

1579192843.140000105

1579192843.144000053

1579192843.144999981

1579192843.147000074

1579192843.148999929

1579192843.151000023

1579192843.153000116

1579192843.155999899

1579192843.157999992

1579192843.158999920

1579192843.161000013

1579192843.163000107

1579192843.167000055

1579192843.167999983

1579192843.170000076

1579192843.171999931

1579192843.174000025

1579192843.176000118

1579192843.177999973

1579192843.180000067

1579192843.181999922

1579192843.184000015

1579192843.184999943

1579192843.187000036

1579192843.190999985

1579192843.193000078

1579192843.194000006

1579192843.196000099

1579192843.197999954

1579192843.200000048

1579192843.203000069

1579192843.204999924

1579192843.207000017

1579192843.207999945

1579192843.210000038

1579192843.211999893

1579192843.214999914

1579192843.217000008

1579192843.219000101

1579192843.220000029

1579192843.221999884

1579192843.226000071

1579192843.227999926

1579192843.230000019

1579192843.230999947

1579192843.233000040

1579192843.233999968

1579192843.237999916

1579192843.240000010

1579192843.242000103

1579192843.243999958

1579192843.246000051

1579192843.246999979

1579192843.250999928

1579192843.253000021

1579192843.255000114

1579192843.256999969

1579192843.259000063

1579192843.263000011

1579192843.263999939

1579192843.266000032

1579192843.267999887

1579192843.269999981

1579192843.270999908

1579192843.275000095

1579192843.276999950

1579192843.279000044

1579192843.280999899

1579192843.282000065

1579192843.286000013

1579192843.288000107

1579192843.289999962

1579192843.293999910

1579192843.298000097

1579192843.299999952

1579192843.302000046

1579192843.303999901

1579192843.305999994

1579192843.308000088

1579192843.311000109

1579192843.312999964

1579192843.313999891

1579192843.315999985

1579192843.318000078

1579192843.322000027

1579192843.323999882

1579192843.325999975

1579192843.328000069

1579192843.328999996

1579192843.331000090

1579192843.334000111

1579192843.335999966

1579192843.338000059

1579192843.339999914

1579192843.342000008

1579192843.344000101

1579192843.346999884

1579192843.348999977

1579192843.351000071

1579192843.352999926

1579192843.354000092

1579192843.358000040

1579192843.359999895

1579192843.361000061

1579192843.362999916

1579192843.365000010

1579192843.367000103

1579192843.369999886

1579192843.371999979

1579192843.374000072

1579192843.375999928

1579192843.378000021

1579192843.381000042

1579192843.382999897

1579192843.384999990

1579192843.387000084

1579192843.388999939

1579192843.391000032

1579192843.394000053

1579192843.395999908

1579192843.398000002

1579192843.398999929

1579192843.401000023

1579192843.404999971

1579192843.405999899

1579192843.407999992

1579192843.410000086

1579192843.411999941

1579192843.413000107

1579192843.417000055

1579192843.418999910

1579192843.421999931

1579192843.424000025

1579192843.424999952

1579192843.427000046

1579192843.430000067

1579192843.431999922

1579192843.434000015

1579192843.436000109

1579192843.437000036

1579192843.438999891

1579192843.441999912

1579192843.444000006

1579192843.446000099

1579192843.447999954

1579192843.450000048

1579192843.453999996

1579192843.460000038

1579192843.461999893

1579192843.466000080

1579192843.467000008

1579192843.469000101

1579192843.470999956

1579192843.473000050

1579192843.474999905

1579192843.476999998

1579192843.479000092

1579192843.482000113

1579192843.483000040

1579192843.484999895

1579192843.489000082

1579192843.490999937

1579192843.492000103

1579192843.493999958

1579192843.496000051

1579192843.496999979

1579192843.500999928

1579192843.503000021

1579192843.503999949

1579192843.506000042

1579192843.507999897

1579192843.509000063

1579192843.513000011

1579192843.515000105

1579192843.516999960

1579192843.519000053

1579192843.519999981

1579192843.522000074

1579192843.526000023

1579192843.528000116

1579192843.529999971

1579192843.532000065

1579192843.532999992

1579192843.536999941

1579192843.539000034

1579192843.539999962

1579192843.542000055

1579192843.543999910

1579192843.546000004

1579192843.549000025

1579192843.551000118

1579192843.552999973

1579192843.555000067

1579192843.555999994

1579192843.558000088

1579192843.562000036

1579192843.563999891

1579192843.565000057

1579192843.566999912

1579192843.569000006

1579192843.572999954

1579192843.575000048

1579192843.576999903

1579192843.578999996

1579192843.581000090

1579192843.584000111

1579192843.585999966

1579192843.588000059

1579192843.589999914

1579192843.592000008

1579192843.594000101

1579192843.596999884

1579192843.598999977

1579192843.599999905

1579192843.601999998

1579192843.605000019

1579192843.608999968

1579192843.609999895

1579192843.611999989

1579192843.614000082

1579192843.615999937

1579192843.618000031

1579192843.621999979

1579192843.624000072

1579192843.625999928

1579192843.627000093

1579192843.628999949

1579192843.632999897

1579192843.634999990

1579192843.635999918

1579192843.638999939

1579192843.640000105

1579192843.641999960

1579192843.644999981

1579192843.647000074

1579192843.648999929

1579192843.651000023

1579192843.651999950

1579192843.654000044

1579192843.657000065

1579192843.658999920

1579192843.661000013

1579192843.663000107

1579192843.664000034

1579192843.665999889

1579192843.668999910

1579192843.671000004

1579192843.673000097

1579192843.676000118

1579192843.677999973

1579192843.680999994

1579192843.683000088

1579192843.684999943

1579192843.687000036

1579192843.687999964

1579192843.691999912

1579192843.694000006

1579192843.696000099

1579192843.697000027

1579192843.698999882

1579192843.700999975

1579192843.703999996

1579192843.706000090

1579192843.707999945

1579192843.710000038

1579192843.711999893

1579192843.713999987

1579192843.717000008

1579192843.719000101

1579192843.720999956

1579192843.723000050

1579192843.723999977

1579192843.727999926

1579192843.730000019

1579192843.730999947

1579192843.733000040

1579192843.734999895

1579192843.736999989

1579192843.740000010

1579192843.742000103

1579192843.743999958

1579192843.746000051

1579192843.746999979

1579192843.749000072

1579192843.752000093

1579192843.753999949

1579192843.756000042

1579192843.757999897

1579192843.759000063

1579192843.760999918

1579192843.763999939

1579192843.766000032

1579192843.767999887

1579192843.769999981

1579192843.772000074

1579192843.773000002

1579192843.776000023

1579192843.778000116

1579192843.779999971

1579192843.782000065

1579192843.782999992

1579192843.788000107

1579192843.789999962

1579192843.792000055

1579192843.793999910

1579192843.796999931

1579192843.799999952

1579192843.802000046

1579192843.803999901

1579192843.805999994

1579192843.808000088

1579192843.809999943

1579192843.812999964

1579192843.815000057

1579192843.815999985

1579192843.819000006

1579192843.819999933

1579192843.823999882

1579192843.825999975

1579192843.828000069

1579192843.829999924

1579192843.832000017

1579192843.835999966

1579192843.836999893

1579192843.838999987

1579192843.841000080

1579192843.842999935

1579192843.845000029

1579192843.848000050

1579192843.849999905

1579192843.851999998

1579192843.854000092

1579192843.855000019

1579192843.857000113

1579192843.861000061

1579192843.862999916

1579192843.865000010

1579192843.865999937

1579192843.868000031

1579192843.871999979

1579192843.872999907

1579192843.875999928

1579192843.877000093

1579192843.878999949

1579192843.887000084

1579192843.888999939

1579192843.891000032

1579192843.894999981

1579192843.897000074

1579192843.898999929

1579192843.901000023

1579192843.904000044

1579192843.907000065

1579192843.908999920

1579192843.911000013

1579192843.913000107

1579192843.914000034

1579192843.915999889

1579192843.918999910

1579192843.921000004

1579192843.927000046

1579192843.930999994

1579192843.931999922

1579192843.934000015

1579192843.936000109

1579192843.937999964

1579192843.940000057

1579192843.944000006

1579192843.944999933

1579192843.947000027

1579192843.948999882

1579192843.950999975

1579192843.951999903

1579192843.956000090

1579192843.960000038

1579192843.960999966

1579192843.963000059

1579192843.967000008

1579192843.969000101

1579192843.970999956

1579192843.973999977

1579192843.976000071

1579192843.979000092

1579192843.980999947

1579192843.983000040

1579192843.984999895

1579192843.986999989

1579192843.990999937

1579192843.992000103

1579192843.993999958

1579192843.996000051

1579192843.997999907

1579192844.000000000

1579192844.003000021

1579192844.005000114

1579192844.006999969

1579192844.009000063

1579192844.009999990

1579192844.012000084

1579192844.015000105

1579192844.016999960

1579192844.019000053

1579192844.020999908

1579192844.022000074

1579192844.023999929

1579192844.026999950

1579192844.029000044

1579192844.030999899

1579192844.032999992

1579192844.033999920

1579192844.036000013

1579192844.039999962

1579192844.040999889

1579192844.042999983

1579192844.045000076

1579192844.046999931

1579192844.049000025

1579192844.052000046

1579192844.053999901

1579192844.055999994

1579192844.056999922

1579192844.059000015

1579192844.062999964

1579192844.065000057

1579192844.066999912

1579192844.068000078

1579192844.069999933

1579192844.072000027

1579192844.075000048

1579192844.076999903

1579192844.078999996

1579192844.081000090

1579192844.082000017

1579192844.085000038

1579192844.088000059

1579192844.089999914

1579192844.092000008

1579192844.094000101

1579192844.095999956

1579192844.098999977

1579192844.101000071

1579192844.102999926

1579192844.105000019

1579192844.105999947

1579192844.108000040

1579192844.111000061

1579192844.112999916

1579192844.115000010

1579192844.117000103

1579192844.118999958

1579192844.119999886

1579192844.122999907

1579192844.125000000

1579192844.127000093

1579192844.128999949

1579192844.131000042

1579192844.134000063

