0.000000000

0.002000093

0.003999949

0.004999876

0.006999969

0.009999990

0.012000084

0.013999939

0.016000032

0.016999960

0.019000053

0.022000074

0.023999929

0.026000023

0.027999878

0.029000044

0.030999899

0.033999920

0.036000013

0.037999868

0.040999889

0.042999983

0.046000004

0.048000097

0.049999952

0.052999973

0.056999922

0.058000088

0.059999943

0.062000036

0.063999891

0.065000057

0.069000006

0.071000099

0.072999954

0.073999882

0.075999975

0.076999903

0.081000090

0.082999945

0.083999872

0.085999966

0.088000059

0.088999987

0.092999935

0.095000029

0.095999956

0.098000050

0.099999905

0.101000071

0.105000019

0.106999874

0.108000040

0.111000061

0.112999916

0.114000082

0.118000031

0.119999886

0.122999907

0.124000072

0.127000093

0.131999969

0.134999990

0.137000084

0.138000011

0.141999960

0.144000053

0.145999908

0.148000002

0.150000095

0.152999878

0.154999971

0.157000065

0.158999920

0.160000086

0.161999941

0.167999983

0.171000004

0.171999931

0.174000025

0.177000046

0.178999901

0.180999994

0.183000088

0.184000015

0.185999870

0.188999891

0.191999912

0.196000099

0.197999954

0.200999975

0.203000069

0.203999996

0.206000090

0.207999945

0.208999872

0.213000059

0.214999914

0.216000080

0.220000029

0.221999884

0.224999905

0.226999998

0.227999926

0.230000019

0.231999874

0.233000040

0.236999989

0.237999916

0.240000010

0.241999865

0.243000031

0.244999886

0.246000051

0.249000072

0.250999928

0.253000021

0.256000042

0.256999969

0.259999990

0.262000084

0.263999939

0.264999866

0.266999960

0.269000053

0.272000074

0.273999929

0.275000095

0.295000076

0.328999996

0.331000090

0.335000038

0.336999893

0.338999987

0.341000080

0.345000029

0.346999884

0.348999977

0.351000071

0.352999926

0.355000019

0.385999918

0.387000084

0.388999939

0.391000032

0.398999929

0.401000023

0.401999950

0.405999899

0.407999992

0.408999920

0.411000013

0.412999868

0.414000034

0.417999983

0.420000076

0.421000004

0.423000097

0.424999952

0.425999880

0.430000067

0.431999922

0.434000015

0.435999870

0.453000069

0.454999924

0.457000017

0.457999945

0.460000038

0.463999987

0.464999914

0.467000008

0.469000101

0.470000029

0.471999884

0.473999977

0.476999998

0.479000092

0.480999947

0.481999874

0.483999968

0.484999895

0.490000010

0.491999865

0.493999958

0.494999886

0.496999979

0.497999907

0.502000093

0.503999949

0.506000042

0.506999969

0.509000063

0.509999990

0.513999939

0.516000032

0.517999887

0.519999981

0.522000074

0.525000095

0.526999950

0.529000044

0.530999899

0.532000065

0.533999920

0.536999941

0.537999868

0.539999962

0.542000055

0.542999983

0.545000076

0.548000097

0.550999880

0.552999973

0.555000067

0.556999922

0.559999943

0.562000036

0.563999891

0.565999985

0.566999912

0.569000006

0.572000027

0.575000048

0.575999975

0.578000069

0.579999924

0.581000090

0.585000038

0.586999893

0.588999987

0.589999914

0.592000008

0.594000101

0.596999884

0.598999977

0.599999905

0.601999998

0.604000092

0.605999947

0.608999968

0.611000061

0.611999989

0.614000082

0.615999937

0.616999865

0.621000051

0.622999907

0.625000000

0.625999928

0.628000021

0.628999949

0.632999897

0.634999990

0.637000084

0.638000011

0.639999866

0.641999960

0.644999981

0.647000074

0.648999929

0.651000023

0.651999950

0.655999899

0.657999992

0.658999920

0.661000013

0.662999868

0.664000034

0.667999983

0.671000004

0.671999931

0.674000025

0.675999880

0.677000046

0.683000088

0.684999943

0.687000036

0.687999964

0.691999912

0.694000006

0.700000048

0.701999903

0.704999924

0.707000017

0.708999872

0.710000038

0.711999893

0.713000059

0.717000008

0.719000101

0.720999956

0.723000050

0.723999977

0.727999926

0.730000019

0.730999947

0.733000040

0.734999895

0.739000082

0.740999937

0.741999865

0.743999958

0.746000051

0.747999907

0.750999928

0.753000021

0.754999876

0.756999969

0.757999897

0.759999990

0.763000011

0.764999866

0.766999960

0.769000053

0.769999981

0.772000074

0.775000095

0.776999950

0.779000044

0.780999899

0.782000065

0.783999920

0.786999941

0.789000034

0.790999889

0.792999983

0.793999910

0.796000004

0.799000025

0.800999880

0.802999973

0.805000067

0.805999994

0.808000088

0.810999870

0.812999964

0.815000057

0.816999912

0.818000078

0.819999933

0.823999882

0.825000048

0.826999903

0.828999996

0.829999924

0.832000017

0.835000038

0.835999966

0.838000059

0.839999914

0.842000008

0.842999935

0.846999884

0.848999977

0.849999905

0.852999926

0.855000019

0.855999947

0.859999895

0.861999989

0.862999916

0.865000010

0.866999865

0.868000031

0.871999979

0.874000072

0.875999928

0.877000093

0.878999949

0.881000042

0.884000063

0.885999918

0.887000084

0.888999939

0.891000032

0.891999960

0.895999908

0.898000002

0.898999929

0.901000023

0.902999878

0.904000044

0.907999992

0.910000086

0.911000013

0.912999868

0.914999962

0.915999889

0.920000076

0.921999931

0.924000025

0.924999952

0.927000046

0.930999994

0.933000088

0.934999943

0.937000036

0.938999891

0.941999912

0.944000006

0.946000099

0.947999954

0.948999882

0.950999975

0.953999996

0.956000090

0.957999945

0.960000038

0.960999966

0.963000059

0.966000080

0.967999935

0.970000029

0.971999884

0.973000050

0.974999905

0.977999926

0.980000019

0.981999874

0.983999968

0.984999895

0.986999989

0.990999937

0.996000051

0.997999907

0.999000072

1.003000021

1.004999876

1.006999969

1.007999897

1.009999990

1.012000084

1.014999866

1.016999960

1.019000053

1.020999908

1.022000074

1.026000023

1.026999950

1.029000044

1.030999899

1.032999992

1.036000013

1.039000034

1.040999889

1.042999983

1.045000076

1.046000004

1.049999952

1.052000046

1.052999973

1.055000067

1.056999922

1.059000015

1.062000036

1.063999891

1.065999985

1.066999912

1.069000006

1.071000099

1.073999882

1.075999975

1.078000069

1.079999924

1.081000090

1.082999945

1.085999966

1.088000059

1.089999914

1.092000008

1.092999935

1.095000029

1.098000050

1.099999905

1.101999998

1.102999926

1.105000019

1.106999874

1.109999895

1.111999989

1.114000082

1.115999937

1.116999865

1.118999958

1.121999979

1.124000072

1.125999928

1.128000021

1.128999949

1.131000042

1.134000063

1.135999918

1.138000011

1.138999939

1.141000032

1.142999887

1.145999908

1.148000002

1.150000095

1.151000023

1.152999878

1.154000044

1.157999992

1.160000086

1.161999941

1.162999868

1.164999962

1.165999889

1.170000076

1.171999931

1.174000025

1.174999952

1.177999973

1.181999922

1.184000015

1.185999870

1.187000036

1.188999891

1.190000057

1.194000006

1.196000099

1.197999954

1.198999882

1.200999975

1.203000069

1.206000090

1.207999945

1.208999872

1.210999966

1.213000059

1.213999987

1.219000101

1.220999956

1.221999884

1.223999977

1.226000071

1.226999998

1.230999947

1.233000040

1.234999895

1.236000061

1.237999916

1.240999937

1.243000031

1.244999886

1.246999979

1.249000072

1.250000000

1.253999949

1.256000042

1.257999897

1.259000063

1.260999918

1.263000011

1.266000032

1.267999887

1.269999981

1.270999908

1.273000002

1.273999929

1.277999878

1.279999971

1.280999899

1.282999992

1.289999962

1.292000055

1.292999983

1.295000076

1.296000004

1.298000097

1.302000046

1.303999901

1.305999994

1.306999922

1.309000015

1.309999943

1.313999891

1.315999985

1.318000078

1.319999933

1.321000099

1.325000048

1.326999903

1.328000069

1.331000090

1.332999945

1.336999893

1.338999987

1.341000080

1.342000008

1.344000101

1.345000029

1.348999977

1.351000071

1.352999926

1.354000092

1.355999947

1.356999874

1.361000061

1.362999916

1.365000010

1.366999865

1.368999958

1.371999979

1.374000072

1.375999928

1.377000093

1.378999949

1.381000042

1.384000063

1.385999918

1.388000011

1.389999866

1.392999887

1.395999908

1.398000002

1.400000095

1.402999878

1.404000044

1.405999899

1.408999920

1.411000013

1.412999868

1.414999962

1.417000055

1.417999983

1.421999931

1.424000025

1.425999880

1.427000046

1.428999901

1.430000067

1.433000088

1.434999943

1.437000036

1.441999912

1.444999933

1.448999882

1.450000048

1.451999903

1.453000069

1.457000017

1.460000038

1.461999893

1.464999914

1.469000101

1.470999956

1.471999884

1.473999977

1.474999905

1.476999998

1.480000019

1.481999874

1.486000061

1.486999989

