nSeg: 53

breaks: 
0.000000000000000
0.327547169811323
0.655094339622646
0.982641509433969
1.310188679245293
1.637735849056616
1.965283018867939
2.292830188679262
2.620377358490585
2.947924528301908
3.275471698113232
3.603018867924555
3.930566037735878
4.258113207547201
4.585660377358524
4.913207547169847
5.240754716981170
5.568301886792494
5.895849056603817
6.223396226415140
6.550943396226463
6.878490566037787
7.206037735849110
7.533584905660432
7.861132075471756
8.188679245283080
8.516226415094403
8.843773584905724
9.171320754717048
9.498867924528371
9.826415094339694
10.153962264151017
10.481509433962341
10.809056603773664
11.136603773584987
11.464150943396310
11.791698113207634
12.119245283018957
12.446792452830280
12.774339622641603
13.101886792452927
13.429433962264250
13.756981132075573
14.084528301886897
14.412075471698220
14.739622641509541
15.067169811320865
15.394716981132188
15.722264150943511
16.049811320754834
16.377358490566159
16.704905660377481
17.032452830188806
17.360000000000127

coefs_q:
q1:
0.029591081158664
-0.059899260772083
-0.000000000000000
-1.473859257460902
q2:
0.297844881400251
-0.439009626021076
0.000000000000000
1.404461938414547
q3:
-0.024600960483245
0.066789970854029
-0.000000000000000
-2.690725190718452
q4:
-0.262646750958279
0.347767134291994
-0.000000000000000
1.396391950668914
q5:
-0.008673614057439
0.035937276049210
0.000000000000000
-0.987926845727319
q6:
0.012495521393103
-0.063885941763934
0.000000000000000
-0.528583451464079
q7:
-0.071526507644172
0.060211398037483
-0.000000000000000
-0.506565461522022

q1:
0.027313634102465
-0.030821836116550
-0.029715438528051
-1.479245800351618
q2:
0.244875001629261
-0.146334882184752
-0.191727937027420
1.367828593726009
q3:
-0.027955681349569
0.042616045911247
0.035835631151796
-2.684424002358367
q4:
-0.211125287258054
0.089679534482423
0.143284418300452
1.424473067287475
q5:
-0.012384268906631
0.027414222839560
0.020750604164322
-0.984376042548542
q6:
0.024775205249501
-0.051607323761050
-0.037829492254976
-0.534998479344579
q7:
-0.045791912839453
-0.010073517398526
0.016422520903628
-0.502619108374400

q1:
0.024145398686206
-0.003982325473977
-0.041115443154684
-1.491325950193940
q2:
-0.032997689704989
0.094289459038870
-0.208775268080486
1.297934098156300
q3:
-0.042602689624419
0.015145632992651
0.054755305600319
-2.669096396175041
q4:
0.048944530182016
-0.117780936468512
0.134079883612178
1.473607653727347
q5:
-0.040073575501381
0.015244926147911
0.034723487681727
-0.975073250134078
q6:
0.068119196771538
-0.027262178678144
-0.063662974563362
-0.552055584675434
q7:
0.070146717270507
-0.055070551750955
-0.004915234576278
-0.499929918255961

q1:
0.031461541222452
0.019743945536921
-0.035952769111425
-1.504371941592389
q2:
-0.085563895929823
0.061864559419326
-0.157627461279839
1.238506805486242
q3:
-0.050298011268838
-0.026717538245834
0.050964960785314
-2.651033645773999
q4:
0.095013888214848
-0.069686009451919
0.072675616042768
1.506608748509035
q5:
-0.051656924490173
-0.024133032571182
0.031812213577803
-0.963472334997458
q6:
0.067228479500850
0.039674571658869
-0.059597330371939
-0.573439275536297
q7:
0.092524071066028
0.013858524389573
-0.018414117500685
-0.504983183883216

q1:
0.011669312041878
0.050659361892871
-0.012892365017440
-1.512924288791207
q2:
-0.008874988245248
-0.022214076430206
-0.144640057795100
1.190506796467795
q3:
-0.013785965860716
-0.076142451960572
0.017273462106385
-2.638974218286233
q4:
0.008744670716565
0.023678581080710
0.057606013089482
1.526275967845277
q5:
-0.011647998491391
-0.074893270824923
-0.000623571836469
-0.957456805794981
q6:
-0.002240819822631
0.105736066232535
-0.011968487470150
-0.586341124310209
q7:
0.016174325436108
0.104776517240871
0.020444454625815
-0.506276390326323

q1:
-0.031130010651268
0.062126112291758
0.024050197847563
-1.511301969667556
q2:
0.044006625532638
-0.030935008275725
-0.162048890068590
1.140435188676804
q3:
0.045469989923563
-0.089689114262951
-0.037044198075509
-2.641969912130543
q4:
-0.053339652721744
0.032271457513139
0.075932289881731
1.547992363576852
q5:
0.047054075080716
-0.086339077644387
-0.053434771259624
-0.966105469775324
q6:
-0.071571565101120
0.103534143659655
0.056577377505858
-0.578995993471407
q7:
-0.079588019810659
0.120670080801485
0.094288849758180
-0.487770301611475

q1:
-0.054472153874961
0.031536471636701
0.054729112130545
-1.497853020436375
q2:
0.044877175465469
0.012307728662762
-0.168150202787101
1.085584067851002
q3:
0.077451114261373
-0.045008414730513
-0.081163992477896
-2.662128235403293
q4:
-0.058300945721499
-0.020142299350039
0.079905161310248
1.574451642040036
q5:
0.075325237002038
-0.040101790282054
-0.094850119697417
-0.991217395740243
q6:
-0.095526353849271
0.033204952896139
0.101365881585266
-0.551871489996717
q7:
-0.119875710778854
0.042463588881878
0.147722821563901
-0.446736757358640

q1:
-0.006258712885127
-0.021990127869111
0.057855990013665
-1.478457435280034
q2:
0.002269168176761
0.056405904101284
-0.145643246847783
1.033404461768599
q3:
0.005975000025636
0.031098265094624
-0.085720222622784
-2.690820339683923
q4:
0.003217504730936
-0.077431228655241
0.047945228363613
1.596414552999008
q5:
0.001756914278578
0.033915914304100
-0.096876285866800
-1.023940641243899
q6:
0.000759431289677
-0.060663207641033
0.092372007955617
-0.518463866748814
q7:
-0.004362153208671
-0.075331260502325
0.136957108746336
-0.398007392372257

q1:
0.047342798925124
-0.028140198945666
0.041435943343768
-1.462086068803777
q2:
-0.027327014946067
0.058635682943656
-0.107961700600610
0.991830799272884
q3:
-0.070297838363393
0.036969548138683
-0.063424803042968
-2.715351340743975
q4:
0.048141497908367
-0.074269574949823
-0.001743940515329
1.603924569402105
q5:
-0.070096018307555
0.035642331202748
-0.074092679413991
-1.051971711986561
q6:
0.083703084711413
-0.059916958932234
0.052876315659166
-0.494689371904884
q7:
0.111373340342016
-0.079617693315676
0.086204017458024
-0.361382848196589

q1:
-0.005933791040662
0.018380800450946
0.038239279987762
-1.449869222745341
q2:
0.001266422903785
0.031783023728729
-0.078345309132070
0.961798789935160
q3:
0.008985538172589
-0.032108025860667
-0.061832425179829
-2.734629976722647
q4:
-0.000893380366658
-0.026963740778733
-0.034902626572834
1.597076945060036
q5:
0.012480788366989
-0.033236926032299
-0.073304795758161
-1.074879881718848
q6:
-0.003549202803680
0.022333166572869
0.040565850841080
-0.480856743553323
q7:
-0.009375984694147
0.029822373948707
0.069893701529522
-0.337775083952922

q1:
-0.052680943350391
0.012550011066084
0.048370579760133
-1.435580554065198
q2:
0.020561182773148
0.033027463442485
-0.057116817485046
0.939591419775412
q3:
0.074483931463192
-0.023278463067677
-0.079974112874094
-2.758012024925155
q4:
-0.033303951449300
-0.027841613410724
-0.052853965228098
1.582720430830259
q5:
0.074058231077169
-0.020972785312435
-0.091061033285417
-1.102017960224980
q6:
-0.061677082547690
0.018845572572574
0.054053830304568
-0.465298176833595
q7:
-0.107985119893364
0.020609142196420
0.086412401912153
-0.312011529489190

q1:
-0.000292335789429
-0.039216470626150
0.039636056402345
-1.420241745397694
q2:
-0.001581280325353
0.053231735118439
-0.028862861126222
0.925148943131100
q3:
0.002419387013686
0.049912539773890
-0.071250196428436
-2.784087314515708
q4:
0.002819209322280
-0.060567458532980
-0.081812106528904
1.561250862594091
q5:
0.000157898871738
0.051799906659243
-0.080963696934840
-1.131492329420043
q6:
0.003542887908753
-0.041760888919571
0.046547983289778
-0.447738541434700
q7:
-0.001677667472586
-0.085501519012004
0.065157087543878
-0.285291065795097

q1:
0.026881166795596
-0.039503731907536
0.013851476855462
-1.411476763754345
q2:
-0.010034839918826
0.051677903432696
0.005499994067131
0.921350507000948
q3:
-0.030052920438483
0.052289929880923
-0.037774066745275
-2.801985119504921
q4:
0.014600664725968
-0.057797186429125
-0.120582110991963
1.528054500260779
q5:
-0.030498114141660
0.051955064644906
-0.046979049730311
-1.152448746113712
q6:
0.022093745543344
-0.038279500197159
0.020330980363996
-0.436847785180459
q7:
0.044439912226732
-0.087150064709594
0.008605549932426
-0.273181216262342

q1:
0.003595151853585
-0.013089181592166
-0.003375183113496
-1.410233347201859
q2:
-0.001046357352060
0.041817253187933
0.036124068009285
0.928343749039978
q3:
0.002948410318731
0.022758682778353
-0.013192106070462
-2.809803978453902
q4:
-0.001536080997811
-0.043449967204060
-0.153745329615965
1.482870366501280
q5:
0.002395629938270
0.021986351729856
-0.022759748064917
-1.163334242743745
q6:
-0.005597908764827
-0.016569268727397
0.002365421335123
-0.433518918914171
q7:
-0.004679246299601
-0.043481562280005
-0.034182469775865
-0.278150884966416

q1:
0.009458912526659
-0.009556436148115
-0.010792691112954
-1.412616840451900
q2:
-0.003479047050890
0.040789059020098
0.063181531781576
0.944625768455654
q3:
-0.012760279947699
0.025655913144381
0.002665957801588
-2.811579689421873
q4:
0.005391462664783
-0.044959384154362
-0.182703562438271
1.427795915485423
q5:
-0.013178026972574
0.024340397148443
-0.007585552583270
-1.168346094552652
q6:
0.012592434831765
-0.022070006245740
-0.010290763825890
-0.434718520925035
q7:
0.020730278367646
-0.048079583926858
-0.064173064080604
-0.294176705236232

q1:
0.017346037831858
-0.000261716065315
-0.014008599083240
-1.416844837326506
q2:
-0.006192512664561
0.037370402974620
0.088782442351921
0.969574582919118
q3:
-0.026470738939392
0.013117132395774
0.015365959133232
-2.808402329404141
q4:
0.010781762884020
-0.039661509143382
-0.210420896544853
1.363317781206528
q5:
-0.026444942653645
0.011391120832751
0.004118205004532
-1.168682406007333
q6:
0.025378836725303
-0.009696157075206
-0.020695680717430
-0.440014541196854
q7:
0.041701828401365
-0.027709151900689
-0.088997450004495
-0.319626237023927

q1:
-0.007518587275182
0.016783220732481
-0.008597026988485
-1.420851825524738
q2:
0.000355230651860
0.031285382982727
0.111270450733422
1.002446769797653
q3:
0.013051604978706
-0.012894114471462
0.015439008023157
-2.802892177416029
q4:
-0.003401138003994
-0.029066901388670
-0.232932692900257
1.290518730273149
q5:
0.011923363519066
-0.014594777533321
0.003068856319213
-1.167040696386799
q6:
-0.007862950329043
0.015242141352224
-0.018879109263675
-0.446941772911533
q7:
-0.017134185517035
0.013268795705785
-0.093727347807203
-0.350284466737392

q1:
-0.009237936705019
0.009395144783584
-0.000022377453412
-1.422131348689756
q2:
-0.003205905854286
0.031634447366667
0.131879663089375
1.042262093921569
q3:
0.012299592072903
-0.000069065654651
0.011192955061095
-2.798759892501363
q4:
0.003262054250529
-0.032409000770707
-0.253068950664159
1.210984259555318
q5:
0.011906262834352
-0.002878385607416
-0.002654428815187
-1.167182327155426
q6:
-0.010645349836851
0.007515679972290
-0.011424849297758
-0.451766602507126
q7:
-0.015152898660758
-0.003567966213596
-0.090549868562214
-0.380163145716067

q1:
-0.004388832290653
0.000317564715709
0.003158993054281
-1.421455335961611
q2:
0.005841551871299
0.028484191198908
0.151571353004439
1.088740213305927
q3:
0.017652222351284
0.012017024065289
0.015106475023522
-2.794668854239093
q4:
-0.013374255709466
-0.029203570858112
-0.273249974125976
1.124729805532930
q5:
0.011606070792699
0.008821202475848
-0.000707875969225
-1.167942186437433
q6:
-0.012699192117321
-0.002944882659847
-0.009927697574286
-0.455076538332561
q7:
-0.027534425469589
-0.018457833425903
-0.097764356896964
-0.410737792942578

q1:
0.011609638256221
-0.003995084071031
0.001954431997519
-1.420540776711297
q2:
0.037216445710753
0.034224342547159
0.172111355755981
1.141648250146625
q3:
0.035509236634204
0.029362830481418
0.028660329267501
-2.787811171485152
q4:
-0.076184233825555
-0.042345669676017
-0.296685725365080
1.031624389246037
q5:
0.022219314448675
0.020225809398183
0.008806390561590
-1.166819791629548
q6:
-0.020398955413216
-0.015423635970603
-0.015944253865317
-0.459090545591840
q7:
-0.067784115018908
-0.045514302830737
-0.118718249074610
-0.445708123483995

q1:
0.033011914683777
0.007413028389045
0.003073969985457
-1.419921247934708
q2:
0.037429997953830
0.070794766936140
0.206510067843341
1.203002515253179
q3:
0.026134328353668
0.064255680366500
0.059324807537687
-2.774025455939737
q4:
-0.088947471398562
-0.117207460197431
-0.348946901489667
0.927225437419478
q5:
0.017723448842312
0.042059430086618
0.029207744475857
-1.160984491608050
q6:
-0.013611629913698
-0.035468496308721
-0.032613827759073
-0.466684650711144
q7:
-0.059832337140948
-0.112121787928562
-0.170351504462940
-0.491859092118358

q1:
0.004575969652880
0.039851906063217
0.018555465496613
-1.416958963527095
q2:
-0.082510762419927
0.107575036623602
0.264934592179137
1.279555022267351
q3:
-0.042904990138001
0.089936356227992
0.109829972731657
-2.746781572251677
q4:
0.127527835355118
-0.204610937752849
-0.454357606931495
0.797228256616407
q5:
-0.022780636951954
0.059475226609403
0.062465133914403
-1.146282310866613
q6:
0.022052424389377
-0.048843848872974
-0.060230097803493
-0.481650865997881
q7:
0.086509819270610
-0.170915526009706
-0.263059575594419
-0.561789076352932

q1:
-0.063494661549508
0.044348443790047
0.046135051788173
-1.406444769053733
q2:
-0.230969676377759
0.026496536494738
0.308849356506201
1.374975456684799
q3:
-0.142302107508950
0.047776131956537
0.154937308484174
-2.702665810401209
q4:
0.429298309519388
-0.079296793124649
-0.547350780667974
0.630934116742874
q5:
-0.091021687919976
0.037090027129068
0.094094809478551
-1.120241653647895
q6:
0.077079498025223
-0.027174221284318
-0.085129601538032
-0.505844423818517
q7:
0.300189052109987
-0.085907386620773
-0.347181193769233
-0.663250441618906

q1:
-0.043202144580205
-0.018044046275961
0.054750982747504
-1.388806649453581
q2:
-0.058194365520324
-0.200463854934579
0.251866853711566
1.470864282748190
q3:
-0.055894724558420
-0.092055825761692
0.140433620098184
-2.651791492549368
q4:
0.135071194758178
0.342549545738933
-0.461123086604125
0.458229621085823
q5:
-0.042404509510100
-0.052351661679845
0.089095904274749
-1.088640529777592
q6:
0.033746202283747
0.048567293001600
-0.078122361443466
-0.533935131553405
q7:
0.112329650250721
0.209070836660136
-0.306839354284641
-0.775636293447499

q1:
0.035816101256584
-0.060496266837038
0.029025325471246
-1.374327206844863
q2:
0.182789345752536
-0.257648054110022
0.101813594447145
1.529810319265185
q3:
0.098686872977082
-0.146980302271174
0.062138012878361
-2.617633494939123
q4:
-0.329834161957967
0.475276108437159
-0.193246608179652
0.348687841244852
q5:
0.061253256228093
-0.094020092911657
0.041152250317985
-1.066564241378043
q6:
-0.053764756778436
0.081727712151365
-0.035444601265060
-0.553127347965032
q7:
-0.216404062916214
0.319450613736695
-0.133723649022584
-0.849762597797469

q1:
0.037195589140437
-0.025301879036228
0.000922385615399
-1.370051880425258
q2:
0.131752988459924
-0.078031655491302
-0.008137344395856
1.541940259352784
q3:
0.080008442176958
-0.050006484447656
-0.002384451601619
-2.609581447396074
q4:
-0.249309744995846
0.151167369667892
0.011943180120419
0.324790579271028
q5:
0.052802811563593
-0.033830100753937
-0.000724718777010
-1.061019548379343
q6:
-0.045331438527160
0.028896230396253
0.000789958029783
-0.557858173283639
q7:
-0.172197256876797
0.106802998705062
0.005894515354567
-0.866895240566709

q1:
0.000002255206657
0.011248050821016
-0.003680906041508
-1.371157209496224
q2:
0.000001362455273
0.051434299961395
-0.016849232924143
1.535533112480223
q3:
0.000017422043921
0.028613131940570
-0.009391783668091
-2.612915896071993
q4:
-0.000002094519519
-0.093814734471424
0.030728873460244
0.336159706357009
q5:
-0.000017328953273
0.018056133703269
-0.005891437041154
-1.063030887625777
q6:
0.000000659447147
-0.015648322782889
0.005129272674462
-0.556092249969716
q7:
-0.000002338598305
-0.062405173712743
0.020436897276579
-0.859557207005580

q1:
-0.037222875957951
0.011250266880690
0.003688354247201
-1.371156029302664
q2:
-0.131738337144665
0.051435638766501
0.016845524364843
1.535532481176741
q3:
-0.079877096881164
0.028630251564107
0.009358124589290
-2.612921714659258
q4:
0.249309778847380
-0.093816792633246
-0.030729302210267
0.336159672941466
q5:
-0.052957122115344
0.018039105554467
0.005931456421380
-1.063024029024823
q6:
0.045302567696741
-0.015647674782750
-0.005121642754585
-0.556091011977400
q7:
0.172226843944923
-0.062407471716511
-0.020445131490437
-0.859558514461257

q1:
-0.035874711679807
-0.025326476136104
-0.000922268256082
-1.370048981740756
q2:
-0.182769461190136
-0.078015919695654
0.008139228573709
1.541939071828469
q3:
-0.098541679971915
-0.049860299484404
0.002404282478038
-2.609591838519659
q4:
0.329841890796548
0.151165344769993
-0.011944946265098
0.324790185794913
q5:
-0.061436810585780
-0.033998760856233
0.000703916496123
-1.061006831165155
q6:
0.053709983082112
0.028868508720011
-0.000791196015890
-0.557855381177802
q7:
0.216465498162470
0.106829774182577
-0.005894732041174
-0.866898451925135

q1:
0.043221000806486
-0.060578456971659
-0.029060185968360
-1.374328968336511
q2:
0.058176245026705
-0.257612778917963
-0.101795001764639
1.529812135922011
q3:
0.055668374102221
-0.146691444634166
-0.061975685029479
-2.617616604432634
q4:
-0.135074135649205
0.475281678216867
0.193246003150977
0.348686923631292
q5:
0.042667779907702
-0.094369121145053
-0.041342619948072
-1.066582883347670
q6:
-0.033723607923132
0.081646167567491
0.035407573424696
-0.553129860373062
q7:
-0.112359300609946
0.319537758037323
0.133760746436892
-0.849760848533387

q1:
0.063571515372936
-0.018107707499927
-0.054833616444337
-1.388827984709575
q2:
0.230934117623214
-0.200446385691721
-0.251830984738680
1.470875337177145
q3:
0.142028315944669
-0.091989389478625
-0.140154916731330
-2.651698395620818
q4:
-0.429305073951512
0.342552225677043
0.461125183747172
0.458228999514993
q5:
0.091362987415643
-0.052441989492352
-0.089430183734211
-1.088749721281176
q6:
-0.077000663973768
0.048507950574345
0.078039186461343
-0.533957727009600
q7:
-0.300275295582733
0.209128845287020
0.306923996129546
-0.775614085527952

q1:
-0.004549780996764
0.044360302323140
-0.046234653309790
-1.406497300007979
q2:
0.082505883788319
0.026479064229356
-0.308813488523335
1.374998884527965
q3:
0.042941951095463
0.047573529283609
-0.154703206032943
-2.702483918688403
q4:
-0.127525630055922
-0.079300760198333
0.547352456213407
0.630934231895252
q5:
0.022748397552728
0.037335074368152
-0.094378411027722
-1.120458034644799
q6:
-0.022025511350358
-0.027156098100256
0.085032925309460
-0.505897859329661
q7:
-0.086529894456803
-0.085934124410129
0.347276078288468
-0.663197316656228

q1:
-0.033025518364967
0.039889498656885
-0.018638869441615
-1.417041926098330
q2:
-0.037416326977040
0.107552770412294
-0.264911740421843
1.279588152574332
q3:
-0.026010054818700
0.089770072926095
-0.109716697837462
-2.746543438739321
q4:
0.088949928927537
-0.204612737808002
0.454357393470199
0.797228572470672
q5:
-0.017873971703640
0.059688594076569
-0.062598583023942
-1.146566427272916
q6:
0.013596039599008
-0.048799279819627
0.060153956239853
-0.481733077382042
q7:
0.059854545349868
-0.170961990510323
0.263130482910749
-0.561708446329895

q1:
-0.011624800723685
0.007437253440895
-0.003137125735625
-1.420027974085050
q2:
-0.037208068264673
0.070785934394100
-0.206497402394692
1.203041222130292
q3:
-0.035460236498686
0.064211513398588
-0.059280465033754
-2.773763692446587
q4:
0.076184286271845
-0.117206845382603
0.348946299806257
0.927225576593820
q5:
-0.022285102532965
0.042124887542124
-0.029249865271101
-1.161294716919831
q6:
0.020381769079335
-0.035439246945733
0.032561865208784
-0.466787568230969
q7:
0.067801936649565
-0.112146429721245
0.170399121114144
-0.491759441216278

q1:
0.004384469571915
-0.003985758289096
-0.002006598267036
-1.420666123145525
q2:
-0.005841077710128
0.034223742031379
-0.172101780078723
1.141690452334223
q3:
-0.017657388349486
0.029366813080634
-0.028629149039805
-2.787537900335127
q4:
0.013373636991016
-0.042345003325287
0.296685543323823
1.031624399145459
q5:
-0.011605092460090
0.020226620751241
-0.008826805196143
-1.167139102643519
q6:
0.012693559308515
-0.015411274612681
0.015905920788896
-0.459207949172501
q7:
0.027538707317358
-0.045521432349370
0.118755459122712
-0.445594893349599

q1:
0.009237032169802
0.000322603509117
-0.003206454247799
-1.421596922086152
q2:
0.003203555787936
0.028484056613578
-0.151562018107469
1.088785504214668
q3:
-0.012306277232319
0.012015930340233
-0.015074348553272
-2.794385124353473
q4:
-0.003262247233834
-0.029203512485813
0.273250029465697
1.124729805553365
q5:
-0.011899530058866
0.008822975179137
0.000688307735015
-1.168268062779244
q6:
0.010643762457213
-0.002938056333672
0.009895649369487
-0.455205369534996
q7:
0.015152257766976
-0.018460755423181
0.097798274599476
-0.410612989196972

q1:
0.007516940140090
0.009399294743142
-0.000022073990078
-1.422287971782950
q2:
-0.000356658644686
0.031632003508591
-0.131871172754246
1.042310345425021
q3:
-0.013048203203267
-0.000076728494846
-0.011163696779009
-2.798465991951189
q4:
0.003401253988662
-0.032409132031814
0.253068982129357
1.210984277182977
q5:
-0.011927580198897
-0.002869996999462
0.002638188889716
-1.167514186228174
q6:
0.007860497295727
0.007520946473341
0.011396762064292
-0.451905254414334
q7:
0.017134322577936
-0.003571517979707
0.090581665801851
-0.380027568337786

q1:
-0.017338050834722
0.016785752148724
0.008554764010729
-1.421022621208080
q2:
0.006196018113833
0.031281535919624
-0.111264020971721
1.002497489909827
q3:
0.026464862441081
-0.012898434585906
-0.015413674723950
-2.802589395978800
q4:
-0.010781726739590
-0.029066918678427
0.232932675708041
1.290518748200402
q5:
0.026445932673887
-0.014590532410001
-0.003080958101761
-1.167377122992230
q6:
-0.025374191561453
0.015244997400915
0.018853682548388
-0.447089145888211
q7:
-0.041702916244588
0.013265378621404
0.093756862419584
-0.350138850505579

q1:
-0.009455690904904
-0.000251336294150
0.013970565128378
-1.417028923864297
q2:
0.003481615287758
0.037370000511481
-0.088777404510513
0.969627119528212
q3:
0.012758183931561
0.013107037790161
-0.015345347334782
-2.808091920118778
q4:
-0.005391479188817
-0.039661490916122
0.210420879659713
1.363317792917724
q5:
0.013175811789537
0.011396338791056
-0.004127207181476
-1.169022306279314
q6:
-0.012591681616526
-0.009688736495698
0.020673620082625
-0.440169772966344
q7:
-0.020729080513454
-0.027713637944977
0.089024375969448
-0.319471358202153

q1:
-0.003587068113494
-0.009542890677686
0.010762493803264
-1.412812158074964
q2:
0.001044136434709
0.040791180213113
-0.063175930975061
0.944680002268279
q3:
-0.002960089116284
0.025643758906307
-0.002652633548920
-2.811263685479078
q4:
0.001536082094615
-0.044959382164303
0.182703552175257
1.427795923040809
q5:
-0.002385975888753
0.024343438375945
0.007579255679263
-1.168688461487427
q6:
0.005602925233617
-0.022061845525673
0.010273806801662
-0.434880155991014
q7:
0.004673841187502
-0.048082892909896
0.064197436806418
-0.294013446091227

q1:
-0.026850864988110
-0.013067692703172
0.003356461209081
-1.410436818537775
q2:
0.010030986145650
0.041817192015370
-0.036117792448902
0.928399966911081
q3:
0.030012457588094
0.022735052469023
0.013193709195905
-2.809485324595054
q4:
-0.014600660193005
-0.043449964136236
0.153745321009646
1.482870370947095
q5:
0.030538655464647
0.021998879427148
0.022758550718163
-1.163678006668214
q6:
-0.022070318718887
-0.016556178616866
-0.002375417709932
-0.433685056378310
q7:
-0.044461779627781
-0.043490182550554
0.034202935108429
-0.277980187559702

q1:
0.000292028146661
-0.039452467204696
-0.013846368526779
-1.411682997061389
q2:
0.001579601423251
0.051674055382642
-0.005494998961553
0.921408638423301
q3:
-0.002418160953113
0.052226539095211
0.037747166357322
-2.801669897704754
q4:
-0.002819203338816
-0.057797178907022
0.120582105854345
1.528054502376053
q5:
-0.000154347979111
0.052007429929013
0.046999107895954
-1.152790133477773
q6:
-0.003542649396051
-0.038243389916482
-0.020324861289911
-0.437014969272106
q7:
0.001673120092577
-0.087180172796117
-0.008597769963613
-0.273005508793615

q1:
0.052621335070994
-0.039165508225863
-0.039597463875355
-1.420440816253411
q2:
-0.020557344289134
0.053226237309489
0.028864795022134
0.925208238840522
q3:
-0.074405161303204
0.049850353766190
0.071182163717207
-2.783787661792386
q4:
0.033303910029193
-0.060567445131278
0.081812108244818
1.561250864043845
q5:
-0.074135276389589
0.051855761197841
0.081019202197128
-1.131821403882651
q6:
0.061630721761637
-0.041724544266413
-0.046518131807177
-0.447899838690187
q7:
0.108024759881232
-0.085536095542883
-0.065170494838425
-0.285116200032570

q1:
0.005917287468865
0.012542399896729
-0.048317787660143
-1.435763611167739
q2:
-0.001264272122154
0.033025737487260
0.057116385257447
0.939650893973199
q3:
-0.008963675344435
-0.023263246246468
0.079890695538761
-2.757738559773692
q4:
0.000893360748401
-0.027841640710138
0.052853962391856
1.582720432824318
q5:
-0.012499210636681
-0.020992638695929
0.091128330624169
-1.102325569117534
q6:
0.003537348270474
0.018836361192947
-0.054015091395015
-0.465447426198526
q7:
0.009385481476890
0.020613517563053
-0.086435701512574
-0.311843371852778

q1:
-0.047307591755750
0.018356972186889
-0.038196785785207
-1.450036384487547
q2:
0.027325824382249
0.031783411220811
0.078344438494657
0.961858012967117
q3:
0.070253683318166
-0.032071325717000
0.061766013099406
-2.734381433819128
q4:
-0.048141390580751
-0.026963787355861
0.034902599538540
1.597076942506799
q5:
0.070150653341040
-0.033274881902690
0.073353157839414
-1.075168224959527
q6:
-0.083673168998604
0.022312306436839
-0.040536961771371
-0.480994708948007
q7:
-0.111404858988724
0.029836081248269
-0.069911078203809
-0.337613754881918

q1:
0.006256845569879
-0.028129431183667
-0.041397727071699
-1.462240630920377
q2:
-0.002269219850083
0.058634900538312
0.107960700610475
0.991889736864621
q3:
-0.005973637944671
0.036962859702058
0.063368221212248
-2.715122165154696
q4:
-0.003217363579943
-0.074269516062380
0.001743917513244
1.603924556768399
q5:
-0.001758242616065
0.035658061984128
0.074133761730240
-1.052246366578908
q6:
-0.000759442124624
-0.059908422647073
-0.052851463231931
-0.494819061504990
q7:
0.004364428745940
-0.079634957546689
-0.086222559195140
-0.361226847804718

q1:
0.054443930801201
-0.021981195008586
-0.057811320858445
-1.478598390142846
q2:
-0.044877208274481
0.056405070919589
0.145641717676686
1.033462986058476
q3:
-0.077419972900482
0.031092915095295
0.085659697636438
-2.690610367030746
q4:
0.058300752157177
-0.077431031066973
-0.047945167357805
1.596414544109171
q5:
-0.075367331120072
0.033930339805927
0.096927245788266
-1.024200198409059
q6:
0.095503641581453
-0.060654682002741
-0.092341566943645
-0.518584500553781
q7:
0.119903954811684
-0.075346288695962
-0.136986227775753
-0.397859237537993

q1:
0.031117786452374
0.031517671333424
-0.054687675028271
-1.497979377466704
q2:
-0.044006376465146
0.012306863241571
0.168148117243436
1.085642000722565
q3:
-0.045458417263534
-0.044983163935973
0.081109985940699
-2.661937567166964
q4:
0.053338934681341
-0.020142291966109
-0.079905033166377
1.574451667529000
q5:
-0.047073867730374
-0.040128728207910
0.094896981209805
-0.991460192711132
q6:
0.071560312036365
0.033191160517298
-0.101337165679254
-0.551982036388417
q7:
0.079602413954192
0.042476314447293
-0.147752694812675
-0.446598760171535

q1:
-0.011659591884523
0.062095299983229
-0.024025011215873
-1.511417200701169
q2:
0.008874519620394
-0.030935628952860
0.162046317757625
1.140492354338501
q3:
0.013773348362469
-0.089652491692291
0.037010457983969
-2.641793817815071
q4:
-0.008744752722439
0.032270759320764
-0.075932388010211
1.547992406598089
q5:
0.011657078849152
-0.086385464649380
0.053457615398435
-0.966336503029122
q6:
0.002247728591367
0.103509293552278
-0.056561318836841
-0.579099009245081
q7:
-0.016179580158047
0.120696950649828
-0.094305753641240
-0.487640218199573

q1:
-0.031436957239844
0.050638101014437
0.012900495224117
-1.513034234197713
q2:
0.085560023510243
-0.022215157597575
0.144636928049784
1.190563036517407
q3:
0.050269987498671
-0.076118227867434
-0.017287272045406
-2.638805689710177
q4:
-0.095010934244147
0.023677802305959
-0.057606594994363
1.526275900935921
q5:
0.051686813437680
-0.074930735093458
0.000618950727951
-0.957685014146938
q6:
-0.067206389602505
0.105718004968097
0.011970490640776
-0.586441303424255
q7:
-0.092545059161895
0.104798223581317
-0.020445447515718
-0.506149145603414

q1:
-0.024130701564494
0.019746841900266
0.035954884073160
-1.504480641071199
q2:
0.032995737206798
0.061859673051737
0.157622376885336
1.238561768318243
q3:
0.042586396184820
-0.026720851472514
-0.050971921429208
-2.650868026470683
q4:
-0.048940642886569
-0.069683885532442
-0.072675757349302
1.506608511253121
q5:
0.040097189956139
-0.024141126719224
-0.031831757216732
-0.963705026069478
q6:
-0.068103852456927
0.039678216845483
0.059594611597074
-0.573539959984621
q7:
-0.070161196294695
0.013859606955815
0.018420589052672
-0.504854673122523

q1:
-0.027336222994231
-0.003964987108769
0.041124185944488
-1.491433129700056
q2:
-0.244862130673724
0.094282654065512
0.208766354220345
1.297986802750913
q3:
0.027984010985499
0.015126309155891
-0.054769680950275
-2.668933984855141
q4:
0.211119020824683
-0.117774992731169
-0.134077382380553
1.473607734661933
q5:
0.012382790226771
0.015260036543337
-0.034740733168683
-0.975312381218013
q6:
-0.024795396403400
-0.027243455531059
0.063667582472893
-0.552156229345299
q7:
0.045803169072310
-0.055083696874897
0.004917755071629
-0.499799680427388

q1:
-0.029621056291433
-0.030826694534044
0.029728269089408
-1.479349049807756
q2:
-0.297828098818116
-0.146329039622936
0.191718707932101
1.367878100830769
q3:
0.024639295517147
0.042624559950699
-0.035853547220267
-2.684267377294217
q4:
0.262633584177483
0.089679320562220
-0.143280040283439
1.424474384967524
q5:
0.008670121275138
0.027427880222776
-0.020758426846801
-0.984619253154864
q6:
-0.012525479945423
-0.051608441279910
0.037839866838206
-0.535096315503148
q7:
0.071538417287747
-0.010075601680823
-0.016424988757188
-0.502489059705520

coefs_qdot:
qdot1:
0.088773243475993
-0.119798521544166
-0.000000000000000
qdot2:
0.893534644200752
-0.878019252042152
0.000000000000000
qdot3:
-0.073802881449735
0.133579941708057
-0.000000000000000
qdot4:
-0.787940252874836
0.695534268583988
-0.000000000000000
qdot5:
-0.026020842172318
0.071874552098419
0.000000000000000
qdot6:
0.037486564179309
-0.127771883527867
0.000000000000000
qdot7:
-0.214579522932516
0.120422796074966
-0.000000000000000

qdot1:
0.081940902307394
-0.061643672233100
-0.029715438528051
qdot2:
0.734625004887782
-0.292669764369504
-0.191727937027420
qdot3:
-0.083867044048707
0.085232091822494
0.035835631151796
qdot4:
-0.633375861774163
0.179359068964846
0.143284418300452
qdot5:
-0.037152806719894
0.054828445679119
0.020750604164322
qdot6:
0.074325615748504
-0.103214647522101
-0.037829492254976
qdot7:
-0.137375738518359
-0.020147034797053
0.016422520903628

qdot1:
0.072436196058617
-0.007964650947954
-0.041115443154684
qdot2:
-0.098993069114968
0.188578918077741
-0.208775268080486
qdot3:
-0.127808068873256
0.030291265985303
0.054755305600319
qdot4:
0.146833590546047
-0.235561872937023
0.134079883612178
qdot5:
-0.120220726504144
0.030489852295823
0.034723487681727
qdot6:
0.204357590314613
-0.054524357356288
-0.063662974563362
qdot7:
0.210440151811521
-0.110141103501911
-0.004915234576278

qdot1:
0.094384623667356
0.039487891073843
-0.035952769111425
qdot2:
-0.256691687789468
0.123729118838652
-0.157627461279839
qdot3:
-0.150894033806513
-0.053435076491668
0.050964960785314
qdot4:
0.285041664644545
-0.139372018903839
0.072675616042768
qdot5:
-0.154970773470520
-0.048266065142364
0.031812213577803
qdot6:
0.201685438502550
0.079349143317739
-0.059597330371939
qdot7:
0.277572213198084
0.027717048779147
-0.018414117500685

qdot1:
0.035007936125635
0.101318723785741
-0.012892365017440
qdot2:
-0.026624964735744
-0.044428152860412
-0.144640057795100
qdot3:
-0.041357897582147
-0.152284903921143
0.017273462106385
qdot4:
0.026234012149696
0.047357162161419
0.057606013089482
qdot5:
-0.034943995474172
-0.149786541649845
-0.000623571836469
qdot6:
-0.006722459467894
0.211472132465071
-0.011968487470150
qdot7:
0.048522976308324
0.209553034481742
0.020444454625815

qdot1:
-0.093390031953803
0.124252224583516
0.024050197847563
qdot2:
0.132019876597914
-0.061870016551450
-0.162048890068590
qdot3:
0.136409969770688
-0.179378228525901
-0.037044198075509
qdot4:
-0.160018958165231
0.064542915026277
0.075932289881731
qdot5:
0.141162225242147
-0.172678155288775
-0.053434771259624
qdot6:
-0.214714695303361
0.207068287319310
0.056577377505858
qdot7:
-0.238764059431977
0.241340161602969
0.094288849758180

qdot1:
-0.163416461624884
0.063072943273401
0.054729112130545
qdot2:
0.134631526396408
0.024615457325524
-0.168150202787101
qdot3:
0.232353342784118
-0.090016829461027
-0.081163992477896
qdot4:
-0.174902837164497
-0.040284598700079
0.079905161310248
qdot5:
0.225975711006113
-0.080203580564108
-0.094850119697417
qdot6:
-0.286579061547814
0.066409905792277
0.101365881585266
qdot7:
-0.359627132336561
0.084927177763756
0.147722821563901

qdot1:
-0.018776138655382
-0.043980255738222
0.057855990013665
qdot2:
0.006807504530284
0.112811808202568
-0.145643246847783
qdot3:
0.017925000076907
0.062196530189249
-0.085720222622784
qdot4:
0.009652514192809
-0.154862457310482
0.047945228363613
qdot5:
0.005270742835735
0.067831828608200
-0.096876285866800
qdot6:
0.002278293869030
-0.121326415282066
0.092372007955617
qdot7:
-0.013086459626014
-0.150662521004649
0.136957108746336

qdot1:
0.142028396775372
-0.056280397891333
0.041435943343768
qdot2:
-0.081981044838200
0.117271365887312
-0.107961700600610
qdot3:
-0.210893515090179
0.073939096277366
-0.063424803042968
qdot4:
0.144424493725100
-0.148539149899646
-0.001743940515329
qdot5:
-0.210288054922666
0.071284662405496
-0.074092679413991
qdot6:
0.251109254134240
-0.119833917864467
0.052876315659166
qdot7:
0.334120021026049
-0.159235386631351
0.086204017458024

qdot1:
-0.017801373121987
0.036761600901893
0.038239279987762
qdot2:
0.003799268711354
0.063566047457457
-0.078345309132070
qdot3:
0.026956614517768
-0.064216051721334
-0.061832425179829
qdot4:
-0.002680141099973
-0.053927481557466
-0.034902626572834
qdot5:
0.037442365100966
-0.066473852064598
-0.073304795758161
qdot6:
-0.010647608411040
0.044666333145738
0.040565850841080
qdot7:
-0.028127954082441
0.059644747897413
0.069893701529522

qdot1:
-0.158042830051174
0.025100022132168
0.048370579760133
qdot2:
0.061683548319444
0.066054926884970
-0.057116817485046
qdot3:
0.223451794389575
-0.046556926135354
-0.079974112874094
qdot4:
-0.099911854347900
-0.055683226821448
-0.052853965228098
qdot5:
0.222174693231506
-0.041945570624871
-0.091061033285417
qdot6:
-0.185031247643069
0.037691145145148
0.054053830304568
qdot7:
-0.323955359680093
0.041218284392840
0.086412401912153

qdot1:
-0.000877007368287
-0.078432941252300
0.039636056402345
qdot2:
-0.004743840976058
0.106463470236878
-0.028862861126222
qdot3:
0.007258161041057
0.099825079547780
-0.071250196428436
qdot4:
0.008457627966839
-0.121134917065960
-0.081812106528904
qdot5:
0.000473696615215
0.103599813318487
-0.080963696934840
qdot6:
0.010628663726260
-0.083521777839143
0.046547983289778
qdot7:
-0.005033002417759
-0.171003038024007
0.065157087543878

qdot1:
0.080643500386787
-0.079007463815072
0.013851476855462
qdot2:
-0.030104519756477
0.103355806865393
0.005499994067131
qdot3:
-0.090158761315449
0.104579859761847
-0.037774066745275
qdot4:
0.043801994177905
-0.115594372858250
-0.120582110991963
qdot5:
-0.091494342424979
0.103910129289812
-0.046979049730311
qdot6:
0.066281236630033
-0.076559000394318
0.020330980363996
qdot7:
0.133319736680197
-0.174300129419189
0.008605549932426

qdot1:
0.010785455560754
-0.026178363184331
-0.003375183113496
qdot2:
-0.003139072056179
0.083634506375866
0.036124068009285
qdot3:
0.008845230956192
0.045517365556706
-0.013192106070462
qdot4:
-0.004608242993432
-0.086899934408120
-0.153745329615965
qdot5:
0.007186889814809
0.043972703459712
-0.022759748064917
qdot6:
-0.016793726294482
-0.033138537454794
0.002365421335123
qdot7:
-0.014037738898804
-0.086963124560010
-0.034182469775865

qdot1:
0.028376737579976
-0.019112872296230
-0.010792691112954
qdot2:
-0.010437141152669
0.081578118040196
0.063181531781576
qdot3:
-0.038280839843098
0.051311826288763
0.002665957801588
qdot4:
0.016174387994350
-0.089918768308723
-0.182703562438271
qdot5:
-0.039534080917723
0.048680794296885
-0.007585552583270
qdot6:
0.037777304495295
-0.044140012491481
-0.010290763825890
qdot7:
0.062190835102937
-0.096159167853717
-0.064173064080604

qdot1:
0.052038113495574
-0.000523432130630
-0.014008599083240
qdot2:
-0.018577537993683
0.074740805949240
0.088782442351921
qdot3:
-0.079412216818175
0.026234264791548
0.015365959133232
qdot4:
0.032345288652059
-0.079323018286764
-0.210420896544853
qdot5:
-0.079334827960934
0.022782241665501
0.004118205004532
qdot6:
0.076136510175910
-0.019392314150412
-0.020695680717430
qdot7:
0.125105485204096
-0.055418303801377
-0.088997450004495

qdot1:
-0.022555761825547
0.033566441464961
-0.008597026988485
qdot2:
0.001065691955579
0.062570765965453
0.111270450733422
qdot3:
0.039154814936117
-0.025788228942924
0.015439008023157
qdot4:
-0.010203414011981
-0.058133802777339
-0.232932692900257
qdot5:
0.035770090557198
-0.029189555066643
0.003068856319213
qdot6:
-0.023588850987128
0.030484282704449
-0.018879109263675
qdot7:
-0.051402556551106
0.026537591411571
-0.093727347807203

qdot1:
-0.027713810115058
0.018790289567169
-0.000022377453412
qdot2:
-0.009617717562859
0.063268894733335
0.131879663089375
qdot3:
0.036898776218710
-0.000138131309302
0.011192955061095
qdot4:
0.009786162751586
-0.064818001541414
-0.253068950664159
qdot5:
0.035718788503055
-0.005756771214833
-0.002654428815187
qdot6:
-0.031936049510554
0.015031359944579
-0.011424849297758
qdot7:
-0.045458695982275
-0.007135932427192
-0.090549868562214

qdot1:
-0.013166496871958
0.000635129431417
0.003158993054281
qdot2:
0.017524655613898
0.056968382397817
0.151571353004439
qdot3:
0.052956667053851
0.024034048130578
0.015106475023522
qdot4:
-0.040122767128397
-0.058407141716224
-0.273249974125976
qdot5:
0.034818212378096
0.017642404951697
-0.000707875969225
qdot6:
-0.038097576351963
-0.005889765319693
-0.009927697574286
qdot7:
-0.082603276408766
-0.036915666851807
-0.097764356896964

qdot1:
0.034828914768664
-0.007990168142062
0.001954431997519
qdot2:
0.111649337132258
0.068448685094318
0.172111355755981
qdot3:
0.106527709902611
0.058725660962837
0.028660329267501
qdot4:
-0.228552701476665
-0.084691339352035
-0.296685725365080
qdot5:
0.066657943346025
0.040451618796367
0.008806390561590
qdot6:
-0.061196866239647
-0.030847271941206
-0.015944253865317
qdot7:
-0.203352345056723
-0.091028605661474
-0.118718249074610

qdot1:
0.099035744051331
0.014826056778090
0.003073969985457
qdot2:
0.112289993861491
0.141589533872280
0.206510067843341
qdot3:
0.078402985061004
0.128511360733001
0.059324807537687
qdot4:
-0.266842414195686
-0.234414920394863
-0.348946901489667
qdot5:
0.053170346526936
0.084118860173235
0.029207744475857
qdot6:
-0.040834889741094
-0.070936992617443
-0.032613827759073
qdot7:
-0.179497011422843
-0.224243575857125
-0.170351504462940

qdot1:
0.013727908958641
0.079703812126434
0.018555465496613
qdot2:
-0.247532287259781
0.215150073247205
0.264934592179137
qdot3:
-0.128714970414003
0.179872712455983
0.109829972731657
qdot4:
0.382583506065355
-0.409221875505698
-0.454357606931495
qdot5:
-0.068341910855862
0.118950453218806
0.062465133914403
qdot6:
0.066157273168132
-0.097687697745948
-0.060230097803493
qdot7:
0.259529457811831
-0.341831052019411
-0.263059575594419

qdot1:
-0.190483984648525
0.088696887580095
0.046135051788173
qdot2:
-0.692909029133278
0.052993072989476
0.308849356506201
qdot3:
-0.426906322526849
0.095552263913073
0.154937308484174
qdot4:
1.287894928558165
-0.158593586249298
-0.547350780667974
qdot5:
-0.273065063759927
0.074180054258135
0.094094809478551
qdot6:
0.231238494075670
-0.054348442568636
-0.085129601538032
qdot7:
0.900567156329960
-0.171814773241546
-0.347181193769233

qdot1:
-0.129606433740615
-0.036088092551921
0.054750982747504
qdot2:
-0.174583096560973
-0.400927709869157
0.251866853711566
qdot3:
-0.167684173675261
-0.184111651523384
0.140433620098184
qdot4:
0.405213584274533
0.685099091477867
-0.461123086604125
qdot5:
-0.127213528530300
-0.104703323359690
0.089095904274749
qdot6:
0.101238606851241
0.097134586003200
-0.078122361443466
qdot7:
0.336988950752164
0.418141673320272
-0.306839354284641

qdot1:
0.107448303769751
-0.120992533674075
0.029025325471246
qdot2:
0.548368037257608
-0.515296108220045
0.101813594447145
qdot3:
0.296060618931245
-0.293960604542349
0.062138012878361
qdot4:
-0.989502485873902
0.950552216874317
-0.193246608179652
qdot5:
0.183759768684280
-0.188040185823313
0.041152250317985
qdot6:
-0.161294270335307
0.163455424302731
-0.035444601265060
qdot7:
-0.649212188748641
0.638901227473389
-0.133723649022584

qdot1:
0.111586767421311
-0.050603758072457
0.000922385615399
qdot2:
0.395258965379773
-0.156063310982604
-0.008137344395856
qdot3:
0.240025326530873
-0.100012968895312
-0.002384451601619
qdot4:
-0.747929234987537
0.302334739335784
0.011943180120419
qdot5:
0.158408434690778
-0.067660201507875
-0.000724718777010
qdot6:
-0.135994315581480
0.057792460792506
0.000789958029783
qdot7:
-0.516591770630390
0.213605997410124
0.005894515354567

qdot1:
0.000006765619971
0.022496101642033
-0.003680906041508
qdot2:
0.000004087365820
0.102868599922789
-0.016849232924143
qdot3:
0.000052266131764
0.057226263881140
-0.009391783668091
qdot4:
-0.000006283558558
-0.187629468942847
0.030728873460244
qdot5:
-0.000051986859820
0.036112267406538
-0.005891437041154
qdot6:
0.000001978341440
-0.031296645565778
0.005129272674462
qdot7:
-0.000007015794916
-0.124810347425485
0.020436897276579

qdot1:
-0.111668627873852
0.022500533761380
0.003688354247201
qdot2:
-0.395215011433996
0.102871277533002
0.016845524364843
qdot3:
-0.239631290643493
0.057260503128213
0.009358124589290
qdot4:
0.747929336542139
-0.187633585266491
-0.030729302210267
qdot5:
-0.158871366346031
0.036078211108935
0.005931456421380
qdot6:
0.135907703090224
-0.031295349565499
-0.005121642754585
qdot7:
0.516680531834770
-0.124814943433022
-0.020445131490437

qdot1:
-0.107624135039422
-0.050652952272209
-0.000922268256082
qdot2:
-0.548308383570409
-0.156031839391309
0.008139228573709
qdot3:
-0.295625039915744
-0.099720598968809
0.002404282478038
qdot4:
0.989525672389643
0.302330689539985
-0.011944946265098
qdot5:
-0.184310431757339
-0.067997521712466
0.000703916496123
qdot6:
0.161129949246337
0.057737017440022
-0.000791196015890
qdot7:
0.649396494487410
0.213659548365154
-0.005894732041174

qdot1:
0.129663002419457
-0.121156913943318
-0.029060185968360
qdot2:
0.174528735080116
-0.515225557835927
-0.101795001764639
qdot3:
0.167005122306662
-0.293382889268332
-0.061975685029479
qdot4:
-0.405222406947616
0.950563356433734
0.193246003150977
qdot5:
0.128003339723107
-0.188738242290105
-0.041342619948072
qdot6:
-0.101170823769395
0.163292335134982
0.035407573424696
qdot7:
-0.337077901829839
0.639075516074646
0.133760746436892

qdot1:
0.190714546118808
-0.036215414999854
-0.054833616444337
qdot2:
0.692802352869642
-0.400892771383443
-0.251830984738680
qdot3:
0.426084947834007
-0.183978778957250
-0.140154916731330
qdot4:
-1.287915221854536
0.685104451354086
0.461125183747172
qdot5:
0.274088962246928
-0.104883978984703
-0.089430183734211
qdot6:
-0.231001991921304
0.097015901148691
0.078039186461343
qdot7:
-0.900825886748200
0.418257690574040
0.306923996129546

qdot1:
-0.013649342990293
0.088720604646280
-0.046234653309790
qdot2:
0.247517651364958
0.052958128458711
-0.308813488523335
qdot3:
0.128825853286390
0.095147058567218
-0.154703206032943
qdot4:
-0.382576890167767
-0.158601520396666
0.547352456213407
qdot5:
0.068245192658185
0.074670148736304
-0.094378411027722
qdot6:
-0.066076534051073
-0.054312196200512
0.085032925309460
qdot7:
-0.259589683370409
-0.171868248820257
0.347276078288468

qdot1:
-0.099076555094901
0.079778997313771
-0.018638869441615
qdot2:
-0.112248980931120
0.215105540824587
-0.264911740421843
qdot3:
-0.078030164456099
0.179540145852190
-0.109716697837462
qdot4:
0.266849786782612
-0.409225475616005
0.454357393470199
qdot5:
-0.053621915110920
0.119377188153138
-0.062598583023942
qdot6:
0.040788118797024
-0.097598559639253
0.060153956239853
qdot7:
0.179563636049604
-0.341923981020647
0.263130482910749

qdot1:
-0.034874402171056
0.014874506881790
-0.003137125735625
qdot2:
-0.111624204794020
0.141571868788200
-0.206497402394692
qdot3:
-0.106380709496057
0.128423026797175
-0.059280465033754
qdot4:
0.228552858815536
-0.234413690765205
0.348946299806257
qdot5:
-0.066855307598896
0.084249775084249
-0.029249865271101
qdot6:
0.061145307238006
-0.070878493891467
0.032561865208784
qdot7:
0.203405809948695
-0.224292859442490
0.170399121114144

qdot1:
0.013153408715745
-0.007971516578193
-0.002006598267036
qdot2:
-0.017523233130385
0.068447484062759
-0.172101780078723
qdot3:
-0.052972165048457
0.058733626161267
-0.028629149039805
qdot4:
0.040120910973049
-0.084690006650574
0.296685543323823
qdot5:
-0.034815277380271
0.040453241502481
-0.008826805196143
qdot6:
0.038080677925546
-0.030822549225361
0.015905920788896
qdot7:
0.082616121952074
-0.091042864698740
0.118755459122712

qdot1:
0.027711096509406
0.000645207018235
-0.003206454247799
qdot2:
0.009610667363808
0.056968113227155
-0.151562018107469
qdot3:
-0.036918831696958
0.024031860680466
-0.015074348553272
qdot4:
-0.009786741701502
-0.058407024971625
0.273250029465697
qdot5:
-0.035698590176597
0.017645950358273
0.000688307735015
qdot6:
0.031931287371638
-0.005876112667343
0.009895649369487
qdot7:
0.045456773300927
-0.036921510846362
0.097798274599476

qdot1:
0.022550820420269
0.018798589486283
-0.000022073990078
qdot2:
-0.001069975934059
0.063264007017182
-0.131871172754246
qdot3:
-0.039144609609802
-0.000153456989692
-0.011163696779009
qdot4:
0.010203761965987
-0.064818264063628
0.253068982129357
qdot5:
-0.035782740596692
-0.005739993998924
0.002638188889716
qdot6:
0.023581491887181
0.015041892946681
0.011396762064292
qdot7:
0.051402967733808
-0.007143035959415
0.090581665801851

qdot1:
-0.052014152504165
0.033571504297448
0.008554764010729
qdot2:
0.018588054341500
0.062563071839247
-0.111264020971721
qdot3:
0.079394587323244
-0.025796869171811
-0.015413674723950
qdot4:
-0.032345180218770
-0.058133837356853
0.232932675708041
qdot5:
0.079337798021661
-0.029181064820002
-0.003080958101761
qdot6:
-0.076122574684360
0.030489994801831
0.018853682548388
qdot7:
-0.125108748733765
0.026530757242808
0.093756862419584

qdot1:
-0.028367072714712
-0.000502672588300
0.013970565128378
qdot2:
0.010444845863275
0.074740001022962
-0.088777404510513
qdot3:
0.038274551794684
0.026214075580322
-0.015345347334782
qdot4:
-0.016174437566450
-0.079322981832244
0.210420879659713
qdot5:
0.039527435368611
0.022792677582113
-0.004127207181476
qdot6:
-0.037775044849578
-0.019377472991396
0.020673620082625
qdot7:
-0.062187241540362
-0.055427275889953
0.089024375969448

qdot1:
-0.010761204340481
-0.019085781355371
0.010762493803264
qdot2:
0.003132409304126
0.081582360426225
-0.063175930975061
qdot3:
-0.008880267348851
0.051287517812613
-0.002652633548920
qdot4:
0.004608246283845
-0.089918764328605
0.182703552175257
qdot5:
-0.007157927666258
0.048686876751890
0.007579255679263
qdot6:
0.016808775700851
-0.044123691051346
0.010273806801662
qdot7:
0.014021523562507
-0.096165785819791
0.064197436806418

qdot1:
-0.080552594964329
-0.026135385406343
0.003356461209081
qdot2:
0.030092958436949
0.083634384030739
-0.036117792448902
qdot3:
0.090037372764283
0.045470104938045
0.013193709195905
qdot4:
-0.043801980579014
-0.086899928272472
0.153745321009646
qdot5:
0.091615966393941
0.043997758854296
0.022758550718163
qdot6:
-0.066210956156662
-0.033112357233732
-0.002375417709932
qdot7:
-0.133385338883344
-0.086980365101107
0.034202935108429

qdot1:
0.000876084439983
-0.078904934409391
-0.013846368526779
qdot2:
0.004738804269752
0.103348110765284
-0.005494998961553
qdot3:
-0.007254482859338
0.104453078190421
0.037747166357322
qdot4:
-0.008457610016448
-0.115594357814045
0.120582105854345
qdot5:
-0.000463043937332
0.104014859858025
0.046999107895954
qdot6:
-0.010627948188153
-0.076486779832965
-0.020324861289911
qdot7:
0.005019360277731
-0.174360345592234
-0.008597769963613

qdot1:
0.157864005212981
-0.078331016451727
-0.039597463875355
qdot2:
-0.061672032867403
0.106452474618978
0.028864795022134
qdot3:
-0.223215483909611
0.099700707532380
0.071182163717207
qdot4:
0.099911730087579
-0.121134890262556
0.081812108244818
qdot5:
-0.222405829168767
0.103711522395683
0.081019202197128
qdot6:
0.184892165284912
-0.083449088532827
-0.046518131807177
qdot7:
0.324074279643695
-0.171072191085766
-0.065170494838425

qdot1:
0.017751862406595
0.025084799793457
-0.048317787660143
qdot2:
-0.003792816366463
0.066051474974521
0.057116385257447
qdot3:
-0.026891026033305
-0.046526492492937
0.079890695538761
qdot4:
0.002680082245202
-0.055683281420277
0.052853962391856
qdot5:
-0.037497631910043
-0.041985277391858
0.091128330624169
qdot6:
0.010612044811421
0.037672722385894
-0.054015091395015
qdot7:
0.028156444430670
0.041227035126105
-0.086435701512574

qdot1:
-0.141922775267250
0.036713944373778
-0.038196785785207
qdot2:
0.081977473146747
0.063566822441622
0.078344438494657
qdot3:
0.210761049954497
-0.064142651434000
0.061766013099406
qdot4:
-0.144424171742254
-0.053927574711722
0.034902599538540
qdot5:
0.210451960023121
-0.066549763805380
0.073353157839414
qdot6:
-0.251019506995813
0.044624612873677
-0.040536961771371
qdot7:
-0.334214576966173
0.059672162496537
-0.069911078203809

qdot1:
0.018770536709636
-0.056258862367334
-0.041397727071699
qdot2:
-0.006807659550248
0.117269801076624
0.107960700610475
qdot3:
-0.017920913834013
0.073925719404116
0.063368221212248
qdot4:
-0.009652090739829
-0.148539032124761
0.001743917513244
qdot5:
-0.005274727848194
0.071316123968257
0.074133761730240
qdot6:
-0.002278326373871
-0.119816845294147
-0.052851463231931
qdot7:
0.013093286237820
-0.159269915093379
-0.086222559195140

qdot1:
0.163331792403602
-0.043962390017173
-0.057811320858445
qdot2:
-0.134631624823442
0.112810141839178
0.145641717676686
qdot3:
-0.232259918701447
0.062185830190589
0.085659697636438
qdot4:
0.174902256471532
-0.154862062133947
-0.047945167357805
qdot5:
-0.226101993360217
0.067860679611854
0.096927245788266
qdot6:
0.286510924744358
-0.121309364005483
-0.092341566943645
qdot7:
0.359711864435051
-0.150692577391924
-0.136986227775753

qdot1:
0.093353359357123
0.063035342666848
-0.054687675028271
qdot2:
-0.132019129395439
0.024613726483141
0.168148117243436
qdot3:
-0.136375251790601
-0.089966327871945
0.081109985940699
qdot4:
0.160016804044023
-0.040284583932218
-0.079905033166377
qdot5:
-0.141221603191121
-0.080257456415821
0.094896981209805
qdot6:
0.214680936109095
0.066382321034597
-0.101337165679254
qdot7:
0.238807241862576
0.084952628894587
-0.147752694812675

qdot1:
-0.034978775653570
0.124190599966458
-0.024025011215873
qdot2:
0.026623558861182
-0.061871257905721
0.162046317757625
qdot3:
0.041320045087407
-0.179304983384581
0.037010457983969
qdot4:
-0.026234258167318
0.064541518641528
-0.075932388010211
qdot5:
0.034971236547457
-0.172770929298760
0.053457615398435
qdot6:
0.006743185774101
0.207018587104556
-0.056561318836841
qdot7:
-0.048538740474142
0.241393901299656
-0.094305753641240

qdot1:
-0.094310871719532
0.101276202028874
0.012900495224117
qdot2:
0.256680070530730
-0.044430315195150
0.144636928049784
qdot3:
0.150809962496012
-0.152236455734869
-0.017287272045406
qdot4:
-0.285032802732442
0.047355604611918
-0.057606594994363
qdot5:
0.155060440313041
-0.149861470186916
0.000618950727951
qdot6:
-0.201619168807515
0.211436009936194
0.011970490640776
qdot7:
-0.277635177485686
0.209596447162633
-0.020445447515718

qdot1:
-0.072392104693482
0.039493683800531
0.035954884073160
qdot2:
0.098987211620394
0.123719346103474
0.157622376885336
qdot3:
0.127759188554461
-0.053441702945027
-0.050971921429208
qdot4:
-0.146821928659707
-0.139367771064884
-0.072675757349302
qdot5:
0.120291569868418
-0.048282253438447
-0.031831757216732
qdot6:
-0.204311557370780
0.079356433690967
0.059594611597074
qdot7:
-0.210483588884086
0.027719213911631
0.018420589052672

qdot1:
-0.082008668982692
-0.007929974217539
0.041124185944488
qdot2:
-0.734586392021173
0.188565308131023
0.208766354220345
qdot3:
0.083952032956497
0.030252618311782
-0.054769680950275
qdot4:
0.633357062474048
-0.235549985462338
-0.134077382380553
qdot5:
0.037148370680313
0.030520073086675
-0.034740733168683
qdot6:
-0.074386189210200
-0.054486911062118
0.063667582472893
qdot7:
0.137409507216929
-0.110167393749794
0.004917755071629

qdot1:
-0.088863168874300
-0.061653389068088
0.029728269089408
qdot2:
-0.893484296454348
-0.292658079245872
0.191718707932101
qdot3:
0.073917886551441
0.085249119901397
-0.035853547220267
qdot4:
0.787900752532448
0.179358641124440
-0.143280040283439
qdot5:
0.026010363825414
0.054855760445552
-0.020758426846801
qdot6:
-0.037576439836268
-0.103216882559820
0.037839866838206
qdot7:
0.214615251863240
-0.020151203361646
-0.016424988757188

coefs_qdotdot:
qdotdot1:
0.177546486951986
-0.119798521544166
qdotdot2:
1.787069288401503
-0.878019252042152
qdotdot3:
-0.147605762899471
0.133579941708057
qdotdot4:
-1.575880505749672
0.695534268583988
qdotdot5:
-0.052041684344636
0.071874552098419
qdotdot6:
0.074973128358619
-0.127771883527867
qdotdot7:
-0.429159045865031
0.120422796074966

qdotdot1:
0.163881804614789
-0.061643672233100
qdotdot2:
1.469250009775565
-0.292669764369504
qdotdot3:
-0.167734088097414
0.085232091822494
qdotdot4:
-1.266751723548326
0.179359068964846
qdotdot5:
-0.074305613439788
0.054828445679119
qdotdot6:
0.148651231497009
-0.103214647522101
qdotdot7:
-0.274751477036719
-0.020147034797053

qdotdot1:
0.144872392117235
-0.007964650947954
qdotdot2:
-0.197986138229936
0.188578918077741
qdotdot3:
-0.255616137746512
0.030291265985303
qdotdot4:
0.293667181092094
-0.235561872937023
qdotdot5:
-0.240441453008288
0.030489852295823
qdotdot6:
0.408715180629225
-0.054524357356288
qdotdot7:
0.420880303623042
-0.110141103501911

qdotdot1:
0.188769247334712
0.039487891073843
qdotdot2:
-0.513383375578935
0.123729118838652
qdotdot3:
-0.301788067613027
-0.053435076491668
qdotdot4:
0.570083329289090
-0.139372018903839
qdotdot5:
-0.309941546941040
-0.048266065142364
qdotdot6:
0.403370877005100
0.079349143317739
qdotdot7:
0.555144426396168
0.027717048779147

qdotdot1:
0.070015872251269
0.101318723785741
qdotdot2:
-0.053249929471488
-0.044428152860412
qdotdot3:
-0.082715795164294
-0.152284903921143
qdotdot4:
0.052468024299392
0.047357162161419
qdotdot5:
-0.069887990948344
-0.149786541649845
qdotdot6:
-0.013444918935789
0.211472132465071
qdotdot7:
0.097045952616649
0.209553034481742

qdotdot1:
-0.186780063907607
0.124252224583516
qdotdot2:
0.264039753195828
-0.061870016551450
qdotdot3:
0.272819939541376
-0.179378228525901
qdotdot4:
-0.320037916330462
0.064542915026277
qdotdot5:
0.282324450484293
-0.172678155288775
qdotdot6:
-0.429429390606722
0.207068287319310
qdotdot7:
-0.477528118863953
0.241340161602969

qdotdot1:
-0.326832923249769
0.063072943273401
qdotdot2:
0.269263052792817
0.024615457325524
qdotdot3:
0.464706685568235
-0.090016829461027
qdotdot4:
-0.349805674328993
-0.040284598700079
qdotdot5:
0.451951422012226
-0.080203580564108
qdotdot6:
-0.573158123095629
0.066409905792277
qdotdot7:
-0.719254264673122
0.084927177763756

qdotdot1:
-0.037552277310764
-0.043980255738222
qdotdot2:
0.013615009060569
0.112811808202568
qdotdot3:
0.035850000153814
0.062196530189249
qdotdot4:
0.019305028385618
-0.154862457310482
qdotdot5:
0.010541485671469
0.067831828608200
qdotdot6:
0.004556587738061
-0.121326415282066
qdotdot7:
-0.026172919252028
-0.150662521004649

qdotdot1:
0.284056793550744
-0.056280397891333
qdotdot2:
-0.163962089676400
0.117271365887312
qdotdot3:
-0.421787030180359
0.073939096277366
qdotdot4:
0.288848987450201
-0.148539149899646
qdotdot5:
-0.420576109845331
0.071284662405496
qdotdot6:
0.502218508268481
-0.119833917864467
qdotdot7:
0.668240042052098
-0.159235386631351

qdotdot1:
-0.035602746243974
0.036761600901893
qdotdot2:
0.007598537422708
0.063566047457457
qdotdot3:
0.053913229035537
-0.064216051721334
qdotdot4:
-0.005360282199947
-0.053927481557466
qdotdot5:
0.074884730201932
-0.066473852064598
qdotdot6:
-0.021295216822079
0.044666333145738
qdotdot7:
-0.056255908164883
0.059644747897413

qdotdot1:
-0.316085660102349
0.025100022132168
qdotdot2:
0.123367096638888
0.066054926884970
qdotdot3:
0.446903588779151
-0.046556926135354
qdotdot4:
-0.199823708695801
-0.055683226821448
qdotdot5:
0.444349386463012
-0.041945570624871
qdotdot6:
-0.370062495286138
0.037691145145148
qdotdot7:
-0.647910719360187
0.041218284392840

qdotdot1:
-0.001754014736573
-0.078432941252300
qdotdot2:
-0.009487681952116
0.106463470236878
qdotdot3:
0.014516322082114
0.099825079547780
qdotdot4:
0.016915255933678
-0.121134917065960
qdotdot5:
0.000947393230429
0.103599813318487
qdotdot6:
0.021257327452519
-0.083521777839143
qdotdot7:
-0.010066004835519
-0.171003038024007

qdotdot1:
0.161287000773573
-0.079007463815072
qdotdot2:
-0.060209039512955
0.103355806865393
qdotdot3:
-0.180317522630899
0.104579859761847
qdotdot4:
0.087603988355810
-0.115594372858250
qdotdot5:
-0.182988684849958
0.103910129289812
qdotdot6:
0.132562473260066
-0.076559000394318
qdotdot7:
0.266639473360395
-0.174300129419189

qdotdot1:
0.021570911121508
-0.026178363184331
qdotdot2:
-0.006278144112359
0.083634506375866
qdotdot3:
0.017690461912385
0.045517365556706
qdotdot4:
-0.009216485986864
-0.086899934408120
qdotdot5:
0.014373779629618
0.043972703459712
qdotdot6:
-0.033587452588965
-0.033138537454794
qdotdot7:
-0.028075477797608
-0.086963124560010

qdotdot1:
0.056753475159951
-0.019112872296230
qdotdot2:
-0.020874282305338
0.081578118040196
qdotdot3:
-0.076561679686196
0.051311826288763
qdotdot4:
0.032348775988699
-0.089918768308723
qdotdot5:
-0.079068161835445
0.048680794296885
qdotdot6:
0.075554608990591
-0.044140012491481
qdotdot7:
0.124381670205874
-0.096159167853717

qdotdot1:
0.104076226991149
-0.000523432130630
qdotdot2:
-0.037155075987366
0.074740805949240
qdotdot3:
-0.158824433636350
0.026234264791548
qdotdot4:
0.064690577304119
-0.079323018286764
qdotdot5:
-0.158669655921867
0.022782241665501
qdotdot6:
0.152273020351819
-0.019392314150412
qdotdot7:
0.250210970408192
-0.055418303801377

qdotdot1:
-0.045111523651094
0.033566441464961
qdotdot2:
0.002131383911158
0.062570765965453
qdotdot3:
0.078309629872235
-0.025788228942924
qdotdot4:
-0.020406828023961
-0.058133802777339
qdotdot5:
0.071540181114396
-0.029189555066643
qdotdot6:
-0.047177701974256
0.030484282704449
qdotdot7:
-0.102805113102212
0.026537591411571

qdotdot1:
-0.055427620230117
0.018790289567169
qdotdot2:
-0.019235435125718
0.063268894733335
qdotdot3:
0.073797552437419
-0.000138131309302
qdotdot4:
0.019572325503172
-0.064818001541414
qdotdot5:
0.071437577006110
-0.005756771214833
qdotdot6:
-0.063872099021108
0.015031359944579
qdotdot7:
-0.090917391964550
-0.007135932427192

qdotdot1:
-0.026332993743916
0.000635129431417
qdotdot2:
0.035049311227797
0.056968382397817
qdotdot3:
0.105913334107703
0.024034048130578
qdotdot4:
-0.080245534256794
-0.058407141716224
qdotdot5:
0.069636424756193
0.017642404951697
qdotdot6:
-0.076195152703925
-0.005889765319693
qdotdot7:
-0.165206552817531
-0.036915666851807

qdotdot1:
0.069657829537328
-0.007990168142062
qdotdot2:
0.223298674264516
0.068448685094318
qdotdot3:
0.213055419805222
0.058725660962837
qdotdot4:
-0.457105402953331
-0.084691339352035
qdotdot5:
0.133315886692050
0.040451618796367
qdotdot6:
-0.122393732479294
-0.030847271941206
qdotdot7:
-0.406704690113446
-0.091028605661474

qdotdot1:
0.198071488102662
0.014826056778090
qdotdot2:
0.224579987722982
0.141589533872280
qdotdot3:
0.156805970122008
0.128511360733001
qdotdot4:
-0.533684828391373
-0.234414920394863
qdotdot5:
0.106340693053873
0.084118860173235
qdotdot6:
-0.081669779482188
-0.070936992617443
qdotdot7:
-0.358994022845686
-0.224243575857125

qdotdot1:
0.027455817917283
0.079703812126434
qdotdot2:
-0.495064574519561
0.215150073247205
qdotdot3:
-0.257429940828006
0.179872712455983
qdotdot4:
0.765167012130710
-0.409221875505698
qdotdot5:
-0.136683821711724
0.118950453218806
qdotdot6:
0.132314546336265
-0.097687697745948
qdotdot7:
0.519058915623662
-0.341831052019411

qdotdot1:
-0.380967969297051
0.088696887580095
qdotdot2:
-1.385818058266556
0.052993072989476
qdotdot3:
-0.853812645053697
0.095552263913073
qdotdot4:
2.575789857116330
-0.158593586249298
qdotdot5:
-0.546130127519855
0.074180054258135
qdotdot6:
0.462476988151340
-0.054348442568636
qdotdot7:
1.801134312659919
-0.171814773241546

qdotdot1:
-0.259212867481229
-0.036088092551921
qdotdot2:
-0.349166193121946
-0.400927709869157
qdotdot3:
-0.335368347350522
-0.184111651523384
qdotdot4:
0.810427168549065
0.685099091477867
qdotdot5:
-0.254427057060600
-0.104703323359690
qdotdot6:
0.202477213702482
0.097134586003200
qdotdot7:
0.673977901504328
0.418141673320272

qdotdot1:
0.214896607539501
-0.120992533674075
qdotdot2:
1.096736074515217
-0.515296108220045
qdotdot3:
0.592121237862490
-0.293960604542349
qdotdot4:
-1.979004971747804
0.950552216874317
qdotdot5:
0.367519537368559
-0.188040185823313
qdotdot6:
-0.322588540670615
0.163455424302731
qdotdot7:
-1.298424377497283
0.638901227473389

qdotdot1:
0.223173534842622
-0.050603758072457
qdotdot2:
0.790517930759547
-0.156063310982604
qdotdot3:
0.480050653061747
-0.100012968895312
qdotdot4:
-1.495858469975074
0.302334739335784
qdotdot5:
0.316816869381556
-0.067660201507875
qdotdot6:
-0.271988631162961
0.057792460792506
qdotdot7:
-1.033183541260781
0.213605997410124

qdotdot1:
0.000013531239942
0.022496101642033
qdotdot2:
0.000008174731639
0.102868599922789
qdotdot3:
0.000104532263528
0.057226263881140
qdotdot4:
-0.000012567117116
-0.187629468942847
qdotdot5:
-0.000103973719640
0.036112267406538
qdotdot6:
0.000003956682879
-0.031296645565778
qdotdot7:
-0.000014031589831
-0.124810347425485

qdotdot1:
-0.223337255747704
0.022500533761380
qdotdot2:
-0.790430022867992
0.102871277533002
qdotdot3:
-0.479262581286987
0.057260503128213
qdotdot4:
1.495858673084278
-0.187633585266491
qdotdot5:
-0.317742732692063
0.036078211108935
qdotdot6:
0.271815406180448
-0.031295349565499
qdotdot7:
1.033361063669541
-0.124814943433022

qdotdot1:
-0.215248270078845
-0.050652952272209
qdotdot2:
-1.096616767140818
-0.156031839391309
qdotdot3:
-0.591250079831489
-0.099720598968809
qdotdot4:
1.979051344779285
0.302330689539985
qdotdot5:
-0.368620863514678
-0.067997521712466
qdotdot6:
0.322259898492674
0.057737017440022
qdotdot7:
1.298792988974821
0.213659548365154

qdotdot1:
0.259326004838914
-0.121156913943318
qdotdot2:
0.349057470160231
-0.515225557835927
qdotdot3:
0.334010244613323
-0.293382889268332
qdotdot4:
-0.810444813895232
0.950563356433734
qdotdot5:
0.256006679446213
-0.188738242290105
qdotdot6:
-0.202341647538790
0.163292335134982
qdotdot7:
-0.674155803659679
0.639075516074646

qdotdot1:
0.381429092237617
-0.036215414999854
qdotdot2:
1.385604705739284
-0.400892771383443
qdotdot3:
0.852169895668014
-0.183978778957250
qdotdot4:
-2.575830443709072
0.685104451354086
qdotdot5:
0.548177924493856
-0.104883978984703
qdotdot6:
-0.462003983842608
0.097015901148691
qdotdot7:
-1.801651773496400
0.418257690574040

qdotdot1:
-0.027298685980586
0.088720604646280
qdotdot2:
0.495035302729916
0.052958128458711
qdotdot3:
0.257651706572781
0.095147058567218
qdotdot4:
-0.765153780335533
-0.158601520396666
qdotdot5:
0.136490385316369
0.074670148736304
qdotdot6:
-0.132153068102147
-0.054312196200512
qdotdot7:
-0.519179366740817
-0.171868248820257

qdotdot1:
-0.198153110189803
0.079778997313771
qdotdot2:
-0.224497961862239
0.215105540824587
qdotdot3:
-0.156060328912199
0.179540145852190
qdotdot4:
0.533699573565224
-0.409225475616005
qdotdot5:
-0.107243830221840
0.119377188153138
qdotdot6:
0.081576237594048
-0.097598559639253
qdotdot7:
0.359127272099208
-0.341923981020647

qdotdot1:
-0.069748804342112
0.014874506881790
qdotdot2:
-0.223248409588040
0.141571868788200
qdotdot3:
-0.212761418992114
0.128423026797175
qdotdot4:
0.457105717631072
-0.234413690765205
qdotdot5:
-0.133710615197791
0.084249775084249
qdotdot6:
0.122290614476011
-0.070878493891467
qdotdot7:
0.406811619897391
-0.224292859442490

qdotdot1:
0.026306817431489
-0.007971516578193
qdotdot2:
-0.035046466260771
0.068447484062759
qdotdot3:
-0.105944330096914
0.058733626161267
qdotdot4:
0.080241821946098
-0.084690006650574
qdotdot5:
-0.069630554760542
0.040453241502481
qdotdot6:
0.076161355851092
-0.030822549225361
qdotdot7:
0.165232243904148
-0.091042864698740

qdotdot1:
0.055422193018811
0.000645207018235
qdotdot2:
0.019221334727615
0.056968113227155
qdotdot3:
-0.073837663393915
0.024031860680466
qdotdot4:
-0.019573483403004
-0.058407024971625
qdotdot5:
-0.071397180353194
0.017645950358273
qdotdot6:
0.063862574743277
-0.005876112667343
qdotdot7:
0.090913546601855
-0.036921510846362

qdotdot1:
0.045101640840538
0.018798589486283
qdotdot2:
-0.002139951868118
0.063264007017182
qdotdot3:
-0.078289219219604
-0.000153456989692
qdotdot4:
0.020407523931974
-0.064818264063628
qdotdot5:
-0.071565481193383
-0.005739993998924
qdotdot6:
0.047162983774361
0.015041892946681
qdotdot7:
0.102805935467616
-0.007143035959415

qdotdot1:
-0.104028305008330
0.033571504297448
qdotdot2:
0.037176108683001
0.062563071839247
qdotdot3:
0.158789174646488
-0.025796869171811
qdotdot4:
-0.064690360437541
-0.058133837356853
qdotdot5:
0.158675596043322
-0.029181064820002
qdotdot6:
-0.152245149368720
0.030489994801831
qdotdot7:
-0.250217497467531
0.026530757242808

qdotdot1:
-0.056734145429424
-0.000502672588300
qdotdot2:
0.020889691726551
0.074740001022962
qdotdot3:
0.076549103589368
0.026214075580322
qdotdot4:
-0.032348875132900
-0.079322981832244
qdotdot5:
0.079054870737222
0.022792677582113
qdotdot6:
-0.075550089699156
-0.019377472991396
qdotdot7:
-0.124374483080725
-0.055427275889953

qdotdot1:
-0.021522408680962
-0.019085781355371
qdotdot2:
0.006264818608251
0.081582360426225
qdotdot3:
-0.017760534697702
0.051287517812613
qdotdot4:
0.009216492567690
-0.089918764328605
qdotdot5:
-0.014315855332516
0.048686876751890
qdotdot6:
0.033617551401701
-0.044123691051346
qdotdot7:
0.028043047125014
-0.096165785819791

qdotdot1:
-0.161105189928658
-0.026135385406343
qdotdot2:
0.060185916873897
0.083634384030739
qdotdot3:
0.180074745528566
0.045470104938045
qdotdot4:
-0.087603961158029
-0.086899928272472
qdotdot5:
0.183231932787882
0.043997758854296
qdotdot6:
-0.132421912313324
-0.033112357233732
qdotdot7:
-0.266770677766687
-0.086980365101107

qdotdot1:
0.001752168879966
-0.078904934409391
qdotdot2:
0.009477608539504
0.103348110765284
qdotdot3:
-0.014508965718675
0.104453078190421
qdotdot4:
-0.016915220032895
-0.115594357814045
qdotdot5:
-0.000926087874663
0.104014859858025
qdotdot6:
-0.021255896376307
-0.076486779832965
qdotdot7:
0.010038720555462
-0.174360345592234

qdotdot1:
0.315728010425963
-0.078331016451727
qdotdot2:
-0.123344065734805
0.106452474618978
qdotdot3:
-0.446430967819223
0.099700707532380
qdotdot4:
0.199823460175158
-0.121134890262556
qdotdot5:
-0.444811658337534
0.103711522395683
qdotdot6:
0.369784330569823
-0.083449088532827
qdotdot7:
0.648148559287390
-0.171072191085766

qdotdot1:
0.035503724813191
0.025084799793457
qdotdot2:
-0.007585632732927
0.066051474974521
qdotdot3:
-0.053782052066611
-0.046526492492937
qdotdot4:
0.005360164490404
-0.055683281420277
qdotdot5:
-0.074995263820086
-0.041985277391858
qdotdot6:
0.021224089622842
0.037672722385894
qdotdot7:
0.056312888861341
0.041227035126105

qdotdot1:
-0.283845550534501
0.036713944373778
qdotdot2:
0.163954946293494
0.063566822441622
qdotdot3:
0.421522099908994
-0.064142651434000
qdotdot4:
-0.288848343484508
-0.053927574711722
qdotdot5:
0.420903920046241
-0.066549763805380
qdotdot6:
-0.502039013991627
0.044624612873677
qdotdot7:
-0.668429153932346
0.059672162496537

qdotdot1:
0.037541073419272
-0.056258862367334
qdotdot2:
-0.013615319100497
0.117269801076624
qdotdot3:
-0.035841827668025
0.073925719404116
qdotdot4:
-0.019304181479658
-0.148539032124761
qdotdot5:
-0.010549455696389
0.071316123968257
qdotdot6:
-0.004556652747742
-0.119816845294147
qdotdot7:
0.026186572475639
-0.159269915093379

qdotdot1:
0.326663584807204
-0.043962390017173
qdotdot2:
-0.269263249646884
0.112810141839178
qdotdot3:
-0.464519837402895
0.062185830190589
qdotdot4:
0.349804512943065
-0.154862062133947
qdotdot5:
-0.452203986720434
0.067860679611854
qdotdot6:
0.573021849488717
-0.121309364005483
qdotdot7:
0.719423728870102
-0.150692577391924

qdotdot1:
0.186706718714246
0.063035342666848
qdotdot2:
-0.264038258790878
0.024613726483141
qdotdot3:
-0.272750503581203
-0.089966327871945
qdotdot4:
0.320033608088046
-0.040284583932218
qdotdot5:
-0.282443206382242
-0.080257456415821
qdotdot6:
0.429361872218190
0.066382321034597
qdotdot7:
0.477614483725151
0.084952628894587

qdotdot1:
-0.069957551307139
0.124190599966458
qdotdot2:
0.053247117722364
-0.061871257905721
qdotdot3:
0.082640090174813
-0.179304983384581
qdotdot4:
-0.052468516334637
0.064541518641528
qdotdot5:
0.069942473094914
-0.172770929298760
qdotdot6:
0.013486371548202
0.207018587104556
qdotdot7:
-0.097077480948284
0.241393901299656

qdotdot1:
-0.188621743439064
0.101276202028874
qdotdot2:
0.513360141061461
-0.044430315195150
qdotdot3:
0.301619924992024
-0.152236455734869
qdotdot4:
-0.570065605464884
0.047355604611918
qdotdot5:
0.310120880626081
-0.149861470186916
qdotdot6:
-0.403238337615031
0.211436009936194
qdotdot7:
-0.555270354971372
0.209596447162633

qdotdot1:
-0.144784209386963
0.039493683800531
qdotdot2:
0.197974423240789
0.123719346103474
qdotdot3:
0.255518377108922
-0.053441702945027
qdotdot4:
-0.293643857319415
-0.139367771064884
qdotdot5:
0.240583139736835
-0.048282253438447
qdotdot6:
-0.408623114741560
0.079356433690967
qdotdot7:
-0.420967177768172
0.027719213911631

qdotdot1:
-0.164017337965384
-0.007929974217539
qdotdot2:
-1.469172784042345
0.188565308131023
qdotdot3:
0.167904065912994
0.030252618311782
qdotdot4:
1.266714124948097
-0.235549985462338
qdotdot5:
0.074296741360627
0.030520073086675
qdotdot6:
-0.148772378420400
-0.054486911062118
qdotdot7:
0.274819014433858
-0.110167393749794

qdotdot1:
-0.177726337748599
-0.061653389068088
qdotdot2:
-1.786968592908696
-0.292658079245872
qdotdot3:
0.147835773102883
0.085249119901397
qdotdot4:
1.575801505064896
0.179358641124440
qdotdot5:
0.052020727650828
0.054855760445552
qdotdot6:
-0.075152879672537
-0.103216882559820
qdotdot7:
0.429230503726481
-0.020151203361646

