1579092600.707000017

1579092600.707999945

1579092600.710000038

1579092600.711999893

1579092600.713000059

1579092600.717000008

1579092600.717999935

1579092600.720000029

1579092600.721999884

1579092600.723999977

1579092600.724999905

1579092600.729000092

1579092600.730000019

1579092600.732000113

1579092600.733999968

1579092600.736000061

1579092600.736999989

1579092600.740999937

1579092600.742000103

1579092600.743999958

1579092600.747999907

1579092600.749000072

1579092600.753000021

1579092600.753999949

1579092600.756999969

1579092600.759000063

1579092600.760999918

1579092600.765000105

1579092600.766999960

1579092600.769000053

1579092600.769999981

1579092600.773000002

1579092600.776999950

1579092600.779000044

1579092600.780999899

1579092600.782000065

1579092600.783999920

1579092600.785000086

1579092600.789000034

1579092600.790999889

1579092600.792000055

1579092600.793999910

1579092600.796000004

1579092600.796999931

1579092600.801000118

1579092600.802999973

1579092600.805000067

1579092600.805999994

1579092600.808000088

1579092600.809000015

1579092600.812999964

1579092600.815000057

1579092600.819000006

1579092600.821000099

1579092600.823999882

1579092600.825999975

1579092600.828999996

1579092600.831000090

1579092600.832000017

1579092600.838000059

1579092600.839999914

1579092600.842999935

1579092600.845999956

1579092600.851000071

1579092600.852999926

1579092600.854000092

1579092600.855999947

1579092600.859999895

1579092600.861000061

1579092600.862999916

1579092600.865000010

1579092600.867000103

1579092600.868999958

1579092600.875000000

1579092600.877000093

1579092600.878999949

1579092600.880000114

1579092600.884000063

1579092600.884999990

1579092600.887000084

1579092600.888999939

1579092600.891000032

1579092600.891999960

1579092600.895999908

1579092600.897000074

1579092600.898999929

1579092600.901999950

1579092600.904000044

1579092600.905999899

1579092600.908999920

1579092600.911000013

1579092600.913000107

1579092600.914000034

1579092600.915999889

1579092600.917000055

1579092600.921000004

1579092600.923000097

1579092600.924999952

1579092600.927000046

1579092600.927999973

1579092600.930000067

1579092600.933000088

1579092600.934999943

1579092600.937000036

1579092600.937999964

1579092600.940000057

1579092600.940999985

1579092600.944999933

1579092600.947000027

1579092600.947999954

1579092600.950000048

1579092600.950999975

1579092600.953000069

1579092600.954999924

1579092600.957000017

1579092600.959000111

1579092600.961999893

1579092600.963999987

1579092600.967000008

1579092600.969000101

1579092600.970000029

1579092600.971999884

1579092600.973999977

1579092600.974999905

1579092600.979000092

1579092600.980000019

1579092600.982000113

1579092600.992000103

1579092601.006000042

1579092601.036999941

1579092601.040999889

1579092601.042999983

1579092601.046000004

1579092601.046999931

1579092601.049000025

1579092601.052999973

1579092601.055000067

1579092601.056999922

1579092601.059000015

1579092601.061000109

1579092601.092000008

1579092601.094000101

1579092601.095000029

1579092601.096999884

1579092601.105000019

1579092601.107000113

1579092601.108999968

1579092601.111999989

1579092601.114000082

1579092601.115999937

1579092601.118000031

1579092601.118999958

1579092601.121000051

1579092601.124000072

1579092601.125999928

1579092601.128000021

1579092601.130000114

1579092601.131000042

1579092601.132999897

1579092601.135999918

1579092601.138000011

1579092601.140000105

1579092601.141999960

1579092601.158999920

1579092601.161000013

1579092601.163000107

1579092601.164999962

1579092601.167000055

1579092601.167999983

1579092601.171999931

1579092601.174000025

1579092601.174999952

1579092601.177000046

1579092601.177999973

1579092601.180000067

1579092601.183000088

1579092601.184999943

1579092601.187000036

1579092601.188999891

1579092601.190000057

1579092601.191999912

1579092601.196000099

1579092601.197999954

1579092601.200000048

1579092601.201999903

1579092601.203000069

1579092601.204999924

1579092601.209000111

1579092601.210000038

1579092601.211999893

1579092601.213999987

1579092601.214999914

1579092601.217000008

1579092601.220000029

1579092601.223000050

1579092601.224999905

1579092601.226000071

1579092601.227999926

1579092601.232000113

1579092601.233999968

1579092601.234999895

1579092601.236999989

1579092601.239000082

1579092601.240000010

1579092601.243000031

1579092601.244999886

1579092601.246000051

1579092601.247999907

1579092601.250000000

1579092601.250999928

1579092601.255000114

1579092601.257999897

1579092601.259999990

1579092601.262000084

1579092601.263000011

1579092601.266999960

1579092601.269000053

1579092601.269999981

1579092601.272000074

1579092601.273999929

1579092601.275000095

1579092601.279000044

1579092601.280999899

1579092601.282999992

1579092601.285000086

1579092601.286000013

1579092601.288000107

1579092601.290999889

1579092601.292999983

1579092601.295000076

1579092601.296999931

1579092601.298000097

1579092601.299999952

1579092601.302999973

1579092601.305000067

1579092601.306999922

1579092601.309000015

1579092601.309999943

1579092601.312000036

1579092601.315000057

1579092601.316999912

1579092601.319000006

1579092601.321000099

1579092601.322000027

1579092601.323999882

1579092601.326999903

1579092601.328999996

1579092601.331000090

1579092601.332999945

1579092601.334000111

1579092601.335999966

1579092601.338999987

1579092601.341000080

1579092601.342999935

1579092601.345000029

1579092601.345999956

1579092601.348000050

1579092601.351000071

1579092601.352999926

1579092601.355000019

1579092601.357000113

1579092601.358999968

1579092601.359999895

1579092601.364000082

1579092601.365999937

1579092601.368000031

1579092601.368999958

1579092601.371000051

1579092601.371999979

1579092601.378999949

1579092601.381000042

1579092601.381999969

1579092601.384000063

1579092601.387000084

1579092601.390000105

1579092601.391999960

1579092601.394999981

1579092601.395999908

1579092601.400000095

1579092601.405999899

1579092601.407999992

1579092601.411000013

1579092601.413000107

1579092601.414999962

1579092601.417000055

1579092601.417999983

1579092601.420000076

1579092601.423000097

1579092601.424999952

1579092601.427000046

1579092601.428999901

1579092601.430999994

1579092601.431999922

1579092601.436000109

1579092601.437999964

1579092601.440000057

1579092601.441999912

1579092601.443000078

1579092601.447000027

1579092601.448999882

1579092601.450999975

1579092601.451999903

1579092601.453999996

1579092601.457999945

1579092601.460000038

1579092601.460999966

1579092601.463000059

1579092601.464999914

1579092601.466000080

1579092601.470000029

1579092601.471999884

1579092601.473000050

1579092601.474999905

1579092601.476999998

1579092601.477999926

1579092601.482000113

1579092601.483999968

1579092601.484999895

1579092601.486999989

1579092601.489000082

1579092601.490999937

1579092601.493999958

1579092601.496000051

1579092601.496999979

1579092601.500999928

1579092601.502000093

1579092601.506000042

1579092601.507999897

1579092601.509000063

1579092601.510999918

1579092601.513000011

1579092601.515000105

1579092601.517999887

1579092601.519999981

1579092601.520999908

1579092601.523000002

1579092601.525000095

1579092601.526999950

1579092601.529999971

1579092601.532000065

1579092601.532999992

1579092601.535000086

1579092601.536999941

1579092601.538000107

1579092601.540999889

1579092601.542999983

1579092601.545000076

1579092601.546000004

1579092601.548000097

1579092601.549999952

1579092601.552999973

1579092601.555000067

1579092601.556999922

1579092601.558000088

1579092601.561000109

1579092601.562999964

1579092601.565999985

1579092601.568000078

1579092601.569999933

1579092601.572000027

1579092601.572999954

1579092601.575000048

1579092601.578000069

1579092601.579999924

1579092601.582000017

1579092601.584000111

1579092601.585000038

1579092601.586999893

1579092601.589999914

1579092601.592000008

1579092601.594000101

1579092601.595999956

1579092601.596999884

1579092601.598999977

1579092601.602999926

1579092601.604000092

1579092601.605999947

1579092601.608000040

1579092601.608999968

1579092601.611000061

1579092601.614000082

1579092601.615999937

1579092601.618000031

1579092601.618999958

1579092601.621000051

1579092601.622999907

1579092601.625999928

1579092601.628000021

1579092601.630000114

1579092601.631999969

1579092601.632999897

1579092601.634999990

1579092601.638999939

1579092601.641999960

1579092601.642999887

1579092601.644999981

1579092601.647000074

1579092601.650000095

1579092601.651999950

1579092601.655999899

1579092601.657000065

1579092601.661000013

1579092601.663000107

1579092601.664000034

1579092601.665999889

1579092601.667999983

1579092601.668999910

1579092601.673000097

1579092601.674999952

1579092601.676000118

1579092601.677999973

1579092601.680000067

1579092601.680999994

1579092601.684999943

1579092601.687000036

1579092601.687999964

1579092601.690000057

1579092601.691999912

1579092601.694000006

1579092601.697000027

1579092601.703000069

1579092601.703999996

1579092601.706000090

1579092601.709000111

1579092601.710999966

1579092601.713000059

1579092601.714999914

1579092601.716000080

1579092601.717999935

1579092601.720999956

1579092601.723999977

1579092601.724999905

1579092601.726999998

1579092601.729000092

1579092601.730000019

1579092601.733999968

1579092601.736000061

1579092601.736999989

1579092601.739000082

1579092601.740999937

1579092601.744999886

1579092601.746999979

1579092601.749000072

1579092601.750999928

1579092601.753000021

1579092601.753999949

1579092601.757999897

1579092601.759999990

1579092601.762000084

1579092601.763000011

1579092601.765000105

1579092601.766999960

1579092601.769999981

1579092601.772000074

1579092601.773999929

1579092601.776000023

1579092601.776999950

1579092601.780999899

1579092601.782999992

1579092601.783999920

1579092601.786000013

1579092601.788000107

1579092601.789000034

1579092601.792999983

1579092601.795000076

1579092601.796000004

1579092601.798000097

1579092601.799999952

1579092601.801000118

1579092601.805000067

1579092601.805999994

1579092601.808000088

1579092601.809999943

1579092601.812000036

1579092601.812999964

1579092601.816999912

1579092601.819000006

1579092601.819999933

1579092601.822000027

1579092601.823999882

1579092601.825000048

1579092601.828999996

1579092601.831000090

1579092601.832000017

1579092601.834000111

1579092601.835999966

1579092601.838000059

1579092601.839999914

1579092601.842000008

1579092601.844000101

1579092601.845999956

1579092601.846999884

1579092601.848999977

1579092601.851999998

1579092601.854000092

1579092601.855999947

1579092601.858000040

1579092601.858999968

1579092601.861000061

1579092601.864000082

1579092601.865999937

1579092601.868000031

1579092601.869999886

1579092601.871000051

1579092601.872999907

1579092601.875999928

1579092601.878000021

1579092601.880000114

1579092601.881999969

1579092601.882999897

1579092601.884999990

1579092601.888000011

1579092601.890000105

1579092601.891999960

1579092601.894000053

1579092601.894999981

1579092601.897000074

1579092601.901000023

1579092601.901999950

1579092601.904000044

1579092601.905999899

1579092601.907000065

1579092601.908999920

1579092601.911999941

1579092601.914000034

1579092601.915999889

1579092601.917999983

1579092601.918999910

1579092601.921000004

1579092601.924000025

1579092601.927000046

1579092601.928999901

1579092601.930000067

1579092601.931999922

1579092601.934000015

1579092601.937000036

1579092601.938999891

1579092601.940999985

1579092601.943000078

1579092601.944999933

1579092601.947999954

1579092601.950000048

1579092601.951999903

1579092601.953000069

1579092601.954999924

1579092601.957000017

1579092601.960000038

1579092601.961999893

1579092601.963999987

1579092601.966000080

1579092601.967000008

1579092601.969000101

1579092601.973000050

1579092601.973999977

1579092601.976000071

1579092601.977999926

1579092601.979000092

1579092601.980999947

1579092601.983999968

1579092601.986000061

1579092601.987999916

1579092601.989000082

1579092601.996000051

1579092601.997999907

1579092602.000000000

1579092602.000999928

1579092602.003000021

1579092602.005000114

1579092602.007999897

1579092602.009999990

1579092602.012000084

1579092602.013999939

1579092602.015000105

1579092602.016999960

1579092602.019999981

1579092602.022000074

1579092602.023999929

1579092602.026000023

1579092602.028000116

1579092602.029000044

1579092602.032999992

1579092602.035000086

1579092602.036999941

1579092602.039999962

1579092602.042999983

1579092602.045000076

1579092602.046999931

1579092602.049000025

1579092602.049999952

1579092602.052000046

1579092602.055000067

1579092602.056999922

1579092602.059000015

1579092602.061000109

1579092602.062000036

1579092602.063999891

1579092602.066999912

1579092602.069999933

1579092602.071000099

1579092602.072999954

1579092602.075000048

1579092602.078999996

1579092602.079999924

1579092602.082000017

1579092602.084000111

1579092602.085999966

1579092602.086999893

1579092602.091000080

1579092602.092999935

1579092602.095000029

1579092602.095999956

1579092602.099999905

1579092602.102999926

1579092602.105000019

1579092602.105999947

1579092602.108999968

1579092602.111000061

1579092602.111999989

1579092602.115999937

1579092602.118000031

1579092602.118999958

1579092602.121000051

1579092602.122999907

1579092602.125000000

1579092602.128000021

1579092602.130000114

1579092602.131999969

1579092602.134000063

1579092602.134999990

1579092602.137000084

1579092602.138999939

1579092602.141000032

1579092602.142999887

1579092602.147000074

1579092602.148000002

1579092602.151000023

1579092602.153000116

1579092602.157000065

1579092602.157999992

1579092602.160000086

1579092602.163000107

1579092602.164999962

1579092602.167000055

1579092602.168999910

1579092602.170000076

1579092602.171999931

1579092602.174999952

1579092602.177000046

1579092602.178999901

1579092602.181999922

1579092602.184000015

1579092602.187000036

1579092602.188999891

1579092602.191999912

1579092602.194000006

1579092602.194999933

