1583319325.226999998

1583319325.229000092

1583319325.230999947

1583319325.232000113

1583319325.236999989

1583319325.237999916

1583319325.240000010

1583319325.242000103

1583319325.243999958

1583319325.283999920

1583319325.288000107

1583319325.289999962

1583319325.292000055

1583319325.293999910

1583319325.296000004

1583319325.299999952

1583319325.302000046

1583319325.303999901

1583319325.305999994

1583319325.308000088

1583319325.309999943

1583319325.312999964

1583319325.315000057

1583319325.316999912

1583319325.319000006

1583319325.321000099

1583319325.331000090

1583319325.332999945

1583319325.336999893

1583319325.338999987

1583319325.341000080

1583319325.342999935

1583319325.344000101

1583319325.348000050

1583319325.349999905

1583319325.351999998

1583319325.352999926

1583319325.355000019

1583319325.357000113

1583319325.361000061

1583319325.361999989

1583319325.364000082

1583319325.365000010

1583319325.367000103

1583319325.368999958

1583319325.391000032

1583319325.392999887

1583319325.397000074

1583319325.398000002

1583319325.400000095

1583319325.401999950

1583319325.403000116

1583319325.404999971

1583319325.408999920

1583319325.415999889

1583319325.417000055

1583319325.421000004

1583319325.423000097

1583319325.424000025

1583319325.426000118

1583319325.427999973

1583319325.431999922

1583319325.433000088

1583319325.434999943

1583319325.437000036

1583319325.438999891

1583319325.440000057

1583319325.444000006

1583319325.446000099

1583319325.447000027

1583319325.448999882

1583319325.450999975

1583319325.451999903

1583319325.456000090

1583319325.457999945

1583319325.459000111

1583319325.460999966

1583319325.463000059

1583319325.464999914

1583319325.467999935

1583319325.470000029

1583319325.470999956

1583319325.473000050

1583319325.474999905

1583319325.477999926

1583319325.480999947

1583319325.483000040

1583319325.484999895

1583319325.486999989

1583319325.487999916

1583319325.492000103

1583319325.493999958

1583319325.496000051

1583319325.496999979

1583319325.499000072

1583319325.500999928

1583319325.503999949

1583319325.506000042

1583319325.507999897

1583319325.509999990

1583319325.510999918

1583319325.513000011

1583319325.516999960

1583319325.517999887

1583319325.519999981

1583319325.522000074

1583319325.523000002

1583319325.525000095

1583319325.529000044

1583319325.529999971

1583319325.532000065

1583319325.533999920

1583319325.535000086

1583319325.538000107

1583319325.546999931

1583319325.548000097

1583319325.563999891

1583319325.565999985

1583319325.566999912

1583319325.569000006

1583319325.571000099

1583319325.572999954

1583319325.575999975

1583319325.578000069

1583319325.578999996

1583319325.581000090

1583319325.582999945

1583319325.585000038

1583319325.588000059

1583319325.589999914

1583319325.591000080

1583319325.592999935

1583319325.595000029

1583319325.595999956

1583319325.599999905

1583319325.601999998

1583319325.602999926

1583319325.605000019

1583319325.607000113

1583319325.611000061

1583319325.612999916

1583319325.614000082

1583319325.615999937

1583319325.618000031

1583319325.618999958

1583319325.622999907

1583319325.625999928

1583319325.628000021

1583319325.630000114

1583319325.631000042

1583319325.634999990

1583319325.637000084

1583319325.638999939

1583319325.641000032

1583319325.641999960

1583319325.644000053

1583319325.648000002

1583319325.648999929

1583319325.651000023

1583319325.653000116

1583319325.654999971

1583319325.655999899

1583319325.660000086

1583319325.661999941

1583319325.664000034

1583319325.665999889

1583319325.667000055

1583319325.671000004

1583319325.673000097

1583319325.674000025

1583319325.680000067

1583319325.684000015

1583319325.686000109

1583319325.687000036

1583319325.688999891

1583319325.690999985

1583319325.691999912

1583319325.697000027

1583319325.698999882

1583319325.700000048

1583319325.701999903

1583319325.703999996

1583319325.706000090

1583319325.709000111

1583319325.710999966

1583319325.711999893

1583319325.713999987

1583319325.716000080

1583319325.717999935

1583319325.720999956

1583319325.723000050

1583319325.723999977

1583319325.726999998

1583319325.727999926

1583319325.732000113

1583319325.733999968

1583319325.736000061

1583319325.737999916

1583319325.740000010

1583319325.743000031

1583319325.744999886

1583319325.746999979

1583319325.749000072

1583319325.750999928

1583319325.752000093

1583319325.756000042

1583319325.757999897

1583319325.759000063

1583319325.760999918

1583319325.763000011

1583319325.765000105

1583319325.767999887

1583319325.769999981

1583319325.770999908

1583319325.773000002

1583319325.775000095

1583319325.776999950

1583319325.779999971

1583319325.782000065

1583319325.782999992

1583319325.785000086

1583319325.786999941

1583319325.789000034

1583319325.792000055

1583319325.793999910

1583319325.795000076

1583319325.796999931

1583319325.799000025

1583319325.801000118

1583319325.803999901

1583319325.805999994

1583319325.806999922

1583319325.809000015

1583319325.811000109

1583319325.812999964

1583319325.815999985

1583319325.818000078

1583319325.819000006

1583319325.821000099

1583319325.822999954

1583319325.825999975

1583319325.828999996

1583319325.829999924

1583319325.832000017

1583319325.834000111

1583319325.835999966

1583319325.838999987

1583319325.841000080

1583319325.842999935

1583319325.844000101

1583319325.845999956

1583319325.848000050

1583319325.851000071

1583319325.852999926

1583319325.854000092

1583319325.855999947

1583319325.858000040

1583319325.859999895

1583319325.862999916

1583319325.865000010

1583319325.865999937

1583319325.868000031

1583319325.869999886

1583319325.871999979

1583319325.875000000

1583319325.877000093

1583319325.878000021

1583319325.880000114

1583319325.881999969

1583319325.882999897

1583319325.887000084

1583319325.888999939

1583319325.890000105

1583319325.891999960

1583319325.894000053

1583319325.898000002

1583319325.900000095

1583319325.901000023

1583319325.903000116

1583319325.904999971

1583319325.907000065

1583319325.910000086

1583319325.911999941

1583319325.914999962

1583319325.915999889

1583319325.917999983

1583319325.920000076

1583319325.924000025

1583319325.927000046

1583319325.928999901

1583319325.930000067

1583319325.931999922

1583319325.936000109

1583319325.937999964

1583319325.940000057

1583319325.940999985

1583319325.943000078

1583319325.944999933

1583319325.947999954

1583319325.950000048

1583319325.950999975

1583319325.953000069

1583319325.954999924

1583319325.957000017

1583319325.960000038

1583319325.961999893

1583319325.963000059

1583319325.964999914

1583319325.967000008

1583319325.969000101

1583319325.971999884

1583319325.973999977

1583319325.974999905

1583319325.976999998

1583319325.983000040

1583319325.984999895

1583319325.986999989

1583319325.989000082

1583319325.990999937

1583319325.993000031

1583319325.996000051

1583319325.997999907

1583319326.000000000

1583319326.000999928

1583319326.003000021

1583319326.005000114

1583319326.007999897

1583319326.009999990

1583319326.012000084

1583319326.013000011

1583319326.015000105

1583319326.016999960

1583319326.019999981

1583319326.022000074

1583319326.023000002

1583319326.026999950

1583319326.028000116

1583319326.032000065

1583319326.033999920

1583319326.035000086

1583319326.036999941

1583319326.039000034

1583319326.040999889

1583319326.043999910

1583319326.046999931

1583319326.048000097

1583319326.049999952

1583319326.052000046

1583319326.055999994

1583319326.056999922

1583319326.059000015

1583319326.061000109

1583319326.062000036

1583319326.063999891

1583319326.066999912

1583319326.069000006

1583319326.071000099

1583319326.072999954

1583319326.073999882

1583319326.075999975

1583319326.079999924

1583319326.081000090

1583319326.082999945

1583319326.085000038

1583319326.085999966

1583319326.088000059

1583319326.091000080

1583319326.092999935

1583319326.095000029

1583319326.095999956

1583319326.098000050

1583319326.099999905

1583319326.104000092

1583319326.105000019

1583319326.107000113

1583319326.108999968

1583319326.109999895

1583319326.111999989

1583319326.115000010

1583319326.117000103

1583319326.118999958

1583319326.121000051

1583319326.122999907

1583319326.125999928

1583319326.128000021

1583319326.130000114

1583319326.132999897

1583319326.134000063

1583319326.135999918

1583319326.140000105

1583319326.141000032

1583319326.142999887

1583319326.144999981

1583319326.147000074

1583319326.148999929

1583319326.151999950

1583319326.154000044

1583319326.154999971

1583319326.157000065

1583319326.158999920

1583319326.161000013

1583319326.164000034

1583319326.165999889

1583319326.167000055

1583319326.168999910

1583319326.171000004

1583319326.174999952

1583319326.177000046

1583319326.177999973

1583319326.180000067

1583319326.181999922

1583319326.184000015

1583319326.187000036

1583319326.188999891

1583319326.190999985

1583319326.191999912

1583319326.194000006

1583319326.196000099

1583319326.200000048

1583319326.200999975

1583319326.203000069

1583319326.204999924

1583319326.206000090

1583319326.207999945

1583319326.211999893

1583319326.213000059

1583319326.214999914

1583319326.217000008

1583319326.217999935

1583319326.220000029

1583319326.223000050

1583319326.226999998

1583319326.227999926

1583319326.230000019

1583319326.232000113

1583319326.234999895

1583319326.236999989

1583319326.239000082

1583319326.240999937

1583319326.242000103

1583319326.243999958

1583319326.247999907

1583319326.250000000

1583319326.250999928

1583319326.253000021

1583319326.255000114

1583319326.256000042

1583319326.259999990

1583319326.262000084

1583319326.263000011

1583319326.265000105

1583319326.266999960

1583319326.269000053

1583319326.272000074

1583319326.273999929

1583319326.275000095

1583319326.276999950

1583319326.279000044

1583319326.285000086

1583319326.286999941

1583319326.289000034

1583319326.290999889

1583319326.292999983

1583319326.296000004

1583319326.298000097

1583319326.299999952

1583319326.301000118

1583319326.302999973

1583319326.306999922

1583319326.309000015

1583319326.311000109

1583319326.312000036

1583319326.313999891

1583319326.315999985

1583319326.319000006

1583319326.321000099

1583319326.322999954

1583319326.325999975

1583319326.328000069

1583319326.331000090

1583319326.332999945

1583319326.335000038

1583319326.335999966

1583319326.338000059

1583319326.339999914

1583319326.344000101

1583319326.345000029

1583319326.346999884

1583319326.348999977

1583319326.351999998

1583319326.352999926

1583319326.357000113

1583319326.358999968

1583319326.359999895

1583319326.361999989

1583319326.364000082

1583319326.365000010

1583319326.368999958

1583319326.371000051

1583319326.371999979

1583319326.374000072

1583319326.375999928

1583319326.380000114

1583319326.381999969

1583319326.382999897

1583319326.384999990

1583319326.387000084

1583319326.388999939

1583319326.391999960

1583319326.394000053

1583319326.394999981

1583319326.397000074

1583319326.398999929

1583319326.400000095

1583319326.404000044

1583319326.405999899

1583319326.407999992

1583319326.408999920

1583319326.411000013

1583319326.413000107

1583319326.415999889

1583319326.417999983

1583319326.420000076

1583319326.421000004

1583319326.423000097

1583319326.427000046

1583319326.428999901

1583319326.430999994

1583319326.431999922

1583319326.434000015

1583319326.436000109

1583319326.438999891

1583319326.440999985

1583319326.443000078

1583319326.444999933

1583319326.446000099

1583319326.447999954

1583319326.450999975

1583319326.453000069

1583319326.454999924

1583319326.456000090

1583319326.457999945

1583319326.460000038

1583319326.463000059

1583319326.464999914

1583319326.467000008

1583319326.469000101

1583319326.470000029

1583319326.471999884

1583319326.474999905

1583319326.476999998

1583319326.479000092

1583319326.480999947

1583319326.482000113

1583319326.483999968

1583319326.486999989

1583319326.489000082

1583319326.490999937

1583319326.492000103

1583319326.493999958

1583319326.496000051

1583319326.499000072

1583319326.500999928

1583319326.503000021

1583319326.503999949

1583319326.506000042

1583319326.507999897

1583319326.510999918

1583319326.513000011

1583319326.515000105

1583319326.516000032

1583319326.517999887

1583319326.519999981

1583319326.523000002

1583319326.525000095

1583319326.526999950

1583319326.528000116

1583319326.529999971

1583319326.532000065

1583319326.536000013

1583319326.538000107

1583319326.539000034

1583319326.540999889

1583319326.542999983

1583319326.543999910

1583319326.548000097

1583319326.549999952

1583319326.551000118

1583319326.552999973

1583319326.555000067

1583319326.555999994

1583319326.559000015

1583319326.561000109

1583319326.562000036

1583319326.563999891

1583319326.565999985

1583319326.571000099

1583319326.572999954

1583319326.573999882

1583319326.575999975

1583319326.578000069

1583319326.578999996

1583319326.582999945

1583319326.585000038

1583319326.589999914

1583319326.592000008

1583319326.595000029

1583319326.596999884

1583319326.598999977

1583319326.601000071

1583319326.601999998

1583319326.604000092

1583319326.607000113

1583319326.608999968

1583319326.611000061

1583319326.612999916

1583319326.614000082

1583319326.615999937

1583319326.618999958

1583319326.621000051

1583319326.622999907

1583319326.625000000

1583319326.625999928

1583319326.630000114

1583319326.631999969

1583319326.632999897

1583319326.634999990

1583319326.637000084

1583319326.638999939

1583319326.641999960

1583319326.644000053

1583319326.645999908

1583319326.647000074

1583319326.648999929

1583319326.651000023

1583319326.654000044

1583319326.655999899

1583319326.657999992

1583319326.658999920

1583319326.661000013

1583319326.663000107

1583319326.665999889

1583319326.667999983

1583319326.670000076

1583319326.671999931

1583319326.673000097

1583319326.674999952

1583319326.677999973

1583319326.680000067

1583319326.681999922

1583319326.684000015

1583319326.684999943

1583319326.687000036

1583319326.690000057

1583319326.691999912

1583319326.694000006

1583319326.696000099

1583319326.697000027

1583319326.698999882

1583319326.701999903

1583319326.703999996

1583319326.706000090

1583319326.707000017

1583319326.709000111

1583319326.710999966

1583319326.714999914

1583319326.716000080

1583319326.717999935

1583319326.720000029

1583319326.720999956

1583319326.726000071

1583319326.727999926

1583319326.730000019

1583319326.730999947

1583319326.733000040

1583319326.734999895

1583319326.739000082

1583319326.740999937

1583319326.742000103

1583319326.743999958

1583319326.746000051

1583319326.746999979

1583319326.750999928

1583319326.753000021

1583319326.753999949

1583319326.756000042

1583319326.757999897

1583319326.759000063

1583319326.763000011

1583319326.765000105

1583319326.766000032

1583319326.767999887

1583319326.769999981

1583319326.770999908

1583319326.775000095

1583319326.776999950

1583319326.778000116

1583319326.779999971

1583319326.782000065

1583319326.782999992

1583319326.788000107

1583319326.789999962

1583319326.792000055

1583319326.792999983

1583319326.795000076

1583319326.799000025

1583319326.801000118

1583319326.802000046

1583319326.803999901

1583319326.805999994

1583319326.806999922

1583319326.811000109

1583319326.812999964

1583319326.813999891

1583319326.815999985

1583319326.818000078

1583319326.819000006

1583319326.822999954

1583319326.825000048

1583319326.826999903

1583319326.828999996

1583319326.829999924

1583319326.834000111

1583319326.835999966

1583319326.836999893

1583319326.838999987

1583319326.841000080

1583319326.842999935

1583319326.845999956

1583319326.848000050

1583319326.849999905

1583319326.851999998

1583319326.852999926

1583319326.855000019

1583319326.858000040

1583319326.859999895

1583319326.861999989

1583319326.864000082

1583319326.865000010

1583319326.867000103

1583319326.869999886

1583319326.871999979

1583319326.874000072

1583319326.875000000

1583319326.877000093

1583319326.878999949

1583319326.881999969

1583319326.884000063

1583319326.885999918

1583319326.891999960

1583319326.894999981

1583319326.897000074

1583319326.898000002

1583319326.900000095

1583319326.901999950

1583319326.904000044

1583319326.907000065

1583319326.908999920

1583319326.910000086

1583319326.911999941

1583319326.914000034

1583319326.917999983

1583319326.920000076

1583319326.921000004

1583319326.924000025

1583319326.924999952

1583319326.928999901

1583319326.930999994

1583319326.933000088

1583319326.934000015

1583319326.936000109

1583319326.937000036

1583319326.940999985

1583319326.943000078

1583319326.944000006

1583319326.946000099

1583319326.947999954

1583319326.950000048

1583319326.953000069

1583319326.954999924

1583319326.957000017

1583319326.957999945

1583319326.960000038

1583319326.961999893

1583319326.964999914

1583319326.967000008

1583319326.969000101

1583319326.970000029

1583319326.971999884

1583319326.973999977

1583319326.976999998

1583319326.979000092

1583319326.980999947

1583319326.983000040

1583319326.983999968

1583319326.986000061

1583319326.989000082

1583319326.992000103

1583319326.993999958

1583319326.996000051

1583319326.996999979

1583319327.000999928

1583319327.003000021

1583319327.003999949

1583319327.006999969

1583319327.009000063

1583319327.010999918

1583319327.013999939

1583319327.016000032

1583319327.017999887

1583319327.019000053

1583319327.020999908

1583319327.025000095

1583319327.026999950

1583319327.028000116

1583319327.029999971

1583319327.032000065

1583319327.033999920

1583319327.036999941

1583319327.039000034

1583319327.040999889

1583319327.042999983

1583319327.043999910

1583319327.046000004

1583319327.049999952

1583319327.051000118

1583319327.052999973

1583319327.055000067

1583319327.056999922

1583319327.058000088

1583319327.062000036

1583319327.063999891

1583319327.065000057

1583319327.066999912

1583319327.069000006

1583319327.069999933

1583319327.073999882

1583319327.075999975

1583319327.076999903

1583319327.078999996

1583319327.081000090

1583319327.082000017

1583319327.085999966

1583319327.088000059

1583319327.088999987

1583319327.091000080

1583319327.092999935

1583319327.094000101

1583319327.098000050

1583319327.098999977

1583319327.101000071

1583319327.102999926

1583319327.104000092

1583319327.105999947

1583319327.109999895

1583319327.111999989

1583319327.112999916

1583319327.115000010

1583319327.117000103

1583319327.118000031

1583319327.121999979

1583319327.124000072

1583319327.125999928

1583319327.127000093

1583319327.128999949

1583319327.131999969

1583319327.134000063

1583319327.135999918

1583319327.138000011

1583319327.140000105

1583319327.141000032

1583319327.144999981

1583319327.147000074

1583319327.148999929

1583319327.150000095

1583319327.151999950

1583319327.155999899

1583319327.157999992

1583319327.158999920

1583319327.161000013

1583319327.163000107

1583319327.164000034

1583319327.167999983

1583319327.170000076

1583319327.171999931

1583319327.173000097

1583319327.174999952

1583319327.177000046

1583319327.180000067

1583319327.181999922

1583319327.184000015

1583319327.184999943

1583319327.187000036

1583319327.188999891

1583319327.194999933

1583319327.197000027

1583319327.198999882

1583319327.200000048

1583319327.203999996

1583319327.206000090

1583319327.207000017

1583319327.209000111

1583319327.210999966

1583319327.211999893

1583319327.216000080

1583319327.217999935

1583319327.220000029

1583319327.221999884

1583319327.223000050

1583319327.227999926

1583319327.230000019

1583319327.230999947

1583319327.233000040

1583319327.234999895

1583319327.236999989

1583319327.240999937

1583319327.242000103

1583319327.243999958

1583319327.246000051

1583319327.246999979

1583319327.249000072

1583319327.253000021

1583319327.255000114

1583319327.256000042

1583319327.257999897

1583319327.259999990

1583319327.260999918

1583319327.265000105

1583319327.266999960

1583319327.267999887

1583319327.269999981

1583319327.272000074

1583319327.273000002

1583319327.276999950

1583319327.279000044

1583319327.279999971

1583319327.282000065

1583319327.283999920

1583319327.285000086

1583319327.289000034

1583319327.290999889

1583319327.292000055

1583319327.293999910

1583319327.296000004

1583319327.296999931

1583319327.301000118

1583319327.302999973

1583319327.303999901

1583319327.305999994

1583319327.308000088

1583319327.309999943

1583319327.312999964

1583319327.315000057

1583319327.316999912

1583319327.319000006

1583319327.319999933

1583319327.323999882

1583319327.325000048

1583319327.326999903

1583319327.328999996

1583319327.331000090

1583319327.332000017

1583319327.335999966

1583319327.338000059

1583319327.338999987

1583319327.341000080

1583319327.342999935

1583319327.344000101

1583319327.348000050

1583319327.348999977

1583319327.351000071

1583319327.352999926

1583319327.355000019

1583319327.355999947

1583319327.359999895

1583319327.361999989

1583319327.362999916

1583319327.365000010

1583319327.367000103

1583319327.368999958

1583319327.371999979

1583319327.374000072

1583319327.375000000

1583319327.377000093

1583319327.378999949

1583319327.382999897

1583319327.384999990

1583319327.385999918

1583319327.388000011

1583319327.390000105

1583319327.391000032

1583319327.394999981

1583319327.397000074

1583319327.398000002

1583319327.400000095

1583319327.401999950

1583319327.403000116

1583319327.407000065

1583319327.408999920

1583319327.410000086

1583319327.411999941

1583319327.414000034

1583319327.414999962

1583319327.418999910

1583319327.421000004

1583319327.423000097

1583319327.424999952

1583319327.427000046

1583319327.430000067

1583319327.431999922

1583319327.434000015

1583319327.436000109

1583319327.437999964

1583319327.438999891

1583319327.444000006

1583319327.444999933

1583319327.447000027

1583319327.448999882

1583319327.450999975

1583319327.451999903

1583319327.456000090

1583319327.457999945

1583319327.460000038

1583319327.460999966

1583319327.463000059

1583319327.464999914

1583319327.467999935

1583319327.470000029

1583319327.470999956

1583319327.473000050

1583319327.474999905

1583319327.476000071

1583319327.480000019

1583319327.482000113

1583319327.483000040

1583319327.484999895

1583319327.486999989

1583319327.489000082

1583319327.492000103

1583319327.497999907

1583319327.500000000

1583319327.503000021

1583319327.505000114

1583319327.506999969

1583319327.507999897

1583319327.509999990

1583319327.512000084

1583319327.515000105

1583319327.516999960

1583319327.519000053

1583319327.520999908

1583319327.523000002

1583319327.523999929

1583319327.528000116

1583319327.529999971

1583319327.530999899

1583319327.532999992

1583319327.535000086

1583319327.536000013

1583319327.539999962

1583319327.540999889

1583319327.542999983

1583319327.545000076

1583319327.546999931

1583319327.548000097

1583319327.552000046

1583319327.553999901

1583319327.555000067

1583319327.556999922

1583319327.559000015

1583319327.562999964

1583319327.563999891

1583319327.565999985

1583319327.568000078

1583319327.569000006

1583319327.571000099

1583319327.575000048

1583319327.575999975

1583319327.578000069

1583319327.579999924

1583319327.581000090

1583319327.582999945

1583319327.586999893

1583319327.588999987

1583319327.589999914

1583319327.592000008

1583319327.594000101

1583319327.595000029

1583319327.598999977

1583319327.601000071

1583319327.607000113

1583319327.609999895

1583319327.611999989

1583319327.612999916

1583319327.615000010

1583319327.617000103

1583319327.621000051

1583319327.622999907

1583319327.624000072

1583319327.625999928

1583319327.628000021

1583319327.630000114

1583319327.632999897

1583319327.634999990

1583319327.637000084

1583319327.638000011

1583319327.641000032

1583319327.642999887

1583319327.645999908

1583319327.648000002

1583319327.650000095

1583319327.651000023

1583319327.653000116

1583319327.654999971

1583319327.657999992

1583319327.660000086

1583319327.661999941

1583319327.664000034

1583319327.665999889

1583319327.667000055

1583319327.671000004

1583319327.673000097

1583319327.674000025

1583319327.676000118

1583319327.677999973

1583319327.678999901

1583319327.683000088

1583319327.684999943

1583319327.686000109

1583319327.687999964

1583319327.690000057

1583319327.690999985

1583319327.694999933

1583319327.697000027

1583319327.697999954

1583319327.700000048

1583319327.701999903

1583319327.703000069

1583319327.707000017

1583319327.707999945

1583319327.710000038

1583319327.711999893

1583319327.713999987

1583319327.714999914

1583319327.719000101

1583319327.720999956

1583319327.723000050

1583319327.724999905

1583319327.726000071

1583319327.730000019

1583319327.732000113

1583319327.733000040

1583319327.734999895

1583319327.736999989

1583319327.737999916

1583319327.742000103

1583319327.743999958

1583319327.746000051

1583319327.746999979

1583319327.749000072

1583319327.753000021

1583319327.755000114

1583319327.756000042

1583319327.757999897

1583319327.759999990

1583319327.760999918

1583319327.765000105

1583319327.766999960

1583319327.767999887

1583319327.769999981

1583319327.772000074

1583319327.773000002

1583319327.776999950

1583319327.779000044

1583319327.779999971

1583319327.782000065

1583319327.783999920

1583319327.786000013

1583319327.789000034

1583319327.790999889

1583319327.792999983

1583319327.798000097

1583319327.802000046

1583319327.803999901

1583319327.805000067

1583319327.806999922

1583319327.809000015

1583319327.811000109

1583319327.813999891

1583319327.815999985

1583319327.818000078

1583319327.819999933

1583319327.822000027

1583319327.825000048

1583319327.826999903

1583319327.828999996

1583319327.829999924

1583319327.832000017

1583319327.834000111

1583319327.836999893

1583319327.838999987

1583319327.841000080

1583319327.842000008

1583319327.844000101

1583319327.848000050

1583319327.849999905

1583319327.851000071

1583319327.852999926

1583319327.855000019

1583319327.855999947

1583319327.859999895

1583319327.861999989

1583319327.862999916

1583319327.865000010

1583319327.867000103

1583319327.868000031

1583319327.871999979

1583319327.874000072

1583319327.875000000

1583319327.877000093

1583319327.880000114

1583319327.881999969

1583319327.884999990

1583319327.887000084

1583319327.888999939

1583319327.890000105

1583319327.891999960

1583319327.894000053

1583319327.897000074

1583319327.898999929

1583319327.901000023

1583319327.901999950

1583319327.904000044

1583319327.905999899

1583319327.908999920

1583319327.911000013

1583319327.913000107

1583319327.914000034

1583319327.915999889

1583319327.920000076

1583319327.921999931

1583319327.923000097

1583319327.924999952

1583319327.927000046

1583319327.928999901

1583319327.933000088

1583319327.934000015

1583319327.936000109

1583319327.937999964

1583319327.940000057

1583319327.940999985

1583319327.944999933

1583319327.946000099

1583319327.947999954

1583319327.950000048

1583319327.951999903

1583319327.953000069

1583319327.957000017

1583319327.959000111

1583319327.960000038

1583319327.961999893

1583319327.963999987

1583319327.964999914

1583319327.969000101

1583319327.970999956

1583319327.971999884

1583319327.973999977

1583319327.976000071

1583319327.976999998

1583319327.980999947

1583319327.983000040

1583319327.983999968

1583319327.986000061

1583319327.987999916

1583319327.992000103

1583319327.993999958

1583319327.994999886

1583319327.996999979

1583319327.999000072

1583319328.000999928

1583319328.003999949

1583319328.006000042

1583319328.007999897

1583319328.009000063

1583319328.010999918

1583319328.013000011

1583319328.016000032

1583319328.017999887

1583319328.019999981

1583319328.022000074

1583319328.023000002

1583319328.026999950

1583319328.029000044

1583319328.030999899

1583319328.032999992

1583319328.035000086

1583319328.036000013

1583319328.039999962

1583319328.042000055

1583319328.042999983

1583319328.045000076

1583319328.046999931

1583319328.048000097

1583319328.052000046

1583319328.053999901

1583319328.055000067

1583319328.056999922

1583319328.059000015

1583319328.059999943

1583319328.063999891

1583319328.065999985

1583319328.066999912

1583319328.069000006

1583319328.071000099

1583319328.072999954

1583319328.075999975

1583319328.078000069

1583319328.078999996

1583319328.081000090

1583319328.082999945

1583319328.084000111

1583319328.088000059

1583319328.089999914

1583319328.091000080

1583319328.092999935

1583319328.095000029

1583319328.101999998

1583319328.104000092

1583319328.105999947

1583319328.108000040

1583319328.108999968

1583319328.112999916

1583319328.115000010

1583319328.115999937

1583319328.118000031

1583319328.119999886

1583319328.122999907

1583319328.125999928

1583319328.127000093

1583319328.128999949

1583319328.131000042

1583319328.131999969

1583319328.135999918

1583319328.138000011

1583319328.140000105

1583319328.141999960

1583319328.142999887

1583319328.147000074

1583319328.148999929

1583319328.151000023

1583319328.151999950

1583319328.154000044

1583319328.155999899

1583319328.158999920

1583319328.161000013

1583319328.163000107

1583319328.164999962

1583319328.165999889

1583319328.167999983

1583319328.171999931

1583319328.173000097

1583319328.174999952

1583319328.176000118

1583319328.177999973

1583319328.180000067

1583319328.183000088

1583319328.184999943

1583319328.187000036

1583319328.188999891

1583319328.190000057

1583319328.191999912

1583319328.194999933

1583319328.197000027

1583319328.198999882

1583319328.200000048

1583319328.201999903

1583319328.203999996

1583319328.207000017

1583319328.209000111

1583319328.210999966

1583319328.213000059

1583319328.213999987

1583319328.217999935

1583319328.220000029

1583319328.221999884

1583319328.223000050

1583319328.224999905

1583319328.226999998

1583319328.230000019

1583319328.232000113

1583319328.233999968

1583319328.236000061

1583319328.236999989

1583319328.239000082

1583319328.243000031

1583319328.243999958

1583319328.246000051

1583319328.247999907

1583319328.249000072

1583319328.250999928

1583319328.255000114

1583319328.256999969

1583319328.257999897

1583319328.259999990

1583319328.262000084

1583319328.263000011

1583319328.266999960

1583319328.267999887

1583319328.269999981

1583319328.272000074

1583319328.273999929

1583319328.275000095

1583319328.279000044

1583319328.279999971

1583319328.282000065

1583319328.283999920

1583319328.286000013

1583319328.286999941

1583319328.290999889

1583319328.292999983

1583319328.293999910

1583319328.296000004

1583319328.298000097

1583319328.299000025

1583319328.302999973

1583319328.303999901

1583319328.305999994

1583319328.308000088

1583319328.309999943

1583319328.311000109

1583319328.315000057

1583319328.318000078

1583319328.319999933

1583319328.322000027

1583319328.322999954

1583319328.326999903

1583319328.328999996

1583319328.331000090

1583319328.332000017

1583319328.334000111

1583319328.335999966

1583319328.338999987

1583319328.341000080

1583319328.342000008

1583319328.344000101

1583319328.345999956

1583319328.348000050

1583319328.351000071

1583319328.352999926

1583319328.354000092

1583319328.355999947

1583319328.358000040

1583319328.359999895

1583319328.362999916

1583319328.365000010

1583319328.365999937

1583319328.368000031

1583319328.369999886

1583319328.371000051

1583319328.375000000

1583319328.377000093

1583319328.378000021

1583319328.380000114

1583319328.381999969

1583319328.382999897

1583319328.387000084

1583319328.388999939

1583319328.391000032

1583319328.391999960

1583319328.394000053

1583319328.398000002

1583319328.407000065

1583319328.410000086

1583319328.411999941

1583319328.414000034

1583319328.415999889

1583319328.417999983

1583319328.421000004

1583319328.423000097

1583319328.424999952

1583319328.427000046

1583319328.427999973

1583319328.430000067

1583319328.434000015

1583319328.436000109

1583319328.437000036

1583319328.438999891

1583319328.440999985

1583319328.444999933

1583319328.447000027

1583319328.447999954

1583319328.450000048

1583319328.451999903

1583319328.453000069

1583319328.457000017

1583319328.459000111

1583319328.460000038

1583319328.461999893

1583319328.463999987

1583319328.464999914

1583319328.469000101

1583319328.470999956

1583319328.471999884

1583319328.473999977

1583319328.476000071

1583319328.477999926

1583319328.480999947

1583319328.483000040

1583319328.484999895

1583319328.486000061

1583319328.487999916

1583319328.490000010

1583319328.493999958

1583319328.494999886

1583319328.500000000

1583319328.500999928

1583319328.505000114

1583319328.506999969

1583319328.509000063

1583319328.509999990

1583319328.512000084

1583319328.513999939

1583319328.519000053

1583319328.522000074

1583319328.525000095

1583319328.529000044

1583319328.530999899

1583319328.532000065

1583319328.535000086

1583319328.536999941

1583319328.539000034

1583319328.542000055

1583319328.543999910

1583319328.546000004

1583319328.548000097

1583319328.549000025

1583319328.551000118

1583319328.555000067

1583319328.555999994

1583319328.558000088

1583319328.559000015

1583319328.561000109

1583319328.562999964

1583319328.565999985

1583319328.568000078

1583319328.569999933

1583319328.572000027

1583319328.572999954

1583319328.575000048

1583319328.578000069

1583319328.579999924

1583319328.582000017

1583319328.584000111

1583319328.585000038

1583319328.586999893

1583319328.589999914

1583319328.592000008

1583319328.594000101

1583319328.595999956

1583319328.596999884

1583319328.598999977

1583319328.602999926

1583319328.604000092

1583319328.605999947

1583319328.608000040

1583319328.609999895

1583319328.611000061

1583319328.615000010

1583319328.617000103

1583319328.618999958

1583319328.621000051

1583319328.621999979

1583319328.625999928

1583319328.628000021

1583319328.628999949

1583319328.631000042

1583319328.632999897

1583319328.634999990

1583319328.638000011

1583319328.640000105

1583319328.641999960

1583319328.644000053

1583319328.644999981

1583319328.648999929

1583319328.651000023

1583319328.651999950

1583319328.654000044

1583319328.655999899

1583319328.657999992

1583319328.661000013

1583319328.663000107

1583319328.664000034

1583319328.665999889

1583319328.667999983

1583319328.670000076

1583319328.673000097

1583319328.674999952

1583319328.677000046

1583319328.677999973

1583319328.680000067

1583319328.681999922

1583319328.684999943

1583319328.687000036

1583319328.688999891

1583319328.690000057

1583319328.691999912

1583319328.694000006

1583319328.697000027

1583319328.698999882

1583319328.700999975

1583319328.703000069

1583319328.703999996

1583319328.706000090

1583319328.711999893

1583319328.714999914

1583319328.716000080

1583319328.720000029

1583319328.721999884

1583319328.723999977

1583319328.724999905

1583319328.726999998

1583319328.729000092

1583319328.732000113

1583319328.733999968

1583319328.736000061

1583319328.737999916

1583319328.739000082

1583319328.740999937

1583319328.744999886

1583319328.746999979

1583319328.747999907

1583319328.750000000

1583319328.752000093

1583319328.753999949

1583319328.757999897

1583319328.759999990

1583319328.760999918

1583319328.763000011

1583319328.765000105

1583319328.766999960

1583319328.769999981

1583319328.772000074

1583319328.773000002

1583319328.775000095

1583319328.776999950

1583319328.778000116

1583319328.782000065

1583319328.783999920

1583319328.785000086

1583319328.786999941

1583319328.789000034

1583319328.789999962

1583319328.793999910

1583319328.796000004

1583319328.798000097

1583319328.799000025

1583319328.801000118

1583319328.802999973

1583319328.805999994

1583319328.808000088

1583319328.809000015

1583319328.811000109

1583319328.812999964

1583319328.815999985

1583319328.818000078

1583319328.819999933

1583319328.822000027

1583319328.822999954

1583319328.825000048

1583319328.828000069

1583319328.829999924

1583319328.832000017

1583319328.834000111

1583319328.835000038

1583319328.836999893

1583319328.841000080

1583319328.842000008

1583319328.844000101

1583319328.845999956

1583319328.846999884

1583319328.848999977

1583319328.852999926

1583319328.854000092

1583319328.855999947

1583319328.858000040

1583319328.858999968

1583319328.861000061

1583319328.865000010

1583319328.867000103

1583319328.868000031

1583319328.869999886

1583319328.871999979

1583319328.872999907

1583319328.877000093

1583319328.878999949

1583319328.880000114

1583319328.881999969

1583319328.884000063

1583319328.884999990

1583319328.888999939

1583319328.891000032

1583319328.892999887

1583319328.894000053

1583319328.895999908

1583319328.900000095

1583319328.901999950

1583319328.903000116

1583319328.904999971

1583319328.907000065

1583319328.907999992

1583319328.911999941

1583319328.914000034

1583319328.915999889

1583319328.917999983

1583319328.918999910

1583319328.923000097

1583319328.924999952

1583319328.927000046

1583319328.927999973

1583319328.930000067

1583319328.931999922

1583319328.936000109

1583319328.937999964

1583319328.938999891

1583319328.940999985

1583319328.943000078

1583319328.944000006

1583319328.947999954

1583319328.950000048

1583319328.950999975

1583319328.953000069

1583319328.954999924

1583319328.957000017

1583319328.960000038

1583319328.961999893

1583319328.963000059

1583319328.964999914

1583319328.967000008

1583319328.967999935

1583319328.973000050

1583319328.974999905

1583319328.976000071

1583319328.977999926

1583319328.980000019

1583319328.980999947

1583319328.984999895

1583319328.986999989

1583319328.989000082

1583319328.990999937

1583319328.993000031

1583319328.996000051

1583319328.997999907

1583319329.000000000

1583319329.000999928

1583319329.003000021

1583319329.003999949

1583319329.005000114

1583319329.009000063

1583319329.015000105

1583319329.019000053

1583319329.020999908

1583319329.023000002

1583319329.023999929

1583319329.026000023

1583319329.028000116

1583319329.030999899

1583319329.032999992

1583319329.035000086

1583319329.036999941

1583319329.038000107

1583319329.039999962

1583319329.042999983

1583319329.045000076

1583319329.046999931

1583319329.049000025

1583319329.051000118

1583319329.052000046

1583319329.055999994

1583319329.058000088

1583319329.059000015

1583319329.061000109

1583319329.062999964

1583319329.063999891

1583319329.068000078

1583319329.069000006

1583319329.071000099

1583319329.072999954

1583319329.075000048

1583319329.075999975

1583319329.079999924

1583319329.082000017

1583319329.084000111

1583319329.085000038

1583319329.086999893

1583319329.091000080

1583319329.092999935

1583319329.094000101

1583319329.095999956

1583319329.098000050

1583319329.098999977

1583319329.102999926

1583319329.105000019

1583319329.105999947

1583319329.108000040

1583319329.109999895

1583319329.111000061

1583319329.115000010

1583319329.117000103

1583319329.118000031

1583319329.119999886

1583319329.121999979

1583319329.124000072

1583319329.127000093

1583319329.128999949

1583319329.130000114

1583319329.131999969

1583319329.134000063

1583319329.134999990

1583319329.138999939

1583319329.141000032

1583319329.142999887

1583319329.144999981

1583319329.145999908

1583319329.150000095

1583319329.151999950

1583319329.153000116

1583319329.154999971

1583319329.157000065

1583319329.157999992

1583319329.161999941

1583319329.164000034

1583319329.164999962

1583319329.167000055

1583319329.168999910

1583319329.170000076

1583319329.174000025

1583319329.176000118

1583319329.177999973

1583319329.178999901

1583319329.180999994

1583319329.183000088

1583319329.186000109

1583319329.187999964

1583319329.190999985

1583319329.191999912

1583319329.194000006

1583319329.196000099

1583319329.198999882

1583319329.200999975

1583319329.203000069

1583319329.203999996

1583319329.206000090

1583319329.207999945

1583319329.211999893

1583319329.213999987

1583319329.216000080

1583319329.217000008

1583319329.219000101

1583319329.221999884

1583319329.223999977

1583319329.226000071

1583319329.227999926

1583319329.229000092

1583319329.230999947

1583319329.234999895

1583319329.236000061

1583319329.237999916

1583319329.240000010

1583319329.242000103

1583319329.243000031

1583319329.246999979

1583319329.249000072

1583319329.250000000

1583319329.252000093

1583319329.253999949

1583319329.256000042

1583319329.259000063

1583319329.260999918

1583319329.262000084

1583319329.263999939

1583319329.266000032

1583319329.266999960

1583319329.270999908

1583319329.273000002

1583319329.273999929

1583319329.276000023

1583319329.278000116

1583319329.279000044

1583319329.282999992

1583319329.285000086

1583319329.286000013

1583319329.288000107

1583319329.289999962

1583319329.290999889

1583319329.295000076

1583319329.296999931

1583319329.298000097

1583319329.299999952

1583319329.302000046

1583319329.302999973

1583319329.306999922

1583319329.309000015

1583319329.309999943

1583319329.316999912

1583319329.319000006

1583319329.321000099

1583319329.322000027

1583319329.323999882

1583319329.325999975

1583319329.328999996

1583319329.331000090

1583319329.332999945

1583319329.335000038

1583319329.336999893

1583319329.338000059

1583319329.342000008

1583319329.342999935

1583319329.345000029

1583319329.346999884

1583319329.348999977

1583319329.349999905

1583319329.352999926

1583319329.355000019

1583319329.357000113

1583319329.358999968

1583319329.359999895

1583319329.361999989

1583319329.365999937

1583319329.367000103

1583319329.368999958

1583319329.371000051

1583319329.371999979

1583319329.374000072

1583319329.378000021

1583319329.378999949

1583319329.381000042

1583319329.381999969

1583319329.384000063

1583319329.385999918

1583319329.390000105

1583319329.391000032

1583319329.392999887

1583319329.394999981

1583319329.395999908

1583319329.398000002

1583319329.401999950

1583319329.404000044

1583319329.404999971

1583319329.407000065

1583319329.410000086

1583319329.415999889

1583319329.417000055

1583319329.418999910

1583319329.421000004

1583319329.421999931

1583319329.426000118

1583319329.427999973

1583319329.428999901

1583319329.431999922

1583319329.433000088

1583319329.437000036

1583319329.438999891

1583319329.440000057

1583319329.441999912

1583319329.444000006

1583319329.446000099

1583319329.448999882

1583319329.450999975

1583319329.453000069

1583319329.453999996

1583319329.456000090

1583319329.457999945

1583319329.460999966

1583319329.463000059

1583319329.464999914

1583319329.467000008

1583319329.467999935

1583319329.470000029

1583319329.473000050

1583319329.474999905

1583319329.476999998

1583319329.477999926

1583319329.480000019

1583319329.482000113

1583319329.484999895

1583319329.486999989

1583319329.489000082

1583319329.490000010

1583319329.492000103

1583319329.493999958

1583319329.497999907

1583319329.500000000

1583319329.500999928

1583319329.503000021

1583319329.505000114

1583319329.506000042

1583319329.509999990

1583319329.512000084

1583319329.513000011

1583319329.515000105

1583319329.516999960

1583319329.517999887

1583319329.520999908

1583319329.523000002

1583319329.525000095

1583319329.526999950

1583319329.529000044

1583319329.529999971

1583319329.533999920

1583319329.535000086

1583319329.536999941

1583319329.539000034

1583319329.540999889

1583319329.543999910

1583319329.546000004

1583319329.548000097

1583319329.549999952

1583319329.551000118

1583319329.552999973

1583319329.556999922

1583319329.558000088

1583319329.559999943

1583319329.562000036

1583319329.562999964

1583319329.565000057

1583319329.569000006

1583319329.569999933

1583319329.572000027

1583319329.573999882

1583319329.575000048

1583319329.576999903

1583319329.579999924

1583319329.582000017

1583319329.584000111

1583319329.585000038

1583319329.586999893

1583319329.588999987

1583319329.592000008

1583319329.594000101

1583319329.595999956

1583319329.596999884

1583319329.598999977

1583319329.601000071

1583319329.604000092

1583319329.605999947

1583319329.608000040

1583319329.609999895

1583319329.611999989

1583319329.615000010

1583319329.621999979

1583319329.622999907

1583319329.628000021

1583319329.630000114

1583319329.631999969

1583319329.632999897

1583319329.634999990

1583319329.637000084

1583319329.640000105

1583319329.641999960

1583319329.644000053

1583319329.644999981

1583319329.647000074

1583319329.648999929

1583319329.653000116

1583319329.654000044

1583319329.655999899

1583319329.657999992

1583319329.660000086

1583319329.661000013

1583319329.664999962

1583319329.667000055

1583319329.667999983

1583319329.670000076

1583319329.671999931

1583319329.674000025

1583319329.677000046

1583319329.678999901

1583319329.680000067

1583319329.681999922

1583319329.684000015

1583319329.686000109

1583319329.688999891

1583319329.690999985

1583319329.691999912

1583319329.694000006

1583319329.696000099

1583319329.697999954

1583319329.700999975

1583319329.703000069

1583319329.703999996

1583319329.706000090

1583319329.707999945

1583319329.710999966

1583319329.713000059

1583319329.714999914

1583319329.717000008

1583319329.717999935

1583319329.720000029

1583319329.723000050

1583319329.724999905

1583319329.726999998

1583319329.729000092

1583319329.730000019

1583319329.732000113

1583319329.734999895

1583319329.736999989

1583319329.739000082

1583319329.740000010

1583319329.742000103

1583319329.743999958

1583319329.747999907

1583319329.750000000

1583319329.750999928

1583319329.753000021

1583319329.755000114

1583319329.756999969

1583319329.759999990

1583319329.762000084

1583319329.763999939

1583319329.765000105

1583319329.766999960

1583319329.770999908

1583319329.773000002

1583319329.773999929

1583319329.776000023

1583319329.778000116

1583319329.779000044

1583319329.782999992

1583319329.785000086

1583319329.786000013

1583319329.788000107

1583319329.789999962

1583319329.792000055

1583319329.795000076

1583319329.796999931

1583319329.799000025

1583319329.799999952

1583319329.802000046

1583319329.803999901

1583319329.806999922

1583319329.809999943

1583319329.811000109

1583319329.812999964

1583319329.815000057

1583319329.818000078

1583319329.819999933

1583319329.822000027

1583319329.823999882

1583319329.825000048

1583319329.826999903

1583319329.829999924

1583319329.832000017

1583319329.834000111

1583319329.835000038

1583319329.836999893

1583319329.838999987

1583319329.842999935

1583319329.845000029

1583319329.846999884

1583319329.848999977

1583319329.849999905

1583319329.851999998

1583319329.855999947

1583319329.858000040

1583319329.858999968

1583319329.861000061

1583319329.862999916

1583319329.864000082

1583319329.868000031

1583319329.869999886

1583319329.871000051

1583319329.872999907

1583319329.875000000

1583319329.877000093

1583319329.880000114

1583319329.881999969

1583319329.882999897

1583319329.884999990

1583319329.887000084

1583319329.888999939

1583319329.891999960

1583319329.894000053

1583319329.895999908

1583319329.897000074

1583319329.898999929

1583319329.903000116

1583319329.904999971

1583319329.905999899

1583319329.907999992

1583319329.910000086

1583319329.914000034

1583319329.915999889

1583319329.917999983

1583319329.918999910

1583319329.926000118

1583319329.927999973

1583319329.928999901

1583319329.930999994

1583319329.933000088

1583319329.934000015

1583319329.937999964

1583319329.940000057

1583319329.941999912

1583319329.943000078

1583319329.944999933

1583319329.947000027

1583319329.950000048

1583319329.951999903

1583319329.953999996

1583319329.956000090

1583319329.957000017

1583319329.959000111

1583319329.961999893

1583319329.963999987

1583319329.966000080

1583319329.967000008

1583319329.969000101

1583319329.970999956

1583319329.974999905

1583319329.976999998

1583319329.977999926

1583319329.980999947

1583319329.982000113

1583319329.986000061

1583319329.987999916

1583319329.989000082

1583319329.990999937

1583319329.993000031

1583319329.994999886

1583319329.997999907

1583319330.000000000

1583319330.002000093

1583319330.003999949

1583319330.006000042

1583319330.009000063

1583319330.010999918

1583319330.013000011

1583319330.013999939

1583319330.016000032

1583319330.017999887

1583319330.020999908

1583319330.023000002

1583319330.025000095

1583319330.026999950

1583319330.029000044

1583319330.030999899

1583319330.033999920

1583319330.036000013

1583319330.038000107

1583319330.039000034

1583319330.040999889

1583319330.045000076

1583319330.046999931

1583319330.048000097

1583319330.049999952

1583319330.052000046

1583319330.052999973

1583319330.056999922

1583319330.059000015

1583319330.061000109

1583319330.062000036

1583319330.063999891

1583319330.065999985

1583319330.069999933

1583319330.072000027

1583319330.073999882

1583319330.075999975

1583319330.076999903

1583319330.078999996

1583319330.082000017

1583319330.084000111

1583319330.085999966

1583319330.088000059

1583319330.088999987

1583319330.091000080

1583319330.094000101

1583319330.095999956

1583319330.098000050

1583319330.099999905

1583319330.101000071

1583319330.102999926

1583319330.107000113

1583319330.108999968

1583319330.109999895

1583319330.111999989

1583319330.114000082

1583319330.117000103

1583319330.118999958

1583319330.121000051

1583319330.122999907

1583319330.124000072

1583319330.125999928

1583319330.130000114

1583319330.131999969

1583319330.132999897

1583319330.134999990

1583319330.137000084

1583319330.141000032

1583319330.142999887

1583319330.144000053

1583319330.145999908

1583319330.148000002

1583319330.148999929

1583319330.153000116

1583319330.154999971

1583319330.155999899

1583319330.157999992

1583319330.160000086

1583319330.161000013

1583319330.164999962

1583319330.167000055

1583319330.168999910

1583319330.171000004

1583319330.171999931

1583319330.174000025

1583319330.177000046

1583319330.178999901

1583319330.180999994

1583319330.183000088

1583319330.184000015

1583319330.186000109

1583319330.190000057

1583319330.191999912

1583319330.193000078

1583319330.194999933

1583319330.197000027

1583319330.198999882

1583319330.201999903

1583319330.203999996

1583319330.204999924

1583319330.207999945

1583319330.209000111

1583319330.213000059

1583319330.214999914

1583319330.216000080

1583319330.217999935

1583319330.220000029

1583319330.220999956

1583319330.224999905

1583319330.226999998

1583319330.232000113

1583319330.236000061

1583319330.237999916

1583319330.239000082

1583319330.240999937

1583319330.243000031

1583319330.243999958

1583319330.247999907

1583319330.250000000

1583319330.250999928

1583319330.253000021

1583319330.255000114

1583319330.256000042

1583319330.259999990

1583319330.262000084

1583319330.263999939

1583319330.265000105

1583319330.266999960

1583319330.269000053

1583319330.272000074

1583319330.273999929

1583319330.276000023

1583319330.278000116

1583319330.279000044

1583319330.280999899

1583319330.283999920

1583319330.286000013

1583319330.288000107

1583319330.290999889

1583319330.292000055

1583319330.293999910

1583319330.298000097

1583319330.299000025

1583319330.301000118

1583319330.302999973

1583319330.305000067

1583319330.308000088

1583319330.309999943

1583319330.312000036

1583319330.312999964

1583319330.315000057

1583319330.316999912

1583319330.321000099

1583319330.322000027

1583319330.323999882

1583319330.325999975

1583319330.326999903

1583319330.328999996

1583319330.332999945

1583319330.335000038

1583319330.335999966

1583319330.338000059

1583319330.339999914

1583319330.341000080

1583319330.345000029

1583319330.345999956

1583319330.348000050

1583319330.349999905

1583319330.351000071

1583319330.352999926

1583319330.357000113

1583319330.358999968

1583319330.359999895

1583319330.361999989

1583319330.364000082

1583319330.365000010

1583319330.368999958

1583319330.371000051

1583319330.371999979

1583319330.374000072

1583319330.375999928

1583319330.377000093

1583319330.381000042

1583319330.382999897

1583319330.384000063

1583319330.385999918

1583319330.388000011

1583319330.390000105

1583319330.392999887

1583319330.394999981

1583319330.397000074

1583319330.398999929

1583319330.400000095

1583319330.404000044

1583319330.405999899

1583319330.407999992

1583319330.410000086

1583319330.411000013

1583319330.414999962

1583319330.417000055

1583319330.418999910

1583319330.420000076

1583319330.421999931

1583319330.424000025

1583319330.427999973

1583319330.428999901

1583319330.430999994

1583319330.431999922

1583319330.434000015

1583319330.436000109

1583319330.440000057

1583319330.440999985

1583319330.443000078

1583319330.444999933

1583319330.446000099

1583319330.447999954

1583319330.451999903

1583319330.453999996

1583319330.454999924

1583319330.457000017

1583319330.459000111

1583319330.460000038

1583319330.463999987

1583319330.466000080

1583319330.467000008

1583319330.469000101

1583319330.470999956

1583319330.471999884

1583319330.476000071

1583319330.477999926

1583319330.480000019

1583319330.482000113

1583319330.483000040

1583319330.486999989

1583319330.489000082

1583319330.490000010

1583319330.492000103

1583319330.493999958

1583319330.494999886

1583319330.499000072

1583319330.500999928

1583319330.502000093

1583319330.503999949

1583319330.506000042

1583319330.506999969

1583319330.510999918

1583319330.513999939

1583319330.520999908

1583319330.525000095

1583319330.529999971

1583319330.532000065

1583319330.533999920

1583319330.536999941

1583319330.539000034

1583319330.539999962

1583319330.542000055

1583319330.543999910

1583319330.546999931

1583319330.549000025

1583319330.551000118

1583319330.552999973

1583319330.553999901

1583319330.555999994

1583319330.559000015

1583319330.561000109

1583319330.562999964

1583319330.565000057

1583319330.565999985

1583319330.568000078

1583319330.571000099

1583319330.572999954

1583319330.575000048

1583319330.576999903

1583319330.578000069

1583319330.579999924

1583319330.582999945

1583319330.585000038

1583319330.586999893

1583319330.588000059

1583319330.589999914

1583319330.592000008

1583319330.595000029

1583319330.596999884

1583319330.598999977

1583319330.599999905

1583319330.601999998

1583319330.605999947

1583319330.608000040

1583319330.609999895

1583319330.611999989

1583319330.612999916

1583319330.615000010

1583319330.618999958

1583319330.621000051

1583319330.621999979

1583319330.624000072

1583319330.625999928

1583319330.627000093

1583319330.631000042

1583319330.632999897

1583319330.634000063

1583319330.635999918

1583319330.638000011

1583319330.640000105

1583319330.642999887

1583319330.644999981

1583319330.645999908

1583319330.648000002

1583319330.650000095

1583319330.651000023

1583319330.654999971

1583319330.657000065

1583319330.657999992

1583319330.660000086

1583319330.661999941

1583319330.663000107

1583319330.667000055

1583319330.667999983

1583319330.670000076

1583319330.671999931

1583319330.674000025

1583319330.676000118

1583319330.678999901

1583319330.680999994

1583319330.683000088

1583319330.684000015

1583319330.686000109

1583319330.687999964

1583319330.690999985

1583319330.693000078

1583319330.694000006

1583319330.696000099

1583319330.697999954

1583319330.698999882

1583319330.703000069

1583319330.704999924

1583319330.707000017

1583319330.709000111

1583319330.710000038

1583319330.713999987

1583319330.716000080

1583319330.717000008

1583319330.719000101

1583319330.720999956

1583319330.721999884

1583319330.726000071

1583319330.727999926

1583319330.729000092

1583319330.730999947

1583319330.733000040

1583319330.734999895

1583319330.739000082

1583319330.740999937

1583319330.742000103

1583319330.743999958

1583319330.746000051

1583319330.746999979

1583319330.750999928

1583319330.753000021

1583319330.755000114

1583319330.756999969

1583319330.757999897

1583319330.762000084

1583319330.763999939

1583319330.765000105

1583319330.766999960

1583319330.769000053

1583319330.770999908

1583319330.773999929

1583319330.776000023

1583319330.778000116

1583319330.779000044

1583319330.780999899

1583319330.782999992

1583319330.786000013

1583319330.788000107

1583319330.789999962

1583319330.792000055

1583319330.792999983

1583319330.795000076

1583319330.799000025

1583319330.799999952

1583319330.802000046

1583319330.803999901

1583319330.805999994

1583319330.809999943

1583319330.812000036

1583319330.812999964

1583319330.815000057

1583319330.816999912

1583319330.818000078

1583319330.822000027

1583319330.823999882

1583319330.825000048

1583319330.832999945

1583319330.835000038

1583319330.835999966

1583319330.838000059

1583319330.839999914

1583319330.842000008

1583319330.845000029

1583319330.846999884

1583319330.848000050

1583319330.849999905

1583319330.851999998

1583319330.852999926

1583319330.857000113

1583319330.858999968

1583319330.859999895

1583319330.861999989

1583319330.864000082

1583319330.865999937

1583319330.868999958

1583319330.871000051

1583319330.871999979

1583319330.874000072

1583319330.875999928

1583319330.877000093

1583319330.881000042

1583319330.882999897

1583319330.884999990

1583319330.885999918

1583319330.888000011

1583319330.890000105

1583319330.894000053

1583319330.894999981

1583319330.897000074

1583319330.898999929

1583319330.900000095

1583319330.904000044

1583319330.905999899

1583319330.907999992

1583319330.908999920

1583319330.911000013

1583319330.913000107

1583319330.915999889

1583319330.917999983

1583319330.920000076

1583319330.921999931

1583319330.923000097

1583319330.924999952

1583319330.927999973

1583319330.930000067

1583319330.931999922

1583319330.934000015

1583319330.936000109

1583319330.937000036

1583319330.940999985

1583319330.943000078

1583319330.944000006

1583319330.946000099

1583319330.947999954

1583319330.948999882

1583319330.953000069

1583319330.954999924

1583319330.956000090

1583319330.957999945

1583319330.960999966

1583319330.961999893

1583319330.966000080

1583319330.967999935

1583319330.970000029

1583319330.970999956

1583319330.973000050

1583319330.976999998

1583319330.979000092

1583319330.980999947

1583319330.983000040

1583319330.983999968

1583319330.986000061

1583319330.990000010

1583319330.990999937

1583319330.993000031

1583319330.994999886

1583319330.996000051

1583319330.997999907

1583319331.002000093

1583319331.003999949

1583319331.006000042

1583319331.006999969

1583319331.009000063

1583319331.013000011

1583319331.013999939

1583319331.016000032

1583319331.017999887

1583319331.019999981

1583319331.023999929

1583319331.026000023

1583319331.026999950

1583319331.029000044

1583319331.030999899

1583319331.032000065

1583319331.036000013

1583319331.038000107

1583319331.039000034

1583319331.040999889

1583319331.042999983

1583319331.043999910

1583319331.048000097

1583319331.049999952

1583319331.051000118

1583319331.052999973

1583319331.055000067

1583319331.056999922

1583319331.059999943

1583319331.062000036

1583319331.063999891

1583319331.065000057

1583319331.066999912

1583319331.069000006

1583319331.072999954

1583319331.073999882

1583319331.075999975

1583319331.078000069

1583319331.078999996

1583319331.081000090

1583319331.085000038

1583319331.085999966

1583319331.088000059

1583319331.089999914

1583319331.092000008

1583319331.092999935

1583319331.096999884

1583319331.098999977

1583319331.099999905

1583319331.101999998

1583319331.104000092

1583319331.108000040

1583319331.109999895

1583319331.111000061

1583319331.112999916

1583319331.115000010

1583319331.117000103

1583319331.119999886

1583319331.121999979

1583319331.122999907

1583319331.125000000

1583319331.127000093

1583319331.128000021

1583319331.134999990

1583319331.137000084

1583319331.138000011

1583319331.140000105

1583319331.144000053

1583319331.144999981

1583319331.147000074

1583319331.148999929

1583319331.150000095

1583319331.151999950

1583319331.155999899

1583319331.157000065

1583319331.158999920

1583319331.160000086

1583319331.161999941

1583319331.164000034

1583319331.167000055

1583319331.168999910

1583319331.171000004

1583319331.171999931

1583319331.174000025

1583319331.176000118

1583319331.180000067

1583319331.180999994

1583319331.184000015

1583319331.186000109

1583319331.187999964

1583319331.188999891

1583319331.193000078

1583319331.194999933

1583319331.196000099

1583319331.197999954

1583319331.200000048

1583319331.203000069

1583319331.204999924

1583319331.207000017

1583319331.209000111

1583319331.210000038

1583319331.211999893

1583319331.216000080

1583319331.217000008

1583319331.219000101

1583319331.220000029

1583319331.221999884

1583319331.223999977

1583319331.227999926

1583319331.229000092

1583319331.230999947

1583319331.233000040

1583319331.234999895

1583319331.236000061

1583319331.240000010

1583319331.242000103

1583319331.243000031

1583319331.244999886

1583319331.246999979

1583319331.250999928

1583319331.253000021

1583319331.253999949

1583319331.256000042

1583319331.257999897

1583319331.259999990

1583319331.263000011

1583319331.265000105

1583319331.266999960

1583319331.267999887

1583319331.269999981

1583319331.272000074

1583319331.276000023

1583319331.278000116

1583319331.279000044

1583319331.280999899

1583319331.282999992

1583319331.283999920

1583319331.288000107

1583319331.289999962

1583319331.292000055

1583319331.292999983

1583319331.295000076

1583319331.299000025

1583319331.301000118

1583319331.302999973

1583319331.305000067

1583319331.305999994

1583319331.309999943

1583319331.312000036

1583319331.313999891

1583319331.315999985

1583319331.316999912

1583319331.319000006

1583319331.322999954

1583319331.323999882

1583319331.325999975

1583319331.328000069

1583319331.328999996

1583319331.331000090

1583319331.335000038

1583319331.336999893

1583319331.338000059

1583319331.339999914

1583319331.342000008

1583319331.344000101

1583319331.346999884

1583319331.348999977

1583319331.349999905

1583319331.351999998

1583319331.354000092

1583319331.355999947

1583319331.358999968

1583319331.361000061

1583319331.361999989

1583319331.364000082

1583319331.365999937

1583319331.367000103

1583319331.371000051

1583319331.372999907

1583319331.375000000

1583319331.375999928

1583319331.378000021

1583319331.381999969

1583319331.384000063

1583319331.384999990

1583319331.387000084

1583319331.388999939

1583319331.390000105

1583319331.394000053

1583319331.395999908

1583319331.398000002

1583319331.400000095

1583319331.401999950

1583319331.404999971

1583319331.407999992

1583319331.410000086

1583319331.411999941

1583319331.414000034

1583319331.414999962

1583319331.418999910

1583319331.421000004

1583319331.421999931

1583319331.424000025

1583319331.426000118

