nSeg: 72

breaks: 
0.000000000000000
0.330833333333335
0.661666666666669
0.992500000000004
1.323333333333339
1.654166666666673
1.985000000000008
2.315833333333343
2.646666666666677
2.977500000000012
3.308333333333346
3.639166666666681
3.970000000000016
4.300833333333351
4.631666666666685
4.962500000000020
5.293333333333354
5.624166666666690
5.955000000000024
6.285833333333358
6.616666666666693
6.947500000000028
7.278333333333363
7.609166666666697
7.940000000000032
8.270833333333366
8.601666666666702
8.932500000000037
9.263333333333371
9.594166666666705
9.925000000000040
10.255833333333376
10.586666666666709
10.917500000000043
11.248333333333379
11.579166666666714
11.910000000000048
12.240833333333383
12.571666666666717
12.902500000000053
13.233333333333386
13.564166666666722
13.895000000000056
14.225833333333391
14.556666666666725
14.887500000000061
15.218333333333394
15.549166666666729
15.880000000000065
16.210833333333397
16.541666666666732
16.872500000000070
17.203333333333404
17.534166666666735
17.865000000000073
18.195833333333407
18.526666666666742
18.857500000000076
19.188333333333411
19.519166666666745
19.850000000000080
20.180833333333414
20.511666666666752
20.842500000000083
21.173333333333417
21.504166666666755
21.835000000000086
22.165833333333424
22.496666666666759
22.827500000000093
23.158333333333427
23.489166666666762
23.820000000000096

coefs_q:
q1:
-0.181747051113004
0.200223323275629
-0.000000000000000
-1.249990981982581
q2:
0.250839184753869
-0.383442463863568
-0.000000000000000
1.311130743538801
q3:
0.151273929659239
-0.144913702102942
-0.000000000000000
-2.927275780160849
q4:
-0.312513156999623
0.449589182346853
-0.000000000000000
1.678841401829625
q5:
0.028283529216966
-0.016671031971030
0.000000000000000
-1.097604889656270
q6:
-0.164560935525652
0.165769281431472
0.000000000000000
-0.245528908551710
q7:
-0.233990203652887
0.267290042745447
0.000000000000000
-0.127328539373836

q1:
-0.101848233604759
0.019839375045973
0.072804076028064
-1.234657449672877
q2:
0.194429349976992
-0.134484572995352
-0.171347528027493
1.278245570937095
q3:
0.071671116723725
0.005225673083854
-0.046213456267148
-2.937659065864648
q4:
-0.240352954031160
0.139419874024726
0.194863829482932
1.716733167988461
q5:
0.006960651182426
0.011400370776809
-0.001743710411755
-1.098405400841012
q6:
-0.084260491752500
0.002442552922262
0.055650081865361
-0.233344086867036
q7:
-0.135670427485634
0.035054765619956
0.100025740767554
-0.106546229362556

q1:
0.006488585488414
-0.081244996806751
0.052489049495539
-1.212087919376388
q2:
-0.012465516608861
0.058486556856813
-0.196490205033327
1.213878941898275
q3:
-0.006262007118834
0.076359256432151
-0.019222442085603
-2.949780857399798
q4:
0.015440063005478
-0.099130432851201
0.208192919604506
1.787757054691260
q5:
0.002960679389302
0.018308817075367
0.008085079236006
-1.097482455122152
q6:
0.008512892071370
-0.081185985142094
0.029599129705966
-0.217716912858526
q7:
0.014407319068026
-0.099598133659536
0.078672643174460
-0.074530229462965

q1:
0.010544111022596
-0.074805075709499
0.000862483838080
-1.203380162210162
q2:
-0.043266740967829
0.046114531622518
-0.161884678261414
1.154823451078866
q3:
-0.003468291077437
0.070144214366708
0.029245789503686
-2.948009455236047
q4:
0.054140554313077
-0.083806170318263
0.147671393389275
1.846343401269634
q5:
0.010561220585902
0.021247291369249
0.021171558446433
-1.092696522647527
q6:
0.010350853614245
-0.072736939761260
-0.021323704616227
-0.216502145272319
q7:
0.020078878666896
-0.085298869484521
0.017502551300967
-0.058882093442488

q1:
0.020037651939515
-0.064340045519573
-0.045171360435205
-1.210900489684215
q2:
-0.006120995091146
0.003172291211947
-0.145578954373679
1.104747184852801
q3:
-0.020440317866529
0.066701935472352
0.074519057408776
-2.930782226840033
q4:
0.010143801892508
-0.030071670162534
0.109996807830211
1.887985803161746
q5:
0.001465609200007
0.031729302800756
0.038697981684343
-1.082984313455953
q6:
0.020991052448135
-0.062463717549122
-0.066052588743079
-0.231143042349721
q7:
0.017962260024117
-0.065370582407626
-0.032343925700018
-0.061700631600940

q1:
0.015940566952601
-0.044452675969605
-0.081163619127875
-1.232161181954927
q2:
0.011543270642922
-0.002902796416015
-0.145489796512024
1.056710382737072
q3:
-0.019179753937768
0.046414919989822
0.111941883757512
-2.899568408166648
q4:
-0.011589397732750
-0.020003946784220
0.093430124556994
1.921452355008258
q5:
-0.002811500008406
0.033183919931763
0.060173439538352
-1.066655867337889
q6:
0.016149493248259
-0.041630097994348
-0.100490292718710
-0.259072053012869
q7:
0.009605578537728
-0.047543039333690
-0.069699515559437
-0.078905523670888

q1:
0.010494581882606
-0.028631663269148
-0.105342354692696
-1.263300981928893
q2:
0.007160244428441
0.008553899697085
-0.143620223176536
1.008677776422653
q3:
-0.012661844758932
0.027379014206588
0.136355376987491
-2.858148654100519
q4:
-0.006632135844756
-0.031506424033974
0.076388776877975
1.949753057307762
q5:
-0.004848921832607
0.030393506173421
0.081206971341484
-1.043218288917576
q6:
0.009148221987593
-0.025601725945450
-0.122732821138793
-0.296289262505392
q7:
0.006841080060966
-0.038009502634994
-0.098003148194077
-0.106820248002146

q1:
0.008239970488295
-0.018215790750662
-0.120841054064250
-1.300905491540837
q2:
0.002304537342933
0.015660442292313
-0.135609311701710
0.962358921524518
q3:
-0.009280721425718
0.014812133283348
0.150313614948745
-2.810499582710393
q4:
-0.000689766118196
-0.038088818859894
0.053364350687253
1.971336461773311
q5:
-0.006167412024145
0.025580951254559
0.099725187673907
-1.013201304700793
q6:
0.004836854873713
-0.016522115622764
-0.136668792057611
-0.339364240964148
q7:
0.007064309482187
-0.031219730674486
-0.120906486213963
-0.143155407569842

q1:
0.008609800808300
-0.010037620041029
-0.130188224134501
-1.342579102386789
q2:
0.001780426516422
0.017947695605174
-0.124490619413958
0.919292334341891
q3:
-0.009278073912266
0.005601017268323
0.157066965589589
-2.759485684505600
q4:
0.000217980903147
-0.038773411732204
0.027935762733034
1.984797343729132
q5:
-0.008227379975885
0.019459794820595
0.114626167833770
-0.977632357173481
q6:
0.003427795536203
-0.011721537160604
-0.146012733853442
-0.386212047816338
q7:
0.008583293964946
-0.024208403513415
-0.139243960607794
-0.186316526419401

q1:
0.011450045115245
-0.001492392738791
-0.134002736695824
-1.386436570667875
q2:
0.000825279434166
0.019714768922723
-0.112030620732646
0.880135544634016
q3:
-0.012056742376798
-0.003607471089601
0.157726497117049
-2.707245619975284
q4:
0.001811958247414
-0.038557065685831
0.002352263120568
1.989803541468245
q5:
-0.012048168610954
0.011294120194529
0.124800588051274
-0.937878224844425
q6:
0.006322661677329
-0.008319450090922
-0.152642960469155
-0.435676737384257
q7:
0.013261222420047
-0.015689484253206
-0.152443511810584
-0.234721896086765

q1:
0.006661990731865
0.009871777038090
-0.131230557056806
-1.430517880721767
q2:
0.001473783237000
0.020533858761133
-0.098715033073903
0.845259759408245
q3:
-0.007829039820583
-0.015573787898573
0.151380697268462
-2.655895851289900
q4:
0.002385018594514
-0.036758697125272
-0.022564701742772
1.986427261798186
q5:
-0.009451305167422
-0.000663687151843
0.128317489649563
-0.895790144438396
q6:
0.005996733320602
-0.002044208376173
-0.156071604145352
-0.486857743208155
q7:
0.008216264082934
-0.002527721001309
-0.158470370548953
-0.286392328148411

q1:
-0.001241547631538
0.016483802839466
-0.122511252713981
-1.472611620223959
q2:
0.004340947361946
0.021996588623856
-0.084644543397369
0.814902346667079
q3:
0.000607371422247
-0.023344109920503
0.138505359406651
-2.607802121557998
q4:
-0.000234220802742
-0.034391566170217
-0.046103580516363
1.975025202753341
q5:
-0.002245269363811
-0.010044107530509
0.124774994242151
-0.853753313807203
q6:
-0.000789096275068
0.003907549444524
-0.155455148808573
-0.538498030930390
q7:
-0.002774188185394
0.005626921101002
-0.157445051849304
-0.338798759476964

q1:
0.005639216285499
0.015251566815164
-0.112012134586575
-1.511383219025163
q2:
0.002492062681359
0.026304978880588
-0.068664774814649
0.789463837561918
q3:
-0.003221022575728
-0.022741293783922
0.123258771681103
-2.564512967981361
q4:
0.000116000301597
-0.034624030316938
-0.068936240354197
1.955999939611385
q5:
-0.005557590609393
-0.012272537374091
0.117391904219546
-0.813654222154347
q6:
-0.002551954993876
0.003124371391518
-0.153128754998649
-0.589528665121540
q7:
0.003917530376912
0.002873539326999
-0.154632816191040
-0.390371413557432

q1:
0.013124828768505
0.020848488978522
-0.100069032794830
-1.546567076632426
q2:
-0.001011004493510
0.028778351091837
-0.050441373148771
0.769716576868612
q3:
-0.008373063595586
-0.025938158690333
0.107153986154204
-2.526340541108762
q4:
0.001961367346566
-0.034508900017603
-0.091807718139875
1.929408109628622
q5:
-0.010106504405620
-0.017788446053914
0.107446728868781
-0.776361544925070
q6:
-0.000901025383006
0.000591556060096
-0.151899402333407
-0.639939203080730
q7:
0.012738039637604
0.006761688226084
-0.151445161742229
-0.441072739173411

q1:
0.004339642693217
0.033874881531263
-0.081964717717843
-1.576916117481564
q2:
-0.007532031564734
0.027774929132028
-0.031731662941376
0.756142091353754
q3:
-0.003962006166635
-0.034248424308951
0.087242258278607
-2.494032568285005
q4:
0.013047001113777
-0.032562242926136
-0.113997087930429
1.895329054129408
q5:
-0.009413227035601
-0.027819151676492
0.092358215286305
-0.743127499130056
q6:
0.016968033470503
-0.000302711632537
-0.151803842968623
-0.690160468537778
q7:
0.012518074731947
0.019404192566406
-0.142788616180047
-0.489974531751316

q1:
-0.004247567943603
0.038181976904281
-0.058125907052083
-1.600168010758859
q2:
-0.023262976625613
0.020299387804029
-0.015827076421697
0.748411450415728
q3:
-0.002918393880803
-0.038180715429337
0.063280284548523
-2.469061898993370
q4:
0.040312283420836
-0.019613094320712
-0.131258428669594
1.854523488540599
q5:
-0.020029747528866
-0.037161779509326
0.070860357218997
-0.715958000744097
q6:
0.056728161343303
0.016538061586937
-0.146432648025375
-0.739800960477011
q7:
0.022719221905144
0.031828381737864
-0.125839172847718
-0.534636684541779

q1:
0.012820989588310
0.033966265720255
-0.034256863450465
-1.615372758626710
q2:
-0.038218546593723
-0.002789116496891
-0.010034094997585
0.744554757115026
q3:
-0.022333177606718
-0.041077221356034
0.037059117128696
-2.452411252201740
q4:
0.063351339517805
0.020396846974468
-0.130999137166644
1.810411863548615
q5:
-0.049181124741666
-0.057041303931726
0.039694837113916
-0.697307691055985
q6:
0.085156255963024
0.072840761720165
-0.116863153981275
-0.784381535997058
q7:
0.057918714277203
0.054377209478720
-0.097319489753565
-0.571962177456266

q1:
0.033065401474781
0.046691097886653
-0.007572718990513
-1.622524192341706
q2:
-0.023422783715216
-0.040721023991162
-0.024428699809049
0.739545982076903
q3:
-0.044161224901489
-0.063242900130701
0.002546543603501
-2.445455474333169
q4:
0.044627901476550
0.083273051445889
-0.096701679105909
1.771599379482958
q5:
-0.061564060777593
-0.105853570237829
-0.014196217090512
-0.692199371586345
q6:
0.059895356643808
0.157358345763468
-0.040705615922106
-0.811987788062960
q7:
0.078062541058006
0.111861533398844
-0.042322172318237
-0.596109852252764

q1:
0.031743299424194
0.079508508850373
0.034178317571653
-1.618721830979717
q2:
0.026877199591134
-0.063968136828514
-0.059063363846892
0.726159071987796
q3:
-0.039136333159650
-0.107072915845429
-0.053799605515269
-2.453134047381492
q4:
-0.027788392480871
0.127566243661365
-0.026949012307925
1.750337507503729
q5:
-0.028205416504765
-0.166955900559591
-0.104450683679326
-0.710710931007708
q6:
-0.037150508705231
0.216804487232447
0.083079921327376
-0.806062775288142
q7:
0.043225196800391
0.189338605398915
0.057324873600688
-0.595041475304614

q1:
0.001146192840701
0.111013733528886
0.097209426092125
-1.597562819835282
q2:
0.062950196904182
-0.037292516234313
-0.092563763235177
0.700590807183175
q3:
0.001428226914454
-0.145915726506382
-0.137496681359993
-2.484069079401940
q4:
-0.085107089015738
0.099986264124100
0.048332942351100
1.754377873917224
q5:
0.022351165141789
-0.194949776440571
-0.224181145153546
-0.764561454501251
q6:
-0.120418422758462
0.179932607342506
0.214333776782590
-0.756192983915880
q7:
-0.019457594495565
0.232239613223303
0.196797000928206
-0.553788072742750

q1:
-0.047762315024210
0.112151329923282
0.171039867917551
-1.553210667570409
q2:
0.053451315056481
0.025185554193088
-0.096569149843816
0.668165359778720
q3:
0.061119754730429
-0.144498211293786
-0.233575292448882
-2.545476426406892
q4:
-0.077733653202093
0.015517478275980
0.086545430461793
1.778229865965016
q5:
0.050129908568846
-0.172766245037345
-0.345833862259157
-0.859256104130321
q6:
-0.123631431128480
0.060417322754732
0.293849545323093
-0.669950820901755
q7:
-0.060372663273012
0.212927950686455
0.344073269988352
-0.463966836282714

q1:
-0.075612066600784
0.064747232261753
0.229563808907100
-1.486079407460903
q2:
0.010965378661261
0.078235984386646
-0.062353857497021
0.640909111243546
q3:
0.092053870701230
-0.083836854723835
-0.309116143456379
-2.636353206029975
q4:
-0.017948173931259
-0.061633172527098
0.071288821613715
1.805745647213713
q5:
0.027212542237147
-0.123012310782765
-0.443687267809644
-0.990763658171787
q6:
-0.053541672365623
-0.062286872640286
0.293231035902622
-0.570599564857796
q7:
-0.044533702747527
0.153008082387991
0.465137107597148
-0.329016907791064

q1:
-0.097663039547890
-0.010297743839525
0.247577514660121
-1.405783326062683
q2:
-0.016255521735177
0.089119122707947
-0.006987209566560
0.629240415225612
q3:
0.120706462631761
0.007526611947136
-0.334362115441670
-2.744461867168359
q4:
0.012421587245018
-0.079446735153873
0.024614885489261
1.821934669897002
q5:
0.073709731782561
-0.096003862612396
-0.516145118507876
-1.150028614309830
q6:
-0.018406850592367
-0.115426982463166
0.234437368839230
-0.482345045919586
q7:
-0.111373535131353
0.108808382411069
0.551754721368170
-0.159999769773598

q1:
-0.070701275327867
-0.107228310590807
0.208695978319419
-1.328539899458347
q2:
-0.018642495513727
0.072985517385783
0.046642408864450
0.636094351827205
q3:
0.090794696599819
0.127327776109159
-0.289747788726379
-2.849885433918288
q4:
0.011663693374970
-0.067118309813192
-0.023873716887343
1.821832379084078
q5:
0.113079093262421
-0.022846953818205
-0.555464930277001
-1.328625288958151
q6:
-0.010882748322366
-0.133695781676091
0.152019254369825
-0.418085424037001
q7:
-0.154491491965539
-0.001729851206799
0.587179868774917
0.030415408084594

q1:
0.051310491303914
-0.177399326353715
0.114531668430272
-1.273792615157648
q2:
-0.020352247686131
0.054482840588409
0.088813190627578
0.658838487380604
q3:
-0.058682364117668
0.217441512484480
-0.175686615749983
-2.928519876829631
q4:
0.024237632040413
-0.055542094138534
-0.064453867194706
1.807010353743068
q5:
0.011271914732891
0.089384046244749
-0.533452242199219
-1.510797631387774
q6:
0.044006756955926
-0.144496909386039
0.059983839076770
-0.382819547174604
q7:
-0.002297328543287
-0.155062656982597
0.535307680648924
0.218890620564002

q1:
0.096958365765254
-0.126473663734580
0.014000354209395
-1.253460251269121
q2:
-0.018658273802556
0.034283234759924
0.118179967221985
0.693447082389124
q3:
-0.121086564474879
0.159199266097695
-0.051081291502380
-2.964968625768787
q4:
0.002600771832909
-0.031486244338425
-0.093245742507500
1.780485388393815
q5:
0.065026775696939
0.100571421617144
-0.470608641581576
-1.677090113580434
q6:
0.086763176175315
-0.100820203107282
-0.021175238973104
-0.377196698879665
q7:
-0.022987828833463
-0.157342755561809
0.431953556665483
0.378933343298576

q1:
0.053015788491770
-0.030242485712564
-0.037846571899370
-1.259160241322290
q2:
-0.014689355791380
0.015764898010887
0.134737557813662
0.735621663791628
q3:
-0.070038264671228
0.039020850856376
0.014496530523259
-2.968828086479851
q4:
-0.007708608599544
-0.028904978294262
-0.113225171995148
1.746284571059655
q5:
0.063947510667607
0.165110496496356
-0.382712207005692
-1.819420911711634
q6:
0.073101679886967
-0.014707750753282
-0.059395737041974
-0.392095325780569
q7:
-0.032081810589742
-0.180158175679022
0.320296998579974
0.503784316574742

q1:
0.000094346739140
0.022375684365518
-0.040449172011684
-1.273071511503484
q2:
-0.007062648645489
0.001185712387942
0.140345384753941
0.781390917539830
q3:
-0.001022005840565
-0.030492126829818
0.017318116722046
-2.962297372967914
q4:
-0.003613930406255
-0.036555772329309
-0.134881770326446
1.705383111803989
q5:
0.027073628984767
0.228578400833956
-0.252466796805580
-1.925647872959530
q6:
0.025053673585451
0.057845666534533
-0.045124276571010
-0.410708181683462
q7:
-0.020855148153153
-0.211999372689341
0.190558209661440
0.588869122458796

q1:
-0.023482362174850
0.022469323504114
-0.025612948574814
-1.284000995428625
q2:
0.009278433072850
-0.005823966392707
0.138810895720698
0.827695887970072
q3:
0.033877676611246
-0.031506467626579
-0.003193084943946
-2.959942353910519
q4:
0.003056053365029
-0.040142598257517
-0.160256147928922
1.656627811257362
q5:
-0.042374895375123
0.255448977601337
-0.092334405773237
-1.983173905767328
q6:
-0.032219396207736
0.082711437568094
0.001376698702942
-0.418398356173725
q7:
0.023459090400108
-0.232698107231346
0.043437460054346
0.627953487969240

q1:
-0.007136347499229
-0.000836920954424
-0.018456228731292
-1.290865624401197
q2:
0.019457589282973
0.003384878432096
0.138003964120396
0.873317693625269
q3:
0.014110213469428
0.002117126410083
-0.012916058663070
-2.963220429035017
q4:
0.016330425300541
-0.037109465292726
-0.185813705620127
1.599326759897901
q5:
-0.170754293199832
0.213391893941527
0.062773782562194
-1.987296529354676
q6:
-0.058187604348441
0.050733686831915
0.045524794025279
-0.410056736414124
q7:
0.150924999051454
-0.209414960009239
-0.102828279691081
0.617704530448945

q1:
0.012503519134427
-0.007919745847410
-0.021353225998232
-1.297321568353845
q2:
-0.011735016520045
0.022696535795447
0.146632565327341
0.920049040486533
q3:
-0.010647301125463
0.016121513278490
-0.006882108699434
-2.966750840864234
q4:
0.038798446701927
-0.020901518181938
-0.205005672652995
1.534383059230756
q5:
-0.149702212032194
0.043918257940694
0.147900557809896
-1.949355981026407
q6:
-0.027951327501389
-0.007017510483913
0.059987562367077
-0.391549749352352
q7:
0.155599554032054
-0.059621898450670
-0.191834640364901
0.566229879987926

q1:
0.009916533144544
0.004489996893509
-0.022487901277148
-1.304799997317460
q2:
-0.076483887213248
0.011049531899303
0.157796889389688
0.970619208231748
q3:
-0.007714718708362
0.005554066911468
0.000288895746744
-2.967648699116262
q4:
0.078220908269435
0.017605940169725
-0.206095959712036
1.465677552867393
q5:
0.009309173309011
-0.104661187501260
0.127804771946942
-1.901039370481830
q6:
0.005341441743179
-0.034759203029041
0.046166432979874
-0.373484051369689
q7:
0.023510777289821
0.094810658926145
-0.180193025440932
0.501873178494257

q1:
-0.000309704390182
0.014332156039469
-0.016260905681821
-1.311389234327482
q2:
-0.062566069274663
-0.064860726159846
0.139994352621825
1.021263581257824
q3:
0.000503309563230
-0.002102791406581
0.001430692726277
-2.967224575779654
q4:
0.054730592062644
0.095240191627139
-0.168762697775907
1.402253496152148
q5:
0.055472938337408
-0.095421832992066
0.061610639333733
-1.869875446827027
q6:
0.010603652245488
-0.029457822098936
0.024921300500035
-0.361821662093940
q7:
-0.033664253311197
0.118145105386293
-0.109740160080900
0.453487735494264

q1:
-0.008856928338859
0.014024774432214
-0.006879487850772
-1.315211433902602
q2:
0.056945789471524
-0.126957549914949
0.076534472953747
1.058213814568914
q3:
0.002096179252718
-0.001603256665075
0.000204608489238
-2.966963182107648
q4:
-0.071000118672067
0.149560304249314
-0.087774533723447
1.358827066766830
q5:
0.031660584481550
-0.040364941692188
0.016687848042359
-1.857927907871352
q6:
0.012375234326087
-0.018933697245288
0.008911772850321
-0.356417086672844
q7:
-0.052816141095503
0.084733333974930
-0.042621209725562
0.428894115836044

q1:
-0.006211666358306
0.005234273055897
-0.000507952973455
-1.316273085325585
q2:
0.075258244499439
-0.070438853864461
0.011229162703391
1.071700380878563
q3:
-0.000111295591515
0.000477201243247
-0.000167928179484
-2.966995065833547
q4:
-0.085166701348569
0.079092686467287
-0.012128502628037
1.343586894454037
q5:
0.011374744643419
-0.008941811594250
0.000375530496762
-1.855678554573146
q6:
0.007834479750509
-0.006651277176647
0.000447410479064
-0.355092974998104
q7:
-0.036673360387633
0.032313313937642
-0.003898277041153
0.422155251999362

q1:
-0.000416686872294
-0.000930805804722
0.000915777442142
-1.316093162334290
q2:
0.023836087117792
0.004254953801232
-0.010666677567527
1.070430877108169
q3:
-0.001880560956642
0.000366740368668
0.000111275837125
-2.967002422071940
q4:
-0.026323746323616
-0.005435264621168
0.012239827766054
1.345147249978383
q5:
0.001378269434358
0.002347622464344
-0.001806047073715
-1.856121125256517
q6:
0.002518676870508
0.001124443975734
-0.001381050171572
-0.355389257577228
q7:
-0.008100070595262
-0.004084996247084
0.005440591394807
0.423074346553083

q1:
0.001318764326617
-0.001344367525473
0.000163074265402
-1.315907158178078
q2:
-0.023962512645432
0.027912270265641
-0.000024687605403
1.068230795499860
q3:
0.000482031185085
-0.001499716380799
-0.000263550393555
-2.966993563323587
q4:
0.026323629582724
-0.031561582847357
0.000000037395217
1.347648518285999
q5:
-0.001757925164533
0.003715554877945
0.000199854097026
-1.856411769870181
q6:
-0.001939029987825
0.003624230769713
0.000189969723380
-0.355631882701461
q7:
0.008910923992089
-0.012124316312881
0.000078010489552
0.424133866808798

q1:
0.000789257190898
-0.000035493931306
-0.000293429899882
-1.315952597359919
q2:
-0.074451943528539
0.004129476465049
0.010575790271334
1.070409964282066
q3:
0.008444723859567
-0.001021300429603
-0.001097586788330
-2.967227445258772
q4:
0.085166175057050
-0.005435380486503
-0.012239791307735
1.345147270494371
q5:
-0.013769427711800
0.001970814152146
0.002081094517814
-1.856002635772799
q6:
-0.012782058252494
0.001699743506796
0.001951317879858
-0.355242571965862
q7:
0.032910721693601
-0.003280224250732
-0.005018325013576
0.423155324444960

q1:
-0.000814785949795
0.000747843830660
-0.000057760808179
-1.316024979633216
q2:
-0.055509347810764
-0.069764077487026
-0.011138323566770
1.071664862031950
q3:
0.012225487529867
0.007360088001018
0.000999495433214
-2.967396562667787
q4:
0.070999606330858
0.079092048257619
0.012128289613209
1.343586895293126
q5:
-0.032412170386881
-0.011695342851815
-0.001136103726993
-1.855597023483739
q6:
-0.020051773248869
-0.010986449308804
-0.001121033956306
-0.354873810397921
q7:
0.045077551971541
0.029383667030167
0.003617563972620
0.422327767625443

q1:
-0.004783794592696
-0.000060831224511
0.000169525862355
-1.315991740156109
q2:
0.063408165412986
-0.124857105189209
-0.075525498168825
1.058334216543362
q3:
0.005312919669370
0.019493884374411
0.009883684627418
-2.965817645372643
q4:
-0.054730581050331
0.149559157540996
0.087773730198252
1.358826908729179
q5:
-0.050365233409109
-0.043864421960795
-0.019517125919165
-1.858426590546355
q6:
-0.012716997953284
-0.030887834258307
-0.014974442769759
-0.357173233772503
q7:
0.027532497529306
0.074123137361921
0.037861065092336
0.428372896500457

q1:
-0.003010175077581
-0.004808747357762
-0.001441493051947
-1.316115534275729
q2:
0.075637181280537
-0.061924501016821
-0.137319079555320
1.021978173106515
q3:
-0.002883368929898
0.024766957146260
0.024526646363840
-2.960221793367296
q4:
-0.078217760444953
0.095239055848543
0.168761139127957
1.402252947172312
q5:
-0.003981231794338
-0.093851916119335
-0.065078281100675
-1.871508219799355
q6:
0.002164417243278
-0.043509454726941
-0.039587545875712
-0.365968455206723
q7:
-0.019429242924151
0.101449141159758
0.095946227236591
0.450008377757856

q1:
0.012610759971601
-0.007796346122262
-0.005611678144921
-1.317227747217962
q2:
0.007846599728321
0.013145401404113
-0.153456831677191
0.972509582298163
q3:
-0.024784904120876
0.021905213483336
0.039967356147131
-2.949501207146734
q4:
-0.038795984127773
0.017607928606927
0.206094683151976
1.465676477905634
q5:
0.147910891745703
-0.097803288675216
-0.128484211353539
-1.903454602014448
q6:
0.047023715359071
-0.041361270612988
-0.067665610842338
-0.383749101587678
q7:
-0.131525726916467
0.082165617557538
0.156692109912230
0.492150735202824

q1:
0.018817097168538
0.004719833149552
-0.006629491186726
-1.319480958063754
q2:
-0.021929860074132
0.020933151634472
-0.142182510380259
0.923463845354347
q3:
-0.032048869480213
-0.002693803856634
0.046323130831965
-2.934778592503857
q4:
-0.016335261447970
-0.020897085639888
0.205006520366905
1.534381868745867
q5:
0.163173073845375
0.048998271382395
-0.144630537907914
-1.951310255570420
q6:
0.064524154187612
0.005309766880890
-0.079592649993707
-0.408959435144999
q7:
-0.135461826527899
-0.048373666407056
0.167871613751181
0.548220253705847

q1:
0.004013135069688
0.023395802089326
0.002672098138136
-1.320476259792188
q2:
-0.007005874072465
-0.000832234489104
-0.135532456958000
0.877922200611490
q3:
-0.006312665109563
-0.034502306815745
0.034017417551187
-2.920908683002459
q4:
-0.003058804051907
-0.037109832626998
0.185815898240276
1.599326159893237
q5:
0.034480991293415
0.210947547173930
-0.058631796268863
-1.987887476798855
q6:
0.016170927874284
0.069349989912095
-0.054892713788028
-0.432373763551085
q7:
-0.032972214866784
-0.182819529235997
0.091385198192604
0.593558183523517

q1:
-0.016606303097661
0.027378838645992
0.019470041781404
-1.316886238500019
q2:
0.009983634803586
-0.007785564506026
-0.138383512125555
0.832738775192094
q3:
0.025434908666704
-0.040767626936986
0.009115614467991
-2.913659470016255
q4:
0.003615455880135
-0.040145695648516
0.160257194302460
1.656627796837339
q5:
-0.035528017870674
0.245169931032645
0.092267069437813
-1.982947919308637
q6:
-0.036431558559230
0.085399635827322
-0.003696379272571
-0.442358150176694
q7:
0.016563194548411
-0.215544452491280
-0.040406885762170
0.602587806967373

q1:
-0.043907390817053
0.010897082821564
0.032132992466921
-1.308049579981334
q2:
0.015433845359470
0.002123193036533
-0.140256813353379
0.786466267953434
q3:
0.059632991536260
-0.015523480085282
-0.009507360105209
-2.914184769507675
q4:
0.007711191192415
-0.036557355687481
0.134881268152134
1.705383159784930
q5:
-0.062984286618463
0.209908373296001
0.242822141786541
-1.926875345288364
q6:
-0.065311584437247
0.049241313957286
0.040847334947838
-0.435553170685640
q7:
0.035513183116629
-0.199105481901982
-0.177586905723942
0.566228124501220

q1:
-0.068584027752359
-0.032681002564361
0.024926145685345
-1.297816105593972
q2:
0.016995072225215
0.017441284555807
-0.133784232016580
0.740855882406095
q3:
0.084482194679809
0.043662264014456
-0.000198112421975
-2.916869869887034
q4:
-0.002600120297870
-0.028903998429009
0.113224470165262
1.746284373120471
q5:
-0.044777535800683
0.147396468827177
0.361030493722292
-1.825847726605418
q6:
-0.067112124329990
-0.015580433596681
0.051983476200471
-0.419014943127376
q7:
0.015846884589760
-0.163858647658727
-0.297667538586943
0.486970153423979

q1:
-0.048835644986535
-0.100750650108577
-0.019217492740619
-1.295630087553648
q2:
0.019887615962040
0.034308893739332
-0.116663548030605
0.699119950200164
q3:
0.055040985032913
0.127510842234167
0.056431656895278
-2.909097451924462
q4:
-0.024239667443994
-0.031484617824645
0.093245902954678
1.780485089104886
q5:
0.006105820370431
0.102954764544999
0.443855026762921
-1.691895550859158
q6:
-0.044061203520809
-0.082189216994196
0.019638016796656
-0.405952491560942
q7:
-0.016741784028812
-0.148130614703390
-0.400883986218411
0.371131181340892

q1:
0.043977863805177
-0.149220027757714
-0.101916125334717
-1.314783439036445
q2:
0.019689845141091
0.054047352581657
-0.087432356539411
0.664999021314615
q3:
-0.055747302163412
0.182139019879334
0.158874152944495
-2.874478797876715
q4:
-0.011664003335545
-0.055542487762809
0.064454435522829
1.807010211856638
q5:
-0.113331078693977
0.109014791262651
0.513981621475952
-1.533563950985077
q6:
-0.008486774872502
-0.125919961488599
-0.049211436418069
-0.410046701331070
q7:
0.140921187723367
-0.164746835351986
-0.504394275945065
0.221686178289521

q1:
0.082769413490996
-0.105571997931075
-0.186209820500092
-1.363240490439230
q2:
0.016783245309811
0.073589523884190
-0.045205823241960
0.642701971705777
q3:
-0.101202308143303
0.126809822482148
0.261084728292418
-2.804001296425747
q4:
-0.012420937776283
-0.067119011073337
0.023873922991204
1.821832370913433
q5:
-0.085818255775947
-0.003466304341120
0.548900579232492
-1.355693664613605
q6:
0.008577895798529
-0.134343085549557
-0.135315127813192
-0.440416817701347
q7:
0.118079569750400
-0.024882556536545
-0.567129999761520
0.041886830609003

q1:
0.078822300418779
-0.023423355041261
-0.228885783108440
-1.433402759204801
q2:
-0.011656911304401
0.090246894854177
0.008996725290650
0.636408523282951
q3:
-0.097032756036518
0.026366531649920
0.311760572117777
-2.707410871660582
q4:
0.017948408578319
-0.079446791816299
-0.024614930131451
1.821934676676196
q5:
-0.036021732529417
-0.088640923198748
0.518428438121385
-1.177585919462482
q6:
0.056695865125211
-0.125829523969517
-0.221388899462419
-0.499576911417709
q7:
0.057090228277770
0.092311416440728
-0.544822285276553
-0.144186436828890

q1:
0.052890017089504
0.054807778124378
-0.218502769805108
-1.508835357641277
q2:
-0.054633425704984
0.078677410384558
0.064882516273799
0.648840429176664
q3:
-0.069539826819434
-0.069938478716326
0.297345519629974
-2.604897797273463
q4:
0.077733436388191
-0.061632996302317
-0.071288826700694
1.805745641518596
q5:
-0.051591605056881
-0.124392492734194
0.447949883016903
-1.017078666488666
q6:
0.127892283627164
-0.069558877832745
-0.286029895725335
-0.584538914004436
q7:
0.065753896256869
0.148973468006416
-0.464997202671955
-0.312261027275793

q1:
0.000525998368317
0.107301120085711
-0.164871742647270
-1.573209463698005
q2:
-0.063550883221379
0.024453735372361
0.099001736995047
0.676938752552455
q3:
-0.005053535331374
-0.138956756834615
0.228236012535205
-2.516698835749571
q4:
0.085107022549961
0.015517439312962
-0.086545390138006
1.778229870024063
q5:
-0.021236841801420
-0.175597160753149
0.348703305988173
-0.884364887061831
q6:
0.121689285155426
0.057374213667216
-0.290060988786764
-0.682149433652921
q7:
0.019589319878761
0.214234210041358
-0.344835995851150
-0.447411407787438

q1:
-0.031400970396407
0.107823173466266
-0.093701455530492
-1.615991303414082
q2:
-0.026731476791395
-0.038620516224857
0.094314893663013
0.710067131980289
q3:
0.038450918436799
-0.143972390651003
0.134633619575380
-2.456582656670566
q4:
0.027788509637470
0.099986159193798
-0.048332949632019
1.754377884645473
q5:
0.028616937357951
-0.196674726241058
0.225543356707590
-0.788990425910932
q6:
0.037112435237397
0.178150829183975
-0.212141453776828
-0.767425268433808
q7:
-0.043773823563560
0.233676610021029
-0.196652166213844
-0.537337238625595

q1:
-0.032018479075829
0.076657710347831
-0.032669029801994
-1.636326574265999
q2:
0.023829240210338
-0.065151506940316
0.059983649332535
0.736074655193821
q3:
0.043682656716196
-0.105809854102480
0.051997326936101
-2.426406940289623
q4:
-0.044627850031689
0.127566255008987
0.026948974066737
1.750337508580747
q5:
0.061545368944014
-0.168272415913292
0.104806677178191
-0.734863133237192
q6:
-0.059482583688198
0.214984921157092
-0.082079043038990
-0.816766161773040
q7:
-0.078214606158059
0.190231090134195
-0.056409368745822
-0.578405310479821

q1:
-0.011646788563821
0.044879369865071
0.007539487568441
-1.639903725804777
q2:
0.038443437878000
-0.041500986031555
0.024699449574340
0.749651223481760
q3:
0.021804449552380
-0.062454817311655
-0.003670235190075
-2.419203707010705
q4:
-0.063351385175386
0.083273113852536
0.096701665265091
1.771599371013337
q5:
0.049404885156501
-0.107188637236358
0.013674978761182
-0.716378569649801
q6:
-0.084504019967281
0.155948456846556
0.040638082850551
-0.822544256934822
q7:
-0.058109431403018
0.112603093522321
0.043778273680542
-0.579078631098953

q1:
0.004778179161164
0.033319932215479
0.033410423340090
-1.632919063295635
q2:
0.023308251083895
-0.003345873937640
0.009862613401198
0.754672347479750
q3:
0.002760371263381
-0.040813901130918
-0.037834969541493
-2.426464128510784
q4:
-0.040312315472883
0.020396864065965
0.130999149626462
1.810411855677181
q5:
0.020427461190000
-0.058154288718531
-0.041025972575561
-0.721797353792747
q6:
-0.056408800991010
0.072078217029029
0.116076907457724
-0.795091042956120
q7:
-0.023067740355886
0.054929482854826
0.099203634365315
-0.554374971019921

q1:
-0.004224258771172
0.038062275032934
0.057026036904774
-1.618045874282575
q2:
0.007618542505466
0.019787565263125
0.015302072948046
0.758413010849119
q3:
0.003979436171806
-0.038074232652012
-0.063933793801345
-2.443348354550007
q4:
-0.013046998890913
-0.019613109040872
0.131258441913930
1.854523485501362
q5:
0.009439568919627
-0.037880033487455
-0.072797327505374
-0.740995463233533
q6:
-0.016902996648020
0.016092482045451
0.145246713734864
-0.750842481021690
q7:
-0.012549327968443
0.032034750551608
0.127974301583944
-0.516378313390030

q1:
-0.013101607676162
0.033869698202546
0.080823531383512
-1.595166778120622
q2:
0.001139376992000
0.027348968699801
0.030896409600781
0.765917076361217
q3:
0.008385817550640
-0.034124642251495
-0.087819588248589
-2.468522940732784
q4:
-0.001961358508762
-0.032562255440102
0.113997092164808
1.895329053941197
q5:
0.009789829403664
-0.028511261334726
-0.094761780875713
-0.768883435514605
q6:
0.000924617913546
-0.000683742127708
0.150344438524318
-0.701640749687832
q7:
-0.012446452517031
0.019579542542929
0.145050030216053
-0.470988333310447

q1:
-0.005759388886801
0.020866352583955
0.098932041518713
-1.565195006235035
q2:
-0.002449350006070
0.028479800364360
0.049366427366174
0.779173258924337
q3:
0.003354504906253
-0.025801718332484
-0.107645225875122
-2.501007903702872
q4:
-0.000115992568907
-0.034508903760048
0.091807716996091
1.929408109791638
q5:
0.005128194366654
-0.018794855651590
-0.110412221245352
-0.802999879590385
q6:
0.002510569500861
0.000233941151487
0.150195629368018
-0.651943153636006
q7:
-0.003531421116028
0.007226438419776
0.153918342251215
-0.421308639060683

q1:
0.001036633671249
0.015150159113806
0.110847504138722
-1.530389699500054
q2:
-0.004373066825545
0.026048820483336
0.067406312763287
0.798533761760112
q3:
-0.000395017714014
-0.022472372213028
-0.123615904163929
-2.539323082170970
q4:
0.000234224263198
-0.034624026384689
0.068936239273207
1.955999939266387
q5:
0.001792697158632
-0.013705122742686
-0.121164297430791
-0.841399341188300
q6:
0.000703414078873
0.002725681381092
0.151174771155879
-0.602136920332429
q7:
0.003171815871967
0.003721502962118
0.157540286191724
-0.369724254669109

q1:
-0.006578795188072
0.016179018032520
0.121212240244632
-1.492021918337164
q2:
-0.001462629769540
0.021708551658982
0.083206043380371
0.823526729911692
q3:
0.007755860443318
-0.022864427294188
-0.138614828667566
-2.582693264110031
q4:
-0.002385033064704
-0.034391558803464
0.046103583173460
1.975025202606407
q5:
0.009189622801260
-0.011925870812744
-0.129643884465379
-0.882919651336846
q6:
-0.005909839144778
0.003423819854373
0.153209231147945
-0.551799468574791
q7:
-0.007947270386895
0.006869530215045
0.161044153001169
-0.317082504314111

q1:
-0.011134295089471
0.009649563808358
0.129757196070322
-1.450388281863535
q2:
-0.000808858037229
0.020256891612713
0.097089610862757
0.853377116917770
q3:
0.011728749583606
-0.015166735804194
-0.151196805125948
-2.630773358146575
q4:
-0.001811969946834
-0.036758704120183
0.022564704522886
1.986427262812638
q5:
0.011894429090024
-0.002805170182493
-0.134517403861304
-0.926782708950519
q6:
-0.006063217068684
-0.002441695496819
0.153534150622903
-0.500952003385452
q7:
-0.013027717143281
-0.001018135643948
0.162979989371774
-0.263339625678951

q1:
-0.008165373803262
-0.001401224067942
0.132486021801110
-1.406807296839433
q2:
-0.001801020144619
0.019454100010763
0.110227330591523
0.887685438666387
q3:
0.008799825909027
-0.003525951842466
-0.157380969289051
-2.682029613645804
q4:
-0.000217949029771
-0.038557084292415
-0.002352268810281
1.989803542213219
q5:
0.008194883969188
0.009000050689356
-0.132467930893616
-0.971161881344977
q6:
-0.003013638080497
-0.008459438437488
0.149927692146303
-0.450644582536739
q7:
-0.008379109640267
-0.013948144908654
0.158028644888955
-0.210003581012790

q1:
-0.007620415028652
-0.009505357567679
0.128877761043325
-1.363425537254013
q2:
-0.002270776018218
0.017666587517229
0.122508091382034
0.926216363798471
q3:
0.008627645142424
0.005207875372244
-0.156824532921283
-2.734163761045398
q4:
0.000689836479041
-0.038773398704463
-0.027935770268415
1.984797341709388
q5:
0.006689802592776
0.017133473028775
-0.123822090130202
-1.013704890443211
q6:
-0.004219141719218
-0.011450474232381
0.143340829371354
-0.402078519444883
q7:
-0.007241416192571
-0.022264411226620
0.146048324234202
-0.159552478849720

q1:
-0.010030315589380
-0.017068619483616
0.120086203635522
-1.322104780718559
q2:
-0.006927487911909
0.015412842319148
0.133451869419569
0.968597519643908
q3:
0.012192889080546
0.013770813176100
-0.150545750126539
-2.785164131947746
q4:
0.006632075835009
-0.038088735999014
-0.053364326499483
1.971336461234269
q5:
0.006516466753964
0.023773102102105
-0.110288831524402
-1.052551857402398
q6:
-0.008592225262739
-0.015637972388704
0.134379068280879
-0.356062632278044
q7:
-0.008027484953208
-0.029451516797746
0.128938971379474
-0.113933891417656

q1:
-0.016125486425003
-0.027023707706076
0.105498992056932
-1.284607631044565
q2:
-0.011008719059134
0.008537310566578
0.141375378332596
1.014183948830411
q3:
0.019449606276428
0.025872255588542
-0.137430501543571
-2.833020955457480
q4:
0.011589043596703
-0.031506400732768
-0.076388717568247
1.949753071667073
q5:
0.006081882705934
0.030240695355414
-0.092419266865540
-1.086201135773228
q6:
-0.016121856764065
-0.024165755961973
0.121210668151529
-0.313628268070822
q7:
-0.012575845792296
-0.037418795613805
0.106816043023319
-0.074790745418652

q1:
-0.020724097576003
-0.043028252982892
0.082323468395665
-1.253246714278895
q2:
0.006733176514682
-0.002388843099613
0.143409496319584
1.061491426030188
q3:
0.021380478968918
0.045175989817896
-0.113925373688274
-2.874951541004876
q4:
-0.010143894163291
-0.020004274963040
-0.093430166110944
1.921452378716292
q5:
0.002412538763912
0.036276963941054
-0.070413007914958
-1.113246420191261
q6:
-0.021522819305137
-0.040166698800308
0.099927347701008
-0.276756468897644
q7:
-0.022241630829919
-0.049900322562659
0.077927968093272
-0.044003321614403

q1:
-0.010934095445722
-0.063596919827075
0.047048307057701
-1.231471257277669
q2:
0.043409252095490
0.004293834591209
0.144039731004721
1.108918415097749
q3:
0.004230037236624
0.066396115194548
-0.077013602279990
-2.906923122856072
q4:
-0.054139110896892
-0.030072089920106
-0.109997096826451
1.887985773861830
q5:
-0.008953705644179
0.038671408664237
-0.045617587978040
-1.132483493534854
q6:
-0.010854348020603
-0.061528096960657
0.066283319436755
-0.248872784398113
q7:
-0.022858394411504
-0.071975141161354
0.037607502177912
-0.024489145202817

q1:
-0.006577943219494
-0.074449009556954
0.001378112086485
-1.223262758984716
q2:
0.012542704211585
0.047377517295984
0.161134336587400
1.158613368946736
q3:
0.006512832813727
0.070594427151898
-0.031692564520374
-2.924981519307504
q4:
-0.015438035407334
-0.083805157485271
-0.147671486176397
1.846343282683381
q5:
-0.002477784878428
0.029784855812389
-0.022969973813690
-1.143666912817761
q6:
-0.008692595555197
-0.072301037371105
0.022008180828664
-0.234071381094353
q7:
-0.015291697198954
-0.094662097614771
-0.017521650983856
-0.020752760128024

q1:
0.099891942940757
-0.080977618202302
-0.050042197263869
-1.231193516282810
q2:
-0.195527023485096
0.059826151225982
0.196600883590084
1.217561651346341
q3:
-0.070833578971661
0.077058413719522
0.017155917001254
-2.927504037721075
q4:
0.240349876182886
-0.099127407627050
-0.208191676467723
1.787757089682411
q5:
-0.016952973531411
0.027325654320550
-0.004075913378042
-1.148095893105550
q6:
0.083378101018316
-0.080928438459638
-0.028685237425340
-0.235018498366322
q7:
0.148598852788405
-0.109839107084733
-0.085177466205276
-0.037464050058714

q1:
0.179086410445530
0.018165135166400
-0.070822660401580
-1.252995118689193
q2:
-0.253282106025644
-0.134234419582977
0.171984148141978
1.282071769385240
q3:
-0.150310679661748
0.006756086590148
0.044884547520370
-2.915959071127228
q4:
0.312506412218101
0.139419844484465
-0.194861595274061
1.716733833914888
q5:
-0.046856420553498
0.010499828090624
0.008438017052988
-1.147067395395075
q6:
0.163386866889186
0.001824326801041
-0.054855514365726
-0.250347088995924
q7:
0.256288884717064
0.037645254307759
-0.109061599165659
-0.072284806417840

coefs_qdot:
qdot1:
-0.545241153339011
0.400446646551259
-0.000000000000000
qdot2:
0.752517554261608
-0.766884927727136
-0.000000000000000
qdot3:
0.453821788977719
-0.289827404205884
-0.000000000000000
qdot4:
-0.937539470998868
0.899178364693706
-0.000000000000000
qdot5:
0.084850587650897
-0.033342063942060
0.000000000000000
qdot6:
-0.493682806576956
0.331538562862944
0.000000000000000
qdot7:
-0.701970610958660
0.534580085490894
0.000000000000000

qdot1:
-0.305544700814276
0.039678750091945
0.072804076028064
qdot2:
0.583288049930975
-0.268969145990704
-0.171347528027493
qdot3:
0.215013350171174
0.010451346167708
-0.046213456267148
qdot4:
-0.721058862093479
0.278839748049453
0.194863829482932
qdot5:
0.020881953547279
0.022800741553617
-0.001743710411755
qdot6:
-0.252781475257499
0.004885105844524
0.055650081865361
qdot7:
-0.407011282456902
0.070109531239912
0.100025740767554

qdot1:
0.019465756465243
-0.162489993613502
0.052489049495539
qdot2:
-0.037396549826584
0.116973113713626
-0.196490205033327
qdot3:
-0.018786021356501
0.152718512864302
-0.019222442085603
qdot4:
0.046320189016435
-0.198260865702401
0.208192919604506
qdot5:
0.008882038167905
0.036617634150734
0.008085079236006
qdot6:
0.025538676214110
-0.162371970284188
0.029599129705966
qdot7:
0.043221957204077
-0.199196267319073
0.078672643174460

qdot1:
0.031632333067788
-0.149610151418999
0.000862483838080
qdot2:
-0.129800222903488
0.092229063245037
-0.161884678261414
qdot3:
-0.010404873232310
0.140288428733417
0.029245789503686
qdot4:
0.162421662939231
-0.167612340636526
0.147671393389275
qdot5:
0.031683661757706
0.042494582738497
0.021171558446433
qdot6:
0.031052560842734
-0.145473879522519
-0.021323704616227
qdot7:
0.060236636000689
-0.170597738969042
0.017502551300967

qdot1:
0.060112955818544
-0.128680091039146
-0.045171360435205
qdot2:
-0.018362985273437
0.006344582423895
-0.145578954373679
qdot3:
-0.061320953599587
0.133403870944705
0.074519057408776
qdot4:
0.030431405677525
-0.060143340325068
0.109996807830211
qdot5:
0.004396827600021
0.063458605601513
0.038697981684343
qdot6:
0.062973157344404
-0.124927435098243
-0.066052588743079
qdot7:
0.053886780072351
-0.130741164815252
-0.032343925700018

qdot1:
0.047821700857802
-0.088905351939209
-0.081163619127875
qdot2:
0.034629811928765
-0.005805592832029
-0.145489796512024
qdot3:
-0.057539261813303
0.092829839979645
0.111941883757512
qdot4:
-0.034768193198250
-0.040007893568439
0.093430124556994
qdot5:
-0.008434500025218
0.066367839863527
0.060173439538352
qdot6:
0.048448479744778
-0.083260195988696
-0.100490292718710
qdot7:
0.028816735613185
-0.095086078667380
-0.069699515559437

qdot1:
0.031483745647818
-0.057263326538297
-0.105342354692696
qdot2:
0.021480733285322
0.017107799394171
-0.143620223176536
qdot3:
-0.037985534276796
0.054758028413176
0.136355376987491
qdot4:
-0.019896407534268
-0.063012848067948
0.076388776877975
qdot5:
-0.014546765497820
0.060787012346841
0.081206971341484
qdot6:
0.027444665962780
-0.051203451890901
-0.122732821138793
qdot7:
0.020523240182898
-0.076019005269989
-0.098003148194077

qdot1:
0.024719911464886
-0.036431581501324
-0.120841054064250
qdot2:
0.006913612028800
0.031320884584626
-0.135609311701710
qdot3:
-0.027842164277153
0.029624266566695
0.150313614948745
qdot4:
-0.002069298354587
-0.076177637719789
0.053364350687253
qdot5:
-0.018502236072435
0.051161902509117
0.099725187673907
qdot6:
0.014510564621139
-0.033044231245528
-0.136668792057611
qdot7:
0.021192928446562
-0.062439461348971
-0.120906486213963

qdot1:
0.025829402424901
-0.020075240082057
-0.130188224134501
qdot2:
0.005341279549266
0.035895391210348
-0.124490619413958
qdot3:
-0.027834221736798
0.011202034536646
0.157066965589589
qdot4:
0.000653942709440
-0.077546823464407
0.027935762733034
qdot5:
-0.024682139927654
0.038919589641189
0.114626167833770
qdot6:
0.010283386608609
-0.023443074321208
-0.146012733853442
qdot7:
0.025749881894837
-0.048416807026829
-0.139243960607794

qdot1:
0.034350135345734
-0.002984785477581
-0.134002736695824
qdot2:
0.002475838302499
0.039429537845446
-0.112030620732646
qdot3:
-0.036170227130394
-0.007214942179203
0.157726497117049
qdot4:
0.005435874742243
-0.077114131371661
0.002352263120568
qdot5:
-0.036144505832862
0.022588240389058
0.124800588051274
qdot6:
0.018967985031987
-0.016638900181845
-0.152642960469155
qdot7:
0.039783667260141
-0.031378968506412
-0.152443511810584

qdot1:
0.019985972195595
0.019743554076179
-0.131230557056806
qdot2:
0.004421349711001
0.041067717522267
-0.098715033073903
qdot3:
-0.023487119461750
-0.031147575797147
0.151380697268462
qdot4:
0.007155055783542
-0.073517394250544
-0.022564701742772
qdot5:
-0.028353915502265
-0.001327374303686
0.128317489649563
qdot6:
0.017990199961805
-0.004088416752347
-0.156071604145352
qdot7:
0.024648792248801
-0.005055442002618
-0.158470370548953

qdot1:
-0.003724642894614
0.032967605678931
-0.122511252713981
qdot2:
0.013022842085839
0.043993177247712
-0.084644543397369
qdot3:
0.001822114266741
-0.046688219841005
0.138505359406651
qdot4:
-0.000702662408225
-0.068783132340434
-0.046103580516363
qdot5:
-0.006735808091433
-0.020088215061018
0.124774994242151
qdot6:
-0.002367288825205
0.007815098889048
-0.155455148808573
qdot7:
-0.008322564556183
0.011253842202005
-0.157445051849304

qdot1:
0.016917648856497
0.030503133630329
-0.112012134586575
qdot2:
0.007476188044078
0.052609957761176
-0.068664774814649
qdot3:
-0.009663067727184
-0.045482587567845
0.123258771681103
qdot4:
0.000348000904790
-0.069248060633876
-0.068936240354197
qdot5:
-0.016672771828178
-0.024545074748183
0.117391904219546
qdot6:
-0.007655864981629
0.006248742783037
-0.153128754998649
qdot7:
0.011752591130736
0.005747078653997
-0.154632816191040

qdot1:
0.039374486305514
0.041696977957045
-0.100069032794830
qdot2:
-0.003033013480530
0.057556702183674
-0.050441373148771
qdot3:
-0.025119190786757
-0.051876317380665
0.107153986154204
qdot4:
0.005884102039699
-0.069017800035207
-0.091807718139875
qdot5:
-0.030319513216861
-0.035576892107827
0.107446728868781
qdot6:
-0.002703076149019
0.001183112120193
-0.151899402333407
qdot7:
0.038214118912812
0.013523376452168
-0.151445161742229

qdot1:
0.013018928079651
0.067749763062527
-0.081964717717843
qdot2:
-0.022596094694203
0.055549858264057
-0.031731662941376
qdot3:
-0.011886018499905
-0.068496848617903
0.087242258278607
qdot4:
0.039141003341332
-0.065124485852273
-0.113997087930429
qdot5:
-0.028239681106802
-0.055638303352984
0.092358215286305
qdot6:
0.050904100411510
-0.000605423265075
-0.151803842968623
qdot7:
0.037554224195842
0.038808385132812
-0.142788616180047

qdot1:
-0.012742703830809
0.076363953808563
-0.058125907052083
qdot2:
-0.069788929876838
0.040598775608059
-0.015827076421697
qdot3:
-0.008755181642409
-0.076361430858674
0.063280284548523
qdot4:
0.120936850262508
-0.039226188641424
-0.131258428669594
qdot5:
-0.060089242586599
-0.074323559018651
0.070860357218997
qdot6:
0.170184484029908
0.033076123173874
-0.146432648025375
qdot7:
0.068157665715433
0.063656763475727
-0.125839172847718

qdot1:
0.038462968764931
0.067932531440511
-0.034256863450465
qdot2:
-0.114655639781170
-0.005578232993782
-0.010034094997585
qdot3:
-0.066999532820153
-0.082154442712068
0.037059117128696
qdot4:
0.190054018553415
0.040793693948935
-0.130999137166644
qdot5:
-0.147543374224998
-0.114082607863451
0.039694837113916
qdot6:
0.255468767889073
0.145681523440331
-0.116863153981275
qdot7:
0.173756142831610
0.108754418957439
-0.097319489753565

qdot1:
0.099196204424343
0.093382195773306
-0.007572718990513
qdot2:
-0.070268351145648
-0.081442047982324
-0.024428699809049
qdot3:
-0.132483674704466
-0.126485800261403
0.002546543603501
qdot4:
0.133883704429649
0.166546102891779
-0.096701679105909
qdot5:
-0.184692182332780
-0.211707140475659
-0.014196217090512
qdot6:
0.179686069931424
0.314716691526935
-0.040705615922106
qdot7:
0.234187623174017
0.223723066797688
-0.042322172318237

qdot1:
0.095229898272582
0.159017017700747
0.034178317571653
qdot2:
0.080631598773401
-0.127936273657027
-0.059063363846892
qdot3:
-0.117408999478951
-0.214145831690858
-0.053799605515269
qdot4:
-0.083365177442614
0.255132487322730
-0.026949012307925
qdot5:
-0.084616249514296
-0.333911801119181
-0.104450683679326
qdot6:
-0.111451526115693
0.433608974464895
0.083079921327376
qdot7:
0.129675590401174
0.378677210797830
0.057324873600688

qdot1:
0.003438578522102
0.222027467057772
0.097209426092125
qdot2:
0.188850590712547
-0.074585032468627
-0.092563763235177
qdot3:
0.004284680743363
-0.291831453012764
-0.137496681359993
qdot4:
-0.255321267047215
0.199972528248201
0.048332942351100
qdot5:
0.067053495425366
-0.389899552881141
-0.224181145153546
qdot6:
-0.361255268275386
0.359865214685011
0.214333776782590
qdot7:
-0.058372783486696
0.464479226446607
0.196797000928206

qdot1:
-0.143286945072629
0.224302659846563
0.171039867917551
qdot2:
0.160353945169443
0.050371108386176
-0.096569149843816
qdot3:
0.183359264191286
-0.288996422587572
-0.233575292448882
qdot4:
-0.233200959606279
0.031034956551960
0.086545430461793
qdot5:
0.150389725706539
-0.345532490074690
-0.345833862259157
qdot6:
-0.370894293385441
0.120834645509464
0.293849545323093
qdot7:
-0.181117989819035
0.425855901372910
0.344073269988352

qdot1:
-0.226836199802352
0.129494464523506
0.229563808907100
qdot2:
0.032896135983782
0.156471968773291
-0.062353857497021
qdot3:
0.276161612103689
-0.167673709447670
-0.309116143456379
qdot4:
-0.053844521793777
-0.123266345054196
0.071288821613715
qdot5:
0.081637626711440
-0.246024621565530
-0.443687267809644
qdot6:
-0.160625017096868
-0.124573745280571
0.293231035902622
qdot7:
-0.133601108242582
0.306016164775981
0.465137107597148

qdot1:
-0.292989118643671
-0.020595487679050
0.247577514660121
qdot2:
-0.048766565205532
0.178238245415894
-0.006987209566560
qdot3:
0.362119387895284
0.015053223894272
-0.334362115441670
qdot4:
0.037264761735055
-0.158893470307745
0.024614885489261
qdot5:
0.221129195347682
-0.192007725224793
-0.516145118507876
qdot6:
-0.055220551777102
-0.230853964926333
0.234437368839230
qdot7:
-0.334120605394060
0.217616764822139
0.551754721368170

qdot1:
-0.212103825983602
-0.214456621181613
0.208695978319419
qdot2:
-0.055927486541181
0.145971034771566
0.046642408864450
qdot3:
0.272384089799457
0.254655552218318
-0.289747788726379
qdot4:
0.034991080124909
-0.134236619626383
-0.023873716887343
qdot5:
0.339237279787264
-0.045693907636410
-0.555464930277001
qdot6:
-0.032648244967099
-0.267391563352182
0.152019254369825
qdot7:
-0.463474475896616
-0.003459702413598
0.587179868774917

qdot1:
0.153931473911743
-0.354798652707431
0.114531668430272
qdot2:
-0.061056743058394
0.108965681176818
0.088813190627578
qdot3:
-0.176047092353003
0.434883024968960
-0.175686615749983
qdot4:
0.072712896121238
-0.111084188277069
-0.064453867194706
qdot5:
0.033815744198674
0.178768092489498
-0.533452242199219
qdot6:
0.132020270867779
-0.288993818772079
0.059983839076770
qdot7:
-0.006891985629861
-0.310125313965194
0.535307680648924

qdot1:
0.290875097295763
-0.252947327469160
0.014000354209395
qdot2:
-0.055974821407668
0.068566469519847
0.118179967221985
qdot3:
-0.363259693424637
0.318398532195390
-0.051081291502380
qdot4:
0.007802315498727
-0.062972488676850
-0.093245742507500
qdot5:
0.195080327090816
0.201142843234287
-0.470608641581576
qdot6:
0.260289528525945
-0.201640406214565
-0.021175238973104
qdot7:
-0.068963486500389
-0.314685511123619
0.431953556665483

qdot1:
0.159047365475310
-0.060484971425129
-0.037846571899370
qdot2:
-0.044068067374141
0.031529796021773
0.134737557813662
qdot3:
-0.210114794013685
0.078041701712753
0.014496530523259
qdot4:
-0.023125825798631
-0.057809956588525
-0.113225171995148
qdot5:
0.191842532002820
0.330220992992712
-0.382712207005692
qdot6:
0.219305039660900
-0.029415501506563
-0.059395737041974
qdot7:
-0.096245431769227
-0.360316351358043
0.320296998579974

qdot1:
0.000283040217419
0.044751368731035
-0.040449172011684
qdot2:
-0.021187945936468
0.002371424775883
0.140345384753941
qdot3:
-0.003066017521695
-0.060984253659636
0.017318116722046
qdot4:
-0.010841791218765
-0.073111544658619
-0.134881770326446
qdot5:
0.081220886954301
0.457156801667912
-0.252466796805580
qdot6:
0.075161020756354
0.115691333069066
-0.045124276571010
qdot7:
-0.062565444459459
-0.423998745378682
0.190558209661440

qdot1:
-0.070447086524549
0.044938647008228
-0.025612948574814
qdot2:
0.027835299218549
-0.011647932785414
0.138810895720698
qdot3:
0.101633029833737
-0.063012935253157
-0.003193084943946
qdot4:
0.009168160095088
-0.080285196515035
-0.160256147928922
qdot5:
-0.127124686125370
0.510897955202674
-0.092334405773237
qdot6:
-0.096658188623208
0.165422875136187
0.001376698702942
qdot7:
0.070377271200323
-0.465396214462691
0.043437460054346

qdot1:
-0.021409042497688
-0.001673841908849
-0.018456228731292
qdot2:
0.058372767848920
0.006769756864193
0.138003964120396
qdot3:
0.042330640408284
0.004234252820165
-0.012916058663070
qdot4:
0.048991275901624
-0.074218930585452
-0.185813705620127
qdot5:
-0.512262879599495
0.426783787883054
0.062773782562194
qdot6:
-0.174562813045324
0.101467373663831
0.045524794025279
qdot7:
0.452774997154362
-0.418829920018477
-0.102828279691081

qdot1:
0.037510557403281
-0.015839491694819
-0.021353225998232
qdot2:
-0.035205049560135
0.045393071590895
0.146632565327341
qdot3:
-0.031941903376388
0.032243026556980
-0.006882108699434
qdot4:
0.116395340105782
-0.041803036363877
-0.205005672652995
qdot5:
-0.449106636096581
0.087836515881387
0.147900557809896
qdot6:
-0.083853982504166
-0.014035020967826
0.059987562367077
qdot7:
0.466798662096162
-0.119243796901340
-0.191834640364901

qdot1:
0.029749599433633
0.008979993787019
-0.022487901277148
qdot2:
-0.229451661639745
0.022099063798605
0.157796889389688
qdot3:
-0.023144156125086
0.011108133822936
0.000288895746744
qdot4:
0.234662724808306
0.035211880339450
-0.206095959712036
qdot5:
0.027927519927033
-0.209322375002519
0.127804771946942
qdot6:
0.016024325229538
-0.069518406058083
0.046166432979874
qdot7:
0.070532331869464
0.189621317852290
-0.180193025440932

qdot1:
-0.000929113170546
0.028664312078939
-0.016260905681821
qdot2:
-0.187698207823989
-0.129721452319692
0.139994352621825
qdot3:
0.001509928689690
-0.004205582813162
0.001430692726277
qdot4:
0.164191776187932
0.190480383254279
-0.168762697775907
qdot5:
0.166418815012225
-0.190843665984133
0.061610639333733
qdot6:
0.031810956736465
-0.058915644197872
0.024921300500035
qdot7:
-0.100992759933590
0.236290210772585
-0.109740160080900

qdot1:
-0.026570785016576
0.028049548864428
-0.006879487850772
qdot2:
0.170837368414573
-0.253915099829899
0.076534472953747
qdot3:
0.006288537758154
-0.003206513330151
0.000204608489238
qdot4:
-0.213000356016201
0.299120608498627
-0.087774533723447
qdot5:
0.094981753444650
-0.080729883384377
0.016687848042359
qdot6:
0.037125702978262
-0.037867394490577
0.008911772850321
qdot7:
-0.158448423286509
0.169466667949860
-0.042621209725562

qdot1:
-0.018634999074917
0.010468546111793
-0.000507952973455
qdot2:
0.225774733498316
-0.140877707728921
0.011229162703391
qdot3:
-0.000333886774546
0.000954402486494
-0.000167928179484
qdot4:
-0.255500104045707
0.158185372934573
-0.012128502628037
qdot5:
0.034124233930258
-0.017883623188499
0.000375530496762
qdot6:
0.023503439251527
-0.013302554353293
0.000447410479064
qdot7:
-0.110020081162900
0.064626627875285
-0.003898277041153

qdot1:
-0.001250060616881
-0.001861611609443
0.000915777442142
qdot2:
0.071508261353375
0.008509907602465
-0.010666677567527
qdot3:
-0.005641682869926
0.000733480737336
0.000111275837125
qdot4:
-0.078971238970847
-0.010870529242336
0.012239827766054
qdot5:
0.004134808303075
0.004695244928688
-0.001806047073715
qdot6:
0.007556030611523
0.002248887951467
-0.001381050171572
qdot7:
-0.024300211785785
-0.008169992494167
0.005440591394807

qdot1:
0.003956292979852
-0.002688735050946
0.000163074265402
qdot2:
-0.071887537936296
0.055824540531282
-0.000024687605403
qdot3:
0.001446093555254
-0.002999432761598
-0.000263550393555
qdot4:
0.078970888748173
-0.063123165694714
0.000000037395217
qdot5:
-0.005273775493599
0.007431109755890
0.000199854097026
qdot6:
-0.005817089963476
0.007248461539425
0.000189969723380
qdot7:
0.026732771976267
-0.024248632625762
0.000078010489552

qdot1:
0.002367771572693
-0.000070987862611
-0.000293429899882
qdot2:
-0.223355830585617
0.008258952930099
0.010575790271334
qdot3:
0.025334171578702
-0.002042600859205
-0.001097586788330
qdot4:
0.255498525171149
-0.010870760973006
-0.012239791307735
qdot5:
-0.041308283135399
0.003941628304292
0.002081094517814
qdot6:
-0.038346174757482
0.003399487013592
0.001951317879858
qdot7:
0.098732165080804
-0.006560448501465
-0.005018325013576

qdot1:
-0.002444357849385
0.001495687661321
-0.000057760808179
qdot2:
-0.166528043432291
-0.139528154974051
-0.011138323566770
qdot3:
0.036676462589600
0.014720176002036
0.000999495433214
qdot4:
0.212998818992575
0.158184096515238
0.012128289613209
qdot5:
-0.097236511160642
-0.023390685703630
-0.001136103726993
qdot6:
-0.060155319746607
-0.021972898617609
-0.001121033956306
qdot7:
0.135232655914622
0.058767334060334
0.003617563972620

qdot1:
-0.014351383778088
-0.000121662449023
0.000169525862355
qdot2:
0.190224496238959
-0.249714210378418
-0.075525498168825
qdot3:
0.015938759008109
0.038987768748821
0.009883684627418
qdot4:
-0.164191743150992
0.299118315081993
0.087773730198252
qdot5:
-0.151095700227328
-0.087728843921589
-0.019517125919165
qdot6:
-0.038150993859851
-0.061775668516614
-0.014974442769759
qdot7:
0.082597492587919
0.148246274723842
0.037861065092336

qdot1:
-0.009030525232744
-0.009617494715524
-0.001441493051947
qdot2:
0.226911543841611
-0.123849002033641
-0.137319079555320
qdot3:
-0.008650106789694
0.049533914292520
0.024526646363840
qdot4:
-0.234653281334858
0.190478111697086
0.168761139127957
qdot5:
-0.011943695383013
-0.187703832238671
-0.065078281100675
qdot6:
0.006493251729833
-0.087018909453882
-0.039587545875712
qdot7:
-0.058287728772453
0.202898282319515
0.095946227236591

qdot1:
0.037832279914802
-0.015592692244523
-0.005611678144921
qdot2:
0.023539799184963
0.026290802808226
-0.153456831677191
qdot3:
-0.074354712362629
0.043810426966672
0.039967356147131
qdot4:
-0.116387952383320
0.035215857213854
0.206094683151976
qdot5:
0.443732675237108
-0.195606577350431
-0.128484211353539
qdot6:
0.141071146077213
-0.082722541225976
-0.067665610842338
qdot7:
-0.394577180749401
0.164331235115075
0.156692109912230

qdot1:
0.056451291505615
0.009439666299104
-0.006629491186726
qdot2:
-0.065789580222395
0.041866303268943
-0.142182510380259
qdot3:
-0.096146608440638
-0.005387607713268
0.046323130831965
qdot4:
-0.049005784343910
-0.041794171279776
0.205006520366905
qdot5:
0.489519221536126
0.097996542764790
-0.144630537907914
qdot6:
0.193572462562835
0.010619533761780
-0.079592649993707
qdot7:
-0.406385479583697
-0.096747332814113
0.167871613751181

qdot1:
0.012039405209065
0.046791604178653
0.002672098138136
qdot2:
-0.021017622217396
-0.001664468978208
-0.135532456958000
qdot3:
-0.018937995328688
-0.069004613631490
0.034017417551187
qdot4:
-0.009176412155720
-0.074219665253997
0.185815898240276
qdot5:
0.103442973880245
0.421895094347861
-0.058631796268863
qdot6:
0.048512783622853
0.138699979824190
-0.054892713788028
qdot7:
-0.098916644600352
-0.365639058471994
0.091385198192604

qdot1:
-0.049818909292983
0.054757677291984
0.019470041781404
qdot2:
0.029950904410758
-0.015571129012052
-0.138383512125555
qdot3:
0.076304726000111
-0.081535253873972
0.009115614467991
qdot4:
0.010846367640406
-0.080291391297031
0.160257194302460
qdot5:
-0.106584053612023
0.490339862065290
0.092267069437813
qdot6:
-0.109294675677690
0.170799271654645
-0.003696379272571
qdot7:
0.049689583645234
-0.431088904982560
-0.040406885762170

qdot1:
-0.131722172451158
0.021794165643127
0.032132992466921
qdot2:
0.046301536078409
0.004246386073066
-0.140256813353379
qdot3:
0.178898974608780
-0.031046960170565
-0.009507360105209
qdot4:
0.023133573577245
-0.073114711374963
0.134881268152134
qdot5:
-0.188952859855388
0.419816746592001
0.242822141786541
qdot6:
-0.195934753311740
0.098482627914572
0.040847334947838
qdot7:
0.106539549349887
-0.398210963803963
-0.177586905723942

qdot1:
-0.205752083257076
-0.065362005128722
0.024926145685345
qdot2:
0.050985216675644
0.034882569111613
-0.133784232016580
qdot3:
0.253446584039428
0.087324528028911
-0.000198112421975
qdot4:
-0.007800360893609
-0.057807996858019
0.113224470165262
qdot5:
-0.134332607402049
0.294792937654354
0.361030493722292
qdot6:
-0.201336372989969
-0.031160867193362
0.051983476200471
qdot7:
0.047540653769281
-0.327717295317455
-0.297667538586943

qdot1:
-0.146506934959606
-0.201501300217154
-0.019217492740619
qdot2:
0.059662847886120
0.068617787478665
-0.116663548030605
qdot3:
0.165122955098740
0.255021684468333
0.056431656895278
qdot4:
-0.072719002331982
-0.062969235649290
0.093245902954678
qdot5:
0.018317461111292
0.205909529089998
0.443855026762921
qdot6:
-0.132183610562426
-0.164378433988392
0.019638016796656
qdot7:
-0.050225352086434
-0.296261229406780
-0.400883986218411

qdot1:
0.131933591415532
-0.298440055515428
-0.101916125334717
qdot2:
0.059069535423272
0.108094705163314
-0.087432356539411
qdot3:
-0.167241906490235
0.364278039758667
0.158874152944495
qdot4:
-0.034992010006635
-0.111084975525618
0.064454435522829
qdot5:
-0.339993236081930
0.218029582525303
0.513981621475952
qdot6:
-0.025460324617505
-0.251839922977198
-0.049211436418069
qdot7:
0.422763563170100
-0.329493670703971
-0.504394275945065

qdot1:
0.248308240472989
-0.211143995862151
-0.186209820500092
qdot2:
0.050349735929432
0.147179047768380
-0.045205823241960
qdot3:
-0.303606924429908
0.253619644964295
0.261084728292418
qdot4:
-0.037262813328850
-0.134238022146675
0.023873922991204
qdot5:
-0.257454767327841
-0.006932608682241
0.548900579232492
qdot6:
0.025733687395587
-0.268686171099114
-0.135315127813192
qdot7:
0.354238709251200
-0.049765113073089
-0.567129999761520

qdot1:
0.236466901256336
-0.046846710082522
-0.228885783108440
qdot2:
-0.034970733913204
0.180493789708354
0.008996725290650
qdot3:
-0.291098268109555
0.052733063299839
0.311760572117777
qdot4:
0.053845225734956
-0.158893583632597
-0.024614930131451
qdot5:
-0.108065197588250
-0.177281846397496
0.518428438121385
qdot6:
0.170087595375632
-0.251659047939034
-0.221388899462419
qdot7:
0.171270684833310
0.184622832881456
-0.544822285276553

qdot1:
0.158670051268512
0.109615556248756
-0.218502769805108
qdot2:
-0.163900277114953
0.157354820769117
0.064882516273799
qdot3:
-0.208619480458302
-0.139876957432652
0.297345519629974
qdot4:
0.233200309164573
-0.123265992604634
-0.071288826700694
qdot5:
-0.154774815170643
-0.248784985468389
0.447949883016903
qdot6:
0.383676850881493
-0.139117755665489
-0.286029895725335
qdot7:
0.197261688770608
0.297946936012831
-0.464997202671955

qdot1:
0.001577995104952
0.214602240171422
-0.164871742647270
qdot2:
-0.190652649664136
0.048907470744722
0.099001736995047
qdot3:
-0.015160605994122
-0.277913513669229
0.228236012535205
qdot4:
0.255321067649883
0.031034878625925
-0.086545390138006
qdot5:
-0.063710525404261
-0.351194321506298
0.348703305988173
qdot6:
0.365067855466277
0.114748427334433
-0.290060988786764
qdot7:
0.058767959636284
0.428468420082717
-0.344835995851150

qdot1:
-0.094202911189221
0.215646346932532
-0.093701455530492
qdot2:
-0.080194430374184
-0.077241032449713
0.094314893663013
qdot3:
0.115352755310398
-0.287944781302007
0.134633619575380
qdot4:
0.083365528912410
0.199972318387596
-0.048332949632019
qdot5:
0.085850812073852
-0.393349452482117
0.225543356707590
qdot6:
0.111337305712191
0.356301658367951
-0.212141453776828
qdot7:
-0.131321470690680
0.467353220042058
-0.196652166213844

qdot1:
-0.096055437227486
0.153315420695662
-0.032669029801994
qdot2:
0.071487720631014
-0.130303013880632
0.059983649332535
qdot3:
0.131047970148587
-0.211619708204959
0.051997326936101
qdot4:
-0.133883550095068
0.255132510017975
0.026948974066737
qdot5:
0.184636106832042
-0.336544831826584
0.104806677178191
qdot6:
-0.178447751064593
0.429969842314185
-0.082079043038990
qdot7:
-0.234643818474176
0.380462180268390
-0.056409368745822

qdot1:
-0.034940365691462
0.089758739730142
0.007539487568441
qdot2:
0.115330313634000
-0.083001972063111
0.024699449574340
qdot3:
0.065413348657141
-0.124909634623310
-0.003670235190075
qdot4:
-0.190054155526157
0.166546227705071
0.096701665265091
qdot5:
0.148214655469503
-0.214377274472716
0.013674978761182
qdot6:
-0.253512059901844
0.311896913693112
0.040638082850551
qdot7:
-0.174328294209055
0.225206187044643
0.043778273680542

qdot1:
0.014334537483492
0.066639864430958
0.033410423340090
qdot2:
0.069924753251684
-0.006691747875280
0.009862613401198
qdot3:
0.008281113790144
-0.081627802261835
-0.037834969541493
qdot4:
-0.120936946418650
0.040793728131930
0.130999149626462
qdot5:
0.061282383570001
-0.116308577437061
-0.041025972575561
qdot6:
-0.169226402973031
0.144156434058058
0.116076907457724
qdot7:
-0.069203221067659
0.109858965709651
0.099203634365315

qdot1:
-0.012672776313515
0.076124550065868
0.057026036904774
qdot2:
0.022855627516399
0.039575130526251
0.015302072948046
qdot3:
0.011938308515417
-0.076148465304023
-0.063933793801345
qdot4:
-0.039140996672738
-0.039226218081743
0.131258441913930
qdot5:
0.028318706758880
-0.075760066974910
-0.072797327505374
qdot6:
-0.050708989944059
0.032184964090902
0.145246713734864
qdot7:
-0.037647983905329
0.064069501103217
0.127974301583944

qdot1:
-0.039304823028486
0.067739396405092
0.080823531383512
qdot2:
0.003418130975999
0.054697937399601
0.030896409600781
qdot3:
0.025157452651920
-0.068249284502989
-0.087819588248589
qdot4:
-0.005884075526285
-0.065124510880205
0.113997092164808
qdot5:
0.029369488210991
-0.057022522669452
-0.094761780875713
qdot6:
0.002773853740639
-0.001367484255417
0.150344438524318
qdot7:
-0.037339357551092
0.039159085085857
0.145050030216053

qdot1:
-0.017278166660402
0.041732705167911
0.098932041518713
qdot2:
-0.007348050018210
0.056959600728721
0.049366427366174
qdot3:
0.010063514718759
-0.051603436664969
-0.107645225875122
qdot4:
-0.000347977706721
-0.069017807520097
0.091807716996091
qdot5:
0.015384583099962
-0.037589711303179
-0.110412221245352
qdot6:
0.007531708502584
0.000467882302973
0.150195629368018
qdot7:
-0.010594263348085
0.014452876839552
0.153918342251215

qdot1:
0.003109901013746
0.030300318227611
0.110847504138722
qdot2:
-0.013119200476636
0.052097640966672
0.067406312763287
qdot3:
-0.001185053142043
-0.044944744426057
-0.123615904163929
qdot4:
0.000702672789595
-0.069248052769377
0.068936239273207
qdot5:
0.005378091475895
-0.027410245485371
-0.121164297430791
qdot6:
0.002110242236620
0.005451362762183
0.151174771155879
qdot7:
0.009515447615902
0.007443005924236
0.157540286191724

qdot1:
-0.019736385564217
0.032358036065040
0.121212240244632
qdot2:
-0.004387889308621
0.043417103317964
0.083206043380371
qdot3:
0.023267581329954
-0.045728854588375
-0.138614828667566
qdot4:
-0.007155099194112
-0.068783117606928
0.046103583173460
qdot5:
0.027568868403780
-0.023851741625487
-0.129643884465379
qdot6:
-0.017729517434334
0.006847639708747
0.153209231147945
qdot7:
-0.023841811160685
0.013739060430091
0.161044153001169

qdot1:
-0.033402885268412
0.019299127616716
0.129757196070322
qdot2:
-0.002426574111687
0.040513783225426
0.097089610862757
qdot3:
0.035186248750817
-0.030333471608389
-0.151196805125948
qdot4:
-0.005435909840501
-0.073517408240366
0.022564704522886
qdot5:
0.035683287270072
-0.005610340364986
-0.134517403861304
qdot6:
-0.018189651206053
-0.004883390993638
0.153534150622903
qdot7:
-0.039083151429843
-0.002036271287896
0.162979989371774

qdot1:
-0.024496121409785
-0.002802448135883
0.132486021801110
qdot2:
-0.005403060433858
0.038908200021527
0.110227330591523
qdot3:
0.026399477727082
-0.007051903684932
-0.157380969289051
qdot4:
-0.000653847089313
-0.077114168584831
-0.002352268810281
qdot5:
0.024584651907564
0.018000101378711
-0.132467930893616
qdot6:
-0.009040914241490
-0.016918876874976
0.149927692146303
qdot7:
-0.025137328920802
-0.027896289817308
0.158028644888955

qdot1:
-0.022861245085956
-0.019010715135358
0.128877761043325
qdot2:
-0.006812328054653
0.035333175034458
0.122508091382034
qdot3:
0.025882935427272
0.010415750744488
-0.156824532921283
qdot4:
0.002069509437124
-0.077546797408926
-0.027935770268415
qdot5:
0.020069407778328
0.034266946057549
-0.123822090130202
qdot6:
-0.012657425157653
-0.022900948464762
0.143340829371354
qdot7:
-0.021724248577713
-0.044528822453239
0.146048324234202

qdot1:
-0.030090946768140
-0.034137238967232
0.120086203635522
qdot2:
-0.020782463735728
0.030825684638295
0.133451869419569
qdot3:
0.036578667241638
0.027541626352199
-0.150545750126539
qdot4:
0.019896227505028
-0.076177471998029
-0.053364326499483
qdot5:
0.019549400261893
0.047546204204210
-0.110288831524402
qdot6:
-0.025776675788218
-0.031275944777409
0.134379068280879
qdot7:
-0.024082454859623
-0.058903033595492
0.128938971379474

qdot1:
-0.048376459275010
-0.054047415412151
0.105498992056932
qdot2:
-0.033026157177401
0.017074621133155
0.141375378332596
qdot3:
0.058348818829283
0.051744511177083
-0.137430501543571
qdot4:
0.034767130790109
-0.063012801465535
-0.076388717568247
qdot5:
0.018245648117803
0.060481390710829
-0.092419266865540
qdot6:
-0.048365570292195
-0.048331511923946
0.121210668151529
qdot7:
-0.037727537376888
-0.074837591227609
0.106816043023319

qdot1:
-0.062172292728010
-0.086056505965783
0.082323468395665
qdot2:
0.020199529544046
-0.004777686199225
0.143409496319584
qdot3:
0.064141436906755
0.090351979635793
-0.113925373688274
qdot4:
-0.030431682489872
-0.040008549926080
-0.093430166110944
qdot5:
0.007237616291735
0.072553927882109
-0.070413007914958
qdot6:
-0.064568457915412
-0.080333397600616
0.099927347701008
qdot7:
-0.066724892489758
-0.099800645125317
0.077927968093272

qdot1:
-0.032802286337167
-0.127193839654150
0.047048307057701
qdot2:
0.130227756286471
0.008587669182419
0.144039731004721
qdot3:
0.012690111709873
0.132792230389096
-0.077013602279990
qdot4:
-0.162417332690676
-0.060144179840212
-0.109997096826451
qdot5:
-0.026861116932536
0.077342817328473
-0.045617587978040
qdot6:
-0.032563044061808
-0.123056193921313
0.066283319436755
qdot7:
-0.068575183234512
-0.143950282322707
0.037607502177912

qdot1:
-0.019733829658481
-0.148898019113908
0.001378112086485
qdot2:
0.037628112634755
0.094755034591968
0.161134336587400
qdot3:
0.019538498441181
0.141188854303795
-0.031692564520374
qdot4:
-0.046314106222001
-0.167610314970542
-0.147671486176397
qdot5:
-0.007433354635284
0.059569711624779
-0.022969973813690
qdot6:
-0.026077786665590
-0.144602074742210
0.022008180828664
qdot7:
-0.045875091596863
-0.189324195229543
-0.017521650983856

qdot1:
0.299675828822272
-0.161955236404604
-0.050042197263869
qdot2:
-0.586581070455289
0.119652302451964
0.196600883590084
qdot3:
-0.212500736914983
0.154116827439043
0.017155917001254
qdot4:
0.721049628548658
-0.198254815254100
-0.208191676467723
qdot5:
-0.050858920594234
0.054651308641099
-0.004075913378042
qdot6:
0.250134303054947
-0.161856876919275
-0.028685237425340
qdot7:
0.445796558365214
-0.219678214169467
-0.085177466205276

qdot1:
0.537259231336589
0.036330270332800
-0.070822660401580
qdot2:
-0.759846318076933
-0.268468839165953
0.171984148141978
qdot3:
-0.450932038985244
0.013512173180296
0.044884547520370
qdot4:
0.937519236654304
0.278839688968931
-0.194861595274061
qdot5:
-0.140569261660493
0.020999656181248
0.008438017052988
qdot6:
0.490160600667558
0.003648653602082
-0.054855514365726
qdot7:
0.768866654151191
0.075290508615518
-0.109061599165659

coefs_qdotdot:
qdotdot1:
-1.090482306678022
0.400446646551259
qdotdot2:
1.505035108523215
-0.766884927727136
qdotdot3:
0.907643577955437
-0.289827404205884
qdotdot4:
-1.875078941997735
0.899178364693706
qdotdot5:
0.169701175301794
-0.033342063942060
qdotdot6:
-0.987365613153911
0.331538562862944
qdotdot7:
-1.403941221917321
0.534580085490894

qdotdot1:
-0.611089401628552
0.039678750091945
qdotdot2:
1.166576099861951
-0.268969145990704
qdotdot3:
0.430026700342347
0.010451346167708
qdotdot4:
-1.442117724186959
0.278839748049453
qdotdot5:
0.041763907094559
0.022800741553617
qdotdot6:
-0.505562950514997
0.004885105844524
qdotdot7:
-0.814022564913804
0.070109531239912

qdotdot1:
0.038931512930486
-0.162489993613502
qdotdot2:
-0.074793099653167
0.116973113713626
qdotdot3:
-0.037572042713001
0.152718512864302
qdotdot4:
0.092640378032871
-0.198260865702401
qdotdot5:
0.017764076335809
0.036617634150734
qdotdot6:
0.051077352428219
-0.162371970284188
qdotdot7:
0.086443914408154
-0.199196267319073

qdotdot1:
0.063264666135575
-0.149610151418999
qdotdot2:
-0.259600445806977
0.092229063245037
qdotdot3:
-0.020809746464620
0.140288428733417
qdotdot4:
0.324843325878462
-0.167612340636526
qdotdot5:
0.063367323515413
0.042494582738497
qdotdot6:
0.062105121685469
-0.145473879522519
qdotdot7:
0.120473272001379
-0.170597738969042

qdotdot1:
0.120225911637088
-0.128680091039146
qdotdot2:
-0.036725970546873
0.006344582423895
qdotdot3:
-0.122641907199174
0.133403870944705
qdotdot4:
0.060862811355049
-0.060143340325068
qdotdot5:
0.008793655200042
0.063458605601513
qdotdot6:
0.125946314688809
-0.124927435098243
qdotdot7:
0.107773560144703
-0.130741164815252

qdotdot1:
0.095643401715604
-0.088905351939209
qdotdot2:
0.069259623857531
-0.005805592832029
qdotdot3:
-0.115078523626606
0.092829839979645
qdotdot4:
-0.069536386396500
-0.040007893568439
qdotdot5:
-0.016869000050435
0.066367839863527
qdotdot6:
0.096896959489556
-0.083260195988696
qdotdot7:
0.057633471226370
-0.095086078667380

qdotdot1:
0.062967491295636
-0.057263326538297
qdotdot2:
0.042961466570645
0.017107799394171
qdotdot3:
-0.075971068553592
0.054758028413176
qdotdot4:
-0.039792815068535
-0.063012848067948
qdotdot5:
-0.029093530995639
0.060787012346841
qdotdot6:
0.054889331925560
-0.051203451890901
qdotdot7:
0.041046480365796
-0.076019005269989

qdotdot1:
0.049439822929772
-0.036431581501324
qdotdot2:
0.013827224057599
0.031320884584626
qdotdot3:
-0.055684328554307
0.029624266566695
qdotdot4:
-0.004138596709175
-0.076177637719789
qdotdot5:
-0.037004472144870
0.051161902509117
qdotdot6:
0.029021129242278
-0.033044231245528
qdotdot7:
0.042385856893124
-0.062439461348971

qdotdot1:
0.051658804849801
-0.020075240082057
qdotdot2:
0.010682559098533
0.035895391210348
qdotdot3:
-0.055668443473596
0.011202034536646
qdotdot4:
0.001307885418880
-0.077546823464407
qdotdot5:
-0.049364279855308
0.038919589641189
qdotdot6:
0.020566773217217
-0.023443074321208
qdotdot7:
0.051499763789675
-0.048416807026829

qdotdot1:
0.068700270691468
-0.002984785477581
qdotdot2:
0.004951676604999
0.039429537845446
qdotdot3:
-0.072340454260788
-0.007214942179203
qdotdot4:
0.010871749484485
-0.077114131371661
qdotdot5:
-0.072289011665725
0.022588240389058
qdotdot6:
0.037935970063974
-0.016638900181845
qdotdot7:
0.079567334520283
-0.031378968506412

qdotdot1:
0.039971944391189
0.019743554076179
qdotdot2:
0.008842699422001
0.041067717522267
qdotdot3:
-0.046974238923500
-0.031147575797147
qdotdot4:
0.014310111567083
-0.073517394250544
qdotdot5:
-0.056707831004529
-0.001327374303686
qdotdot6:
0.035980399923611
-0.004088416752347
qdotdot7:
0.049297584497601
-0.005055442002618

qdotdot1:
-0.007449285789227
0.032967605678931
qdotdot2:
0.026045684171678
0.043993177247712
qdotdot3:
0.003644228533482
-0.046688219841005
qdotdot4:
-0.001405324816450
-0.068783132340434
qdotdot5:
-0.013471616182866
-0.020088215061018
qdotdot6:
-0.004734577650410
0.007815098889048
qdotdot7:
-0.016645129112365
0.011253842202005

qdotdot1:
0.033835297712995
0.030503133630329
qdotdot2:
0.014952376088157
0.052609957761176
qdotdot3:
-0.019326135454369
-0.045482587567845
qdotdot4:
0.000696001809580
-0.069248060633876
qdotdot5:
-0.033345543656356
-0.024545074748183
qdotdot6:
-0.015311729963257
0.006248742783037
qdotdot7:
0.023505182261472
0.005747078653997

qdotdot1:
0.078748972611029
0.041696977957045
qdotdot2:
-0.006066026961060
0.057556702183674
qdotdot3:
-0.050238381573515
-0.051876317380665
qdotdot4:
0.011768204079398
-0.069017800035207
qdotdot5:
-0.060639026433722
-0.035576892107827
qdotdot6:
-0.005406152298037
0.001183112120193
qdotdot7:
0.076428237825624
0.013523376452168

qdotdot1:
0.026037856159303
0.067749763062527
qdotdot2:
-0.045192189388407
0.055549858264057
qdotdot3:
-0.023772036999811
-0.068496848617903
qdotdot4:
0.078282006682665
-0.065124485852273
qdotdot5:
-0.056479362213605
-0.055638303352984
qdotdot6:
0.101808200823020
-0.000605423265075
qdotdot7:
0.075108448391684
0.038808385132812

qdotdot1:
-0.025485407661618
0.076363953808563
qdotdot2:
-0.139577859753676
0.040598775608059
qdotdot3:
-0.017510363284818
-0.076361430858674
qdotdot4:
0.241873700525015
-0.039226188641424
qdotdot5:
-0.120178485173198
-0.074323559018651
qdotdot6:
0.340368968059816
0.033076123173874
qdotdot7:
0.136315331430867
0.063656763475727

qdotdot1:
0.076925937529861
0.067932531440511
qdotdot2:
-0.229311279562340
-0.005578232993782
qdotdot3:
-0.133999065640306
-0.082154442712068
qdotdot4:
0.380108037106830
0.040793693948935
qdotdot5:
-0.295086748449995
-0.114082607863451
qdotdot6:
0.510937535778147
0.145681523440331
qdotdot7:
0.347512285663219
0.108754418957439

qdotdot1:
0.198392408848685
0.093382195773306
qdotdot2:
-0.140536702291296
-0.081442047982324
qdotdot3:
-0.264967349408932
-0.126485800261403
qdotdot4:
0.267767408859298
0.166546102891779
qdotdot5:
-0.369384364665559
-0.211707140475659
qdotdot6:
0.359372139862848
0.314716691526935
qdotdot7:
0.468375246348034
0.223723066797688

qdotdot1:
0.190459796545164
0.159017017700747
qdotdot2:
0.161263197546802
-0.127936273657027
qdotdot3:
-0.234817998957902
-0.214145831690858
qdotdot4:
-0.166730354885228
0.255132487322730
qdotdot5:
-0.169232499028593
-0.333911801119181
qdotdot6:
-0.222903052231385
0.433608974464895
qdotdot7:
0.259351180802348
0.378677210797830

qdotdot1:
0.006877157044205
0.222027467057772
qdotdot2:
0.377701181425094
-0.074585032468627
qdotdot3:
0.008569361486726
-0.291831453012764
qdotdot4:
-0.510642534094429
0.199972528248201
qdotdot5:
0.134106990850733
-0.389899552881141
qdotdot6:
-0.722510536550771
0.359865214685011
qdotdot7:
-0.116745566973391
0.464479226446607

qdotdot1:
-0.286573890145258
0.224302659846563
qdotdot2:
0.320707890338887
0.050371108386176
qdotdot3:
0.366718528382573
-0.288996422587572
qdotdot4:
-0.466401919212558
0.031034956551960
qdotdot5:
0.300779451413078
-0.345532490074690
qdotdot6:
-0.741788586770882
0.120834645509464
qdotdot7:
-0.362235979638070
0.425855901372910

qdotdot1:
-0.453672399604704
0.129494464523506
qdotdot2:
0.065792271967564
0.156471968773291
qdotdot3:
0.552323224207379
-0.167673709447670
qdotdot4:
-0.107689043587554
-0.123266345054196
qdotdot5:
0.163275253422881
-0.246024621565530
qdotdot6:
-0.321250034193735
-0.124573745280571
qdotdot7:
-0.267202216485164
0.306016164775981

qdotdot1:
-0.585978237287342
-0.020595487679050
qdotdot2:
-0.097533130411064
0.178238245415894
qdotdot3:
0.724238775790568
0.015053223894272
qdotdot4:
0.074529523470111
-0.158893470307745
qdotdot5:
0.442258390695364
-0.192007725224793
qdotdot6:
-0.110441103554203
-0.230853964926333
qdotdot7:
-0.668241210788120
0.217616764822139

qdotdot1:
-0.424207651967204
-0.214456621181613
qdotdot2:
-0.111854973082362
0.145971034771566
qdotdot3:
0.544768179598914
0.254655552218318
qdotdot4:
0.069982160249817
-0.134236619626383
qdotdot5:
0.678474559574528
-0.045693907636410
qdotdot6:
-0.065296489934197
-0.267391563352182
qdotdot7:
-0.926948951793232
-0.003459702413598

qdotdot1:
0.307862947823487
-0.354798652707431
qdotdot2:
-0.122113486116788
0.108965681176818
qdotdot3:
-0.352094184706006
0.434883024968960
qdotdot4:
0.145425792242476
-0.111084188277069
qdotdot5:
0.067631488397348
0.178768092489498
qdotdot6:
0.264040541735558
-0.288993818772079
qdotdot7:
-0.013783971259722
-0.310125313965194

qdotdot1:
0.581750194591527
-0.252947327469160
qdotdot2:
-0.111949642815336
0.068566469519847
qdotdot3:
-0.726519386849274
0.318398532195390
qdotdot4:
0.015604630997454
-0.062972488676850
qdotdot5:
0.390160654181633
0.201142843234287
qdotdot6:
0.520579057051890
-0.201640406214565
qdotdot7:
-0.137926973000778
-0.314685511123619

qdotdot1:
0.318094730950621
-0.060484971425129
qdotdot2:
-0.088136134748283
0.031529796021773
qdotdot3:
-0.420229588027370
0.078041701712753
qdotdot4:
-0.046251651597261
-0.057809956588525
qdotdot5:
0.383685064005640
0.330220992992712
qdotdot6:
0.438610079321800
-0.029415501506563
qdotdot7:
-0.192490863538454
-0.360316351358043

qdotdot1:
0.000566080434838
0.044751368731035
qdotdot2:
-0.042375891872937
0.002371424775883
qdotdot3:
-0.006132035043390
-0.060984253659636
qdotdot4:
-0.021683582437529
-0.073111544658619
qdotdot5:
0.162441773908602
0.457156801667912
qdotdot6:
0.150322041512708
0.115691333069066
qdotdot7:
-0.125130888918918
-0.423998745378682

qdotdot1:
-0.140894173049097
0.044938647008228
qdotdot2:
0.055670598437097
-0.011647932785414
qdotdot3:
0.203266059667473
-0.063012935253157
qdotdot4:
0.018336320190176
-0.080285196515035
qdotdot5:
-0.254249372250739
0.510897955202674
qdotdot6:
-0.193316377246416
0.165422875136187
qdotdot7:
0.140754542400646
-0.465396214462691

qdotdot1:
-0.042818084995376
-0.001673841908849
qdotdot2:
0.116745535697839
0.006769756864193
qdotdot3:
0.084661280816568
0.004234252820165
qdotdot4:
0.097982551803249
-0.074218930585452
qdotdot5:
-1.024525759198990
0.426783787883054
qdotdot6:
-0.349125626090649
0.101467373663831
qdotdot7:
0.905549994308724
-0.418829920018477

qdotdot1:
0.075021114806562
-0.015839491694819
qdotdot2:
-0.070410099120270
0.045393071590895
qdotdot3:
-0.063883806752777
0.032243026556980
qdotdot4:
0.232790680211564
-0.041803036363877
qdotdot5:
-0.898213272193161
0.087836515881387
qdotdot6:
-0.167707965008332
-0.014035020967826
qdotdot7:
0.933597324192325
-0.119243796901340

qdotdot1:
0.059499198867265
0.008979993787019
qdotdot2:
-0.458903323279489
0.022099063798605
qdotdot3:
-0.046288312250172
0.011108133822936
qdotdot4:
0.469325449616613
0.035211880339450
qdotdot5:
0.055855039854065
-0.209322375002519
qdotdot6:
0.032048650459076
-0.069518406058083
qdotdot7:
0.141064663738927
0.189621317852290

qdotdot1:
-0.001858226341092
0.028664312078939
qdotdot2:
-0.375396415647978
-0.129721452319692
qdotdot3:
0.003019857379380
-0.004205582813162
qdotdot4:
0.328383552375864
0.190480383254279
qdotdot5:
0.332837630024450
-0.190843665984133
qdotdot6:
0.063621913472931
-0.058915644197872
qdotdot7:
-0.201985519867180
0.236290210772585

qdotdot1:
-0.053141570033151
0.028049548864428
qdotdot2:
0.341674736829147
-0.253915099829899
qdotdot3:
0.012577075516308
-0.003206513330151
qdotdot4:
-0.426000712032401
0.299120608498627
qdotdot5:
0.189963506889300
-0.080729883384377
qdotdot6:
0.074251405956525
-0.037867394490577
qdotdot7:
-0.316896846573019
0.169466667949860

qdotdot1:
-0.037269998149833
0.010468546111793
qdotdot2:
0.451549466996632
-0.140877707728921
qdotdot3:
-0.000667773549093
0.000954402486494
qdotdot4:
-0.511000208091414
0.158185372934573
qdotdot5:
0.068248467860517
-0.017883623188499
qdotdot6:
0.047006878503053
-0.013302554353293
qdotdot7:
-0.220040162325800
0.064626627875285

qdotdot1:
-0.002500121233763
-0.001861611609443
qdotdot2:
0.143016522706750
0.008509907602465
qdotdot3:
-0.011283365739852
0.000733480737336
qdotdot4:
-0.157942477941693
-0.010870529242336
qdotdot5:
0.008269616606151
0.004695244928688
qdotdot6:
0.015112061223047
0.002248887951467
qdotdot7:
-0.048600423571570
-0.008169992494167

qdotdot1:
0.007912585959703
-0.002688735050946
qdotdot2:
-0.143775075872592
0.055824540531282
qdotdot3:
0.002892187110507
-0.002999432761598
qdotdot4:
0.157941777496345
-0.063123165694714
qdotdot5:
-0.010547550987197
0.007431109755890
qdotdot6:
-0.011634179926951
0.007248461539425
qdotdot7:
0.053465543952534
-0.024248632625762

qdotdot1:
0.004735543145386
-0.000070987862611
qdotdot2:
-0.446711661171234
0.008258952930099
qdotdot3:
0.050668343157404
-0.002042600859205
qdotdot4:
0.510997050342297
-0.010870760973006
qdotdot5:
-0.082616566270798
0.003941628304292
qdotdot6:
-0.076692349514965
0.003399487013592
qdotdot7:
0.197464330161607
-0.006560448501465

qdotdot1:
-0.004888715698771
0.001495687661321
qdotdot2:
-0.333056086864583
-0.139528154974051
qdotdot3:
0.073352925179200
0.014720176002036
qdotdot4:
0.425997637985149
0.158184096515238
qdotdot5:
-0.194473022321285
-0.023390685703630
qdotdot6:
-0.120310639493213
-0.021972898617609
qdotdot7:
0.270465311829243
0.058767334060334

qdotdot1:
-0.028702767556176
-0.000121662449023
qdotdot2:
0.380448992477918
-0.249714210378418
qdotdot3:
0.031877518016217
0.038987768748821
qdotdot4:
-0.328383486301985
0.299118315081993
qdotdot5:
-0.302191400454656
-0.087728843921589
qdotdot6:
-0.076301987719702
-0.061775668516614
qdotdot7:
0.165194985175837
0.148246274723842

qdotdot1:
-0.018061050465487
-0.009617494715524
qdotdot2:
0.453823087683221
-0.123849002033641
qdotdot3:
-0.017300213579388
0.049533914292520
qdotdot4:
-0.469306562669715
0.190478111697086
qdotdot5:
-0.023887390766026
-0.187703832238671
qdotdot6:
0.012986503459665
-0.087018909453882
qdotdot7:
-0.116575457544906
0.202898282319515

qdotdot1:
0.075664559829604
-0.015592692244523
qdotdot2:
0.047079598369926
0.026290802808226
qdotdot3:
-0.148709424725259
0.043810426966672
qdotdot4:
-0.232775904766639
0.035215857213854
qdotdot5:
0.887465350474217
-0.195606577350431
qdotdot6:
0.282142292154427
-0.082722541225976
qdotdot7:
-0.789154361498802
0.164331235115075

qdotdot1:
0.112902583011230
0.009439666299104
qdotdot2:
-0.131579160444790
0.041866303268943
qdotdot3:
-0.192293216881276
-0.005387607713268
qdotdot4:
-0.098011568687821
-0.041794171279776
qdotdot5:
0.979038443072253
0.097996542764790
qdotdot6:
0.387144925125671
0.010619533761780
qdotdot7:
-0.812770959167395
-0.096747332814113

qdotdot1:
0.024078810418130
0.046791604178653
qdotdot2:
-0.042035244434792
-0.001664468978208
qdotdot3:
-0.037875990657377
-0.069004613631490
qdotdot4:
-0.018352824311440
-0.074219665253997
qdotdot5:
0.206885947760491
0.421895094347861
qdotdot6:
0.097025567245705
0.138699979824190
qdotdot7:
-0.197833289200704
-0.365639058471994

qdotdot1:
-0.099637818585965
0.054757677291984
qdotdot2:
0.059901808821515
-0.015571129012052
qdotdot3:
0.152609452000222
-0.081535253873972
qdotdot4:
0.021692735280812
-0.080291391297031
qdotdot5:
-0.213168107224045
0.490339862065290
qdotdot6:
-0.218589351355380
0.170799271654645
qdotdot7:
0.099379167290469
-0.431088904982560

qdotdot1:
-0.263444344902316
0.021794165643127
qdotdot2:
0.092603072156818
0.004246386073066
qdotdot3:
0.357797949217560
-0.031046960170565
qdotdot4:
0.046267147154491
-0.073114711374963
qdotdot5:
-0.377905719710775
0.419816746592001
qdotdot6:
-0.391869506623479
0.098482627914572
qdotdot7:
0.213079098699774
-0.398210963803963

qdotdot1:
-0.411504166514151
-0.065362005128722
qdotdot2:
0.101970433351288
0.034882569111613
qdotdot3:
0.506893168078857
0.087324528028911
qdotdot4:
-0.015600721787218
-0.057807996858019
qdotdot5:
-0.268665214804098
0.294792937654354
qdotdot6:
-0.402672745979938
-0.031160867193362
qdotdot7:
0.095081307538562
-0.327717295317455

qdotdot1:
-0.293013869919212
-0.201501300217154
qdotdot2:
0.119325695772240
0.068617787478665
qdotdot3:
0.330245910197480
0.255021684468333
qdotdot4:
-0.145438004663964
-0.062969235649290
qdotdot5:
0.036634922222585
0.205909529089998
qdotdot6:
-0.264367221124853
-0.164378433988392
qdotdot7:
-0.100450704172869
-0.296261229406780

qdotdot1:
0.263867182831065
-0.298440055515428
qdotdot2:
0.118139070846545
0.108094705163314
qdotdot3:
-0.334483812980470
0.364278039758667
qdotdot4:
-0.069984020013269
-0.111084975525618
qdotdot5:
-0.679986472163860
0.218029582525303
qdotdot6:
-0.050920649235010
-0.251839922977198
qdotdot7:
0.845527126340200
-0.329493670703971

qdotdot1:
0.496616480945979
-0.211143995862151
qdotdot2:
0.100699471858864
0.147179047768380
qdotdot3:
-0.607213848859815
0.253619644964295
qdotdot4:
-0.074525626657700
-0.134238022146675
qdotdot5:
-0.514909534655682
-0.006932608682241
qdotdot6:
0.051467374791173
-0.268686171099114
qdotdot7:
0.708477418502400
-0.049765113073089

qdotdot1:
0.472933802512673
-0.046846710082522
qdotdot2:
-0.069941467826408
0.180493789708354
qdotdot3:
-0.582196536219109
0.052733063299839
qdotdot4:
0.107690451469912
-0.158893583632597
qdotdot5:
-0.216130395176499
-0.177281846397496
qdotdot6:
0.340175190751264
-0.251659047939034
qdotdot7:
0.342541369666621
0.184622832881456

qdotdot1:
0.317340102537023
0.109615556248756
qdotdot2:
-0.327800554229907
0.157354820769117
qdotdot3:
-0.417238960916604
-0.139876957432652
qdotdot4:
0.466400618329145
-0.123265992604634
qdotdot5:
-0.309549630341286
-0.248784985468389
qdotdot6:
0.767353701762986
-0.139117755665489
qdotdot7:
0.394523377541215
0.297946936012831

qdotdot1:
0.003155990209904
0.214602240171422
qdotdot2:
-0.381305299328271
0.048907470744722
qdotdot3:
-0.030321211988245
-0.277913513669229
qdotdot4:
0.510642135299767
0.031034878625925
qdotdot5:
-0.127421050808522
-0.351194321506298
qdotdot6:
0.730135710932554
0.114748427334433
qdotdot7:
0.117535919272568
0.428468420082717

qdotdot1:
-0.188405822378443
0.215646346932532
qdotdot2:
-0.160388860748367
-0.077241032449713
qdotdot3:
0.230705510620796
-0.287944781302007
qdotdot4:
0.166731057824819
0.199972318387596
qdotdot5:
0.171701624147705
-0.393349452482117
qdotdot6:
0.222674611424381
0.356301658367951
qdotdot7:
-0.262642941381361
0.467353220042058

qdotdot1:
-0.192110874454972
0.153315420695662
qdotdot2:
0.142975441262029
-0.130303013880632
qdotdot3:
0.262095940297174
-0.211619708204959
qdotdot4:
-0.267767100190136
0.255132510017975
qdotdot5:
0.369272213664083
-0.336544831826584
qdotdot6:
-0.356895502129186
0.429969842314185
qdotdot7:
-0.469287636948351
0.380462180268390

qdotdot1:
-0.069880731382925
0.089758739730142
qdotdot2:
0.230660627268000
-0.083001972063111
qdotdot3:
0.130826697314283
-0.124909634623310
qdotdot4:
-0.380108311052313
0.166546227705071
qdotdot5:
0.296429310939005
-0.214377274472716
qdotdot6:
-0.507024119803687
0.311896913693112
qdotdot7:
-0.348656588418110
0.225206187044643

qdotdot1:
0.028669074966984
0.066639864430958
qdotdot2:
0.139849506503367
-0.006691747875280
qdotdot3:
0.016562227580287
-0.081627802261835
qdotdot4:
-0.241873892837300
0.040793728131930
qdotdot5:
0.122564767140001
-0.116308577437061
qdotdot6:
-0.338452805946061
0.144156434058058
qdotdot7:
-0.138406442135318
0.109858965709651

qdotdot1:
-0.025345552627031
0.076124550065868
qdotdot2:
0.045711255032798
0.039575130526251
qdotdot3:
0.023876617030833
-0.076148465304023
qdotdot4:
-0.078281993345476
-0.039226218081743
qdotdot5:
0.056637413517760
-0.075760066974910
qdotdot6:
-0.101417979888117
0.032184964090902
qdotdot7:
-0.075295967810657
0.064069501103217

qdotdot1:
-0.078609646056972
0.067739396405092
qdotdot2:
0.006836261951998
0.054697937399601
qdotdot3:
0.050314905303840
-0.068249284502989
qdotdot4:
-0.011768151052570
-0.065124510880205
qdotdot5:
0.058738976421982
-0.057022522669452
qdotdot6:
0.005547707481279
-0.001367484255417
qdotdot7:
-0.074678715102183
0.039159085085857

qdotdot1:
-0.034556333320804
0.041732705167911
qdotdot2:
-0.014696100036420
0.056959600728721
qdotdot3:
0.020127029437519
-0.051603436664969
qdotdot4:
-0.000695955413442
-0.069017807520097
qdotdot5:
0.030769166199923
-0.037589711303179
qdotdot6:
0.015063417005168
0.000467882302973
qdotdot7:
-0.021188526696169
0.014452876839552

qdotdot1:
0.006219802027492
0.030300318227611
qdotdot2:
-0.026238400953273
0.052097640966672
qdotdot3:
-0.002370106284087
-0.044944744426057
qdotdot4:
0.001405345579190
-0.069248052769377
qdotdot5:
0.010756182951790
-0.027410245485371
qdotdot6:
0.004220484473240
0.005451362762183
qdotdot7:
0.019030895231804
0.007443005924236

qdotdot1:
-0.039472771128435
0.032358036065040
qdotdot2:
-0.008775778617242
0.043417103317964
qdotdot3:
0.046535162659908
-0.045728854588375
qdotdot4:
-0.014310198388224
-0.068783117606928
qdotdot5:
0.055137736807560
-0.023851741625487
qdotdot6:
-0.035459034868668
0.006847639708747
qdotdot7:
-0.047683622321369
0.013739060430091

qdotdot1:
-0.066805770536825
0.019299127616716
qdotdot2:
-0.004853148223375
0.040513783225426
qdotdot3:
0.070372497501634
-0.030333471608389
qdotdot4:
-0.010871819681002
-0.073517408240366
qdotdot5:
0.071366574540143
-0.005610340364986
qdotdot6:
-0.036379302412106
-0.004883390993638
qdotdot7:
-0.078166302859685
-0.002036271287896

qdotdot1:
-0.048992242819570
-0.002802448135883
qdotdot2:
-0.010806120867715
0.038908200021527
qdotdot3:
0.052798955454164
-0.007051903684932
qdotdot4:
-0.001307694178626
-0.077114168584831
qdotdot5:
0.049169303815128
0.018000101378711
qdotdot6:
-0.018081828482979
-0.016918876874976
qdotdot7:
-0.050274657841605
-0.027896289817308

qdotdot1:
-0.045722490171911
-0.019010715135358
qdotdot2:
-0.013624656109306
0.035333175034458
qdotdot3:
0.051765870854544
0.010415750744488
qdotdot4:
0.004139018874249
-0.077546797408926
qdotdot5:
0.040138815556656
0.034266946057549
qdotdot6:
-0.025314850315305
-0.022900948464762
qdotdot7:
-0.043448497155425
-0.044528822453239

qdotdot1:
-0.060181893536280
-0.034137238967232
qdotdot2:
-0.041564927471456
0.030825684638295
qdotdot3:
0.073157334483277
0.027541626352199
qdotdot4:
0.039792455010056
-0.076177471998029
qdotdot5:
0.039098800523785
0.047546204204210
qdotdot6:
-0.051553351576437
-0.031275944777409
qdotdot7:
-0.048164909719245
-0.058903033595492

qdotdot1:
-0.096752918550019
-0.054047415412151
qdotdot2:
-0.066052314354802
0.017074621133155
qdotdot3:
0.116697637658567
0.051744511177083
qdotdot4:
0.069534261580218
-0.063012801465535
qdotdot5:
0.036491296235606
0.060481390710829
qdotdot6:
-0.096731140584390
-0.048331511923946
qdotdot7:
-0.075455074753776
-0.074837591227609

qdotdot1:
-0.124344585456020
-0.086056505965783
qdotdot2:
0.040399059088093
-0.004777686199225
qdotdot3:
0.128282873813511
0.090351979635793
qdotdot4:
-0.060863364979744
-0.040008549926080
qdotdot5:
0.014475232583471
0.072553927882109
qdotdot6:
-0.129136915830824
-0.080333397600616
qdotdot7:
-0.133449784979515
-0.099800645125317

qdotdot1:
-0.065604572674334
-0.127193839654150
qdotdot2:
0.260455512572942
0.008587669182419
qdotdot3:
0.025380223419746
0.132792230389096
qdotdot4:
-0.324834665381352
-0.060144179840212
qdotdot5:
-0.053722233865071
0.077342817328473
qdotdot6:
-0.065126088123616
-0.123056193921313
qdotdot7:
-0.137150366469024
-0.143950282322707

qdotdot1:
-0.039467659316963
-0.148898019113908
qdotdot2:
0.075256225269509
0.094755034591968
qdotdot3:
0.039076996882361
0.141188854303795
qdotdot4:
-0.092628212444001
-0.167610314970542
qdotdot5:
-0.014866709270568
0.059569711624779
qdotdot6:
-0.052155573331180
-0.144602074742210
qdotdot7:
-0.091750183193725
-0.189324195229543

qdotdot1:
0.599351657644543
-0.161955236404604
qdotdot2:
-1.173162140910577
0.119652302451964
qdotdot3:
-0.425001473829965
0.154116827439043
qdotdot4:
1.442099257097316
-0.198254815254100
qdotdot5:
-0.101717841188468
0.054651308641099
qdotdot6:
0.500268606109893
-0.161856876919275
qdotdot7:
0.891593116730429
-0.219678214169467

qdotdot1:
1.074518462673178
0.036330270332800
qdotdot2:
-1.519692636153867
-0.268468839165953
qdotdot3:
-0.901864077970488
0.013512173180296
qdotdot4:
1.875038473308609
0.278839688968931
qdotdot5:
-0.281138523320987
0.020999656181248
qdotdot6:
0.980321201335116
0.003648653602082
qdotdot7:
1.537733308302382
0.075290508615518

