1583248054.960000038

1583248054.961999893

1583248054.963000059

1583248054.964999914

1583248054.967000008

1583248054.969000101

1583248054.970999956

1583248054.971999884

1583248054.973999977

1583248054.989000082

1583248054.994999886

1583248055.006000042

1583248055.026000023

1583248055.028000116

1583248055.030999899

1583248055.032999992

1583248055.033999920

1583248055.038000107

1583248055.039999962

1583248055.042000055

1583248055.043999910

1583248055.046000004

1583248055.049999952

1583248055.052000046

1583248055.055000067

1583248055.055999994

1583248055.058000088

1583248055.062999964

1583248055.065000057

1583248055.066999912

1583248055.068000078

1583248055.069999933

1583248055.072999954

1583248055.075000048

1583248055.076999903

1583248055.078999996

1583248055.081000090

1583248055.082000017

1583248055.085999966

1583248055.088000059

1583248055.088999987

1583248055.092000008

1583248055.092999935

1583248055.096999884

1583248055.098000050

1583248055.099999905

1583248055.101999998

1583248055.104000092

1583248055.105999947

1583248055.108999968

1583248055.111000061

1583248055.111999989

1583248055.114000082

1583248055.115999937

1583248055.118000031

1583248055.121000051

1583248055.122999907

1583248055.125000000

1583248055.125999928

1583248055.128000021

1583248055.130000114

1583248055.132999897

1583248055.134999990

1583248055.137000084

1583248055.138999939

1583248055.140000105

1583248055.141999960

1583248055.144999981

1583248055.147000074

1583248055.148999929

1583248055.151000023

1583248055.153000116

1583248055.177999973

1583248055.181999922

1583248055.183000088

1583248055.184999943

1583248055.187000036

1583248055.188999891

1583248055.190000057

1583248055.204999924

1583248055.226999998

1583248055.230000019

1583248055.232000113

1583248055.233999968

1583248055.236000061

1583248055.236999989

1583248055.240999937

1583248055.243000031

1583248055.243999958

1583248055.246000051

1583248055.247999907

1583248055.250000000

1583248055.253000021

1583248055.255000114

1583248055.256999969

1583248055.259000063

1583248055.259999990

1583248055.262000084

1583248055.266000032

1583248055.266999960

1583248055.269000053

1583248055.270999908

1583248055.272000074

1583248055.273999929

1583248055.276999950

1583248055.279000044

1583248055.280999899

1583248055.282999992

1583248055.285000086

1583248055.288000107

1583248055.289999962

1583248055.292000055

1583248055.293999910

1583248055.295000076

1583248055.296999931

1583248055.299999952

1583248055.302000046

1583248055.303999901

1583248055.305999994

1583248055.308000088

1583248055.312000036

1583248055.313999891

1583248055.315999985

1583248055.316999912

1583248055.319000006

1583248055.321000099

1583248055.325000048

1583248055.325999975

1583248055.328000069

1583248055.329999924

1583248055.332000017

1583248055.332999945

1583248055.336999893

1583248055.338999987

1583248055.341000080

1583248055.342000008

1583248055.344000101

1583248055.348999977

1583248055.351000071

1583248055.351999998

1583248055.354000092

1583248055.355999947

1583248055.358999968

1583248055.361000061

1583248055.362999916

1583248055.365000010

1583248055.365999937

1583248055.368000031

1583248055.371000051

1583248055.372999907

1583248055.375000000

1583248055.377000093

1583248055.378999949

1583248055.380000114

1583248055.384000063

1583248055.385999918

1583248055.388000011

1583248055.388999939

1583248055.391000032

1583248055.392999887

1583248055.395999908

1583248055.398000002

1583248055.400000095

1583248055.401999950

1583248055.403000116

1583248055.407000065

1583248055.407999992

1583248055.410000086

1583248055.411999941

1583248055.414000034

1583248055.415999889

1583248055.418999910

1583248055.421000004

1583248055.423000097

1583248055.424999952

1583248055.426000118

1583248055.427999973

1583248055.430999994

1583248055.433000088

1583248055.434999943

1583248055.437000036

1583248055.437999964

1583248055.440000057

1583248055.443000078

1583248055.444999933

1583248055.447000027

1583248055.448999882

1583248055.450999975

1583248055.453999996

1583248055.456000090

1583248055.457999945

1583248055.460000038

1583248055.461999893

1583248055.463000059

1583248055.467000008

1583248055.469000101

1583248055.470999956

1583248055.473000050

1583248055.473999977

1583248055.477999926

1583248055.479000092

1583248055.480999947

1583248055.483000040

1583248055.484999895

1583248055.486999989

1583248055.490000010

1583248055.492000103

1583248055.493000031

1583248055.494999886

1583248055.496999979

1583248055.499000072

1583248055.502000093

1583248055.503999949

1583248055.506000042

1583248055.507999897

1583248055.509000063

1583248055.510999918

1583248055.515000105

1583248055.516000032

1583248055.517999887

1583248055.519999981

1583248055.520999908

1583248055.523000002

1583248055.526999950

1583248055.532999992

1583248055.535000086

1583248055.539000034

1583248055.540999889

1583248055.542000055

1583248055.543999910

1583248055.546000004

1583248055.548000097

1583248055.549999952

1583248055.552000046

1583248055.553999901

1583248055.555999994

1583248055.556999922

1583248055.559000015

1583248055.562000036

1583248055.563999891

1583248055.565999985

1583248055.568000078

1583248055.569999933

1583248055.571000099

1583248055.575000048

1583248055.576999903

1583248055.578999996

1583248055.579999924

1583248055.582000017

1583248055.585999966

1583248055.586999893

1583248055.588999987

1583248055.591000080

1583248055.592999935

1583248055.594000101

1583248055.598000050

1583248055.599999905

1583248055.601999998

1583248055.602999926

1583248055.605000019

1583248055.607000113

1583248055.609999895

1583248055.611999989

1583248055.614000082

1583248055.615000010

1583248055.617000103

1583248055.618999958

1583248055.621999979

1583248055.624000072

1583248055.625999928

1583248055.628000021

1583248055.628999949

1583248055.631000042

1583248055.634000063

1583248055.635999918

1583248055.638000011

1583248055.638999939

1583248055.641000032

1583248055.642999887

1583248055.645999908

1583248055.648000002

1583248055.650000095

1583248055.651999950

1583248055.654000044

1583248055.657999992

1583248055.658999920

1583248055.661000013

1583248055.663000107

1583248055.664999962

1583248055.667000055

1583248055.670000076

1583248055.671999931

1583248055.674000025

1583248055.674999952

1583248055.677000046

1583248055.678999901

1583248055.681999922

1583248055.684000015

1583248055.686000109

1583248055.687000036

1583248055.688999891

1583248055.693000078

1583248055.694000006

1583248055.696000099

1583248055.697999954

1583248055.700000048

1583248055.700999975

1583248055.704999924

1583248055.707000017

1583248055.707999945

1583248055.710000038

1583248055.713000059

1583248055.714999914

1583248055.717999935

1583248055.720000029

1583248055.721999884

1583248055.723000050

1583248055.724999905

1583248055.726999998

1583248055.730000019

1583248055.732000113

1583248055.733999968

1583248055.734999895

1583248055.736999989

1583248055.739000082

1583248055.742000103

1583248055.743999958

1583248055.746000051

1583248055.747999907

1583248055.750000000

1583248055.753000021

1583248055.755000114

1583248055.756999969

1583248055.759000063

1583248055.760999918

1583248055.762000084

1583248055.766000032

1583248055.767999887

1583248055.769999981

1583248055.770999908

1583248055.773000002

1583248055.776999950

1583248055.778000116

1583248055.779999971

1583248055.782000065

1583248055.783999920

1583248055.785000086

1583248055.789000034

1583248055.790999889

1583248055.792999983

1583248055.793999910

1583248055.796000004

1583248055.798000097

1583248055.801000118

1583248055.802999973

1583248055.805000067

1583248055.805999994

1583248055.808000088

1583248055.809999943

1583248055.812999964

1583248055.815000057

1583248055.816999912

1583248055.819000006

1583248055.819999933

1583248055.822000027

1583248055.825000048

1583248055.826999903

1583248055.828999996

1583248055.831000090

1583248055.832999945

1583248055.834000111

1583248055.841000080

1583248055.842000008

1583248055.844000101

1583248055.845999956

1583248055.848000050

1583248055.849999905

1583248055.851999998

1583248055.854000092

1583248055.855999947

1583248055.857000113

1583248055.861000061

1583248055.862999916

1583248055.865000010

1583248055.865999937

1583248055.868000031

1583248055.871999979

1583248055.872999907

1583248055.875000000

1583248055.877000093

1583248055.878999949

1583248055.881000042

1583248055.884000063

1583248055.885999918

1583248055.888000011

1583248055.888999939

1583248055.891000032

1583248055.892999887

1583248055.897000074

1583248055.898999929

1583248055.901000023

1583248055.901999950

1583248055.904000044

1583248055.905999899

1583248055.908999920

1583248055.911999941

1583248055.913000107

1583248055.914999962

1583248055.917000055

1583248055.917999983

1583248055.921999931

1583248055.924000025

1583248055.926000118

1583248055.927000046

1583248055.928999901

1583248055.933000088

1583248055.934999943

1583248055.936000109

1583248055.937999964

1583248055.940000057

1583248055.941999912

1583248055.944999933

1583248055.947000027

1583248055.948999882

1583248055.950999975

1583248055.953000069

1583248055.956000090

1583248055.957999945

1583248055.960000038

1583248055.961999893

1583248055.963000059

1583248055.964999914

1583248055.967999935

1583248055.970000029

1583248055.971999884

1583248055.973999977

1583248055.974999905

1583248055.976999998

1583248055.980999947

1583248055.982000113

1583248055.983999968

1583248055.986000061

1583248055.987999916

1583248055.989000082

1583248055.993000031

1583248055.994999886

1583248055.996999979

1583248055.997999907

1583248056.000000000

1583248056.003999949

1583248056.006000042

1583248056.006999969

1583248056.009000063

1583248056.010999918

1583248056.013000011

1583248056.016000032

1583248056.017999887

1583248056.019999981

1583248056.022000074

1583248056.023000002

1583248056.025000095

1583248056.028000116

1583248056.029999971

1583248056.032000065

1583248056.033999920

1583248056.035000086

1583248056.036999941

1583248056.040999889

1583248056.042000055

1583248056.043999910

1583248056.046000004

1583248056.048000097

1583248056.051000118

1583248056.052999973

1583248056.055000067

1583248056.056999922

1583248056.059000015

1583248056.059999943

1583248056.063999891

1583248056.065999985

1583248056.068000078

1583248056.069000006

1583248056.071000099

1583248056.075000048

1583248056.075999975

1583248056.078999996

1583248056.081000090

1583248056.082999945

1583248056.085000038

1583248056.088000059

1583248056.089999914

1583248056.092000008

1583248056.094000101

1583248056.095000029

1583248056.096999884

1583248056.099999905

1583248056.101999998

1583248056.104000092

1583248056.105999947

1583248056.108000040

1583248056.108999968

1583248056.111999989

1583248056.114000082

1583248056.115999937

1583248056.118000031

1583248056.118999958

1583248056.121000051

1583248056.124000072

1583248056.125999928

1583248056.128000021

1583248056.130000114

1583248056.131000042

1583248056.132999897

1583248056.135999918

1583248056.138000011

1583248056.140000105

1583248056.141999960

1583248056.144000053

1583248056.151000023

1583248056.151999950

1583248056.154000044

1583248056.155999899

1583248056.158999920

1583248056.161000013

1583248056.163000107

1583248056.164999962

1583248056.167000055

1583248056.167999983

1583248056.171999931

1583248056.174000025

1583248056.176000118

1583248056.177999973

1583248056.178999901

1583248056.183000088

1583248056.184999943

1583248056.186000109

1583248056.187999964

1583248056.190000057

1583248056.191999912

1583248056.194999933

1583248056.197000027

1583248056.197999954

1583248056.200000048

1583248056.201999903

1583248056.203999996

1583248056.207000017

1583248056.209000111

1583248056.210000038

1583248056.211999893

1583248056.213999987

1583248056.216000080

1583248056.219000101

1583248056.220999956

1583248056.223000050

1583248056.223999977

1583248056.226000071

1583248056.227999926

1583248056.230999947

1583248056.233000040

1583248056.233999968

1583248056.236000061

1583248056.237999916

1583248056.240000010

1583248056.243000031

1583248056.244999886

1583248056.246999979

1583248056.247999907

1583248056.250000000

1583248056.252000093

1583248056.255000114

1583248056.257999897

1583248056.259999990

1583248056.262000084

1583248056.263999939

1583248056.266000032

1583248056.269000053

1583248056.270999908

1583248056.273000002

1583248056.275000095

1583248056.276000023

1583248056.279999971

1583248056.282000065

1583248056.283999920

1583248056.285000086

1583248056.286999941

1583248056.290999889

1583248056.292999983

1583248056.293999910

1583248056.296000004

1583248056.298000097

1583248056.299000025

1583248056.302999973

1583248056.305000067

1583248056.305999994

1583248056.308000088

1583248056.309999943

1583248056.312000036

1583248056.315999985

1583248056.316999912

1583248056.319000006

1583248056.321000099

1583248056.322999954

1583248056.323999882

1583248056.326999903

1583248056.328999996

1583248056.331000090

1583248056.332999945

1583248056.335000038

1583248056.335999966

1583248056.339999914

1583248056.342000008

1583248056.344000101

1583248056.346999884

1583248056.349999905

1583248056.351999998

1583248056.354000092

1583248056.355000019

1583248056.357000113

1583248056.358999968

1583248056.361999989

1583248056.364000082

1583248056.365999937

1583248056.368000031

1583248056.369999886

1583248056.371000051

1583248056.375000000

1583248056.377000093

1583248056.378999949

1583248056.380000114

1583248056.381999969

1583248056.382999897

1583248056.387000084

1583248056.388999939

1583248056.391000032

1583248056.392999887

1583248056.394000053

1583248056.398000002

1583248056.400000095

1583248056.401000023

1583248056.403000116

1583248056.404999971

1583248056.407000065

1583248056.410000086

1583248056.411000013

1583248056.413000107

1583248056.414999962

1583248056.417000055

1583248056.417999983

1583248056.421999931

1583248056.424000025

1583248056.424999952

1583248056.427000046

1583248056.428999901

1583248056.430999994

1583248056.434000015

1583248056.436000109

1583248056.437999964

1583248056.438999891

1583248056.440999985

1583248056.444000006

1583248056.447000027

1583248056.447999954

1583248056.450000048

1583248056.451999903

1583248056.457999945

1583248056.460000038

1583248056.461999893

1583248056.463000059

1583248056.464999914

1583248056.466000080

1583248056.470000029

1583248056.471999884

1583248056.473999977

1583248056.474999905

1583248056.476999998

1583248056.479000092

1583248056.482000113

1583248056.483999968

1583248056.486000061

1583248056.487999916

1583248056.489000082

1583248056.490999937

1583248056.493999958

1583248056.496000051

1583248056.497999907

1583248056.499000072

1583248056.500999928

1583248056.503000021

1583248056.506000042

1583248056.507999897

1583248056.509999990

1583248056.512000084

1583248056.513000011

1583248056.515000105

1583248056.517999887

1583248056.519999981

1583248056.522000074

1583248056.523999929

1583248056.526000023

1583248056.526999950

1583248056.530999899

1583248056.532999992

1583248056.535000086

1583248056.536000013

1583248056.538000107

1583248056.539999962

1583248056.542999983

1583248056.545000076

1583248056.546999931

1583248056.549000025

1583248056.551000118

1583248056.553999901

1583248056.555999994

1583248056.562000036

1583248056.565000057

1583248056.566999912

1583248056.568000078

1583248056.569999933

1583248056.572000027

1583248056.573999882

1583248056.576999903

1583248056.578999996

1583248056.579999924

1583248056.582000017

1583248056.584000111

1583248056.585000038

1583248056.588999987

1583248056.591000080

1583248056.592000008

1583248056.594000101

1583248056.595999956

1583248056.598000050

1583248056.601000071

1583248056.602999926

1583248056.604000092

1583248056.605999947

1583248056.608000040

1583248056.609999895

1583248056.612999916

1583248056.615000010

1583248056.615999937

1583248056.618000031

1583248056.619999886

1583248056.621999979

1583248056.625000000

1583248056.628000021

1583248056.630000114

1583248056.631999969

1583248056.632999897

1583248056.634999990

1583248056.638000011

1583248056.640000105

1583248056.641999960

1583248056.644000053

1583248056.645999908

1583248056.648999929

1583248056.651000023

1583248056.653000116

1583248056.654999971

1583248056.655999899

1583248056.657999992

1583248056.661999941

1583248056.663000107

1583248056.664999962

1583248056.667000055

1583248056.667999983

1583248056.670000076

1583248056.674000025

1583248056.674999952

1583248056.677000046

1583248056.678999901

1583248056.680999994

1583248056.681999922

1583248056.686000109

1583248056.687999964

1583248056.688999891

1583248056.690999985

1583248056.693000078

1583248056.694999933

1583248056.697999954

1583248056.700000048

1583248056.701999903

1583248056.703000069

1583248056.704999924

1583248056.707000017

1583248056.710000038

1583248056.711999893

1583248056.713999987

1583248056.716000080

1583248056.717000008

1583248056.720999956

1583248056.723000050

1583248056.723999977

1583248056.726000071

1583248056.727999926

1583248056.730000019

1583248056.733000040

1583248056.734999895

1583248056.736000061

1583248056.737999916

1583248056.740000010

1583248056.740999937

1583248056.743999958

1583248056.746000051

1583248056.747999907

1583248056.753999949

1583248056.756999969

1583248056.759000063

1583248056.760999918

1583248056.763000011

1583248056.763999939

1583248056.767999887

1583248056.769000053

1583248056.770999908

1583248056.773000002

1583248056.775000095

1583248056.776000023

1583248056.779999971

1583248056.782000065

1583248056.782999992

1583248056.785000086

1583248056.786999941

1583248056.789000034

1583248056.792000055

1583248056.793999910

1583248056.796000004

1583248056.796999931

1583248056.799000025

1583248056.801000118

1583248056.805000067

1583248056.805999994

1583248056.808000088

1583248056.811000109

1583248056.812999964

1583248056.813999891

1583248056.818000078

1583248056.819999933

1583248056.822000027

1583248056.822999954

1583248056.825000048

1583248056.828999996

1583248056.829999924

1583248056.832000017

1583248056.834000111

1583248056.835999966

1583248056.836999893

1583248056.841000080

1583248056.842000008

1583248056.845000029

1583248056.846999884

1583248056.848000050

1583248056.851999998

1583248056.854000092

1583248056.855999947

1583248056.858000040

1583248056.858999968

1583248056.861000061

1583248056.864000082

1583248056.865999937

1583248056.868000031

1583248056.869999886

1583248056.871000051

1583248056.872999907

1583248056.875999928

1583248056.878000021

1583248056.880000114

1583248056.881999969

1583248056.884000063

1583248056.884999990

1583248056.888999939

1583248056.891000032

1583248056.892999887

1583248056.894000053

1583248056.895999908

1583248056.898000002

1583248056.901000023

1583248056.903000116

1583248056.904999971

1583248056.907000065

1583248056.907999992

1583248056.911999941

1583248056.913000107

1583248056.914999962

1583248056.917999983

1583248056.918999910

1583248056.921000004

1583248056.924000025

1583248056.926000118

1583248056.927999973

1583248056.930000067

1583248056.930999994

1583248056.933000088

1583248056.936000109

1583248056.937999964

1583248056.940000057

1583248056.941999912

1583248056.944000006

1583248056.947000027

1583248056.948999882

1583248056.950999975

1583248056.953000069

1583248056.954999924

1583248056.956000090

1583248056.960000038

1583248056.961999893

1583248056.963999987

1583248056.964999914

1583248056.967000008

1583248056.970999956

1583248056.971999884

1583248056.973999977

1583248056.976000071

1583248056.977999926

1583248056.980000019

1583248056.983000040

1583248056.984999895

1583248056.986000061

1583248056.987999916

1583248056.990000010

1583248056.993000031

1583248056.996000051

1583248056.997999907

1583248056.999000072

1583248057.000999928

1583248057.003000021

1583248057.005000114

1583248057.007999897

1583248057.009999990

1583248057.012000084

1583248057.013999939

1583248057.015000105

1583248057.016999960

1583248057.020999908

1583248057.023000002

1583248057.023999929

1583248057.026000023

1583248057.028000116

1583248057.029999971

1583248057.032999992

1583248057.035000086

1583248057.036999941

1583248057.039000034

1583248057.039999962

1583248057.042999983

1583248057.045000076

1583248057.046999931

1583248057.048000097

1583248057.049999952

1583248057.052000046

1583248057.055000067

1583248057.056999922

1583248057.059000015

1583248057.065000057

1583248057.068000078

1583248057.069999933

1583248057.072000027

1583248057.072999954

1583248057.075000048

1583248057.078999996

1583248057.079999924

1583248057.082000017

1583248057.084000111

1583248057.085999966

1583248057.086999893

1583248057.091000080

1583248057.092999935

1583248057.094000101

1583248057.095999956

1583248057.098000050

1583248057.099999905

1583248057.102999926

1583248057.105000019

1583248057.107000113

1583248057.108999968

1583248057.109999895

1583248057.111999989

1583248057.115000010

1583248057.117000103

1583248057.118999958

1583248057.121000051

1583248057.122999907

1583248057.124000072

1583248057.128000021

1583248057.130000114

1583248057.131999969

1583248057.132999897

1583248057.134999990

1583248057.137000084

1583248057.140000105

1583248057.141999960

1583248057.144000053

1583248057.145999908

1583248057.148000002

1583248057.151000023

1583248057.153000116

1583248057.154999971

1583248057.157000065

1583248057.157999992

1583248057.161999941

1583248057.164000034

1583248057.164999962

1583248057.167999983

1583248057.168999910

1583248057.171000004

1583248057.174000025

1583248057.177000046

1583248057.178999901

1583248057.180999994

1583248057.183000088

1583248057.184000015

1583248057.187999964

1583248057.190000057

1583248057.191999912

1583248057.194000006

1583248057.194999933

1583248057.198999882

1583248057.200000048

1583248057.201999903

1583248057.203999996

1583248057.206000090

1583248057.207000017

1583248057.210999966

1583248057.213000059

1583248057.213999987

1583248057.216000080

1583248057.217999935

1583248057.220000029

1583248057.223000050

1583248057.224999905

1583248057.226999998

1583248057.227999926

1583248057.230000019

1583248057.232000113

1583248057.234999895

1583248057.236999989

1583248057.239000082

1583248057.240000010

1583248057.243999958

1583248057.247999907

1583248057.252000093

1583248057.253999949

1583248057.255000114

1583248057.259000063

1583248057.260999918

1583248057.263000011

1583248057.263999939

1583248057.266000032

1583248057.267999887

1583248057.270999908

1583248057.273000002

1583248057.275000095

1583248057.276999950

1583248057.278000116

1583248057.279999971

1583248057.282999992

1583248057.285000086

1583248057.286999941

1583248057.289000034

1583248057.290999889

1583248057.292999983

1583248057.296000004

1583248057.298000097

1583248057.299999952

1583248057.301000118

1583248057.302999973

1583248057.306999922

1583248057.309000015

1583248057.311000109

1583248057.312000036

1583248057.313999891

1583248057.315999985

1583248057.319000006

1583248057.321000099

1583248057.322999954

1583248057.325000048

1583248057.326999903

1583248057.328000069

1583248057.332000017

1583248057.334000111

1583248057.335999966

1583248057.338000059

1583248057.338999987

1583248057.342000008

1583248057.345000029

1583248057.345999956

1583248057.348000050

1583248057.349999905

1583248057.351999998

1583248057.355000019

1583248057.357000113

1583248057.359999895

1583248057.361999989

1583248057.362999916

1583248057.367000103

1583248057.368999958

1583248057.369999886

1583248057.371999979

1583248057.374000072

1583248057.380000114

1583248057.381999969

1583248057.384000063

1583248057.385999918

1583248057.387000084

1583248057.391000032

1583248057.392999887

1583248057.394000053

1583248057.395999908

1583248057.398000002

1583248057.400000095

1583248057.403000116

1583248057.404999971

1583248057.405999899

1583248057.407999992

1583248057.410000086

1583248057.411999941

1583248057.414999962

1583248057.417000055

1583248057.418999910

1583248057.420000076

1583248057.421999931

1583248057.424000025

1583248057.427000046

1583248057.428999901

1583248057.430999994

1583248057.431999922

1583248057.434000015

1583248057.436000109

1583248057.438999891

1583248057.441999912

1583248057.443000078

1583248057.444999933

1583248057.447000027

1583248057.450000048

1583248057.451999903

1583248057.453999996

1583248057.456000090

1583248057.457999945

1583248057.459000111

1583248057.463000059

1583248057.464999914

1583248057.467000008

1583248057.467999935

1583248057.470000029

1583248057.473999977

1583248057.474999905

1583248057.476999998

1583248057.479000092

1583248057.480999947

1583248057.483000040

1583248057.486000061

1583248057.487999916

1583248057.490000010

1583248057.492000103

1583248057.493000031

1583248057.494999886

1583248057.499000072

1583248057.500999928

1583248057.503000021

1583248057.503999949

1583248057.506000042

1583248057.507999897

1583248057.510999918

1583248057.513000011

1583248057.515000105

1583248057.516999960

1583248057.517999887

1583248057.522000074

1583248057.523999929

1583248057.525000095

1583248057.526999950

1583248057.529000044

1583248057.529999971

1583248057.533999920

1583248057.536000013

1583248057.538000107

1583248057.539000034

1583248057.542999983

1583248057.546000004

1583248057.548000097

1583248057.549999952

1583248057.551000118

1583248057.552999973

1583248057.555000067

1583248057.558000088

1583248057.559999943

1583248057.562000036

1583248057.563999891

1583248057.565000057

1583248057.566999912

1583248057.569999933

1583248057.572000027

1583248057.573999882

1583248057.575999975

1583248057.578000069

1583248057.578999996

1583248057.582999945

1583248057.585000038

1583248057.586999893

1583248057.588000059

1583248057.589999914

1583248057.594000101

1583248057.595000029

1583248057.596999884

1583248057.598999977

1583248057.601000071

1583248057.601999998

1583248057.605999947

1583248057.608000040

1583248057.609999895

1583248057.611000061

1583248057.612999916

1583248057.615000010

1583248057.618000031

1583248057.619999886

1583248057.621999979

1583248057.622999907

1583248057.625000000

1583248057.627000093

1583248057.630000114

1583248057.631999969

1583248057.634000063

1583248057.634999990

1583248057.637000084

1583248057.638999939

1583248057.641000032

1583248057.642999887

1583248057.644999981

1583248057.647000074

1583248057.648999929

1583248057.650000095

1583248057.654000044

1583248057.655999899

1583248057.657999992

1583248057.658999920

1583248057.661000013

1583248057.664999962

1583248057.665999889

1583248057.667999983

1583248057.670000076

1583248057.671999931

1583248057.674000025

1583248057.677000046

1583248057.678999901

1583248057.680999994

1583248057.687000036

1583248057.690000057

1583248057.691999912

1583248057.694000006

1583248057.696000099

1583248057.697000027

1583248057.700999975

1583248057.701999903

1583248057.703999996

1583248057.706000090

1583248057.707999945

1583248057.710000038

1583248057.713000059

1583248057.714999914

1583248057.717000008

1583248057.717999935

1583248057.720000029

1583248057.721999884

1583248057.726000071

1583248057.727999926

1583248057.730000019

1583248057.732000113

1583248057.733000040

1583248057.734999895

1583248057.737999916

1583248057.740999937

1583248057.742000103

1583248057.743999958

1583248057.746000051

1583248057.749000072

1583248057.750999928

1583248057.753000021

1583248057.755000114

1583248057.756000042

1583248057.757999897

1583248057.760999918

1583248057.763000011

1583248057.765000105

1583248057.766999960

1583248057.769000053

1583248057.769999981

1583248057.773999929

1583248057.776000023

1583248057.776999950

1583248057.779000044

1583248057.780999899

1583248057.782999992

1583248057.786000013

1583248057.788000107

1583248057.789999962

1583248057.790999889

1583248057.792999983

1583248057.796999931

1583248057.798000097

1583248057.799999952

1583248057.802000046

1583248057.803999901

1583248057.805999994

1583248057.809000015

1583248057.811000109

1583248057.812000036

1583248057.813999891

1583248057.815999985

1583248057.818000078

1583248057.821000099

1583248057.822999954

1583248057.823999882

1583248057.825999975

1583248057.826999903

1583248057.828999996

1583248057.831000090

1583248057.834000111

1583248057.835999966

1583248057.838000059

1583248057.839999914

1583248057.841000080

1583248057.845000029

1583248057.846999884

1583248057.848999977

1583248057.851000071

1583248057.851999998

1583248057.855999947

1583248057.858000040

1583248057.858999968

1583248057.861000061

1583248057.862999916

1583248057.865000010

1583248057.868000031

1583248057.869999886

1583248057.871999979

1583248057.874000072

1583248057.875000000

1583248057.877000093

1583248057.880000114

1583248057.881999969

1583248057.884000063

1583248057.885999918

1583248057.887000084

1583248057.888999939

1583248057.891999960

1583248057.894000053

1583248057.895999908

1583248057.898000002

1583248057.900000095

1583248057.904000044

1583248057.904999971

1583248057.907999992

1583248057.910000086

1583248057.911999941

1583248057.913000107

1583248057.917000055

1583248057.918999910

1583248057.920000076

1583248057.923000097

1583248057.924000025

1583248057.926000118

1583248057.928999901

1583248057.930999994

1583248057.933000088

1583248057.934999943

1583248057.937000036

1583248057.937999964

1583248057.940999985

1583248057.943000078

1583248057.944999933

1583248057.947000027

1583248057.947999954

1583248057.951999903

1583248057.953999996

1583248057.954999924

1583248057.957000017

1583248057.959000111

1583248057.960999966

1583248057.963999987

1583248057.966000080

1583248057.967999935

1583248057.970000029

1583248057.970999956

1583248057.973000050

1583248057.976000071

1583248057.977999926

1583248057.980000019

1583248057.982000113

1583248057.983000040

1583248057.984999895

1583248057.987999916

1583248057.994999886

1583248057.996000051

1583248058.000000000

1583248058.002000093

1583248058.003000021

1583248058.005000114

1583248058.006999969

1583248058.009000063

1583248058.012000084

1583248058.013999939

1583248058.016000032

1583248058.016999960

1583248058.019000053

1583248058.020999908

1583248058.023999929

1583248058.026000023

1583248058.028000116

1583248058.029999971

1583248058.030999899

1583248058.032999992

1583248058.036000013

1583248058.039000034

1583248058.039999962

1583248058.042000055

1583248058.043999910

1583248058.046999931

1583248058.049000025

1583248058.051000118

1583248058.052999973

1583248058.055000067

1583248058.055999994

1583248058.059999943

1583248058.062000036

1583248058.063999891

1583248058.065000057

1583248058.066999912

1583248058.069000006

1583248058.072000027

1583248058.073999882

1583248058.075999975

1583248058.076999903

1583248058.078999996

1583248058.082999945

1583248058.084000111

1583248058.085999966

1583248058.088000059

1583248058.091000080

1583248058.092999935

1583248058.095999956

1583248058.098000050

1583248058.099999905

1583248058.101999998

1583248058.102999926

1583248058.105000019

1583248058.108000040

1583248058.109999895

1583248058.111999989

1583248058.114000082

1583248058.115000010

1583248058.117000103

1583248058.119999886

1583248058.121999979

1583248058.124000072

1583248058.125999928

1583248058.127000093

1583248058.128999949

1583248058.131999969

1583248058.134000063

1583248058.135999918

1583248058.138000011

1583248058.140000105

1583248058.142999887

1583248058.144999981

1583248058.147000074

1583248058.148999929

1583248058.151000023

1583248058.151999950

1583248058.155999899

1583248058.157999992

1583248058.160000086

1583248058.161000013

1583248058.163000107

1583248058.167000055

1583248058.167999983

1583248058.170000076

1583248058.171999931

1583248058.174000025

1583248058.176000118

1583248058.178999901

1583248058.180999994

1583248058.183000088

1583248058.184999943

1583248058.187000036

1583248058.187999964

1583248058.191999912

1583248058.194000006

1583248058.196000099

1583248058.197999954

1583248058.198999882

1583248058.203000069

1583248058.203999996

1583248058.206000090

1583248058.207999945

1583248058.210000038

1583248058.210999966

1583248058.214999914

1583248058.217000008

1583248058.217999935

1583248058.220000029

1583248058.221999884

1583248058.223000050

1583248058.226999998

1583248058.229000092

1583248058.230000019

1583248058.232000113

1583248058.233999968

1583248058.236000061

1583248058.239000082

1583248058.240999937

1583248058.242000103

1583248058.243999958

1583248058.246000051

1583248058.247999907

1583248058.252000093

1583248058.253000021

1583248058.255000114

1583248058.256999969

1583248058.259000063

1583248058.262000084

1583248058.263999939

1583248058.265000105

1583248058.266999960

1583248058.269000053

1583248058.270999908

1583248058.275000095

1583248058.276999950

1583248058.279000044

1583248058.279999971

1583248058.282000065

1583248058.283999920

1583248058.286999941

1583248058.289000034

1583248058.290999889

1583248058.292999983

1583248058.295000076

1583248058.296000004

1583248058.299999952

1583248058.305999994

1583248058.308000088

1583248058.312000036

1583248058.313999891

1583248058.315999985

1583248058.316999912

1583248058.319000006

1583248058.322999954

1583248058.325000048

1583248058.325999975

1583248058.328000069

1583248058.329999924

1583248058.331000090

1583248058.335000038

1583248058.336999893

1583248058.338999987

1583248058.342000008

1583248058.342999935

1583248058.346999884

1583248058.348999977

1583248058.351000071

1583248058.352999926

1583248058.354000092

1583248058.358000040

1583248058.359999895

1583248058.361000061

1583248058.362999916

1583248058.365000010

1583248058.367000103

1583248058.369999886

1583248058.371999979

1583248058.374000072

1583248058.375999928

1583248058.378000021

1583248058.378999949

1583248058.382999897

1583248058.384999990

1583248058.387000084

1583248058.388000011

1583248058.390000105

1583248058.394000053

1583248058.394999981

1583248058.397000074

1583248058.398999929

1583248058.401000023

1583248058.401999950

1583248058.405999899

1583248058.407999992

1583248058.408999920

1583248058.411000013

1583248058.413000107

1583248058.414999962

1583248058.417999983

1583248058.420000076

1583248058.421000004

1583248058.423000097

1583248058.424999952

1583248058.427000046

1583248058.430000067

1583248058.431999922

1583248058.433000088

1583248058.434999943

1583248058.437000036

1583248058.440999985

1583248058.443000078

1583248058.444999933

1583248058.446000099

1583248058.447999954

1583248058.450000048

1583248058.453000069

1583248058.456000090

1583248058.457999945

1583248058.460000038

1583248058.460999966

1583248058.463000059

1583248058.466000080

1583248058.467999935

1583248058.470000029

1583248058.471999884

1583248058.473999977

1583248058.474999905

1583248058.479000092

1583248058.480999947

1583248058.483000040

1583248058.483999968

1583248058.486000061

1583248058.490000010

1583248058.492000103

1583248058.493000031

1583248058.494999886

1583248058.496999979

1583248058.497999907

1583248058.502000093

1583248058.503999949

1583248058.505000114

1583248058.506999969

1583248058.509000063

1583248058.510999918

1583248058.513999939

1583248058.516000032

1583248058.517999887

1583248058.519000053

1583248058.520999908

1583248058.523000002

1583248058.526000023

1583248058.528000116

1583248058.529999971

1583248058.530999899

1583248058.532999992

1583248058.535000086

1583248058.538000107

1583248058.539000034

1583248058.540999889

1583248058.542999983

1583248058.545000076

1583248058.546000004

1583248058.549999952

1583248058.552000046

1583248058.553999901

1583248058.555000067

1583248058.556999922

1583248058.561000109

1583248058.562000036

1583248058.563999891

1583248058.565999985

1583248058.568000078

1583248058.569999933

1583248058.572999954

1583248058.575000048

1583248058.575999975

1583248058.578000069

1583248058.579999924

1583248058.582000017

1583248058.585000038

1583248058.586999893

1583248058.588000059

1583248058.589999914

1583248058.592000008

1583248058.592999935

1583248058.596999884

1583248058.598999977

1583248058.599999905

1583248058.601999998

1583248058.604000092

1583248058.605999947

1583248058.611999989

1583248058.614000082

1583248058.615999937

1583248058.618000031

1583248058.621000051

1583248058.622999907

1583248058.624000072

1583248058.625999928

1583248058.628000021

1583248058.630000114

1583248058.632999897

1583248058.634999990

1583248058.638000011

1583248058.640000105

1583248058.641999960

1583248058.644999981

1583248058.647000074

1583248058.648999929

1583248058.651000023

1583248058.651999950

1583248058.654000044

1583248058.657000065

1583248058.658999920

1583248058.661000013

1583248058.663000107

1583248058.664999962

1583248058.665999889

1583248058.670000076

1583248058.671999931

1583248058.674000025

1583248058.674999952

1583248058.677000046

1583248058.680999994

1583248058.681999922

1583248058.684000015

1583248058.686000109

1583248058.687999964

1583248058.688999891

1583248058.693000078

1583248058.694999933

1583248058.696000099

1583248058.697999954

1583248058.700000048

1583248058.701999903

1583248058.704999924

1583248058.707000017

1583248058.709000111

1583248058.710000038

1583248058.711999893

1583248058.713999987

1583248058.717999935

1583248058.719000101

1583248058.720999956

1583248058.723000050

1583248058.724999905

1583248058.726000071

1583248058.730000019

1583248058.732000113

1583248058.733999968

1583248058.736000061

1583248058.736999989

1583248058.740999937

1583248058.743000031

1583248058.744999886

1583248058.746000051

1583248058.747999907

1583248058.752000093

1583248058.753999949

1583248058.756000042

1583248058.756999969

1583248058.759000063

1583248058.760999918

1583248058.763999939

1583248058.766000032

1583248058.767999887

1583248058.769000053

1583248058.770999908

1583248058.773000002

1583248058.776000023

1583248058.778000116

1583248058.779999971

1583248058.782000065

1583248058.782999992

1583248058.785000086

1583248058.788000107

1583248058.789999962

1583248058.792000055

1583248058.793999910

1583248058.795000076

1583248058.796999931

1583248058.799999952

1583248058.802000046

1583248058.803999901

1583248058.805999994

1583248058.808000088

1583248058.809000015

1583248058.812999964

1583248058.815000057

1583248058.815999985

1583248058.818000078

1583248058.821000099

1583248058.825000048

1583248058.825999975

1583248058.828000069

1583248058.829999924

1583248058.832000017

1583248058.832999945

1583248058.835999966

1583248058.838000059

1583248058.839999914

1583248058.841000080

1583248058.842999935

1583248058.845000029

1583248058.848000050

1583248058.849999905

1583248058.851999998

1583248058.854000092

1583248058.855000019

1583248058.857000113

1583248058.859999895

1583248058.861999989

1583248058.864000082

1583248058.865999937

1583248058.867000103

1583248058.868999958

1583248058.871999979

1583248058.874000072

1583248058.875999928

1583248058.878000021

1583248058.880000114

1583248058.881000042

1583248058.884999990

1583248058.887000084

1583248058.888000011

1583248058.890000105

1583248058.891999960

1583248058.894000053

1583248058.897000074

1583248058.898999929

1583248058.901000023

1583248058.901999950

1583248058.904000044

1583248058.907999992

1583248058.908999920

1583248058.911000013

1583248058.913000107

1583248058.918999910

1583248058.921000004

1583248058.923000097

1583248058.924999952

1583248058.927000046

1583248058.928999901

1583248058.931999922

1583248058.934999943

1583248058.936000109

1583248058.937999964

1583248058.940000057

1583248058.943000078

1583248058.946000099

1583248058.947000027

1583248058.948999882

1583248058.950999975

1583248058.951999903

1583248058.956000090

1583248058.957999945

1583248058.960000038

1583248058.960999966

1583248058.963000059

1583248058.964999914

1583248058.967999935

1583248058.970000029

1583248058.971999884

1583248058.973000050

1583248058.974999905

1583248058.979000092

1583248058.980000019

1583248058.982000113

1583248058.983999968

1583248058.986000061

1583248058.987999916

1583248058.990999937

1583248058.993000031

1583248058.993999958

1583248058.996000051

1583248058.997999907

1583248059.000000000

1583248059.003999949

1583248059.006000042

1583248059.007999897

1583248059.009999990

1583248059.010999918

1583248059.013000011

1583248059.016000032

1583248059.017999887

1583248059.019999981

1583248059.022000074

1583248059.023000002

1583248059.025000095

1583248059.028000116

1583248059.029999971

1583248059.032000065

1583248059.033999920

1583248059.036000013

1583248059.039000034

1583248059.040999889

1583248059.042999983

1583248059.045000076

1583248059.046999931

1583248059.049000025

1583248059.052000046

1583248059.053999901

1583248059.055999994

1583248059.056999922

1583248059.059000015

1583248059.062999964

1583248059.063999891

1583248059.065999985

1583248059.068000078

1583248059.069999933

1583248059.071000099

1583248059.075000048

1583248059.076999903

1583248059.078000069

1583248059.079999924

1583248059.082000017

1583248059.082999945

1583248059.086999893

1583248059.088999987

1583248059.089999914

1583248059.092000008

1583248059.094000101

1583248059.095000029

1583248059.098999977

1583248059.101000071

1583248059.101999998

1583248059.104000092

1583248059.105999947

1583248059.108000040

1583248059.111000061

1583248059.112999916

1583248059.115000010

1583248059.117000103

1583248059.118999958

1583248059.119999886

1583248059.124000072

1583248059.125999928

1583248059.127000093

1583248059.128999949

1583248059.131000042

1583248059.132999897

1583248059.134999990

1583248059.137000084

1583248059.138999939

1583248059.141000032

1583248059.142999887

1583248059.145999908

1583248059.148000002

1583248059.150000095

1583248059.151999950

1583248059.153000116

1583248059.154999971

1583248059.157999992

1583248059.160000086

1583248059.161999941

1583248059.164000034

1583248059.164999962

1583248059.167000055

1583248059.170000076

1583248059.171999931

1583248059.174000025

1583248059.176000118

1583248059.177999973

1583248059.178999901

1583248059.183000088

1583248059.184999943

1583248059.187999964

1583248059.188999891

1583248059.190999985

1583248059.194999933

1583248059.196000099

1583248059.197999954

1583248059.200000048

1583248059.201999903

1583248059.203999996

1583248059.207000017

1583248059.209000111

1583248059.210999966

1583248059.211999893

1583248059.213999987

1583248059.216000080

1583248059.219000101

1583248059.220999956

1583248059.226999998

1583248059.227999926

1583248059.232000113

1583248059.233999968

1583248059.236000061

1583248059.237999916

1583248059.240000010

1583248059.243000031

1583248059.244999886

1583248059.246999979

1583248059.247999907

1583248059.250000000

1583248059.252000093

1583248059.255000114

1583248059.256999969

1583248059.259000063

1583248059.260999918

1583248059.262000084

1583248059.263999939

1583248059.266000032

1583248059.267999887

1583248059.269999981

1583248059.272000074

1583248059.273999929

1583248059.275000095

1583248059.279000044

1583248059.280999899

1583248059.282000065

1583248059.283999920

1583248059.286000013

1583248059.289999962

1583248059.290999889

1583248059.292999983

1583248059.295000076

1583248059.296999931

1583248059.299000025

1583248059.302000046

1583248059.303999901

1583248059.305000067

1583248059.306999922

1583248059.309000015

1583248059.311000109

1583248059.313999891

1583248059.315999985

1583248059.318000078

1583248059.319000006

1583248059.321000099

1583248059.322999954

1583248059.325999975

1583248059.328000069

1583248059.329999924

1583248059.332000017

1583248059.334000111

1583248059.336999893

1583248059.339999914

1583248059.342000008

1583248059.342999935

1583248059.345000029

1583248059.348999977

1583248059.349999905

1583248059.351999998

1583248059.354000092

1583248059.355999947

1583248059.357000113

1583248059.361000061

1583248059.362999916

1583248059.364000082

1583248059.365999937

1583248059.368000031

1583248059.371000051

1583248059.374000072

1583248059.375999928

1583248059.378000021

1583248059.380000114

1583248059.381000042

1583248059.382999897

1583248059.385999918

1583248059.388000011

1583248059.390000105

1583248059.391999960

1583248059.394000053

1583248059.394999981

1583248059.398999929

1583248059.401000023

1583248059.401999950

1583248059.404000044

1583248059.405999899

1583248059.410000086

1583248059.411000013

1583248059.413000107

1583248059.414999962

1583248059.417000055

1583248059.417999983

1583248059.421999931

1583248059.424000025

1583248059.426000118

1583248059.427000046

1583248059.428999901

1583248059.430999994

1583248059.433000088

1583248059.434999943

1583248059.437000036

1583248059.438999891

1583248059.440999985

1583248059.441999912

1583248059.446000099

1583248059.447999954

1583248059.450000048

1583248059.450999975

1583248059.453000069

1583248059.454999924

1583248059.457999945

1583248059.460000038

1583248059.461999893

1583248059.463000059

1583248059.464999914

1583248059.469000101

1583248059.470000029

1583248059.471999884

1583248059.473999977

1583248059.476000071

1583248059.476999998

1583248059.480999947

1583248059.483000040

1583248059.483999968

1583248059.486000061

1583248059.487999916

1583248059.490000010

1583248059.493000031

1583248059.494999886

1583248059.496999979

1583248059.499000072

1583248059.500000000

1583248059.502000093

1583248059.505000114

1583248059.506999969

1583248059.509000063

1583248059.510999918

1583248059.512000084

1583248059.513999939

1583248059.516999960

1583248059.519000053

1583248059.520999908

1583248059.523000002

1583248059.525000095

1583248059.526000023

1583248059.533999920

1583248059.536000013

1583248059.539999962

1583248059.542000055

1583248059.543999910

1583248059.545000076

1583248059.546999931

1583248059.549000025

1583248059.553999901

1583248059.555999994

1583248059.558000088

1583248059.559999943

1583248059.561000109

1583248059.565000057

1583248059.566999912

1583248059.569000006

1583248059.569999933

1583248059.572000027

1583248059.573999882

1583248059.576999903

1583248059.578999996

1583248059.581000090

1583248059.582000017

1583248059.584000111

1583248059.585999966

1583248059.588999987

1583248059.591000080

1583248059.592999935

1583248059.595000029

1583248059.595999956

1583248059.598000050

1583248059.601000071

1583248059.602999926

1583248059.605000019

1583248059.607000113

1583248059.608000040

1583248059.609999895

1583248059.612999916

1583248059.615000010

1583248059.617000103

1583248059.618999958

1583248059.621000051

1583248059.621999979

1583248059.625999928

1583248059.628000021

1583248059.628999949

1583248059.631999969

1583248059.632999897

1583248059.637000084

1583248059.638999939

1583248059.641000032

1583248059.641999960

1583248059.644000053

1583248059.648000002

1583248059.650000095

1583248059.651000023

1583248059.653000116

1583248059.654999971

1583248059.657000065

1583248059.660000086

1583248059.661999941

1583248059.664000034

1583248059.665999889

1583248059.667999983

1583248059.668999910

1583248059.673000097

1583248059.674999952

1583248059.677000046

1583248059.678999901

1583248059.680000067

1583248059.684000015

1583248059.686000109

1583248059.687000036

1583248059.688999891

1583248059.690999985

1583248059.693000078

1583248059.696000099

1583248059.697999954

1583248059.700000048

1583248059.700999975

1583248059.703000069

1583248059.704999924

1583248059.707999945

1583248059.710000038

1583248059.711999893

1583248059.713999987

1583248059.714999914

1583248059.717000008

1583248059.720000029

1583248059.721999884

1583248059.723999977

1583248059.726000071

1583248059.726999998

1583248059.729000092

1583248059.732000113

1583248059.734999895

1583248059.736000061

1583248059.737999916

1583248059.740000010

1583248059.743999958

1583248059.744999886

1583248059.746999979

1583248059.749000072

1583248059.750999928

1583248059.752000093

1583248059.756000042

1583248059.757999897

1583248059.759000063

1583248059.760999918

1583248059.763000011

1583248059.765000105

1583248059.767999887

1583248059.769999981

1583248059.770999908

1583248059.773000002

1583248059.775000095

1583248059.776999950

1583248059.779999971

1583248059.782000065

1583248059.783999920

1583248059.786000013

1583248059.786999941

1583248059.789000034

1583248059.792000055

1583248059.793999910

1583248059.796000004

1583248059.798000097

1583248059.799000025

1583248059.801000118

1583248059.805000067

1583248059.806999922

1583248059.809000015

1583248059.809999943

1583248059.812000036

1583248059.815999985

1583248059.816999912

1583248059.819000006

1583248059.821000099

1583248059.822999954

1583248059.823999882

1583248059.828000069

1583248059.829999924

1583248059.832000017

1583248059.834000111

1583248059.835000038

1583248059.838999987

1583248059.845000029

1583248059.846999884

1583248059.848999977

1583248059.851999998

1583248059.854000092

1583248059.855000019

1583248059.857000113

1583248059.858999968

1583248059.862999916

1583248059.864000082

1583248059.865999937

1583248059.868000031

1583248059.869999886

1583248059.871999979

1583248059.875000000

1583248059.877000093

1583248059.878999949

1583248059.881000042

1583248059.881999969

1583248059.884000063

1583248059.887000084

1583248059.888999939

1583248059.891000032

1583248059.892999887

1583248059.894000053

1583248059.895999908

1583248059.898999929

1583248059.901000023

1583248059.903000116

1583248059.904999971

1583248059.907000065

1583248059.907999992

1583248059.911999941

1583248059.914000034

1583248059.915999889

1583248059.917999983

1583248059.920000076

1583248059.924000025

1583248059.924999952

1583248059.927000046

1583248059.928999901

1583248059.930999994

1583248059.934999943

1583248059.937000036

1583248059.938999891

1583248059.940000057

1583248059.941999912

1583248059.944000006

1583248059.947000027

1583248059.948999882

1583248059.950999975

1583248059.953000069

1583248059.953999996

1583248059.956000090

1583248059.959000111

1583248059.960999966

1583248059.963000059

1583248059.964999914

1583248059.967000008

1583248059.967999935

1583248059.971999884

1583248059.973999977

1583248059.974999905

1583248059.976999998

1583248059.979000092

1583248059.980000019

1583248059.983999968

1583248059.986000061

1583248059.987999916

1583248059.989000082

1583248059.990999937

1583248059.994999886

1583248059.996000051

1583248059.997999907

1583248060.000000000

1583248060.002000093

1583248060.003999949

1583248060.006999969

1583248060.009000063

1583248060.010999918

1583248060.012000084

1583248060.013999939

1583248060.016000032

1583248060.019000053

1583248060.020999908

1583248060.023000002

1583248060.025000095

1583248060.026000023

1583248060.028000116

1583248060.030999899

1583248060.032999992

1583248060.033999920

1583248060.036000013

1583248060.038000107

1583248060.039000034

1583248060.042999983

1583248060.045000076

1583248060.046999931

1583248060.048000097

1583248060.049999952

1583248060.053999901

1583248060.055999994

1583248060.056999922

1583248060.059000015

1583248060.061000109

1583248060.062999964

1583248060.065999985

1583248060.068000078

1583248060.069999933

1583248060.072000027

1583248060.072999954

1583248060.075000048

1583248060.078000069

1583248060.079999924

1583248060.082000017

1583248060.084000111

1583248060.085000038

1583248060.086999893

1583248060.089999914

1583248060.092000008

1583248060.094000101

1583248060.095999956

1583248060.096999884

1583248060.098999977

1583248060.104000092

1583248060.105999947

1583248060.107000113

1583248060.108999968

1583248060.111000061

1583248060.111999989

1583248060.115999937

1583248060.118000031

1583248060.118999958

1583248060.121000051

1583248060.122999907

1583248060.127000093

1583248060.128000021

1583248060.131000042

1583248060.131999969

1583248060.134000063

1583248060.138000011

1583248060.140000105

1583248060.141000032

1583248060.144000053

1583248060.144999981

1583248060.147000074

1583248060.150000095

1583248060.151999950

1583248060.157999992

1583248060.158999920

1583248060.163000107

1583248060.164999962

1583248060.167000055

1583248060.167999983

1583248060.170000076

1583248060.174000025

1583248060.176000118

1583248060.177000046

1583248060.178999901

1583248060.180999994

1583248060.181999922

1583248060.186000109

1583248060.187999964

1583248060.190000057

1583248060.191999912

1583248060.194000006

1583248060.194999933

1583248060.198999882

1583248060.200999975

1583248060.203000069

1583248060.203999996

1583248060.206000090

1583248060.210000038

1583248060.211999893

1583248060.213000059

1583248060.214999914

1583248060.217000008

1583248060.217999935

1583248060.221999884

1583248060.223999977

1583248060.224999905

1583248060.226999998

1583248060.229000092

1583248060.230999947

1583248060.233999968

1583248060.236000061

1583248060.237999916

1583248060.240000010

1583248060.240999937

1583248060.243000031

1583248060.246000051

1583248060.247999907

1583248060.250000000

1583248060.252000093

1583248060.253999949

1583248060.255000114

1583248060.259000063

1583248060.260999918

1583248060.263000011

1583248060.263999939

1583248060.266000032

1583248060.269999981

1583248060.272000074

1583248060.273999929

1583248060.276000023

1583248060.278000116

1583248060.279000044

1583248060.283999920

1583248060.286000013

1583248060.288000107

1583248060.289000034

1583248060.290999889

1583248060.295000076

1583248060.296999931

1583248060.298000097

1583248060.299999952

1583248060.302000046

1583248060.303999901

1583248060.306999922

1583248060.309000015

1583248060.311000109

1583248060.312999964

1583248060.315000057

1583248060.315999985

1583248060.319999933

1583248060.322000027

1583248060.322999954

1583248060.325000048

1583248060.326999903

1583248060.328999996

1583248060.331000090

1583248060.332999945

1583248060.335000038

1583248060.336999893

1583248060.338999987

1583248060.342999935

1583248060.345000029

1583248060.346999884

1583248060.348999977

1583248060.349999905

1583248060.354000092

1583248060.355999947

1583248060.357000113

1583248060.358999968

1583248060.361000061

1583248060.361999989

1583248060.365999937

1583248060.368000031

1583248060.368999958

1583248060.371000051

1583248060.372999907

1583248060.375000000

1583248060.378000021

1583248060.378999949

1583248060.381000042

1583248060.382999897

1583248060.384999990

1583248060.387000084

1583248060.390000105

1583248060.391999960

1583248060.394000053

1583248060.394999981

1583248060.398000002

1583248060.398999929

1583248060.403000116

1583248060.404999971

1583248060.405999899

1583248060.407999992

1583248060.410000086

1583248060.414000034

1583248060.414999962

1583248060.417000055

1583248060.418999910

1583248060.421000004

1583248060.421999931

1583248060.426000118

1583248060.427999973

1583248060.430000067

1583248060.431999922

1583248060.434000015

1583248060.437000036

1583248060.438999891

1583248060.440999985

1583248060.441999912

1583248060.444999933

1583248060.446000099

1583248060.450000048

1583248060.451999903

1583248060.453000069

1583248060.454999924

1583248060.457000017

1583248060.460999966

1583248060.461999893

1583248060.469000101

1583248060.470999956

1583248060.473999977

1583248060.476000071

1583248060.477999926

1583248060.480000019

1583248060.482000113

1583248060.483000040

1583248060.486999989

1583248060.489000082

1583248060.490999937

1583248060.492000103

1583248060.493999958

1583248060.497999907

1583248060.499000072

1583248060.500999928

1583248060.503000021

1583248060.505000114

1583248060.506000042

1583248060.509999990

1583248060.512000084

1583248060.513000011

1583248060.515000105

1583248060.516999960

1583248060.517999887

1583248060.522000074

1583248060.523999929

1583248060.526000023

