nSeg: 57

breaks: 
0.000000000000000
0.332368419881453
0.664736839762905
0.997105259644358
1.329473679525810
1.661842099407263
1.994210519288716
2.326578939170168
2.658947359051621
2.991315778933073
3.323684198814526
3.656052618695979
3.988421038577431
4.320789458458884
4.653157878340337
4.985526298221789
5.317894718103242
5.650263137984694
5.982631557866147
6.314999977747600
6.647368397629052
6.979736817510505
7.312105237391958
7.644473657273410
7.976842077154862
8.309210497036315
8.641578916917767
8.973947336799220
9.306315756680673
9.638684176562125
9.971052596443577
10.303421016325030
10.635789436206483
10.968157856087936
11.300526275969387
11.632894695850840
11.965263115732293
12.297631535613746
12.629999955495199
12.962368375376650
13.294736795258103
13.627105215139556
13.959473635021009
14.291842054902462
14.624210474783915
14.956578894665366
15.288947314546819
15.621315734428272
15.953684154309725
16.286052574191178
16.618420994072629
16.950789413954084
17.283157833835535
17.615526253716986
17.947894673598441
18.280263093479892
18.612631513361347
18.944999933242798

coefs_q:
q1:
0.085163846519028
-0.115609238910455
-0.000000000000000
-2.270169258000000
q2:
0.276023967349481
-0.384763385576271
0.000000000000000
1.276112437000000
q3:
-0.090133335341106
0.125701903702020
-0.000000000000000
-2.758226632999999
q4:
-0.227631710723685
0.272735511317850
0.000000000000000
1.599887967000000
q5:
-0.058534240094454
0.071353423103824
-0.000000000000000
-0.976482332000000
q6:
0.078328876325256
-0.091363265534266
-0.000000000000000
-0.393767953000000
q7:
0.021278594267245
-0.035849502645233
-0.000000000000000
-1.245766640000000

q1:
-0.030444532196612
-0.030691919614787
-0.048625884885861
-2.279813564182426
q2:
0.071449504712980
-0.109538435944202
-0.164290315363283
1.243742687289545
q3:
0.036242300586486
0.035829480964115
0.053687931082746
-2.747649863975440
q4:
-0.001570257113425
0.045762735293421
0.105858758961201
1.621658921657328
q5:
0.025279276339937
0.012988624436358
0.028032633070497
-0.970749169800983
q6:
-0.023667460258250
-0.013261130968321
-0.034773845346615
-0.400984791427063
q7:
-0.020395460011299
-0.014632504383525
-0.016778624908592
-1.248945618462249

q1:
0.064602902399185
-0.061048322795441
-0.079117444295290
-2.300483582681629
q2:
0.126336766919980
-0.038295758995905
-0.213425733139973
1.179660562412582
q3:
-0.045285523496964
0.071966869500512
0.089516033755661
-2.724516968341289
q4:
-0.129612528627403
0.044197023666631
0.135758541899670
1.661840728947596
q5:
-0.022994738661403
0.038194723834913
0.045044361659661
-0.959069008285193
q6:
0.034193836860523
-0.036860080074245
-0.051432553063378
-0.414876442505457
q7:
0.014004582797958
-0.034968924833657
-0.033264573561369
-1.256887584649077

q1:
0.026772095743225
0.003367570975078
-0.098288704635398
-2.331151674101977
q2:
-0.047291272735841
0.087675295786470
-0.197013534522415
1.109132725813982
q3:
-0.048749240009885
0.026812435835940
0.122347155387326
-2.688477292539625
q4:
0.026808167033047
-0.085040310343558
0.122183523244094
1.707086075400377
q5:
-0.019237130522853
0.015266548971480
0.062813200427173
-0.940722643344318
q6:
0.024795046121492
-0.002765225493197
-0.064602753262148
-0.434787414300851
q7:
0.028703083855119
-0.021004881666688
-0.051868499182639
-1.271292455520281

q1:
-0.028778889739486
0.030062168452350
-0.087177714964855
-2.362464751056522
q2:
-0.039063341482256
0.040520919006287
-0.154405161176963
1.051600668484048
q3:
0.009732361757736
-0.021795687781581
0.124014564011096
-2.646640918265161
q4:
0.044061224041640
-0.058309745993482
0.074538491529435
1.739286019258043
q5:
-0.012666085012690
-0.003914895053321
0.066586131702992
-0.918865359157114
q6:
0.034810530014812
0.021958045407667
-0.058223666034106
-0.455654417291634
q7:
0.013433849411721
0.007615114213264
-0.056318835033714
-1.289798418123133

q1:
-0.003839611348673
0.001366586126383
-0.076731789466680
-2.389175594954829
q2:
0.005182731333002
0.001570655755046
-0.140415250983217
1.003323302471069
q3:
0.000376139452020
-0.012091498684181
0.112751533391243
-2.607472799727573
q4:
0.020366578994729
-0.014376067755195
0.050380022465990
1.759236620605958
q5:
-0.005838983192174
-0.016544315038577
0.059786136372725
-0.897631757553897
q6:
0.021017550855340
0.056667807976445
-0.032090915382998
-0.471302332093509
q7:
0.001073682022194
0.021010076118962
-0.046804725754186
-1.307182546418861

q1:
0.008109204319227
-0.002461910544369
-0.077095840712743
-2.414668829925767
q2:
0.003919199094743
0.006738384426506
-0.137653588427343
0.957017506649137
q3:
-0.023067131374907
-0.011716448058212
0.104838523751852
-2.571319673220296
q4:
0.008506989128643
0.005931555281412
0.047573333198409
1.775141028616739
q5:
-0.017601399909342
-0.022366395890469
0.046853444864774
-0.879802749982471
q6:
0.060015978138831
0.077624518479147
0.012543612963251
-0.474936628762583
q7:
0.014930868546041
0.022080650110477
-0.032482729165763
-1.320378580304332

q1:
0.018987849337515
0.005623819733863
-0.076044921951622
-2.440267276687260
q2:
0.012804651891070
0.010646238457468
-0.131875488789162
0.912154080593426
q3:
-0.015773079071137
-0.034716806077040
0.089405576444965
-2.538615900696743
q4:
-0.012785558974217
0.014413918885319
0.054335526298944
1.791920499210830
q5:
-0.002281451060291
-0.039916844317177
0.026152462731862
-0.867347191509214
q6:
-0.003019513882915
0.137466765944076
0.084033163297270
-0.459988876711790
q7:
0.005881476084261
0.036968297668793
-0.012856723696705
-1.328187384801154

q1:
0.001152266039559
0.024556704177634
-0.066013868907964
-2.464223786676636
q2:
0.006363705236685
0.023413824205968
-0.120554999580653
0.869969049410527
q3:
0.025639554834083
-0.050444226179657
0.061100738718333
-2.513314562836988
q4:
-0.033520952567332
0.001665370784633
0.059679774399362
1.811102761275831
q5:
0.022103171537632
-0.042191691169015
-0.001137821466464
-0.863148269859277
q6:
-0.070112136175081
0.134455992769852
0.174411700940824
-0.416983988401999
q7:
-0.020915743850114
0.042832748406881
0.013666623892354
-1.328160765283582

q1:
0.010708584888605
0.025705634706188
-0.049308254753602
-2.483409656175741
q2:
0.051022584215302
0.029759108168293
-0.102881996066956
0.832720522868528
q3:
0.055998503003977
-0.024878891199652
0.036065713214427
-2.497637727960014
q4:
-0.090521010283146
-0.031758547328542
0.049677752862250
1.829891638712659
q5:
0.051848754954319
-0.020152502574021
-0.021859062629619
-0.867375762537135
q6:
-0.218063131855548
0.064546813024777
0.240553949054760
-0.346736119562297
q7:
-0.050561962675521
0.021977550204558
0.035207520433883
-1.319654679551990

q1:
-0.014513191353928
0.036383221021964
-0.028671879882989
-2.496565313206373
q2:
-0.021688718468236
0.080633995250019
-0.066190814718002
0.803686610381855
q3:
-0.021321952059879
0.030957510677823
0.038086054365447
-2.486342904789566
q4:
0.053336046428152
-0.122017522790188
-0.001432556578692
1.839571028155130
q5:
-0.003356836121135
0.031546163696943
-0.018072169485529
-0.874963550780556
q6:
-0.036982858542837
-0.152885082682910
0.211193097953425
-0.267659654574838
q7:
-0.015152618361796
-0.028438048717146
0.033060254751608
-1.307381428430548

q1:
-0.003140029148486
0.021912041588737
-0.009296375562496
-2.502608602183361
q2:
-0.023151474500098
0.059008059990395
-0.019778205468747
0.789798081748289
q3:
0.002546726151146
0.009697280133033
0.051598422947862
-2.471047328875886
q4:
0.010955714041004
-0.068835870368042
-0.064866197291707
1.827574070198899
q5:
-0.026056492417111
0.028199044744794
0.001785251039739
-0.877608554104490
q6:
0.164370169475078
-0.189760885452656
0.097308398945456
-0.215712639639342
q7:
0.035459326552031
-0.043546804183076
0.009134762937762
-1.300091108489040

q1:
0.027946017369910
0.018781102009345
0.004228740275208
-2.503393117977608
q2:
-0.007012301689319
0.035923602997825
0.011774081355366
0.788892941287921
q3:
-0.050606758112808
0.012236634173214
0.058888563387645
-2.452732889561090
q4:
0.030039311361197
-0.057911870274597
-0.106993143572645
1.798812634613766
q5:
-0.009078461629247
0.002217979107810
0.011894909195126
-0.874856778104968
q6:
0.003067402385906
-0.025866524940421
0.025640657269980
-0.198297982510513
q7:
0.015006062681682
-0.008190123174599
-0.008060957857630
-1.300563627196795

q1:
0.016070637849144
0.046646222914995
0.025974716877381
-2.498886817902523
q2:
-0.023774148532464
0.028931600101192
0.033329902730476
0.796517244237671
q3:
-0.021109655653214
-0.038223630514617
0.050251306476188
-2.433666519314890
q4:
0.013817727691003
-0.027959514920253
-0.135534080182889
1.757956972919702
q5:
-0.011085921760209
-0.006834202732192
0.010360622243271
-0.870991596302349
q6:
0.070614884792525
-0.022808001887988
0.009462781699544
-0.192520657117330
q7:
0.024191380603085
0.006772500851859
-0.008532130749028
-1.303596620287422

q1:
-0.038876455573569
0.062670340440217
0.062308090306624
-2.484510636755603
q2:
0.019869521197273
0.005226271555906
0.044682900559659
0.809918190051819
q3:
0.023508896684042
-0.059272179195718
0.017846778257701
-2.421962158369888
q4:
-0.012988201871329
-0.014181785963221
-0.149540517769278
1.710328407964262
q5:
0.006876574691109
-0.017888033627302
0.002143731608530
-0.868710052959258
q6:
-0.046454505209286
0.047602471147819
0.017703680269233
-0.189302379782726
q7:
-0.025340209387013
0.030893853689254
0.003986975992496
-1.304796062588877

q1:
-0.020960936598118
0.023906422111481
0.091083472074383
-2.458305680775771
q2:
0.010377812023729
0.025038275648322
0.054741880292356
0.826076250763797
q3:
0.045396621983868
-0.035831334663624
-0.013762626368902
-2.421715017011968
q4:
-0.013129975575829
-0.027132390362446
-0.163272045273344
1.658582338864467
q5:
0.011197208597181
-0.011031364834460
-0.007468163162128
-0.869721130701056
q6:
-0.035527199505143
0.001282439669464
0.033951480833620
-0.179865288188279
q7:
-0.018922347892727
0.005626997628974
0.016125353637861
-1.300988511241991

q1:
-0.002964735944750
0.003006161982426
0.100028365124602
-2.426161106774420
q2:
0.001578804152461
0.035386046600782
0.074825016800699
0.847417705609428
q3:
0.006102467081761
0.009433875886577
-0.022536308031515
-2.428580725409726
q4:
0.005112576866945
-0.040224358068108
-0.185659301317560
1.600836500961696
q5:
-0.003319291937739
0.000133430751125
-0.011090292293379
-0.873010813158141
q6:
0.000829691697208
-0.034141917817549
0.023030028003412
-0.169743646981489
q7:
-0.008018343280834
-0.013240574979684
0.013594840964160
-1.295702104603839

q1:
0.001769630610987
0.000050008178460
0.101044139571865
-2.392691604329900
q2:
-0.002611352743541
0.036960280525150
0.098870651231772
0.876254199024887
q3:
-0.003892061841401
0.015518677910608
-0.014242867153938
-2.434804873675893
q4:
0.004151345934900
-0.035126580783740
-0.210703573800332
1.534873392182283
q5:
0.001765071576151
-0.003176252698290
-0.012101630215938
-0.876804008369313
q6:
0.020200365584775
-0.033314627862379
0.000609602505113
-0.165830345278958
q7:
0.001495948915003
-0.021235707238638
0.002136013519869
-1.292940682913231

q1:
-0.011476364144639
0.001814516168303
0.101663848582829
-2.359037224639934
q2:
-0.008039098582493
0.034356486969778
0.122574092555114
0.913102758460366
q3:
0.012534848801834
0.011637882577686
-0.005216884055029
-2.437967325943931
q4:
0.011921974436543
-0.030987251917448
-0.232677723907533
1.461114210427851
q5:
-0.002282642391102
-0.001416290546061
-0.013628046557301
-0.881112277850588
q6:
-0.000222232522866
-0.013172737091062
-0.014841329528915
-0.168566275228697
q7:
-0.007988618935799
-0.019744088707329
-0.011484376505756
-1.294521696106829

q1:
-0.000188492297296
-0.009628626881911
0.099066684952168
-2.325468294530435
q2:
0.004630543741837
0.026340659490375
0.142747907215388
0.957342668467854
q3:
0.007243692184186
0.024136446246841
0.006673373088699
-2.437955397283248
q4:
-0.003109888409988
-0.019099788501425
-0.249325074388092
1.380794090633740
q5:
0.002371893391322
-0.003692325280116
-0.015325989127228
-0.885882076270473
q6:
-0.000920811805530
-0.013394326308476
-0.023671382411909
-0.174962400054004
q7:
-0.005083868027092
-0.027709582665509
-0.027256478277520
-1.300813158069349

q1:
0.002661536125926
-0.009816573542947
0.092603714412680
-2.293612240270327
q2:
0.000643376949485
0.030957799010374
0.161792105328925
1.007867401563254
q3:
0.005203492613399
0.031359169822938
0.025118363312159
-2.432805093580906
q4:
-0.006678943338505
-0.022200674591931
-0.263052044046803
1.295702195858529
q5:
-0.001106421793975
-0.001327297904313
-0.016994353353437
-0.891296750460140
q6:
0.004706768581627
-0.014312472602912
-0.032880247386061
-0.184343483558066
q7:
0.000114098376728
-0.032778734214660
-0.047360884580270
-1.313120055077230

q1:
0.003107289678163
-0.007162741873052
0.086960326177196
-2.263820392969662
q2:
-0.002205347365697
0.031599313550640
0.182584113983175
1.065085480272014
q3:
0.015501079091055
0.036547599676279
0.047688428989868
-2.420801280898233
q4:
-0.007872199330857
-0.028860284123622
-0.280023094212724
1.205574296210180
q5:
0.009872773014045
-0.002430516894471
-0.018243332320316
-0.897132385540463
q6:
-0.019052427804745
-0.009619328894243
-0.040834422434587
-0.196680105356029
q7:
-0.032826633528525
-0.032664966123108
-0.069112303852729
-1.332478154513036

q1:
0.046942162999761
-0.004064446991717
0.083228763154502
-2.235594697754193
q2:
0.042999534842096
0.029400350092961
0.202858475801699
1.129180438663058
q3:
0.047545549568825
0.052003807168132
0.077120120161025
-2.400344642126565
q4:
-0.129800287352186
-0.036709695481387
-0.301816484725700
1.109026264603839
q5:
0.017338658709018
0.007413677005109
-0.016587087268327
-0.903101897294641
q6:
-0.033948599484282
-0.028616604867349
-0.053542839321619
-0.212014348429976
q7:
-0.044501380269813
-0.065396575070818
-0.101704863350494
-1.360262633744493

q1:
0.002230224095565
0.042741830634427
0.096083904040978
-2.206657535783185
q2:
-0.071092475109214
0.072275412446276
0.236652288337107
1.201430795219701
q3:
-0.027803828838756
0.099411724715889
0.127445861238826
-2.367221855156126
q4:
0.062288715558990
-0.166134244703600
-0.369235404607512
0.999890931597744
q5:
0.018579934592863
0.024702144799049
-0.005912802322085
-0.907159329622055
q6:
-0.013727845126198
-0.062466931970687
-0.083816130537691
-0.234218006334001
q7:
-0.026928341609653
-0.109769135399281
-0.159924413756853
-1.402924324790030

q1:
0.013169548343792
0.044965598810300
0.125235083777386
-2.169918757468951
q2:
-0.011033504075916
0.001388731593743
0.261135923493608
1.285460463286845
q3:
-0.024550760603344
0.071688380742514
0.184314132931586
-2.314901839564965
q4:
0.085130315296873
-0.104025838803240
-0.459028084677722
0.861103111509589
q5:
-0.017426553840194
0.043228295305441
0.016665130717296
-0.905713555921853
q6:
0.049812135078454
-0.076155038549602
-0.129889695840373
-0.269480522208709
q7:
0.092175761017905
-0.136619526451766
-0.241816223972991
-1.469192920342158

q1:
-0.160252182040007
0.058097024731036
0.159489845112657
-2.122843738848314
q2:
-0.207999867515030
-0.009612833352660
0.258402491787052
1.372002099249048
q3:
-0.173855508379297
0.047208688216650
0.223831763870079
-2.246623729258019
q4:
0.451260096007520
-0.019141953665545
-0.499965169240859
0.700170738920341
q5:
-0.006017944596790
0.025852186813908
0.039625301403953
-0.896039055387189
q6:
0.034666158612442
-0.026487096668761
-0.164004700136158
-0.319235589589390
q7:
0.041595110935174
-0.044710590329092
-0.302084628364364
-1.561272831575091

q1:
-0.126301891242669
-0.101691268850541
0.145000495078730
-2.069300316279257
q2:
-0.026259547172184
-0.217010595257226
0.183080020911867
1.449188017647834
q3:
-0.191931013519170
-0.126143553606490
0.197596307386903
-2.173397370134301
q4:
0.045777748795506
0.430811861531172
-0.363139092450817
0.548452131934257
q5:
-0.120199753933700
0.019851662604201
0.054815817617550
-0.880233954218682
q6:
0.289273313503640
0.008078712415371
-0.170123065723028
-0.375398755426924
q7:
0.552894354391151
-0.003235886440139
-0.318020523087036
-1.665088126146049

q1:
0.296749975441478
-0.227627548911636
0.035545319981888
-2.036977781725255
q2:
0.326245863770717
-0.243194127858489
0.030122504267915
1.485100987943867
q3:
0.411758071690563
-0.317518976675327
0.050136893236528
-2.128704522757371
q4:
-0.634677874925056
0.476457095629849
-0.061591542751715
0.477028211433991
q5:
0.101420625801271
-0.100000144251049
0.028176993416689
-0.864235212607825
q6:
-0.335427628737915
0.296514654784601
-0.068885849560402
-0.420428790311714
q7:
-0.599488530844817
0.548057982350950
-0.136938863952659
-1.750845318050254

q1:
-0.056890031589567
0.068263412400396
-0.017422286256125
-2.039413804604618
q2:
-0.055363304437899
0.082107338844509
-0.023417657260438
1.480225952350155
q3:
-0.075860686757227
0.093047162308352
-0.024470449012546
-2.131998287494413
q4:
0.103154803255412
-0.156383551637829
0.044790795310770
0.485887713446863
q5:
0.017676146738800
0.001126895171821
-0.004685352148319
-0.862193169314818
q6:
0.002731586780669
-0.037941998060009
0.017055535779700
-0.422884334408507
q7:
-0.023736258824914
-0.049695184850887
0.028701191580138
-1.757827200940492

q1:
-0.034553456816745
0.011538062681106
0.009101203920923
-2.039752240529223
q2:
-0.054305808953882
0.026904296798189
0.012814367826818
1.479480221733490
q3:
-0.041561088241327
0.017406072542489
0.012240718125623
-2.132638012678684
q4:
0.119804083459875
-0.053527354754280
-0.024976960962659
0.487286726987207
q5:
-0.037078329389681
0.018751874055324
0.001921722968895
-0.862976942459479
q6:
0.065879426078051
-0.035218318513830
-0.007260643037974
-0.421306724816753
q7:
0.134819178420248
-0.073362733369488
-0.012199374252669
-1.754649105316717

q1:
-0.073189460302885
-0.022915370849765
0.005319745982401
-2.036721368312106
q2:
-0.107223261069072
-0.027244310938968
0.012701357864109
1.484717487432882
q3:
-0.099130204473805
-0.024034707139482
0.010037569318649
-2.128172727778309
q4:
0.230165631276375
0.065929926990434
-0.020854737626063
0.477470839272349
q5:
-0.013401245147345
-0.018219123197953
0.002098792529550
-0.861628106190462
q6:
0.058242299518060
0.030470403730947
-0.008838699972092
-0.425191606769047
q7:
0.101423073957017
0.061066178534272
-0.016286360753235
-1.761858017364018

q1:
0.013434161171821
-0.095892966668303
-0.034168393427221
-2.040171933829794
q2:
-0.039665530819249
-0.134157188507160
-0.040943403473298
1.481992527681478
q3:
0.000527860511972
-0.122877955409934
-0.038791560193477
-2.131131338415035
q4:
0.017362097304634
0.295429288525471
0.099249653844560
0.486273417922618
q5:
0.004339710076001
-0.031581575220154
-0.014453386912669
-0.863435222431698
q6:
0.005809358826673
0.088544106914187
0.030717964873995
-0.422624840143697
q7:
0.011123238207079
0.162195659026113
0.057918823416539
-1.756801300943464

q1:
0.050406882989042
-0.082497693904970
-0.093459815403569
-2.061628353423748
q2:
0.053324347839826
-0.173707897913619
-0.143268035783639
1.452107681533802
q3:
0.050334203160451
-0.122351622917088
-0.120298127650225
-2.157579223049270
q4:
-0.199587173043806
0.312741127066379
0.301386293893470
0.552534050129640
q5:
0.029511560284025
-0.027254427478042
-0.034008616161609
-0.871568511237022
q6:
-0.047045737354320
0.094336649155423
0.091501752795577
-0.402420502089682
q7:
-0.086843171690873
0.173286698346668
0.169422564434635
-1.719224954255476

q1:
0.058889597344949
-0.032236725754318
-0.131593913171742
-2.099954107360656
q2:
0.131227508793435
-0.120537910215423
-0.241066050088229
1.387258487960282
q3:
0.102123098554192
-0.072163124205794
-0.184948686795097
-2.209230467335932
q4:
-0.194410089422948
0.113731707066851
0.443132395896696
0.679925354571206
q5:
0.026445047788511
0.002171704501472
-0.042345321163656
-0.884799108071228
q6:
-0.065776907210312
0.047427096995584
0.138619545100263
-0.363314302614030
q7:
-0.111589977275592
0.086694915089500
0.255832242490646
-1.646960038895029

q1:
0.001556200463226
0.026482401496669
-0.133506468832742
-2.145090709825623
q2:
0.041947904501048
0.010309729012537
-0.277702416501039
1.298638263979739
q3:
0.054033256180115
0.029664354493769
-0.199073935731189
-2.274923756121705
q4:
-0.015487629800848
-0.080115615624700
0.454305323091914
0.832634345311293
q5:
0.007407839281399
0.028540200742942
-0.032137653746021
-0.897662484953155
q6:
-0.041141026344063
-0.018159403146957
0.148347202258305
-0.314417417129643
q7:
-0.075382113487578
-0.024572038175586
0.276479924929013
-1.556449574730017

q1:
-0.017352141337046
0.028034097163612
-0.115386906315556
-2.186481427718518
q2:
-0.001435877191108
0.052136205221592
-0.256947360011620
1.209017826735780
q3:
-0.007052962348087
0.083541198426672
-0.161447984985216
-2.335828758097947
q4:
0.032962986394127
-0.095558412758550
0.395916823863964
0.974212165535800
q5:
-0.014209751464605
0.035926596253025
-0.010710926293653
-0.904919236707653
q6:
0.007258527259557
-0.059181336901790
0.122641582695841
-0.268628086262115
q7:
-0.003856261398134
-0.099735940017158
0.235163878638433
-1.470038576209033

q1:
-0.021930652012454
0.010732185770351
-0.102502218112117
-2.222372606247823
q2:
-0.014905879469218
0.050704484522135
-0.222766362461979
1.129323340838728
q3:
-0.027208714212041
0.076508652573321
-0.108252468906086
-2.380519235504192
q4:
0.034000774303383
-0.062690845651381
0.343319767898843
1.096456474564292
q5:
-0.017946191794960
0.021757978329428
0.008461604611850
-0.905032173496660
q6:
0.027218365338744
-0.051943821194013
0.085707089490463
-0.234137080021470
q7:
0.038132332257952
-0.103581038539801
0.167587735740385
-1.403036823489303

q1:
0.001082739667470
-0.011134982698697
-0.102636095090724
-2.256060748234614
q2:
0.005145904581576
0.035841753703753
-0.194001126016157
1.060336809627149
q3:
-0.005101909673479
0.049378700524335
-0.066411488273960
-2.409046125176781
q4:
-0.011754741108172
-0.028788494761497
0.312914924074017
1.204888126571259
q5:
-0.002478995509723
0.003863736100087
0.016977453351442
-0.900475144602869
q6:
0.001233727515309
-0.024804245955829
0.060198455682914
-0.210389561504334
q7:
0.011526864498032
-0.065559089482891
0.111370898650936
-1.357378342862430

q1:
0.015882824168775
-0.010055377281436
-0.109679101554040
-2.291364058560566
q2:
-0.000520734195583
0.040972762227671
-0.168470406732071
1.000005294967594
q3:
-0.018590538387272
0.044291559554679
-0.035278451941613
-2.425851725852408
q4:
-0.009372417228670
-0.040509208946213
0.289882555791272
1.305279344990082
q5:
-0.005943706083194
0.001391916638708
0.018724266347681
-0.894496572713313
q6:
0.006464944666556
-0.023574089761347
0.044119024684101
-0.193076292419442
q7:
0.013752727071596
-0.054065592264695
0.071611432199669
-1.327181180853720

q1:
-0.006924938756520
0.005781470235255
-0.111099613285699
-2.328345574359764
q2:
-0.007460941440808
0.040453535422379
-0.141406876845328
0.948518143141828
q3:
-0.008362398202954
0.025754835949110
-0.011997242149628
-2.433366911558977
q4:
0.024844627920704
-0.049854495460501
0.259848514142978
1.396808028905999
q5:
0.001728407595560
-0.004534583958625
0.017679742976347
-0.888337685649982
q6:
0.002230223359002
-0.017127859431015
0.030590982144941
-0.180779353478790
q7:
0.015016457910087
-0.040352675767153
0.040229781645981
-1.308847411920481

q1:
0.002070751619314
-0.001123422621586
-0.109551425360611
-2.364887163723643
q2:
0.004099767123571
0.033014191469851
-0.116988524545875
0.905713876701024
q3:
0.003743175306061
0.017416644717704
0.002351594663544
-2.434816347582408
q4:
-0.023240276108429
-0.025081786286860
0.234942060586816
1.478578307882567
q5:
0.000037650852293
-0.002811179654283
0.015238243131502
-0.882898966527100
q6:
-0.022143075213320
-0.014904091989573
0.019944573065561
-0.172422084969936
q7:
-0.000596317414331
-0.025379686603777
0.018382420229679
-1.299382664066257

q1:
0.016947228805367
0.000941334709449
-0.109611945632247
-2.401346670579297
q2:
-0.001970581822779
0.037102090832080
-0.093684086589220
0.870628151063345
q3:
-0.014343574662717
0.021148984503149
0.015169591909412
-2.431973320863289
q4:
0.013998679915177
-0.048254787830162
0.210567299328023
1.553041577697445
q5:
0.002972316705644
-0.002773637791431
0.013382026181744
-0.878143420883534
q6:
-0.008442613368017
-0.036983068749475
0.002698919438589
-0.168252587836333
q7:
0.006383815326867
-0.025974277834025
0.001313984214839
-1.296098485361672

q1:
0.035421876066423
0.017839505687677
-0.103369787385409
-2.437051991630085
q2:
-0.017784779129913
0.035137213332027
-0.069674023210860
0.843516788914445
q3:
-0.052801625465744
0.006846930764852
0.024474550030173
-2.425121768750384
q4:
0.004306761870465
-0.034296630458661
0.183129814872394
1.618210831505464
q5:
-0.014228663690258
0.000190074829095
0.012523331442288
-0.873892925773144
q6:
0.062708033684825
-0.045401242943869
-0.024683024061949
-0.171751008007799
q7:
0.031754762446566
-0.019608941995007
-0.013836438532845
-1.298296714672148

q1:
-0.006113041186104
0.053158844619978
-0.079772177879464
-2.468137575069064
q2:
-0.007139525503128
0.017403916519978
-0.052211010903163
0.823587916720844
q3:
-0.026187621359970
-0.045801847704813
0.011527165840224
-2.418169511105769
q4:
0.017150371313689
-0.030002335545584
0.161758869141552
1.675446820732121
q5:
-0.003305214368316
-0.013997400574172
0.007934212401608
-0.870231992860779
q6:
0.018878830558340
0.017125267265226
-0.034081065418866
-0.182667876200806
q7:
0.015422621396548
0.012053898659221
-0.016347496348497
-1.303895767201981

q1:
-0.010030998021712
0.047063499100891
-0.046461435860142
-2.489003384219493
q2:
0.022457759691226
0.010285058089444
-0.043008070164092
0.807895077547392
q3:
0.036683201623722
-0.071913662700414
-0.027597752348700
-2.420359432162208
q4:
-0.026529299462960
-0.012901610103851
0.147498952519370
1.726525738151766
q5:
0.006695310067575
-0.017293047205072
-0.002465744284162
-0.869262542137387
q6:
-0.054908388497341
0.035949448510882
-0.016440706000704
-0.191410377549511
q7:
-0.015985035322157
0.027431875571223
-0.003223671959728
-1.307431317368444

q1:
-0.015663785741803
0.037061538213960
-0.018500930135337
-2.499614952974648
q2:
0.026189303979994
0.032677808397394
-0.028728570116284
0.795561297407623
q3:
0.069919181799520
-0.035336649420807
-0.063244369120223
-2.436129394604613
q4:
-0.040691424984667
-0.039354114133048
0.130130800024991
1.773150448483032
q5:
0.021056122785265
-0.010617118321743
-0.011742201898939
-0.871746592053575
q6:
-0.087622840031960
-0.018799994458412
-0.010740769055455
-0.194919492267864
q7:
-0.036166202713406
0.011493112775900
0.009713764911109
-1.306059310487863

q1:
-0.003800649127476
0.021443095064867
0.000944162383291
-2.502245052194323
q2:
-0.006373779242465
0.058791301142270
0.001672873289378
0.790584280250476
q3:
0.007351404815188
0.034380134501524
-0.063562284472538
-2.458486246001595
q4:
-0.007128862366221
-0.079927748007684
0.090485275984758
1.810560376656261
q5:
0.019678164269972
0.010378052455162
-0.011821659843262
-0.876049085570173
q6:
0.006118333958371
-0.106169189119256
-0.052276579135040
-0.203783385961578
q7:
-0.005192508141226
-0.024568398171002
0.005367952964840
-1.302889022012487

q1:
0.009232173410298
0.017653447829797
0.013938618568017
-2.499701996057599
q2:
0.001795763022679
0.052435972335796
0.038641306423005
0.797400871244415
q3:
-0.041403502364343
0.041710258908522
-0.038272240646683
-2.475544494403520
q4:
0.026124025411219
-0.087035974168323
0.034991807467593
1.831543559464825
q5:
-0.013819048618352
0.029999253548897
0.001598481552377
-0.878109271357985
q6:
0.013210303381171
-0.100068566149104
-0.120823495973482
-0.232662206566603
q7:
0.011150221254742
-0.029745875349365
-0.012684396302134
-1.304009574448463

q1:
0.001673103272458
0.026858896495154
0.028733116116520
-2.492780113302159
q2:
-0.027421085241993
0.054226537090785
0.074092556141708
0.816102492214985
q3:
-0.026713633988556
0.000426608933338
-0.024267276463330
-2.485177482329388
q4:
0.029451742613212
-0.060987571027713
-0.014206544354464
1.834518152832835
q5:
-0.021894840987754
0.016220207488258
0.016960370785068
-0.874771390774490
q6:
0.107191583279499
-0.086896503166240
-0.182964780634849
-0.283389538229085
q7:
0.027780754068572
-0.018627931090064
-0.028762321912058
-1.311102062167644

q1:
-0.006117095922541
0.028527156568050
0.047141691056608
-2.480201633523106
q2:
-0.000980734636370
0.026884828770837
0.101051412647562
0.845712055092954
q3:
-0.027624120212980
-0.026209696020865
-0.032836760378277
-2.494176858284115
q4:
0.033570265976205
-0.031621083562388
-0.044986736547924
1.824140484270981
q5:
-0.032622014776555
-0.005611253619709
0.020486452018953
-0.868146371015306
q6:
0.087082534928798
0.019984788311355
-0.205204121572726
-0.349864921305200
q7:
0.025845883611543
0.009072404908596
-0.031938277050128
-1.321699546907498

q1:
-0.020608153519848
0.022427768049935
0.064077498837066
-2.461606461666009
q2:
-0.025025866238711
0.025906933106597
0.118597727125522
0.882232278338276
q3:
0.027022711714707
-0.053753851578275
-0.059414118341919
-2.509000369532292
q4:
0.013072815801017
0.001852005210146
-0.054881038081185
1.806927748574238
q5:
0.005193961335222
-0.038138836133608
0.005945303817971
-0.863154950234424
q6:
-0.001960010472789
0.106815241912022
-0.163059795886462
-0.412663244995648
q7:
-0.002373223534442
0.034843471397821
-0.017342026634455
-1.330363638228850

q1:
0.004639706486395
0.001879269783737
0.072156390593842
-2.438588212507514
q2:
0.026974188394510
0.000953510252822
0.127525290242208
0.923593466501672
q3:
0.003502887509893
-0.026809363597688
-0.086190786870523
-2.533693693060536
q4:
-0.025040182004890
0.014886978603702
-0.049317528480555
1.789371599207785
q5:
0.000704388656122
-0.032959909967868
-0.017685674079329
-0.865201365988303
q6:
-0.018627654301496
0.104860905160647
-0.092705329357324
-0.455131388069625
q7:
-0.004811574568066
0.032477117729317
0.005033211199220
-1.332365600968770

q1:
-0.021553183304949
0.006505545524527
0.074943238408847
-2.414227753374917
q2:
-0.066777016151409
0.027849615375625
0.137098539594981
0.967074572001738
q3:
0.036283776679066
-0.023316616037631
-0.102851079516924
-2.565173772857650
q4:
0.036004561253412
-0.010080718575825
-0.047720079429551
1.773705172787812
q5:
0.026674314311080
-0.032257560334015
-0.039361901632232
-0.874694703569917
q6:
-0.040457315993034
0.086287173081788
-0.029173744628510
-0.475043796142819
q7:
-0.014467603390475
0.027679471420327
0.025027361680345
-1.327281676736077

q1:
0.047636490312804
-0.014985246910916
0.072124853457987
-2.389391681831839
q2:
0.130969296876735
-0.038734098652300
0.133480881087087
1.013266502713998
q3:
-0.036032330485285
0.012862128528826
-0.106325821010896
-2.600601774357553
q4:
-0.117981896792401
0.025819618821139
-0.042488966024344
1.758052876174480
q5:
-0.009756283755690
-0.005660461237031
-0.051964654546831
-0.890361426610249
q6:
-0.001190470065325
0.045946970514041
0.014776708732812
-0.476693634108732
q7:
0.005045683852738
0.013253747985237
0.038632271134833
-1.316436852305862

q1:
-0.081221770975562
0.032513348130978
0.077950640764021
-2.365326022927490
q2:
-0.170206129358866
0.091856076115416
0.151136948797481
1.058161135987057
q3:
0.095857726382202
-0.023065897715295
-0.109717231652238
-2.635843230920358
q4:
0.140495253010935
-0.091820751013383
-0.064425658041467
1.742451284934707
q5:
0.054135855235915
-0.015388503084412
-0.058960665558490
-0.908616355830428
q6:
-0.081298857519975
0.044759946550456
0.044924823429857
-0.466750327308511
q7:
-0.049283157874348
0.018284825893305
0.049114697100159
-1.301947321210177

q1:
0.179554341373296
-0.048473306906384
0.072646054484466
-2.338808147459981
q2:
0.470532463904843
-0.077857350692017
0.155789683046810
1.112292167963828
q3:
-0.217052604786165
0.072514345437947
-0.093282129217069
-2.671338291252597
q4:
-0.386729945371489
0.048267804718885
-0.078901281982551
1.716053375650703
q5:
-0.120352834946624
0.038590642906664
-0.051249007007899
-0.927925298139736
q6:
0.141895477359636
-0.036303571885788
0.047735455315079
-0.449859154276963
q7:
0.075451700100708
-0.030855670035091
0.044936545496177
-1.285412741436677

q1:
-0.563412308616497
0.130561271268909
0.099929501490924
-2.313425103204803
q2:
-1.569350532215248
0.391313043900925
0.259972456501501
1.172747158183734
q3:
0.641731969302265
-0.143909948413847
-0.117011772964653
-2.702301129777034
q4:
1.204638315391815
-0.337342657873005
-0.174980634152849
1.680961862027057
q5:
0.360888812795526
-0.081413801831725
-0.065482072674154
-0.945114703227408
q6:
-0.424089636904883
0.105181154909252
0.070628188749841
-0.432793926144415
q7:
-0.238167622650298
0.044377616984434
0.049430813637451
-1.271115531151426

coefs_qdot:
qdot1:
0.255491539557084
-0.231218477820910
-0.000000000000000
qdot2:
0.828071902048443
-0.769526771152543
0.000000000000000
qdot3:
-0.270400006023318
0.251403807404040
-0.000000000000000
qdot4:
-0.682895132171056
0.545471022635700
0.000000000000000
qdot5:
-0.175602720283361
0.142706846207647
-0.000000000000000
qdot6:
0.234986628975767
-0.182726531068531
-0.000000000000000
qdot7:
0.063835782801734
-0.071699005290465
-0.000000000000000

qdot1:
-0.091333596589836
-0.061383839229574
-0.048625884885861
qdot2:
0.214348514138939
-0.219076871888403
-0.164290315363283
qdot3:
0.108726901759458
0.071658961928229
0.053687931082746
qdot4:
-0.004710771340275
0.091525470586841
0.105858758961201
qdot5:
0.075837829019811
0.025977248872716
0.028032633070497
qdot6:
-0.071002380774749
-0.026522261936642
-0.034773845346615
qdot7:
-0.061186380033898
-0.029265008767049
-0.016778624908592

qdot1:
0.193808707197556
-0.122096645590882
-0.079117444295290
qdot2:
0.379010300759940
-0.076591517991811
-0.213425733139973
qdot3:
-0.135856570490893
0.143933739001023
0.089516033755661
qdot4:
-0.388837585882209
0.088394047333261
0.135758541899670
qdot5:
-0.068984215984209
0.076389447669825
0.045044361659661
qdot6:
0.102581510581568
-0.073720160148491
-0.051432553063378
qdot7:
0.042013748393875
-0.069937849667315
-0.033264573561369

qdot1:
0.080316287229675
0.006735141950156
-0.098288704635398
qdot2:
-0.141873818207523
0.175350591572940
-0.197013534522415
qdot3:
-0.146247720029654
0.053624871671881
0.122347155387326
qdot4:
0.080424501099141
-0.170080620687116
0.122183523244094
qdot5:
-0.057711391568558
0.030533097942960
0.062813200427173
qdot6:
0.074385138364477
-0.005530450986394
-0.064602753262148
qdot7:
0.086109251565358
-0.042009763333377
-0.051868499182639

qdot1:
-0.086336669218459
0.060124336904699
-0.087177714964855
qdot2:
-0.117190024446769
0.081041838012574
-0.154405161176963
qdot3:
0.029197085273208
-0.043591375563162
0.124014564011096
qdot4:
0.132183672124919
-0.116619491986965
0.074538491529435
qdot5:
-0.037998255038070
-0.007829790106643
0.066586131702992
qdot6:
0.104431590044437
0.043916090815335
-0.058223666034106
qdot7:
0.040301548235164
0.015230228426528
-0.056318835033714

qdot1:
-0.011518834046018
0.002733172252766
-0.076731789466680
qdot2:
0.015548193999006
0.003141311510092
-0.140415250983217
qdot3:
0.001128418356059
-0.024182997368362
0.112751533391243
qdot4:
0.061099736984188
-0.028752135510390
0.050380022465990
qdot5:
-0.017516949576522
-0.033088630077154
0.059786136372725
qdot6:
0.063052652566020
0.113335615952889
-0.032090915382998
qdot7:
0.003221046066581
0.042020152237924
-0.046804725754186

qdot1:
0.024327612957680
-0.004923821088737
-0.077095840712743
qdot2:
0.011757597284230
0.013476768853011
-0.137653588427343
qdot3:
-0.069201394124722
-0.023432896116424
0.104838523751852
qdot4:
0.025520967385928
0.011863110562824
0.047573333198409
qdot5:
-0.052804199728025
-0.044732791780938
0.046853444864774
qdot6:
0.180047934416493
0.155249036958294
0.012543612963251
qdot7:
0.044792605638123
0.044161300220954
-0.032482729165763

qdot1:
0.056963548012546
0.011247639467726
-0.076044921951622
qdot2:
0.038413955673209
0.021292476914935
-0.131875488789162
qdot3:
-0.047319237213412
-0.069433612154079
0.089405576444965
qdot4:
-0.038356676922652
0.028827837770637
0.054335526298944
qdot5:
-0.006844353180873
-0.079833688634355
0.026152462731862
qdot6:
-0.009058541648746
0.274933531888152
0.084033163297270
qdot7:
0.017644428252782
0.073936595337585
-0.012856723696705

qdot1:
0.003456798118677
0.049113408355268
-0.066013868907964
qdot2:
0.019091115710056
0.046827648411937
-0.120554999580653
qdot3:
0.076918664502250
-0.100888452359314
0.061100738718333
qdot4:
-0.100562857701995
0.003330741569267
0.059679774399362
qdot5:
0.066309514612895
-0.084383382338029
-0.001137821466464
qdot6:
-0.210336408525244
0.268911985539705
0.174411700940824
qdot7:
-0.062747231550343
0.085665496813763
0.013666623892354

qdot1:
0.032125754665815
0.051411269412375
-0.049308254753602
qdot2:
0.153067752645907
0.059518216336587
-0.102881996066956
qdot3:
0.167995509011930
-0.049757782399305
0.036065713214427
qdot4:
-0.271563030849439
-0.063517094657084
0.049677752862250
qdot5:
0.155546264862958
-0.040305005148042
-0.021859062629619
qdot6:
-0.654189395566643
0.129093626049555
0.240553949054760
qdot7:
-0.151685888026564
0.043955100409116
0.035207520433883

qdot1:
-0.043539574061785
0.072766442043928
-0.028671879882989
qdot2:
-0.065066155404708
0.161267990500037
-0.066190814718002
qdot3:
-0.063965856179636
0.061915021355646
0.038086054365447
qdot4:
0.160008139284457
-0.244035045580377
-0.001432556578692
qdot5:
-0.010070508363406
0.063092327393885
-0.018072169485529
qdot6:
-0.110948575628510
-0.305770165365820
0.211193097953425
qdot7:
-0.045457855085388
-0.056876097434292
0.033060254751608

qdot1:
-0.009420087445457
0.043824083177474
-0.009296375562496
qdot2:
-0.069454423500295
0.118016119980789
-0.019778205468747
qdot3:
0.007640178453437
0.019394560266066
0.051598422947862
qdot4:
0.032867142123013
-0.137671740736084
-0.064866197291707
qdot5:
-0.078169477251332
0.056398089489589
0.001785251039739
qdot6:
0.493110508425235
-0.379521770905312
0.097308398945456
qdot7:
0.106377979656093
-0.087093608366153
0.009134762937762

qdot1:
0.083838052109731
0.037562204018690
0.004228740275208
qdot2:
-0.021036905067956
0.071847205995649
0.011774081355366
qdot3:
-0.151820274338425
0.024473268346428
0.058888563387645
qdot4:
0.090117934083590
-0.115823740549194
-0.106993143572645
qdot5:
-0.027235384887742
0.004435958215620
0.011894909195126
qdot6:
0.009202207157719
-0.051733049880842
0.025640657269980
qdot7:
0.045018188045047
-0.016380246349199
-0.008060957857630

qdot1:
0.048211913547433
0.093292445829991
0.025974716877381
qdot2:
-0.071322445597392
0.057863200202384
0.033329902730476
qdot3:
-0.063328966959643
-0.076447261029233
0.050251306476188
qdot4:
0.041453183073008
-0.055919029840507
-0.135534080182889
qdot5:
-0.033257765280626
-0.013668405464384
0.010360622243271
qdot6:
0.211844654377576
-0.045616003775976
0.009462781699544
qdot7:
0.072574141809256
0.013545001703718
-0.008532130749028

qdot1:
-0.116629366720706
0.125340680880433
0.062308090306624
qdot2:
0.059608563591820
0.010452543111812
0.044682900559659
qdot3:
0.070526690052125
-0.118544358391436
0.017846778257701
qdot4:
-0.038964605613988
-0.028363571926442
-0.149540517769278
qdot5:
0.020629724073326
-0.035776067254604
0.002143731608530
qdot6:
-0.139363515627859
0.095204942295639
0.017703680269233
qdot7:
-0.076020628161040
0.061787707378508
0.003986975992496

qdot1:
-0.062882809794353
0.047812844222963
0.091083472074383
qdot2:
0.031133436071186
0.050076551296644
0.054741880292356
qdot3:
0.136189865951604
-0.071662669327248
-0.013762626368902
qdot4:
-0.039389926727488
-0.054264780724893
-0.163272045273344
qdot5:
0.033591625791544
-0.022062729668920
-0.007468163162128
qdot6:
-0.106581598515430
0.002564879338928
0.033951480833620
qdot7:
-0.056767043678180
0.011253995257947
0.016125353637861

qdot1:
-0.008894207834249
0.006012323964853
0.100028365124602
qdot2:
0.004736412457384
0.070772093201565
0.074825016800699
qdot3:
0.018307401245283
0.018867751773155
-0.022536308031515
qdot4:
0.015337730600836
-0.080448716136215
-0.185659301317560
qdot5:
-0.009957875813217
0.000266861502249
-0.011090292293379
qdot6:
0.002489075091624
-0.068283835635098
0.023030028003412
qdot7:
-0.024055029842501
-0.026481149959369
0.013594840964160

qdot1:
0.005308891832962
0.000100016356920
0.101044139571865
qdot2:
-0.007834058230624
0.073920561050300
0.098870651231772
qdot3:
-0.011676185524202
0.031037355821215
-0.014242867153938
qdot4:
0.012454037804701
-0.070253161567481
-0.210703573800332
qdot5:
0.005295214728454
-0.006352505396580
-0.012101630215938
qdot6:
0.060601096754324
-0.066629255724759
0.000609602505113
qdot7:
0.004487846745008
-0.042471414477275
0.002136013519869

qdot1:
-0.034429092433918
0.003629032336606
0.101663848582829
qdot2:
-0.024117295747479
0.068712973939556
0.122574092555114
qdot3:
0.037604546405502
0.023275765155372
-0.005216884055029
qdot4:
0.035765923309628
-0.061974503834896
-0.232677723907533
qdot5:
-0.006847927173306
-0.002832581092121
-0.013628046557301
qdot6:
-0.000666697568599
-0.026345474182123
-0.014841329528915
qdot7:
-0.023965856807398
-0.039488177414658
-0.011484376505756

qdot1:
-0.000565476891887
-0.019257253763822
0.099066684952168
qdot2:
0.013891631225512
0.052681318980750
0.142747907215388
qdot3:
0.021731076552557
0.048272892493683
0.006673373088699
qdot4:
-0.009329665229963
-0.038199577002851
-0.249325074388092
qdot5:
0.007115680173965
-0.007384650560231
-0.015325989127228
qdot6:
-0.002762435416590
-0.026788652616951
-0.023671382411909
qdot7:
-0.015251604081276
-0.055419165331018
-0.027256478277520

qdot1:
0.007984608377778
-0.019633147085893
0.092603714412680
qdot2:
0.001930130848455
0.061915598020749
0.161792105328925
qdot3:
0.015610477840198
0.062718339645876
0.025118363312159
qdot4:
-0.020036830015516
-0.044401349183862
-0.263052044046803
qdot5:
-0.003319265381925
-0.002654595808626
-0.016994353353437
qdot6:
0.014120305744880
-0.028624945205825
-0.032880247386061
qdot7:
0.000342295130183
-0.065557468429320
-0.047360884580270

qdot1:
0.009321869034489
-0.014325483746105
0.086960326177196
qdot2:
-0.006616042097090
0.063198627101280
0.182584113983175
qdot3:
0.046503237273164
0.073095199352557
0.047688428989868
qdot4:
-0.023616597992570
-0.057720568247243
-0.280023094212724
qdot5:
0.029618319042135
-0.004861033788941
-0.018243332320316
qdot6:
-0.057157283414235
-0.019238657788487
-0.040834422434587
qdot7:
-0.098479900585574
-0.065329932246216
-0.069112303852729

qdot1:
0.140826488999283
-0.008128893983435
0.083228763154502
qdot2:
0.128998604526289
0.058800700185921
0.202858475801699
qdot3:
0.142636648706474
0.104007614336265
0.077120120161025
qdot4:
-0.389400862056557
-0.073419390962775
-0.301816484725700
qdot5:
0.052015976127055
0.014827354010217
-0.016587087268327
qdot6:
-0.101845798452847
-0.057233209734698
-0.053542839321619
qdot7:
-0.133504140809438
-0.130793150141636
-0.101704863350494

qdot1:
0.006690672286695
0.085483661268854
0.096083904040978
qdot2:
-0.213277425327641
0.144550824892552
0.236652288337107
qdot3:
-0.083411486516267
0.198823449431778
0.127445861238826
qdot4:
0.186866146676970
-0.332268489407201
-0.369235404607512
qdot5:
0.055739803778588
0.049404289598099
-0.005912802322085
qdot6:
-0.041183535378595
-0.124933863941373
-0.083816130537691
qdot7:
-0.080785024828958
-0.219538270798563
-0.159924413756853

qdot1:
0.039508645031375
0.089931197620601
0.125235083777386
qdot2:
-0.033100512227747
0.002777463187487
0.261135923493608
qdot3:
-0.073652281810033
0.143376761485029
0.184314132931586
qdot4:
0.255390945890620
-0.208051677606480
-0.459028084677722
qdot5:
-0.052279661520582
0.086456590610882
0.016665130717296
qdot6:
0.149436405235361
-0.152310077099204
-0.129889695840373
qdot7:
0.276527283053715
-0.273239052903532
-0.241816223972991

qdot1:
-0.480756546120022
0.116194049462071
0.159489845112657
qdot2:
-0.623999602545090
-0.019225666705319
0.258402491787052
qdot3:
-0.521566525137890
0.094417376433301
0.223831763870079
qdot4:
1.353780288022561
-0.038283907331090
-0.499965169240859
qdot5:
-0.018053833790369
0.051704373627816
0.039625301403953
qdot6:
0.103998475837327
-0.052974193337522
-0.164004700136158
qdot7:
0.124785332805523
-0.089421180658183
-0.302084628364364

qdot1:
-0.378905673728006
-0.203382537701082
0.145000495078730
qdot2:
-0.078778641516551
-0.434021190514452
0.183080020911867
qdot3:
-0.575793040557509
-0.252287107212981
0.197596307386903
qdot4:
0.137333246386519
0.861623723062343
-0.363139092450817
qdot5:
-0.360599261801099
0.039703325208401
0.054815817617550
qdot6:
0.867819940510919
0.016157424830742
-0.170123065723028
qdot7:
1.658683063173453
-0.006471772880278
-0.318020523087036

qdot1:
0.890249926324433
-0.455255097823271
0.035545319981888
qdot2:
0.978737591312150
-0.486388255716979
0.030122504267915
qdot3:
1.235274215071690
-0.635037953350654
0.050136893236528
qdot4:
-1.904033624775169
0.952914191259698
-0.061591542751715
qdot5:
0.304261877403813
-0.200000288502098
0.028176993416689
qdot6:
-1.006282886213746
0.593029309569203
-0.068885849560402
qdot7:
-1.798465592534451
1.096115964701900
-0.136938863952659

qdot1:
-0.170670094768700
0.136526824800792
-0.017422286256125
qdot2:
-0.166089913313696
0.164214677689018
-0.023417657260438
qdot3:
-0.227582060271680
0.186094324616705
-0.024470449012546
qdot4:
0.309464409766235
-0.312767103275658
0.044790795310770
qdot5:
0.053028440216400
0.002253790343642
-0.004685352148319
qdot6:
0.008194760342006
-0.075883996120019
0.017055535779700
qdot7:
-0.071208776474743
-0.099390369701773
0.028701191580138

qdot1:
-0.103660370450235
0.023076125362212
0.009101203920923
qdot2:
-0.162917426861645
0.053808593596377
0.012814367826818
qdot3:
-0.124683264723982
0.034812145084978
0.012240718125623
qdot4:
0.359412250379626
-0.107054709508559
-0.024976960962659
qdot5:
-0.111234988169042
0.037503748110648
0.001921722968895
qdot6:
0.197638278234153
-0.070436637027659
-0.007260643037974
qdot7:
0.404457535260743
-0.146725466738977
-0.012199374252669

qdot1:
-0.219568380908654
-0.045830741699529
0.005319745982401
qdot2:
-0.321669783207215
-0.054488621877937
0.012701357864109
qdot3:
-0.297390613421416
-0.048069414278964
0.010037569318649
qdot4:
0.690496893829124
0.131859853980868
-0.020854737626063
qdot5:
-0.040203735442035
-0.036438246395905
0.002098792529550
qdot6:
0.174726898554180
0.060940807461894
-0.008838699972092
qdot7:
0.304269221871052
0.122132357068544
-0.016286360753235

qdot1:
0.040302483515463
-0.191785933336606
-0.034168393427221
qdot2:
-0.118996592457747
-0.268314377014320
-0.040943403473298
qdot3:
0.001583581535916
-0.245755910819867
-0.038791560193477
qdot4:
0.052086291913901
0.590858577050942
0.099249653844560
qdot5:
0.013019130228003
-0.063163150440308
-0.014453386912669
qdot6:
0.017428076480018
0.177088213828373
0.030717964873995
qdot7:
0.033369714621236
0.324391318052226
0.057918823416539

qdot1:
0.151220648967127
-0.164995387809940
-0.093459815403569
qdot2:
0.159973043519478
-0.347415795827237
-0.143268035783639
qdot3:
0.151002609481353
-0.244703245834176
-0.120298127650225
qdot4:
-0.598761519131419
0.625482254132757
0.301386293893470
qdot5:
0.088534680852076
-0.054508854956083
-0.034008616161609
qdot6:
-0.141137212062959
0.188673298310847
0.091501752795577
qdot7:
-0.260529515072619
0.346573396693336
0.169422564434635

qdot1:
0.176668792034848
-0.064473451508637
-0.131593913171742
qdot2:
0.393682526380306
-0.241075820430846
-0.241066050088229
qdot3:
0.306369295662575
-0.144326248411589
-0.184948686795097
qdot4:
-0.583230268268844
0.227463414133701
0.443132395896696
qdot5:
0.079335143365532
0.004343409002943
-0.042345321163656
qdot6:
-0.197330721630937
0.094854193991168
0.138619545100263
qdot7:
-0.334769931826775
0.173389830179001
0.255832242490646

qdot1:
0.004668601389678
0.052964802993337
-0.133506468832742
qdot2:
0.125843713503144
0.020619458025075
-0.277702416501039
qdot3:
0.162099768540344
0.059328708987538
-0.199073935731189
qdot4:
-0.046462889402544
-0.160231231249400
0.454305323091914
qdot5:
0.022223517844197
0.057080401485884
-0.032137653746021
qdot6:
-0.123423079032190
-0.036318806293914
0.148347202258305
qdot7:
-0.226146340462735
-0.049144076351172
0.276479924929013

qdot1:
-0.052056424011138
0.056068194327224
-0.115386906315556
qdot2:
-0.004307631573323
0.104272410443183
-0.256947360011620
qdot3:
-0.021158887044262
0.167082396853345
-0.161447984985216
qdot4:
0.098888959182381
-0.191116825517101
0.395916823863964
qdot5:
-0.042629254393816
0.071853192506050
-0.010710926293653
qdot6:
0.021775581778672
-0.118362673803579
0.122641582695841
qdot7:
-0.011568784194403
-0.199471880034316
0.235163878638433

qdot1:
-0.065791956037361
0.021464371540703
-0.102502218112117
qdot2:
-0.044717638407653
0.101408969044269
-0.222766362461979
qdot3:
-0.081626142636122
0.153017305146642
-0.108252468906086
qdot4:
0.102002322910148
-0.125381691302762
0.343319767898843
qdot5:
-0.053838575384879
0.043515956658856
0.008461604611850
qdot6:
0.081655096016233
-0.103887642388026
0.085707089490463
qdot7:
0.114396996773857
-0.207162077079603
0.167587735740385

qdot1:
0.003248219002411
-0.022269965397393
-0.102636095090724
qdot2:
0.015437713744729
0.071683507407506
-0.194001126016157
qdot3:
-0.015305729020436
0.098757401048670
-0.066411488273960
qdot4:
-0.035264223324516
-0.057576989522994
0.312914924074017
qdot5:
-0.007436986529168
0.007727472200174
0.016977453351442
qdot6:
0.003701182545926
-0.049608491911659
0.060198455682914
qdot7:
0.034580593494097
-0.131118178965781
0.111370898650936

qdot1:
0.047648472506324
-0.020110754562873
-0.109679101554040
qdot2:
-0.001562202586748
0.081945524455341
-0.168470406732071
qdot3:
-0.055771615161816
0.088583119109358
-0.035278451941613
qdot4:
-0.028117251686010
-0.081018417892426
0.289882555791272
qdot5:
-0.017831118249581
0.002783833277416
0.018724266347681
qdot6:
0.019394833999667
-0.047148179522694
0.044119024684101
qdot7:
0.041258181214787
-0.108131184529390
0.071611432199669

qdot1:
-0.020774816269560
0.011562940470511
-0.111099613285699
qdot2:
-0.022382824322423
0.080907070844757
-0.141406876845328
qdot3:
-0.025087194608861
0.051509671898219
-0.011997242149628
qdot4:
0.074533883762112
-0.099708990921002
0.259848514142978
qdot5:
0.005185222786680
-0.009069167917249
0.017679742976347
qdot6:
0.006690670077005
-0.034255718862030
0.030590982144941
qdot7:
0.045049373730261
-0.080705351534307
0.040229781645981

qdot1:
0.006212254857942
-0.002246845243171
-0.109551425360611
qdot2:
0.012299301370712
0.066028382939702
-0.116988524545875
qdot3:
0.011229525918184
0.034833289435408
0.002351594663544
qdot4:
-0.069720828325286
-0.050163572573720
0.234942060586816
qdot5:
0.000112952556879
-0.005622359308565
0.015238243131502
qdot6:
-0.066429225639961
-0.029808183979145
0.019944573065561
qdot7:
-0.001788952242994
-0.050759373207555
0.018382420229679

qdot1:
0.050841686416101
0.001882669418899
-0.109611945632247
qdot2:
-0.005911745468338
0.074204181664161
-0.093684086589220
qdot3:
-0.043030723988152
0.042297969006297
0.015169591909412
qdot4:
0.041996039745532
-0.096509575660323
0.210567299328023
qdot5:
0.008916950116931
-0.005547275582862
0.013382026181744
qdot6:
-0.025327840104052
-0.073966137498950
0.002698919438589
qdot7:
0.019151445980601
-0.051948555668049
0.001313984214839

qdot1:
0.106265628199269
0.035679011375354
-0.103369787385409
qdot2:
-0.053354337389739
0.070274426664055
-0.069674023210860
qdot3:
-0.158404876397232
0.013693861529703
0.024474550030173
qdot4:
0.012920285611396
-0.068593260917321
0.183129814872394
qdot5:
-0.042685991070773
0.000380149658190
0.012523331442288
qdot6:
0.188124101054475
-0.090802485887737
-0.024683024061949
qdot7:
0.095264287339699
-0.039217883990015
-0.013836438532845

qdot1:
-0.018339123558311
0.106317689239956
-0.079772177879464
qdot2:
-0.021418576509385
0.034807833039956
-0.052211010903163
qdot3:
-0.078562864079910
-0.091603695409627
0.011527165840224
qdot4:
0.051451113941067
-0.060004671091167
0.161758869141552
qdot5:
-0.009915643104948
-0.027994801148344
0.007934212401608
qdot6:
0.056636491675020
0.034250534530452
-0.034081065418866
qdot7:
0.046267864189645
0.024107797318442
-0.016347496348497

qdot1:
-0.030092994065136
0.094126998201783
-0.046461435860142
qdot2:
0.067373279073678
0.020570116178887
-0.043008070164092
qdot3:
0.110049604871165
-0.143827325400829
-0.027597752348700
qdot4:
-0.079587898388881
-0.025803220207701
0.147498952519370
qdot5:
0.020085930202726
-0.034586094410144
-0.002465744284162
qdot6:
-0.164725165492022
0.071898897021763
-0.016440706000704
qdot7:
-0.047955105966471
0.054863751142446
-0.003223671959728

qdot1:
-0.046991357225408
0.074123076427920
-0.018500930135337
qdot2:
0.078567911939981
0.065355616794788
-0.028728570116284
qdot3:
0.209757545398559
-0.070673298841615
-0.063244369120223
qdot4:
-0.122074274954001
-0.078708228266097
0.130130800024991
qdot5:
0.063168368355796
-0.021234236643486
-0.011742201898939
qdot6:
-0.262868520095880
-0.037599988916825
-0.010740769055455
qdot7:
-0.108498608140219
0.022986225551799
0.009713764911109

qdot1:
-0.011401947382429
0.042886190129733
0.000944162383291
qdot2:
-0.019121337727395
0.117582602284541
0.001672873289378
qdot3:
0.022054214445563
0.068760269003048
-0.063562284472538
qdot4:
-0.021386587098662
-0.159855496015367
0.090485275984758
qdot5:
0.059034492809916
0.020756104910325
-0.011821659843262
qdot6:
0.018355001875113
-0.212338378238512
-0.052276579135040
qdot7:
-0.015577524423679
-0.049136796342004
0.005367952964840

qdot1:
0.027696520230894
0.035306895659594
0.013938618568017
qdot2:
0.005387289068037
0.104871944671593
0.038641306423005
qdot3:
-0.124210507093029
0.083420517817045
-0.038272240646683
qdot4:
0.078372076233658
-0.174071948336646
0.034991807467593
qdot5:
-0.041457145855055
0.059998507097794
0.001598481552377
qdot6:
0.039630910143514
-0.200137132298207
-0.120823495973482
qdot7:
0.033450663764226
-0.059491750698730
-0.012684396302134

qdot1:
0.005019309817373
0.053717792990308
0.028733116116520
qdot2:
-0.082263255725979
0.108453074181569
0.074092556141708
qdot3:
-0.080140901965668
0.000853217866677
-0.024267276463330
qdot4:
0.088355227839635
-0.121975142055427
-0.014206544354464
qdot5:
-0.065684522963263
0.032440414976515
0.016960370785068
qdot6:
0.321574749838496
-0.173793006332480
-0.182964780634849
qdot7:
0.083342262205716
-0.037255862180127
-0.028762321912058

qdot1:
-0.018351287767623
0.057054313136100
0.047141691056608
qdot2:
-0.002942203909111
0.053769657541674
0.101051412647562
qdot3:
-0.082872360638940
-0.052419392041730
-0.032836760378277
qdot4:
0.100710797928615
-0.063242167124776
-0.044986736547924
qdot5:
-0.097866044329664
-0.011222507239418
0.020486452018953
qdot6:
0.261247604786395
0.039969576622709
-0.205204121572726
qdot7:
0.077537650834628
0.018144809817192
-0.031938277050128

qdot1:
-0.061824460559543
0.044855536099870
0.064077498837066
qdot2:
-0.075077598716134
0.051813866213194
0.118597727125522
qdot3:
0.081068135144120
-0.107507703156550
-0.059414118341919
qdot4:
0.039218447403052
0.003704010420292
-0.054881038081185
qdot5:
0.015581884005667
-0.076277672267216
0.005945303817971
qdot6:
-0.005880031418366
0.213630483824045
-0.163059795886462
qdot7:
-0.007119670603327
0.069686942795642
-0.017342026634455

qdot1:
0.013919119459185
0.003758539567473
0.072156390593842
qdot2:
0.080922565183530
0.001907020505643
0.127525290242208
qdot3:
0.010508662529679
-0.053618727195376
-0.086190786870523
qdot4:
-0.075120546014669
0.029773957207404
-0.049317528480555
qdot5:
0.002113165968365
-0.065919819935736
-0.017685674079329
qdot6:
-0.055882962904488
0.209721810321293
-0.092705329357324
qdot7:
-0.014434723704197
0.064954235458634
0.005033211199220

qdot1:
-0.064659549914847
0.013011091049054
0.074943238408847
qdot2:
-0.200331048454226
0.055699230751250
0.137098539594981
qdot3:
0.108851330037197
-0.046633232075262
-0.102851079516924
qdot4:
0.108013683760236
-0.020161437151651
-0.047720079429551
qdot5:
0.080022942933241
-0.064515120668031
-0.039361901632232
qdot6:
-0.121371947979101
0.172574346163576
-0.029173744628510
qdot7:
-0.043402810171424
0.055358942840655
0.025027361680345

qdot1:
0.142909470938412
-0.029970493821833
0.072124853457987
qdot2:
0.392907890630204
-0.077468197304600
0.133480881087087
qdot3:
-0.108096991455855
0.025724257057653
-0.106325821010896
qdot4:
-0.353945690377204
0.051639237642278
-0.042488966024344
qdot5:
-0.029268851267069
-0.011320922474062
-0.051964654546831
qdot6:
-0.003571410195974
0.091893941028081
0.014776708732812
qdot7:
0.015137051558215
0.026507495970473
0.038632271134833

qdot1:
-0.243665312926686
0.065026696261957
0.077950640764021
qdot2:
-0.510618388076598
0.183712152230832
0.151136948797481
qdot3:
0.287573179146605
-0.046131795430591
-0.109717231652238
qdot4:
0.421485759032806
-0.183641502026766
-0.064425658041467
qdot5:
0.162407565707745
-0.030777006168824
-0.058960665558490
qdot6:
-0.243896572559925
0.089519893100912
0.044924823429857
qdot7:
-0.147849473623045
0.036569651786609
0.049114697100159

qdot1:
0.538663024119887
-0.096946613812767
0.072646054484466
qdot2:
1.411597391714530
-0.155714701384033
0.155789683046810
qdot3:
-0.651157814358495
0.145028690875895
-0.093282129217069
qdot4:
-1.160189836114468
0.096535609437770
-0.078901281982551
qdot5:
-0.361058504839873
0.077181285813329
-0.051249007007899
qdot6:
0.425686432078907
-0.072607143771576
0.047735455315079
qdot7:
0.226355100302125
-0.061711340070182
0.044936545496177

qdot1:
-1.690236925849490
0.261122542537819
0.099929501490924
qdot2:
-4.708051596645745
0.782626087801849
0.259972456501501
qdot3:
1.925195907906795
-0.287819896827695
-0.117011772964653
qdot4:
3.613914946175445
-0.674685315746010
-0.174980634152849
qdot5:
1.082666438386579
-0.162827603663449
-0.065482072674154
qdot6:
-1.272268910714650
0.210362309818505
0.070628188749841
qdot7:
-0.714502867950892
0.088755233968869
0.049430813637451

coefs_qdotdot:
qdotdot1:
0.510983079114169
-0.231218477820910
qdotdot2:
1.656143804096886
-0.769526771152543
qdotdot3:
-0.540800012046635
0.251403807404040
qdotdot4:
-1.365790264342112
0.545471022635700
qdotdot5:
-0.351205440566722
0.142706846207647
qdotdot6:
0.469973257951534
-0.182726531068531
qdotdot7:
0.127671565603467
-0.071699005290465

qdotdot1:
-0.182667193179672
-0.061383839229574
qdotdot2:
0.428697028277878
-0.219076871888403
qdotdot3:
0.217453803518916
0.071658961928229
qdotdot4:
-0.009421542680550
0.091525470586841
qdotdot5:
0.151675658039623
0.025977248872716
qdotdot6:
-0.142004761549497
-0.026522261936642
qdotdot7:
-0.122372760067795
-0.029265008767049

qdotdot1:
0.387617414395112
-0.122096645590882
qdotdot2:
0.758020601519879
-0.076591517991811
qdotdot3:
-0.271713140981787
0.143933739001023
qdotdot4:
-0.777675171764418
0.088394047333261
qdotdot5:
-0.137968431968419
0.076389447669825
qdotdot6:
0.205163021163136
-0.073720160148491
qdotdot7:
0.084027496787749
-0.069937849667315

qdotdot1:
0.160632574459349
0.006735141950156
qdotdot2:
-0.283747636415046
0.175350591572940
qdotdot3:
-0.292495440059308
0.053624871671881
qdotdot4:
0.160849002198281
-0.170080620687116
qdotdot5:
-0.115422783137117
0.030533097942960
qdotdot6:
0.148770276728953
-0.005530450986394
qdotdot7:
0.172218503130715
-0.042009763333377

qdotdot1:
-0.172673338436917
0.060124336904699
qdotdot2:
-0.234380048893537
0.081041838012574
qdotdot3:
0.058394170546415
-0.043591375563162
qdotdot4:
0.264367344249838
-0.116619491986965
qdotdot5:
-0.075996510076140
-0.007829790106643
qdotdot6:
0.208863180088874
0.043916090815335
qdotdot7:
0.080603096470328
0.015230228426528

qdotdot1:
-0.023037668092035
0.002733172252766
qdotdot2:
0.031096387998011
0.003141311510092
qdotdot3:
0.002256836712119
-0.024182997368362
qdotdot4:
0.122199473968375
-0.028752135510390
qdotdot5:
-0.035033899153044
-0.033088630077154
qdotdot6:
0.126105305132040
0.113335615952889
qdotdot7:
0.006442092133163
0.042020152237924

qdotdot1:
0.048655225915359
-0.004923821088737
qdotdot2:
0.023515194568460
0.013476768853011
qdotdot3:
-0.138402788249444
-0.023432896116424
qdotdot4:
0.051041934771855
0.011863110562824
qdotdot5:
-0.105608399456050
-0.044732791780938
qdotdot6:
0.360095868832987
0.155249036958294
qdotdot7:
0.089585211276245
0.044161300220954

qdotdot1:
0.113927096025091
0.011247639467726
qdotdot2:
0.076827911346419
0.021292476914935
qdotdot3:
-0.094638474426823
-0.069433612154079
qdotdot4:
-0.076713353845304
0.028827837770637
qdotdot5:
-0.013688706361746
-0.079833688634355
qdotdot6:
-0.018117083297491
0.274933531888152
qdotdot7:
0.035288856505564
0.073936595337585

qdotdot1:
0.006913596237354
0.049113408355268
qdotdot2:
0.038182231420111
0.046827648411937
qdotdot3:
0.153837329004500
-0.100888452359314
qdotdot4:
-0.201125715403990
0.003330741569267
qdotdot5:
0.132619029225789
-0.084383382338029
qdotdot6:
-0.420672817050487
0.268911985539705
qdotdot7:
-0.125494463100686
0.085665496813763

qdotdot1:
0.064251509331630
0.051411269412375
qdotdot2:
0.306135505291814
0.059518216336587
qdotdot3:
0.335991018023860
-0.049757782399305
qdotdot4:
-0.543126061698879
-0.063517094657084
qdotdot5:
0.311092529725917
-0.040305005148042
qdotdot6:
-1.308378791133285
0.129093626049555
qdotdot7:
-0.303371776053128
0.043955100409116

qdotdot1:
-0.087079148123570
0.072766442043928
qdotdot2:
-0.130132310809416
0.161267990500037
qdotdot3:
-0.127931712359271
0.061915021355646
qdotdot4:
0.320016278568913
-0.244035045580377
qdotdot5:
-0.020141016726812
0.063092327393885
qdotdot6:
-0.221897151257019
-0.305770165365820
qdotdot7:
-0.090915710170776
-0.056876097434292

qdotdot1:
-0.018840174890914
0.043824083177474
qdotdot2:
-0.138908847000589
0.118016119980789
qdotdot3:
0.015280356906873
0.019394560266066
qdotdot4:
0.065734284246026
-0.137671740736084
qdotdot5:
-0.156338954502663
0.056398089489589
qdotdot6:
0.986221016850469
-0.379521770905312
qdotdot7:
0.212755959312186
-0.087093608366153

qdotdot1:
0.167676104219461
0.037562204018690
qdotdot2:
-0.042073810135912
0.071847205995649
qdotdot3:
-0.303640548676850
0.024473268346428
qdotdot4:
0.180235868167180
-0.115823740549194
qdotdot5:
-0.054470769775485
0.004435958215620
qdotdot6:
0.018404414315438
-0.051733049880842
qdotdot7:
0.090036376090093
-0.016380246349199

qdotdot1:
0.096423827094865
0.093292445829991
qdotdot2:
-0.142644891194784
0.057863200202384
qdotdot3:
-0.126657933919285
-0.076447261029233
qdotdot4:
0.082906366146016
-0.055919029840507
qdotdot5:
-0.066515530561252
-0.013668405464384
qdotdot6:
0.423689308755152
-0.045616003775976
qdotdot7:
0.145148283618513
0.013545001703718

qdotdot1:
-0.233258733441412
0.125340680880433
qdotdot2:
0.119217127183639
0.010452543111812
qdotdot3:
0.141053380104250
-0.118544358391436
qdotdot4:
-0.077929211227976
-0.028363571926442
qdotdot5:
0.041259448146653
-0.035776067254604
qdotdot6:
-0.278727031255717
0.095204942295639
qdotdot7:
-0.152041256322080
0.061787707378508

qdotdot1:
-0.125765619588705
0.047812844222963
qdotdot2:
0.062266872142372
0.050076551296644
qdotdot3:
0.272379731903207
-0.071662669327248
qdotdot4:
-0.078779853454975
-0.054264780724893
qdotdot5:
0.067183251583088
-0.022062729668920
qdotdot6:
-0.213163197030860
0.002564879338928
qdotdot7:
-0.113534087356359
0.011253995257947

qdotdot1:
-0.017788415668498
0.006012323964853
qdotdot2:
0.009472824914768
0.070772093201565
qdotdot3:
0.036614802490565
0.018867751773155
qdotdot4:
0.030675461201672
-0.080448716136215
qdotdot5:
-0.019915751626433
0.000266861502249
qdotdot6:
0.004978150183249
-0.068283835635098
qdotdot7:
-0.048110059685001
-0.026481149959369

qdotdot1:
0.010617783665924
0.000100016356920
qdotdot2:
-0.015668116461247
0.073920561050300
qdotdot3:
-0.023352371048404
0.031037355821215
qdotdot4:
0.024908075609402
-0.070253161567481
qdotdot5:
0.010590429456908
-0.006352505396580
qdotdot6:
0.121202193508648
-0.066629255724759
qdotdot7:
0.008975693490017
-0.042471414477275

qdotdot1:
-0.068858184867835
0.003629032336606
qdotdot2:
-0.048234591494957
0.068712973939556
qdotdot3:
0.075209092811004
0.023275765155372
qdotdot4:
0.071531846619257
-0.061974503834896
qdotdot5:
-0.013695854346612
-0.002832581092121
qdotdot6:
-0.001333395137198
-0.026345474182123
qdotdot7:
-0.047931713614795
-0.039488177414658

qdotdot1:
-0.001130953783774
-0.019257253763822
qdotdot2:
0.027783262451024
0.052681318980750
qdotdot3:
0.043462153105115
0.048272892493683
qdotdot4:
-0.018659330459927
-0.038199577002851
qdotdot5:
0.014231360347930
-0.007384650560231
qdotdot6:
-0.005524870833180
-0.026788652616951
qdotdot7:
-0.030503208162552
-0.055419165331018

qdotdot1:
0.015969216755556
-0.019633147085893
qdotdot2:
0.003860261696910
0.061915598020749
qdotdot3:
0.031220955680396
0.062718339645876
qdotdot4:
-0.040073660031032
-0.044401349183862
qdotdot5:
-0.006638530763850
-0.002654595808626
qdotdot6:
0.028240611489761
-0.028624945205825
qdotdot7:
0.000684590260366
-0.065557468429320

qdotdot1:
0.018643738068978
-0.014325483746105
qdotdot2:
-0.013232084194180
0.063198627101280
qdotdot3:
0.093006474546327
0.073095199352557
qdotdot4:
-0.047233195985140
-0.057720568247243
qdotdot5:
0.059236638084271
-0.004861033788941
qdotdot6:
-0.114314566828470
-0.019238657788487
qdotdot7:
-0.196959801171148
-0.065329932246216

qdotdot1:
0.281652977998567
-0.008128893983435
qdotdot2:
0.257997209052579
0.058800700185921
qdotdot3:
0.285273297412948
0.104007614336265
qdotdot4:
-0.778801724113113
-0.073419390962775
qdotdot5:
0.104031952254111
0.014827354010217
qdotdot6:
-0.203691596905694
-0.057233209734698
qdotdot7:
-0.267008281618875
-0.130793150141636

qdotdot1:
0.013381344573389
0.085483661268854
qdotdot2:
-0.426554850655282
0.144550824892552
qdotdot3:
-0.166822973032534
0.198823449431778
qdotdot4:
0.373732293353941
-0.332268489407201
qdotdot5:
0.111479607557177
0.049404289598099
qdotdot6:
-0.082367070757190
-0.124933863941373
qdotdot7:
-0.161570049657915
-0.219538270798563

qdotdot1:
0.079017290062749
0.089931197620601
qdotdot2:
-0.066201024455494
0.002777463187487
qdotdot3:
-0.147304563620065
0.143376761485029
qdotdot4:
0.510781891781240
-0.208051677606480
qdotdot5:
-0.104559323041164
0.086456590610882
qdotdot6:
0.298872810470722
-0.152310077099204
qdotdot7:
0.553054566107430
-0.273239052903532

qdotdot1:
-0.961513092240043
0.116194049462071
qdotdot2:
-1.247999205090181
-0.019225666705319
qdotdot3:
-1.043133050275781
0.094417376433301
qdotdot4:
2.707560576045122
-0.038283907331090
qdotdot5:
-0.036107667580738
0.051704373627816
qdotdot6:
0.207996951674653
-0.052974193337522
qdotdot7:
0.249570665611046
-0.089421180658183

qdotdot1:
-0.757811347456012
-0.203382537701082
qdotdot2:
-0.157557283033101
-0.434021190514452
qdotdot3:
-1.151586081115019
-0.252287107212981
qdotdot4:
0.274666492773038
0.861623723062343
qdotdot5:
-0.721198523602197
0.039703325208401
qdotdot6:
1.735639881021837
0.016157424830742
qdotdot7:
3.317366126346906
-0.006471772880278

qdotdot1:
1.780499852648866
-0.455255097823271
qdotdot2:
1.957475182624299
-0.486388255716979
qdotdot3:
2.470548430143380
-0.635037953350654
qdotdot4:
-3.808067249550338
0.952914191259698
qdotdot5:
0.608523754807626
-0.200000288502098
qdotdot6:
-2.012565772427493
0.593029309569203
qdotdot7:
-3.596931185068902
1.096115964701900

qdotdot1:
-0.341340189537399
0.136526824800792
qdotdot2:
-0.332179826627392
0.164214677689018
qdotdot3:
-0.455164120543360
0.186094324616705
qdotdot4:
0.618928819532469
-0.312767103275658
qdotdot5:
0.106056880432801
0.002253790343642
qdotdot6:
0.016389520684012
-0.075883996120019
qdotdot7:
-0.142417552949485
-0.099390369701773

qdotdot1:
-0.207320740900470
0.023076125362212
qdotdot2:
-0.325834853723290
0.053808593596377
qdotdot3:
-0.249366529447964
0.034812145084978
qdotdot4:
0.718824500759253
-0.107054709508559
qdotdot5:
-0.222469976338083
0.037503748110648
qdotdot6:
0.395276556468307
-0.070436637027659
qdotdot7:
0.808915070521487
-0.146725466738977

qdotdot1:
-0.439136761817307
-0.045830741699529
qdotdot2:
-0.643339566414430
-0.054488621877937
qdotdot3:
-0.594781226842831
-0.048069414278964
qdotdot4:
1.380993787658248
0.131859853980868
qdotdot5:
-0.080407470884070
-0.036438246395905
qdotdot6:
0.349453797108359
0.060940807461894
qdotdot7:
0.608538443742104
0.122132357068544

qdotdot1:
0.080604967030926
-0.191785933336606
qdotdot2:
-0.237993184915495
-0.268314377014320
qdotdot3:
0.003167163071832
-0.245755910819867
qdotdot4:
0.104172583827801
0.590858577050942
qdotdot5:
0.026038260456006
-0.063163150440308
qdotdot6:
0.034856152960037
0.177088213828373
qdotdot7:
0.066739429242472
0.324391318052226

qdotdot1:
0.302441297934253
-0.164995387809940
qdotdot2:
0.319946087038957
-0.347415795827237
qdotdot3:
0.302005218962706
-0.244703245834176
qdotdot4:
-1.197523038262837
0.625482254132757
qdotdot5:
0.177069361704151
-0.054508854956083
qdotdot6:
-0.282274424125918
0.188673298310847
qdotdot7:
-0.521059030145238
0.346573396693336

qdotdot1:
0.353337584069695
-0.064473451508637
qdotdot2:
0.787365052760613
-0.241075820430846
qdotdot3:
0.612738591325150
-0.144326248411589
qdotdot4:
-1.166460536537689
0.227463414133701
qdotdot5:
0.158670286731064
0.004343409002943
qdotdot6:
-0.394661443261873
0.094854193991168
qdotdot7:
-0.669539863653550
0.173389830179001

qdotdot1:
0.009337202779355
0.052964802993337
qdotdot2:
0.251687427006288
0.020619458025075
qdotdot3:
0.324199537080689
0.059328708987538
qdotdot4:
-0.092925778805089
-0.160231231249400
qdotdot5:
0.044447035688395
0.057080401485884
qdotdot6:
-0.246846158064381
-0.036318806293914
qdotdot7:
-0.452292680925470
-0.049144076351172

qdotdot1:
-0.104112848022275
0.056068194327224
qdotdot2:
-0.008615263146646
0.104272410443183
qdotdot3:
-0.042317774088524
0.167082396853345
qdotdot4:
0.197777918364762
-0.191116825517101
qdotdot5:
-0.085258508787632
0.071853192506050
qdotdot6:
0.043551163557345
-0.118362673803579
qdotdot7:
-0.023137568388806
-0.199471880034316

qdotdot1:
-0.131583912074723
0.021464371540703
qdotdot2:
-0.089435276815306
0.101408969044269
qdotdot3:
-0.163252285272244
0.153017305146642
qdotdot4:
0.204004645820297
-0.125381691302762
qdotdot5:
-0.107677150769758
0.043515956658856
qdotdot6:
0.163310192032465
-0.103887642388026
qdotdot7:
0.228793993547714
-0.207162077079603

qdotdot1:
0.006496438004822
-0.022269965397393
qdotdot2:
0.030875427489458
0.071683507407506
qdotdot3:
-0.030611458040872
0.098757401048670
qdotdot4:
-0.070528446649032
-0.057576989522994
qdotdot5:
-0.014873973058336
0.007727472200174
qdotdot6:
0.007402365091853
-0.049608491911659
qdotdot7:
0.069161186988194
-0.131118178965781

qdotdot1:
0.095296945012649
-0.020110754562873
qdotdot2:
-0.003124405173496
0.081945524455341
qdotdot3:
-0.111543230323632
0.088583119109358
qdotdot4:
-0.056234503372019
-0.081018417892426
qdotdot5:
-0.035662236499162
0.002783833277416
qdotdot6:
0.038789667999333
-0.047148179522694
qdotdot7:
0.082516362429575
-0.108131184529390

qdotdot1:
-0.041549632539120
0.011562940470511
qdotdot2:
-0.044765648644845
0.080907070844757
qdotdot3:
-0.050174389217723
0.051509671898219
qdotdot4:
0.149067767524224
-0.099708990921002
qdotdot5:
0.010370445573360
-0.009069167917249
qdotdot6:
0.013381340154010
-0.034255718862030
qdotdot7:
0.090098747460522
-0.080705351534307

qdotdot1:
0.012424509715884
-0.002246845243171
qdotdot2:
0.024598602741425
0.066028382939702
qdotdot3:
0.022459051836368
0.034833289435408
qdotdot4:
-0.139441656650572
-0.050163572573720
qdotdot5:
0.000225905113758
-0.005622359308565
qdotdot6:
-0.132858451279921
-0.029808183979145
qdotdot7:
-0.003577904485988
-0.050759373207555

qdotdot1:
0.101683372832201
0.001882669418899
qdotdot2:
-0.011823490936676
0.074204181664161
qdotdot3:
-0.086061447976304
0.042297969006297
qdotdot4:
0.083992079491063
-0.096509575660323
qdotdot5:
0.017833900233862
-0.005547275582862
qdotdot6:
-0.050655680208104
-0.073966137498950
qdotdot7:
0.038302891961202
-0.051948555668049

qdotdot1:
0.212531256398538
0.035679011375354
qdotdot2:
-0.106708674779479
0.070274426664055
qdotdot3:
-0.316809752794465
0.013693861529703
qdotdot4:
0.025840571222792
-0.068593260917321
qdotdot5:
-0.085371982141547
0.000380149658190
qdotdot6:
0.376248202108951
-0.090802485887737
qdotdot7:
0.190528574679398
-0.039217883990015

qdotdot1:
-0.036678247116623
0.106317689239956
qdotdot2:
-0.042837153018770
0.034807833039956
qdotdot3:
-0.157125728159819
-0.091603695409627
qdotdot4:
0.102902227882135
-0.060004671091167
qdotdot5:
-0.019831286209896
-0.027994801148344
qdotdot6:
0.113272983350040
0.034250534530452
qdotdot7:
0.092535728379291
0.024107797318442

qdotdot1:
-0.060185988130272
0.094126998201783
qdotdot2:
0.134746558147356
0.020570116178887
qdotdot3:
0.220099209742330
-0.143827325400829
qdotdot4:
-0.159175796777761
-0.025803220207701
qdotdot5:
0.040171860405451
-0.034586094410144
qdotdot6:
-0.329450330984043
0.071898897021763
qdotdot7:
-0.095910211932942
0.054863751142446

qdotdot1:
-0.093982714450816
0.074123076427920
qdotdot2:
0.157135823879961
0.065355616794788
qdotdot3:
0.419515090797119
-0.070673298841615
qdotdot4:
-0.244148549908002
-0.078708228266097
qdotdot5:
0.126336736711591
-0.021234236643486
qdotdot6:
-0.525737040191760
-0.037599988916825
qdotdot7:
-0.216997216280439
0.022986225551799

qdotdot1:
-0.022803894764859
0.042886190129733
qdotdot2:
-0.038242675454790
0.117582602284541
qdotdot3:
0.044108428891125
0.068760269003048
qdotdot4:
-0.042773174197324
-0.159855496015367
qdotdot5:
0.118068985619831
0.020756104910325
qdotdot6:
0.036710003750226
-0.212338378238512
qdotdot7:
-0.031155048847359
-0.049136796342004

qdotdot1:
0.055393040461788
0.035306895659594
qdotdot2:
0.010774578136075
0.104871944671593
qdotdot3:
-0.248421014186058
0.083420517817045
qdotdot4:
0.156744152467317
-0.174071948336646
qdotdot5:
-0.082914291710110
0.059998507097794
qdotdot6:
0.079261820287028
-0.200137132298207
qdotdot7:
0.066901327528452
-0.059491750698730

qdotdot1:
0.010038619634746
0.053717792990308
qdotdot2:
-0.164526511451958
0.108453074181569
qdotdot3:
-0.160281803931336
0.000853217866677
qdotdot4:
0.176710455679271
-0.121975142055427
qdotdot5:
-0.131369045926526
0.032440414976515
qdotdot6:
0.643149499676992
-0.173793006332480
qdotdot7:
0.166684524411431
-0.037255862180127

qdotdot1:
-0.036702575535246
0.057054313136100
qdotdot2:
-0.005884407818222
0.053769657541674
qdotdot3:
-0.165744721277879
-0.052419392041730
qdotdot4:
0.201421595857229
-0.063242167124776
qdotdot5:
-0.195732088659328
-0.011222507239418
qdotdot6:
0.522495209572789
0.039969576622709
qdotdot7:
0.155075301669256
0.018144809817192

qdotdot1:
-0.123648921119085
0.044855536099870
qdotdot2:
-0.150155197432267
0.051813866213194
qdotdot3:
0.162136270288239
-0.107507703156550
qdotdot4:
0.078436894806104
0.003704010420292
qdotdot5:
0.031163768011333
-0.076277672267216
qdotdot6:
-0.011760062836732
0.213630483824045
qdotdot7:
-0.014239341206654
0.069686942795642

qdotdot1:
0.027838238918370
0.003758539567473
qdotdot2:
0.161845130367060
0.001907020505643
qdotdot3:
0.021017325059358
-0.053618727195376
qdotdot4:
-0.150241092029338
0.029773957207404
qdotdot5:
0.004226331936730
-0.065919819935736
qdotdot6:
-0.111765925808977
0.209721810321293
qdotdot7:
-0.028869447408395
0.064954235458634

qdotdot1:
-0.129319099829693
0.013011091049054
qdotdot2:
-0.400662096908451
0.055699230751250
qdotdot3:
0.217702660074394
-0.046633232075262
qdotdot4:
0.216027367520472
-0.020161437151651
qdotdot5:
0.160045885866481
-0.064515120668031
qdotdot6:
-0.242743895958203
0.172574346163576
qdotdot7:
-0.086805620342848
0.055358942840655

qdotdot1:
0.285818941876824
-0.029970493821833
qdotdot2:
0.785815781260407
-0.077468197304600
qdotdot3:
-0.216193982911710
0.025724257057653
qdotdot4:
-0.707891380754408
0.051639237642278
qdotdot5:
-0.058537702534138
-0.011320922474062
qdotdot6:
-0.007142820391949
0.091893941028081
qdotdot7:
0.030274103116431
0.026507495970473

qdotdot1:
-0.487330625853371
0.065026696261957
qdotdot2:
-1.021236776153196
0.183712152230832
qdotdot3:
0.575146358293210
-0.046131795430591
qdotdot4:
0.842971518065611
-0.183641502026766
qdotdot5:
0.324815131415491
-0.030777006168824
qdotdot6:
-0.487793145119850
0.089519893100912
qdotdot7:
-0.295698947246090
0.036569651786609

qdotdot1:
1.077326048239774
-0.096946613812767
qdotdot2:
2.823194783429060
-0.155714701384033
qdotdot3:
-1.302315628716991
0.145028690875895
qdotdot4:
-2.320379672228936
0.096535609437770
qdotdot5:
-0.722117009679745
0.077181285813329
qdotdot6:
0.851372864157814
-0.072607143771576
qdotdot7:
0.452710200604250
-0.061711340070182

qdotdot1:
-3.380473851698980
0.261122542537819
qdotdot2:
-9.416103193291489
0.782626087801849
qdotdot3:
3.850391815813589
-0.287819896827695
qdotdot4:
7.227829892350890
-0.674685315746010
qdotdot5:
2.165332876773158
-0.162827603663449
qdotdot6:
-2.544537821429300
0.210362309818505
qdotdot7:
-1.429005735901785
0.088755233968869

