1579091099.289000034

1579091099.290999889

1579091099.292000055

1579091099.293999910

1579091099.296000004

1579091099.296999931

1579091099.301000118

1579091099.302000046

1579091099.303999901

1579091099.305999994

1579091099.306999922

1579091099.309000015

1579091099.315000057

1579091099.316999912

1579091099.319999933

1579091099.322000027

1579091099.325999975

1579091099.326999903

1579091099.328999996

1579091099.331000090

1579091099.332000017

1579091099.335999966

1579091099.338000059

1579091099.339999914

1579091099.341000080

1579091099.342999935

1579091099.345000029

1579091099.348000050

1579091099.351000071

1579091099.352999926

1579091099.355000019

1579091099.355999947

1579091099.358000040

1579091099.361000061

1579091099.362999916

1579091099.365000010

1579091099.367000103

1579091099.368999958

1579091099.372999907

1579091099.375000000

1579091099.377000093

1579091099.378000021

1579091099.380000114

1579091099.381000042

1579091099.384999990

1579091099.387000084

1579091099.388999939

1579091099.390000105

1579091099.391999960

1579091099.392999887

1579091099.397000074

1579091099.398999929

1579091099.401000023

1579091099.404999971

1579091099.407999992

1579091099.410000086

1579091099.413000107

1579091099.414000034

1579091099.415999889

1579091099.423000097

1579091099.440000057

1579091099.450999975

1579091099.453999996

1579091099.467999935

1579091099.470999956

1579091099.473000050

1579091099.474999905

1579091099.476999998

1579091099.479000092

1579091099.483999968

1579091099.486000061

1579091099.489000082

1579091099.490999937

1579091099.493000031

1579091099.496999979

1579091099.497999907

1579091099.500000000

1579091099.502000093

1579091099.503000021

1579091099.509999990

1579091099.512000084

1579091099.513000011

1579091099.515000105

1579091099.516999960

1579091099.519999981

1579091099.522000074

1579091099.523999929

1579091099.526000023

1579091099.526999950

1579091099.529000044

1579091099.532000065

1579091099.533999920

1579091099.536000013

1579091099.538000107

1579091099.539999962

1579091099.542999983

1579091099.545000076

1579091099.546999931

1579091099.549000025

1579091099.549999952

1579091099.552000046

1579091099.555999994

1579091099.556999922

1579091099.559000015

1579091099.561000109

1579091099.562000036

1579091099.563999891

1579091099.572999954

1579091099.573999882

1579091099.575999975

1579091099.579999924

1579091099.581000090

1579091099.582999945

1579091099.585000038

1579091099.586999893

1579091099.588999987

1579091099.598000050

1579091099.599999905

1579091099.602999926

1579091099.605000019

1579091099.605999947

1579091099.608000040

1579091099.609999895

1579091099.611999989

1579091099.615000010

1579091099.617000103

1579091099.618999958

1579091099.619999886

1579091099.621999979

1579091099.624000072

1579091099.627000093

1579091099.628999949

1579091099.631000042

1579091099.631999969

1579091099.634000063

1579091099.654000044

1579091099.655999899

1579091099.657999992

1579091099.658999920

1579091099.663000107

1579091099.664999962

1579091099.665999889

1579091099.667999983

1579091099.670000076

1579091099.671000004

1579091099.674999952

1579091099.677000046

1579091099.678999901

1579091099.680000067

1579091099.681999922

1579091099.684000015

1579091099.687000036

1579091099.688999891

1579091099.690999985

1579091099.693000078

1579091099.694999933

1579091099.696000099

1579091099.700999975

1579091099.701999903

1579091099.703999996

1579091099.706000090

1579091099.707999945

1579091099.710999966

1579091099.713000059

1579091099.714999914

1579091099.717000008

1579091099.717999935

1579091099.720000029

1579091099.723000050

1579091099.724999905

1579091099.726999998

1579091099.729000092

1579091099.730000019

1579091099.732000113

1579091099.734999895

1579091099.736999989

1579091099.737999916

1579091099.740000010

1579091099.743999958

1579091099.746999979

1579091099.749000072

1579091099.752000093

1579091099.753999949

1579091099.755000114

1579091099.759999990

1579091099.762000084

1579091099.763000011

1579091099.766000032

1579091099.766999960

1579091099.769000053

1579091099.773000002

1579091099.773999929

1579091099.776000023

1579091099.778000116

1579091099.779999971

1579091099.780999899

1579091099.785000086

1579091099.786000013

1579091099.788000107

1579091099.789999962

1579091099.790999889

1579091099.792999983

1579091099.796999931

1579091099.798000097

1579091099.799999952

1579091099.802000046

1579091099.802999973

1579091099.805000067

1579091099.809000015

1579091099.811000109

1579091099.812999964

1579091099.815000057

1579091099.815999985

1579091099.819999933

1579091099.822000027

1579091099.828000069

1579091099.832000017

1579091099.834000111

1579091099.835999966

1579091099.838000059

1579091099.838999987

1579091099.841000080

1579091099.845000029

1579091099.846999884

1579091099.848000050

1579091099.849999905

1579091099.851999998

1579091099.852999926

1579091099.857000113

1579091099.858000040

1579091099.859999895

1579091099.861999989

1579091099.864000082

1579091099.865000010

1579091099.868999958

1579091099.869999886

1579091099.871999979

1579091099.874000072

1579091099.875000000

1579091099.877000093

1579091099.881000042

1579091099.881999969

1579091099.884000063

1579091099.885999918

1579091099.887000084

1579091099.888999939

1579091099.892999887

1579091099.894999981

1579091099.897000074

1579091099.898000002

1579091099.900000095

1579091099.901999950

1579091099.904999971

1579091099.907000065

1579091099.908999920

1579091099.911000013

1579091099.911999941

1579091099.915999889

1579091099.917999983

1579091099.918999910

1579091099.921000004

1579091099.923000097

1579091099.924999952

1579091099.927999973

1579091099.930000067

1579091099.930999994

1579091099.933000088

1579091099.934999943

1579091099.937000036

1579091099.940000057

1579091099.944000006

1579091099.946000099

1579091099.947000027

1579091099.948999882

1579091099.953000069

1579091099.954999924

1579091099.956000090

1579091099.959000111

1579091099.960999966

1579091099.964999914

1579091099.966000080

1579091099.967999935

1579091099.970000029

1579091099.971999884

1579091099.973000050

1579091099.976999998

1579091099.977999926

1579091099.980000019

1579091099.982000113

1579091099.983000040

1579091099.984999895

1579091099.989000082

1579091099.990000010

1579091099.992000103

1579091099.993999958

1579091099.994999886

1579091099.996999979

1579091100.000999928

1579091100.002000093

1579091100.003999949

1579091100.006999969

1579091100.009000063

1579091100.012000084

1579091100.013999939

1579091100.015000105

1579091100.016999960

1579091100.019000053

1579091100.020999908

1579091100.023999929

1579091100.026000023

1579091100.026999950

1579091100.029000044

1579091100.030999899

1579091100.032999992

1579091100.036000013

1579091100.038000107

1579091100.039999962

1579091100.042999983

1579091100.045000076

1579091100.048000097

1579091100.049999952

1579091100.052000046

1579091100.053999901

1579091100.055000067

1579091100.056999922

1579091100.061000109

1579091100.062000036

1579091100.063999891

1579091100.065999985

1579091100.068000078

1579091100.069999933

1579091100.072999954

1579091100.075000048

1579091100.076999903

1579091100.078000069

1579091100.079999924

1579091100.082000017

1579091100.085999966

1579091100.086999893

1579091100.088999987

1579091100.091000080

1579091100.092000008

1579091100.096999884

1579091100.098999977

1579091100.101000071

1579091100.101999998

1579091100.104000092

1579091100.105999947

1579091100.108999968

1579091100.111000061

1579091100.112999916

1579091100.114000082

1579091100.115999937

1579091100.121999979

1579091100.124000072

1579091100.125999928

1579091100.128000021

1579091100.130000114

1579091100.134000063

1579091100.134999990

1579091100.137000084

1579091100.138999939

1579091100.140000105

1579091100.141999960

1579091100.145999908

1579091100.148000002

1579091100.148999929

1579091100.151000023

1579091100.153000116

1579091100.154000044

1579091100.157999992

1579091100.160000086

1579091100.161999941

1579091100.164000034

1579091100.164999962

1579091100.168999910

1579091100.171000004

1579091100.173000097

1579091100.174000025

1579091100.176000118

1579091100.177999973

1579091100.180999994

1579091100.183000088

1579091100.184000015

1579091100.186000109

1579091100.187999964

1579091100.190000057

1579091100.193000078

1579091100.194999933

1579091100.197000027

1579091100.198999882

1579091100.200000048

1579091100.201999903

1579091100.204999924

1579091100.207000017

1579091100.209000111

1579091100.210999966

1579091100.211999893

1579091100.213999987

1579091100.217999935

1579091100.219000101

1579091100.220999956

1579091100.223000050

1579091100.223999977

1579091100.226000071

1579091100.229000092

1579091100.230999947

1579091100.233000040

1579091100.234999895

1579091100.236000061

1579091100.237999916

1579091100.240999937

1579091100.243999958

1579091100.246000051

1579091100.249000072

1579091100.250999928

1579091100.253999949

1579091100.256000042

1579091100.257999897

1579091100.259999990

1579091100.262000084

1579091100.265000105

1579091100.266999960

1579091100.267999887

1579091100.269999981

1579091100.272000074

1579091100.273999929

1579091100.276999950

1579091100.279000044

1579091100.279999971

1579091100.282000065

1579091100.283999920

1579091100.286000013

1579091100.289000034

1579091100.290999889

1579091100.292000055

1579091100.293999910

1579091100.296000004

1579091100.298000097

1579091100.301000118

1579091100.302999973

1579091100.303999901

1579091100.305999994

1579091100.308000088

1579091100.309999943

1579091100.312999964

1579091100.315000057

1579091100.316999912

1579091100.319000006

1579091100.319999933

1579091100.322000027

1579091100.325999975

1579091100.326999903

1579091100.328999996

1579091100.331000090

1579091100.332999945

1579091100.334000111

1579091100.338000059

1579091100.339999914

1579091100.342000008

1579091100.345000029

1579091100.345999956

1579091100.349999905

1579091100.351999998

1579091100.354000092

1579091100.355999947

1579091100.357000113

1579091100.361000061

1579091100.362999916

1579091100.364000082

1579091100.365999937

1579091100.368000031

1579091100.369999886

1579091100.372999907

1579091100.375000000

1579091100.375999928

1579091100.378000021

1579091100.380000114

1579091100.381000042

1579091100.384999990

1579091100.387000084

1579091100.388000011

1579091100.390000105

1579091100.391999960

1579091100.394000053

1579091100.397000074

1579091100.398999929

1579091100.401000023

1579091100.401999950

1579091100.404000044

1579091100.411000013

1579091100.411999941

1579091100.414000034

1579091100.415999889

1579091100.417999983

1579091100.421000004

1579091100.423000097

1579091100.424000025

1579091100.426000118

1579091100.428999901

1579091100.430999994

1579091100.434000015

1579091100.436000109

1579091100.437999964

1579091100.438999891

1579091100.440999985

1579091100.443000078

1579091100.447999954

1579091100.450999975

1579091100.453000069

1579091100.457999945

1579091100.460000038

1579091100.461999893

1579091100.463999987

1579091100.464999914

1579091100.467000008

1579091100.470999956

1579091100.471999884

1579091100.473999977

1579091100.476000071

1579091100.476999998

1579091100.479000092

1579091100.482000113

1579091100.483999968

1579091100.486000061

1579091100.487999916

1579091100.489000082

1579091100.490999937

1579091100.494999886

1579091100.496000051

1579091100.497999907

1579091100.500000000

1579091100.500999928

1579091100.503000021

1579091100.506000042

1579091100.507999897

1579091100.509999990

1579091100.512000084

1579091100.513999939

1579091100.515000105

1579091100.519000053

1579091100.519999981

1579091100.522000074

1579091100.523999929

1579091100.526000023

1579091100.526999950

1579091100.530999899

1579091100.532000065

1579091100.533999920

1579091100.536000013

1579091100.536999941

1579091100.539000034

1579091100.542000055

1579091100.546000004

1579091100.548000097

1579091100.549000025

1579091100.551000118

1579091100.553999901

1579091100.556999922

1579091100.559000015

1579091100.559999943

1579091100.562000036

1579091100.562999964

1579091100.566999912

1579091100.569000006

1579091100.571000099

1579091100.572000027

1579091100.573999882

1579091100.575999975

1579091100.578999996

1579091100.581000090

1579091100.582999945

1579091100.585000038

1579091100.586999893

1579091100.589999914

1579091100.592000008

1579091100.594000101

1579091100.595000029

1579091100.596999884

1579091100.598999977

1579091100.601999998

1579091100.604000092

1579091100.605000019

1579091100.607000113

1579091100.608999968

1579091100.611000061

1579091100.614000082

1579091100.615999937

1579091100.617000103

1579091100.618999958

1579091100.621000051

1579091100.622999907

1579091100.625999928

1579091100.628000021

1579091100.628999949

1579091100.631000042

1579091100.632999897

1579091100.634000063

1579091100.638000011

1579091100.640000105

1579091100.641999960

1579091100.644999981

1579091100.647000074

1579091100.650000095

1579091100.651999950

1579091100.654000044

1579091100.655999899

1579091100.657000065

1579091100.658999920

1579091100.661999941

1579091100.667000055

1579091100.671000004

1579091100.674999952

1579091100.676000118

1579091100.680000067

1579091100.680999994

1579091100.683000088

1579091100.686000109

1579091100.690000057

1579091100.690999985

1579091100.697999954

1579091100.700000048

1579091100.700999975

1579091100.703000069

1579091100.704999924

1579091100.707000017

1579091100.710000038

1579091100.711999893

1579091100.713999987

1579091100.716000080

1579091100.717000008

1579091100.719000101

1579091100.721999884

1579091100.723999977

1579091100.726000071

1579091100.727999926

1579091100.729000092

1579091100.730999947

1579091100.733999968

1579091100.736000061

1579091100.737999916

1579091100.740000010

1579091100.740999937

1579091100.743000031

1579091100.746999979

1579091100.749000072

1579091100.750000000

1579091100.752000093

1579091100.753999949

1579091100.755000114

1579091100.759000063

1579091100.759999990

1579091100.763000011

1579091100.765000105

1579091100.767999887

1579091100.770999908

1579091100.773000002

1579091100.775000095

1579091100.776999950

1579091100.778000116

1579091100.779999971

1579091100.782999992

1579091100.785000086

1579091100.786000013

1579091100.788000107

1579091100.789999962

1579091100.792000055

1579091100.795000076

1579091100.796999931

1579091100.798000097

1579091100.799999952

1579091100.802000046

1579091100.803999901

1579091100.806999922

1579091100.809000015

1579091100.809999943

1579091100.812000036

1579091100.813999891

1579091100.815999985

1579091100.819999933

1579091100.821000099

1579091100.822999954

1579091100.825000048

1579091100.825999975

1579091100.828000069

1579091100.831000090

1579091100.832999945

1579091100.835000038

1579091100.836999893

1579091100.838000059

1579091100.839999914

1579091100.844000101

1579091100.846999884

1579091100.848999977

1579091100.849999905

1579091100.851999998

1579091100.855000019

1579091100.857000113

1579091100.858999968

1579091100.859999895

1579091100.861999989

1579091100.864000082

1579091100.867000103

1579091100.868999958

1579091100.869999886

1579091100.871999979

1579091100.874000072

1579091100.875999928

1579091100.878999949

1579091100.881000042

1579091100.881999969

1579091100.884000063

1579091100.885999918

1579091100.887000084

1579091100.891000032

1579091100.892999887

1579091100.894000053

1579091100.895999908

1579091100.898000002

1579091100.898999929

1579091100.903000116

1579091100.904999971

1579091100.905999899

1579091100.907999992

1579091100.910000086

1579091100.911000013

1579091100.914999962

1579091100.917000055

1579091100.917999983

1579091100.920000076

1579091100.921999931

1579091100.923000097

1579091100.927000046

1579091100.928999901

1579091100.930999994

1579091100.933000088

1579091100.934000015

1579091100.936000109

1579091100.940000057

1579091100.940999985

1579091100.943000078

1579091100.946000099

1579091100.947999954

1579091100.951999903

1579091100.953999996

1579091100.956000090

1579091100.957000017

1579091100.959000111

1579091100.960000038

1579091100.963999987

1579091100.964999914

1579091100.967000008

1579091100.969000101

1579091100.970000029

1579091100.971999884

1579091100.976000071

1579091100.976999998

1579091100.983000040

1579091100.983999968

1579091100.987999916

1579091100.990000010

1579091100.992000103

1579091100.993000031

1579091100.994999886

1579091100.996999979

1579091101.000000000

1579091101.002000093

1579091101.003999949

1579091101.006000042

1579091101.006999969

1579091101.009000063

1579091101.012000084

1579091101.013999939

1579091101.016000032

1579091101.017999887

1579091101.019000053

1579091101.020999908

1579091101.023999929

1579091101.026000023

1579091101.028000116

1579091101.029999971

1579091101.030999899

1579091101.032999992

1579091101.036000013

1579091101.038000107

1579091101.039999962

1579091101.040999889

1579091101.042999983

1579091101.046000004

1579091101.048000097

1579091101.049999952

1579091101.052000046

1579091101.053999901

1579091101.055999994

1579091101.059000015

1579091101.061000109

1579091101.062999964

1579091101.065000057

1579091101.065999985

1579091101.068000078

1579091101.072000027

1579091101.072999954

1579091101.075000048

1579091101.078000069

1579091101.079999924

1579091101.084000111

1579091101.085000038

1579091101.086999893

1579091101.088999987

1579091101.089999914

1579091101.092000008

1579091101.096999884

1579091101.098000050

1579091101.099999905

1579091101.101999998

1579091101.102999926

1579091101.105000019

1579091101.108000040

1579091101.109999895

1579091101.111999989

1579091101.114000082

1579091101.115000010

1579091101.117000103

1579091101.119999886

1579091101.121999979

1579091101.124000072

1579091101.125000000

1579091101.127000093

1579091101.128999949

1579091101.131999969

1579091101.134999990

1579091101.135999918

1579091101.138000011

1579091101.140000105

1579091101.141000032

1579091101.144999981

1579091101.148000002

1579091101.150000095

1579091101.151000023

1579091101.153000116

1579091101.155999899

1579091101.157999992

1579091101.160000086

1579091101.161999941

1579091101.163000107

1579091101.164999962

1579091101.168999910

1579091101.170000076

1579091101.171999931

1579091101.177000046

1579091101.180000067

1579091101.183000088

1579091101.184999943

1579091101.187000036

1579091101.188999891

1579091101.191999912

1579091101.194000006

1579091101.196000099

1579091101.197000027

1579091101.198999882

1579091101.200999975

1579091101.203999996

1579091101.206000090

1579091101.207000017

1579091101.209000111

1579091101.210999966

1579091101.213000059

1579091101.216000080

1579091101.217999935

1579091101.220000029

1579091101.220999956

1579091101.223000050

1579091101.224999905

1579091101.227999926

1579091101.230000019

1579091101.230999947

1579091101.233000040

1579091101.234999895

1579091101.236999989

1579091101.240000010

1579091101.242000103

1579091101.243000031

1579091101.244999886

1579091101.247999907

1579091101.250000000

1579091101.253000021

1579091101.255000114

1579091101.256999969

1579091101.259000063

1579091101.259999990

1579091101.263999939

1579091101.269000053

1579091101.270999908

1579091101.273000002

1579091101.276999950

1579091101.278000116

1579091101.279999971

1579091101.282000065

1579091101.282999992

1579091101.285000086

1579091101.288000107

1579091101.289999962

1579091101.292000055

1579091101.293999910

1579091101.295000076

1579091101.296999931

1579091101.301000118

1579091101.302000046

1579091101.303999901

1579091101.305999994

1579091101.308000088

1579091101.309000015

1579091101.312999964

1579091101.313999891

1579091101.316999912

1579091101.318000078

1579091101.319999933

1579091101.321000099

1579091101.325000048

1579091101.326999903

1579091101.328999996

1579091101.329999924

1579091101.332000017

1579091101.335999966

1579091101.338000059

1579091101.338999987

1579091101.341000080

1579091101.342999935

1579091101.344000101

1579091101.348000050

1579091101.349999905

1579091101.351000071

1579091101.352999926

1579091101.355000019

1579091101.357000113

1579091101.359999895

1579091101.361999989

1579091101.362999916

1579091101.365000010

1579091101.365999937

1579091101.368000031

1579091101.368999958

1579091101.372999907

1579091101.374000072

1579091101.375999928

1579091101.378000021

1579091101.380000114

1579091101.381000042

1579091101.384999990

1579091101.385999918

1579091101.388000011

1579091101.390000105

1579091101.391000032

1579091101.392999887

1579091101.395999908

1579091101.398000002

1579091101.400000095

1579091101.401999950

1579091101.403000116

1579091101.404999971

1579091101.408999920

1579091101.410000086

1579091101.411999941

1579091101.414000034

1579091101.414999962

1579091101.417000055

1579091101.421000004

1579091101.421999931

1579091101.424000025

1579091101.426000118

1579091101.427000046

1579091101.428999901

1579091101.434000015

1579091101.434999943

1579091101.437000036

1579091101.438999891

1579091101.440999985

1579091101.443000078

1579091101.447000027

1579091101.448999882

1579091101.450000048

1579091101.451999903

1579091101.453999996

1579091101.457999945

1579091101.459000111

1579091101.460999966

1579091101.463000059

1579091101.466000080

1579091101.469000101

1579091101.470999956

1579091101.473000050

1579091101.474999905

1579091101.476999998

1579091101.477999926

1579091101.482000113

1579091101.483999968

1579091101.486000061

1579091101.486999989

1579091101.489000082

1579091101.490000010

1579091101.493999958

1579091101.496000051

1579091101.496999979

1579091101.499000072

1579091101.500999928

1579091101.502000093

1579091101.506000042

1579091101.506999969

1579091101.509000063

1579091101.510999918

1579091101.512000084

1579091101.513999939

1579091101.516999960

1579091101.519000053

1579091101.520999908

1579091101.523000002

1579091101.523999929

1579091101.526000023

1579091101.529000044

1579091101.530999899

1579091101.532999992

1579091101.533999920

1579091101.536000013

1579091101.538000107

1579091101.540999889

1579091101.542999983

1579091101.543999910

1579091101.549000025

1579091101.549000025

1579091101.555999994

1579091101.558000088

1579091101.559999943

1579091101.561000109

1579091101.565000057

1579091101.566999912

1579091101.569000006

1579091101.569999933

1579091101.572999954

1579091101.573999882

1579091101.578000069

1579091101.579999924

1579091101.582000017

1579091101.584000111

1579091101.585000038

1579091101.588999987

1579091101.591000080

1579091101.592000008

1579091101.594000101

1579091101.595999956

1579091101.596999884

1579091101.601000071

1579091101.602999926

1579091101.604000092

1579091101.605999947

1579091101.608000040

1579091101.609999895

1579091101.612999916

1579091101.615000010

1579091101.615999937

1579091101.618000031

1579091101.619999886

1579091101.621000051

1579091101.625000000

1579091101.627000093

1579091101.628000021

1579091101.630000114

1579091101.631999969

1579091101.632999897

1579091101.637000084

1579091101.638999939

1579091101.640000105

1579091101.641999960

1579091101.644000053

1579091101.644999981

1579091101.648999929

1579091101.651000023

1579091101.653000116

1579091101.654000044

1579091101.655999899

1579091101.657999992

1579091101.661000013

1579091101.663000107

1579091101.664000034

1579091101.665999889

1579091101.667999983

1579091101.670000076

1579091101.673000097

1579091101.674999952

1579091101.676000118

1579091101.677999973

1579091101.687000036

1579091101.687999964

1579091101.690000057

1579091101.691999912

1579091101.693000078

1579091101.697000027

1579091101.698999882

1579091101.700999975

1579091101.703000069

1579091101.703999996

1579091101.706000090

1579091101.710000038

1579091101.710999966

1579091101.713000059

1579091101.714999914

1579091101.716000080

1579091101.717999935

1579091101.720999956

1579091101.723000050

1579091101.724999905

1579091101.726999998

1579091101.727999926

1579091101.730000019

1579091101.733000040

1579091101.734999895

1579091101.736999989

1579091101.739000082

1579091101.740000010

1579091101.742000103

1579091101.744999886

1579091101.749000072

1579091101.750000000

1579091101.752000093

1579091101.753999949

1579091101.756999969

1579091101.759000063

1579091101.759999990

1579091101.762000084

1579091101.763999939

1579091101.766999960

1579091101.769999981

1579091101.772000074

1579091101.773000002

1579091101.775000095

1579091101.776999950

1579091101.779000044

1579091101.782000065

1579091101.783999920

1579091101.785000086

1579091101.786999941

1579091101.789000034

1579091101.790999889

1579091101.793999910

1579091101.796000004

1579091101.798000097

1579091101.799000025

1579091101.801000118

1579091101.802999973

1579091101.805999994

1579091101.808000088

1579091101.809000015

1579091101.811000109

1579091101.812999964

1579091101.815000057

1579091101.818000078

1579091101.819999933

1579091101.821000099

1579091101.822999954

1579091101.825000048

1579091101.825999975

1579091101.829999924

1579091101.832000017

1579091101.838000059

1579091101.839999914

1579091101.842999935

1579091101.845000029

1579091101.846999884

1579091101.849999905

1579091101.851000071

1579091101.855000019

1579091101.857000113

1579091101.858999968

1579091101.859999895

1579091101.861999989

1579091101.865999937

1579091101.868000031

1579091101.868999958

1579091101.871000051

1579091101.872999907

1579091101.874000072

1579091101.878000021

1579091101.880000114

1579091101.881000042

1579091101.882999897

1579091101.884999990

1579091101.885999918

1579091101.890000105

1579091101.891999960

1579091101.892999887

1579091101.894999981

1579091101.897000074

1579091101.898999929

1579091101.901999950

1579091101.904000044

1579091101.907000065

1579091101.907999992

1579091101.910000086

1579091101.911999941

1579091101.914999962

1579091101.917000055

1579091101.918999910

1579091101.920000076

1579091101.921999931

1579091101.924000025

1579091101.927000046

1579091101.928999901

1579091101.930999994

1579091101.931999922

1579091101.934000015

1579091101.937999964

1579091101.940000057

1579091101.940999985

1579091101.943000078

1579091101.944999933

1579091101.947000027

1579091101.950000048

1579091101.951999903

1579091101.953999996

1579091101.956000090

1579091101.957999945

1579091101.960000038

1579091101.963000059

1579091101.964999914

1579091101.967000008

1579091101.969000101

1579091101.970000029

1579091101.973999977

1579091101.976000071

1579091101.977999926

1579091101.979000092

1579091101.980999947

1579091101.982000113

1579091101.986000061

1579091101.987999916

1579091101.990000010

1579091101.990999937

1579091101.993000031

1579091101.994999886

1579091101.997999907

1579091102.000000000

1579091102.000999928

1579091102.003000021

1579091102.005000114

1579091102.006000042

1579091102.009999990

1579091102.012000084

1579091102.013000011

1579091102.015000105

1579091102.016999960

1579091102.017999887

1579091102.022000074

1579091102.023999929

1579091102.025000095

1579091102.026999950

1579091102.029000044

1579091102.029999971

1579091102.033999920

1579091102.036000013

1579091102.036999941

1579091102.039000034

1579091102.040999889

1579091102.042000055

1579091102.046000004

1579091102.049000025

1579091102.051000118

1579091102.052999973

1579091102.055000067

1579091102.058000088

1579091102.059999943

1579091102.062000036

1579091102.063999891

1579091102.065000057

1579091102.066999912

1579091102.071000099

1579091102.072000027

1579091102.073999882

1579091102.075999975

1579091102.076999903

1579091102.078999996

1579091102.082000017

1579091102.084000111

1579091102.085999966

1579091102.088000059

1579091102.089999914

1579091102.091000080

1579091102.095000029

1579091102.096999884

1579091102.099999905

1579091102.101999998

1579091102.102999926

1579091102.107000113

1579091102.108999968

1579091102.109999895

1579091102.111999989

1579091102.114000082

1579091102.115000010

1579091102.118999958

1579091102.121000051

1579091102.121999979

1579091102.128000021

1579091102.131000042

1579091102.132999897

1579091102.134999990

1579091102.135999918

1579091102.138999939

1579091102.140000105

1579091102.144000053

1579091102.145999908

1579091102.148000002

1579091102.151000023

1579091102.153000116

1579091102.155999899

1579091102.157999992

1579091102.160000086

1579091102.161999941

1579091102.163000107

1579091102.164999962

1579091102.167999983

1579091102.170000076

1579091102.171999931

1579091102.173000097

1579091102.174999952

1579091102.177000046

1579091102.180000067

1579091102.181999922

1579091102.184000015

1579091102.186000109

1579091102.187000036

1579091102.190999985

1579091102.193000078

1579091102.194999933

1579091102.196000099

1579091102.197999954

1579091102.200000048

1579091102.203000069

1579091102.204999924

1579091102.207000017

1579091102.207999945

1579091102.210000038

1579091102.210999966

1579091102.214999914

1579091102.217000008

1579091102.217999935

1579091102.220000029

1579091102.221999884

1579091102.223000050

1579091102.226999998

1579091102.229000092

1579091102.230000019

1579091102.232000113

1579091102.233999968

1579091102.234999895

1579091102.239000082

1579091102.240999937

1579091102.242000103

1579091102.243999958

1579091102.246000051

1579091102.247999907

1579091102.250999928

1579091102.253000021

1579091102.255000114

1579091102.256000042

1579091102.257999897

1579091102.259999990

1579091102.263000011

1579091102.265000105

1579091102.266000032

1579091102.267999887

1579091102.269999981

1579091102.272000074

1579091102.275000095

1579091102.276999950

1579091102.279000044

1579091102.279999971

1579091102.282000065

1579091102.283999920

1579091102.286999941

1579091102.289000034

1579091102.289999962

1579091102.292000055

1579091102.293999910

1579091102.296000004

1579091102.299000025

1579091102.301000118

1579091102.302000046

1579091102.303999901

1579091102.305999994

1579091102.308000088

1579091102.311000109

1579091102.312999964

1579091102.313999891

1579091102.315999985

1579091102.318000078

1579091102.319999933

1579091102.322999954

1579091102.325000048

1579091102.326999903

1579091102.328999996

1579091102.329999924

1579091102.332000017

1579091102.335000038

1579091102.336999893

1579091102.338999987

1579091102.341000080

1579091102.342000008

1579091102.344000101

1579091102.346999884

1579091102.351000071

1579091102.352999926

1579091102.354000092

1579091102.355999947

1579091102.358999968

1579091102.361000061

1579091102.362999916

1579091102.365000010

1579091102.365999937

1579091102.368000031

1579091102.371000051

1579091102.372999907

1579091102.375000000

1579091102.377000093

1579091102.378000021

1579091102.380000114

1579091102.382999897

1579091102.384999990

1579091102.387000084

1579091102.388999939

1579091102.390000105

1579091102.391999960

1579091102.394999981

1579091102.397000074

1579091102.398999929

1579091102.401999950

1579091102.404000044

1579091102.407000065

1579091102.408999920

1579091102.414000034

1579091102.415999889

1579091102.418999910

1579091102.421000004

1579091102.423000097

1579091102.424999952

1579091102.426000118

1579091102.427999973

1579091102.431999922

1579091102.434999943

1579091102.436000109

1579091102.437999964

1579091102.440000057

1579091102.440999985

1579091102.446000099

1579091102.447000027

1579091102.448999882

1579091102.450999975

1579091102.453000069

1579091102.456000090

1579091102.457999945

1579091102.460000038

1579091102.461999893

1579091102.463999987

1579091102.464999914

1579091102.467999935

1579091102.470000029

1579091102.471999884

1579091102.473999977

1579091102.476000071

1579091102.476999998

1579091102.483000040

1579091102.483999968

1579091102.486000061

1579091102.487999916

1579091102.489000082

1579091102.493000031

1579091102.494999886

1579091102.496999979

1579091102.497999907

1579091102.500000000

1579091102.500999928

1579091102.505000114

1579091102.506999969

1579091102.509000063

1579091102.509999990

1579091102.512000084

1579091102.513000011

1579091102.516999960

1579091102.519000053

1579091102.520999908

1579091102.522000074

1579091102.523999929

1579091102.525000095

1579091102.529000044

1579091102.530999899

1579091102.532999992

1579091102.533999920

1579091102.536000013

1579091102.538000107

1579091102.540999889

1579091102.542999983

1579091102.545000076

1579091102.546999931

1579091102.548000097

1579091102.551000118

1579091102.552999973

1579091102.555000067

1579091102.556999922

1579091102.558000088

1579091102.559999943

1579091102.562999964

1579091102.565000057

1579091102.566999912

1579091102.569000006

1579091102.569999933

1579091102.572000027

1579091102.575999975

1579091102.578000069

1579091102.579999924

1579091102.581000090

1579091102.582999945

1579091102.584000111

1579091102.588000059

1579091102.589999914

1579091102.592000008

1579091102.592999935

1579091102.595000029

1579091102.595999956

1579091102.599999905

1579091102.601999998

1579091102.604000092

1579091102.605000019

1579091102.607000113

1579091102.608000040

1579091102.611999989

1579091102.614000082

1579091102.615999937

1579091102.617000103

1579091102.618999958

1579091102.621000051

1579091102.624000072

1579091102.625999928

1579091102.628000021

1579091102.628999949

1579091102.631000042

1579091102.632999897

1579091102.635999918

1579091102.638000011

1579091102.640000105

1579091102.641000032

1579091102.642999887

1579091102.644000053

1579091102.648000002

1579091102.651999950

1579091102.653000116

1579091102.654999971

1579091102.655999899

1579091102.660000086

1579091102.661999941

1579091102.664000034

1579091102.665999889

1579091102.667000055

1579091102.671000004

1579091102.673000097

1579091102.674000025

1579091102.676000118

1579091102.677999973

1579091102.680000067

1579091102.684000015

1579091102.684999943

1579091102.687000036

1579091102.690000057

1579091102.691999912

1579091102.694999933

1579091102.697000027

1579091102.703000069

1579091102.707000017

1579091102.709000111

1579091102.710000038

1579091102.711999893

1579091102.713999987

1579091102.714999914

1579091102.719000101

1579091102.720999956

1579091102.721999884

1579091102.723999977

1579091102.726000071

1579091102.726999998

1579091102.730999947

1579091102.733000040

1579091102.733999968

1579091102.736000061

1579091102.737999916

1579091102.739000082

1579091102.743000031

1579091102.744999886

1579091102.746000051

1579091102.747999907

1579091102.750999928

1579091102.755000114

1579091102.756999969

1579091102.759000063

1579091102.759999990

1579091102.762000084

1579091102.763999939

1579091102.766999960

1579091102.769999981

1579091102.772000074

1579091102.773999929

1579091102.775000095

1579091102.776999950

1579091102.779999971

1579091102.782000065

1579091102.783999920

1579091102.786000013

1579091102.786999941

1579091102.789000034

1579091102.792000055

1579091102.793999910

1579091102.796000004

1579091102.796999931

1579091102.799000025

1579091102.801000118

1579091102.805000067

1579091102.806999922

1579091102.808000088

1579091102.809999943

1579091102.812000036

1579091102.812999964

1579091102.816999912

1579091102.819000006

1579091102.821000099

1579091102.822999954

1579091102.825000048

1579091102.828000069

1579091102.829999924

1579091102.832000017

1579091102.834000111

1579091102.835000038

1579091102.836999893

1579091102.839999914

1579091102.842000008

1579091102.844000101

1579091102.845999956

1579091102.846999884

1579091102.848999977

1579091102.851999998

1579091102.855000019

1579091102.857000113

1579091102.858000040

1579091102.859999895

1579091102.861000061

1579091102.865000010

1579091102.867000103

1579091102.868999958

1579091102.869999886

1579091102.871999979

1579091102.872999907

1579091102.877000093

1579091102.878999949

1579091102.881000042

1579091102.881999969

1579091102.884000063

1579091102.884999990

1579091102.888999939

1579091102.891000032

1579091102.892999887

1579091102.894000053

1579091102.895999908

1579091102.897000074

1579091102.901000023

1579091102.903000116

1579091102.904999971

1579091102.905999899

1579091102.907999992

1579091102.908999920

1579091102.913000107

1579091102.914999962

1579091102.917000055

1579091102.917999983

1579091102.920000076

1579091102.921999931

1579091102.924999952

1579091102.927000046

1579091102.928999901

1579091102.930000067

1579091102.931999922

1579091102.936000109

1579091102.937999964

1579091102.938999891

1579091102.940999985

1579091102.943000078

1579091102.944999933

1579091102.947999954

1579091102.951999903

1579091102.953000069

1579091102.954999924

1579091102.957000017

1579091102.960000038

1579091102.961999893

1579091102.963000059

1579091102.964999914

1579091102.967000008

1579091102.967999935

1579091102.971999884

1579091102.973999977

1579091102.974999905

1579091102.976999998

1579091102.979000092

1579091102.980000019

1579091102.983999968

1579091102.986000061

1579091102.990999937

1579091102.993000031

1579091102.996000051

1579091102.997999907

1579091103.000000000

1579091103.002000093

1579091103.003000021

1579091103.005000114

1579091103.007999897

1579091103.009999990

1579091103.012000084

1579091103.013999939

1579091103.016999960

1579091103.022000074

1579091103.023999929

1579091103.025000095

1579091103.026999950

1579091103.029000044

1579091103.032000065

1579091103.033999920

1579091103.035000086

1579091103.036999941

1579091103.039000034

1579091103.039999962

1579091103.043999910

1579091103.046000004

1579091103.046999931

1579091103.049000025

1579091103.052000046

1579091103.055000067

1579091103.056999922

1579091103.059000015

1579091103.059999943

1579091103.062000036

1579091103.063999891

1579091103.066999912

1579091103.069000006

1579091103.071000099

1579091103.072999954

1579091103.073999882

1579091103.075999975

1579091103.078999996

1579091103.081000090

1579091103.082999945

1579091103.085000038

1579091103.085999966

1579091103.088000059

1579091103.091000080

1579091103.092999935

1579091103.095000029

1579091103.096999884

1579091103.098000050

1579091103.099999905

1579091103.104000092

1579091103.105999947

1579091103.108000040

1579091103.108999968

1579091103.111000061

1579091103.112999916

1579091103.115999937

1579091103.118000031

1579091103.119999886

1579091103.121999979

1579091103.122999907

1579091103.125000000

1579091103.128000021

1579091103.130000114

1579091103.131999969

1579091103.132999897

1579091103.134999990

1579091103.140000105

1579091103.142999887

1579091103.144999981

1579091103.145999908

1579091103.148000002

1579091103.148999929

1579091103.151999950

1579091103.154000044

1579091103.155999899

1579091103.157999992

1579091103.158999920

1579091103.163000107

1579091103.164999962

1579091103.165999889

1579091103.167999983

1579091103.170000076

1579091103.171000004

1579091103.174999952

1579091103.177000046

1579091103.178999901

1579091103.180000067

1579091103.181999922

1579091103.184000015

1579091103.187999964

1579091103.190000057

1579091103.190999985

1579091103.193000078

1579091103.194999933

1579091103.196000099

1579091103.200000048

1579091103.201999903

1579091103.203999996

1579091103.206000090

1579091103.207000017

1579091103.210999966

1579091103.213000059

1579091103.213999987

1579091103.216000080

1579091103.217999935

1579091103.219000101

1579091103.223000050

1579091103.224999905

1579091103.226000071

1579091103.227999926

1579091103.230000019

1579091103.230999947

1579091103.234999895

1579091103.236999989

1579091103.237999916

1579091103.240000010

1579091103.242000103

1579091103.243000031

1579091103.246999979

1579091103.250000000

1579091103.252000093

1579091103.253999949

1579091103.255000114

1579091103.259000063

1579091103.260999918

1579091103.262000084

1579091103.263999939

1579091103.266000032

1579091103.266999960

1579091103.270999908

1579091103.273000002

1579091103.273999929

1579091103.279999971

1579091103.282999992

1579091103.285000086

1579091103.286999941

1579091103.289000034

1579091103.289999962

1579091103.292000055

1579091103.295000076

1579091103.296999931

1579091103.299000025

1579091103.299999952

1579091103.302000046

1579091103.303999901

1579091103.308000088

1579091103.309000015

1579091103.311000109

1579091103.312999964

1579091103.315000057

1579091103.315999985

1579091103.319999933

1579091103.322000027

1579091103.323999882

1579091103.325999975

1579091103.326999903

1579091103.331000090

1579091103.332000017

1579091103.334000111

1579091103.335999966

1579091103.338000059

1579091103.338999987

1579091103.342999935

1579091103.345000029

1579091103.345999956

1579091103.348000050

1579091103.351000071

1579091103.355000019

1579091103.355999947

1579091103.358000040

1579091103.359999895

1579091103.361999989

1579091103.362999916

1579091103.367000103

1579091103.368999958

1579091103.369999886

1579091103.371999979

1579091103.374000072

1579091103.375000000

1579091103.378999949

1579091103.381000042

1579091103.381999969

1579091103.384000063

1579091103.385999918

1579091103.387000084

1579091103.391000032

1579091103.391999960

1579091103.394000053

1579091103.395999908

1579091103.398000002

1579091103.398999929

1579091103.403000116

1579091103.404999971

1579091103.407000065

1579091103.408999920

1579091103.410000086

1579091103.411999941

1579091103.414999962

1579091103.417000055

1579091103.418999910

1579091103.420000076

1579091103.423000097

1579091103.424000025

1579091103.427999973

1579091103.430000067

1579091103.431999922

1579091103.434000015

1579091103.434999943

1579091103.440000057

1579091103.441999912

1579091103.443000078

1579091103.444999933

1579091103.447000027

1579091103.448999882

1579091103.451999903

1579091103.453999996

1579091103.456000090

1579091103.457999945

1579091103.459000111

1579091103.460999966

1579091103.463999987

1579091103.466000080

1579091103.467999935

1579091103.470000029

1579091103.470999956

1579091103.473000050

1579091103.476000071

1579091103.477999926

1579091103.480000019

1579091103.480999947

1579091103.483000040

1579091103.484999895

1579091103.487999916

1579091103.490000010

1579091103.492000103

1579091103.493999958

1579091103.496000051

1579091103.499000072

1579091103.500999928

1579091103.503000021

1579091103.503999949

1579091103.506000042

1579091103.507999897

1579091103.510999918

1579091103.513000011

1579091103.513999939

1579091103.516000032

1579091103.517999887

1579091103.519000053

1579091103.523000002

1579091103.525000095

1579091103.526999950

1579091103.528000116

1579091103.529999971

1579091103.532000065

1579091103.535000086

1579091103.536999941

1579091103.539000034

1579091103.540999889

1579091103.542000055

1579091103.543999910

1579091103.546999931

1579091103.549999952

1579091103.552000046

1579091103.552999973

1579091103.555000067

1579091103.559000015

1579091103.561000109

1579091103.562999964

1579091103.569999933

1579091103.572000027

1579091103.572999954

1579091103.575000048

1579091103.576999903

1579091103.578999996

1579091103.582000017

1579091103.584000111

1579091103.585000038

1579091103.586999893

1579091103.588999987

1579091103.591000080

1579091103.594000101

1579091103.595999956

1579091103.596999884

1579091103.598999977

1579091103.601000071

1579091103.601999998

1579091103.605999947

1579091103.608000040

1579091103.609999895

1579091103.611000061

1579091103.612999916

1579091103.615000010

1579091103.618000031

1579091103.619999886

1579091103.621000051

1579091103.622999907

1579091103.625000000

1579091103.627000093

1579091103.630000114

1579091103.631999969

1579091103.632999897

1579091103.634999990

1579091103.637000084

1579091103.638000011

1579091103.641999960

1579091103.644000053

1579091103.644999981

1579091103.647000074

1579091103.648999929

1579091103.653000116

1579091103.654999971

1579091103.657000065

1579091103.657999992

1579091103.660000086

1579091103.661999941

1579091103.664999962

1579091103.667000055

1579091103.668999910

1579091103.670000076

1579091103.671999931

1579091103.674000025

1579091103.677999973

1579091103.678999901

1579091103.680999994

1579091103.683000088

1579091103.684999943

1579091103.686000109

1579091103.690000057

1579091103.691999912

1579091103.694000006

1579091103.696000099

1579091103.697000027

1579091103.700999975

1579091103.701999903

1579091103.703999996

1579091103.706000090

1579091103.707999945

1579091103.709000111

1579091103.713000059

1579091103.713999987

1579091103.716000080

1579091103.717999935

1579091103.720000029

1579091103.720999956

1579091103.724999905

1579091103.726999998

1579091103.727999926

1579091103.730000019

1579091103.732000113

1579091103.733000040

1579091103.736999989

1579091103.739000082

1579091103.740000010

1579091103.742000103

1579091103.743999958

1579091103.744999886

1579091103.747999907

1579091103.750000000

1579091103.752000093

1579091103.753000021

1579091103.755000114

1579091103.756000042

1579091103.759999990

1579091103.762000084

1579091103.763000011

1579091103.765000105

1579091103.766999960

1579091103.767999887

1579091103.773000002

1579091103.773999929

1579091103.776000023

1579091103.778000116

1579091103.779999971

1579091103.782000065

1579091103.785000086

1579091103.786999941

1579091103.789000034

1579091103.790999889

1579091103.792000055

1579091103.793999910

1579091103.796999931

1579091103.799000025

1579091103.801000118

1579091103.802999973

1579091103.803999901

1579091103.805999994

1579091103.809000015

1579091103.811000109

1579091103.812999964

1579091103.815000057

1579091103.816999912

1579091103.818000078

1579091103.822999954

1579091103.825000048

1579091103.825999975

1579091103.828000069

1579091103.829999924

1579091103.832999945

1579091103.835000038

1579091103.836999893

1579091103.838000059

1579091103.839999914

1579091103.842000008

1579091103.845000029

1579091103.851999998

1579091103.852999926

1579091103.855999947

1579091103.858000040

1579091103.859999895

1579091103.861999989

1579091103.862999916

1579091103.865000010

1579091103.868000031

1579091103.869999886

1579091103.871999979

1579091103.872999907

1579091103.875000000

1579091103.877000093

1579091103.880000114

1579091103.881999969

1579091103.884000063

1579091103.885999918

1579091103.887000084

1579091103.888999939

1579091103.892999887

1579091103.894000053

1579091103.895999908

1579091103.898000002

1579091103.898999929

1579091103.901000023

1579091103.904000044

1579091103.905999899

1579091103.907999992

1579091103.910000086

1579091103.911000013

1579091103.913000107

1579091103.915999889

1579091103.917999983

1579091103.920000076

1579091103.924000025

1579091103.924999952

1579091103.928999901

1579091103.930999994

1579091103.933000088

1579091103.934000015

1579091103.936000109

1579091103.937999964

1579091103.941999912

1579091103.943000078

1579091103.944999933

1579091103.947000027

1579091103.948999882

1579091103.951999903

1579091103.953999996

1579091103.956000090

1579091103.957999945

1579091103.960000038

1579091103.963000059

1579091103.964999914

1579091103.967000008

1579091103.967999935

1579091103.970000029

1579091103.971999884

1579091103.974999905

1579091103.976999998

1579091103.979000092

1579091103.980999947

1579091103.983999968

1579091103.986999989

1579091103.989000082

1579091103.990000010

1579091103.992000103

1579091103.993999958

1579091103.994999886

1579091103.999000072

1579091104.000999928

1579091104.002000093

1579091104.003999949

1579091104.006000042

1579091104.007999897

1579091104.010999918

1579091104.013000011

1579091104.013999939

1579091104.016000032

1579091104.017999887

1579091104.019000053

1579091104.023000002

1579091104.023999929

1579091104.026000023

1579091104.028000116

1579091104.029999971

1579091104.030999899

1579091104.035000086

1579091104.036000013

1579091104.038000107

1579091104.039999962

1579091104.042000055

1579091104.043999910

1579091104.046000004

1579091104.048000097

1579091104.049999952

1579091104.052000046

1579091104.052999973

1579091104.065000057

1579091104.065999985

1579091104.069999933

1579091104.072000027

1579091104.072999954

1579091104.076999903

1579091104.078000069

1579091104.082000017

1579091104.082999945

1579091104.085000038

1579091104.086999893

1579091104.088999987

1579091104.089999914

1579091104.094000101

1579091104.095999956

1579091104.098000050

1579091104.098999977

1579091104.101000071

1579091104.102999926

1579091104.107000113

1579091104.108999968

1579091104.111000061

1579091104.112999916

1579091104.114000082

1579091104.115999937

1579091104.118999958

1579091104.121000051

1579091104.122999907

1579091104.124000072

1579091104.125999928

1579091104.128000021

1579091104.131000042

1579091104.137000084

1579091104.138999939

1579091104.142999887

1579091104.144999981

1579091104.147000074

1579091104.148000002

1579091104.150000095

1579091104.151000023

1579091104.154999971

1579091104.157000065

1579091104.158999920

1579091104.160000086

1579091104.161999941

1579091104.165999889

1579091104.167999983

1579091104.170000076

1579091104.171999931

1579091104.173000097

1579091104.174999952

1579091104.177999973

1579091104.180000067

1579091104.181999922

1579091104.184000015

1579091104.184999943

1579091104.187000036

1579091104.190000057

1579091104.191999912

1579091104.194000006

1579091104.196000099

1579091104.197999954

1579091104.198999882

1579091104.203000069

1579091104.203999996

1579091104.206000090

1579091104.207999945

1579091104.209000111

1579091104.210999966

1579091104.213999987

1579091104.216000080

1579091104.217999935

1579091104.219000101

1579091104.220999956

1579091104.223000050

1579091104.226000071

1579091104.227999926

1579091104.230000019

1579091104.232000113

1579091104.233000040

1579091104.234999895

1579091104.237999916

1579091104.240000010

1579091104.242000103

1579091104.243000031

1579091104.244999886

1579091104.249000072

1579091104.250999928

1579091104.253000021

1579091104.253999949

1579091104.256000042

1579091104.257999897

1579091104.260999918

1579091104.263000011

1579091104.263999939

1579091104.266000032

1579091104.267999887

1579091104.269000053

1579091104.273000002

1579091104.275000095

1579091104.276000023

1579091104.278000116

1579091104.279999971

1579091104.280999899

1579091104.285000086

1579091104.286999941

1579091104.288000107

1579091104.290999889

1579091104.292000055

1579091104.293999910

1579091104.296999931

1579091104.299000025

1579091104.301000118

1579091104.302999973

1579091104.305000067

1579091104.305999994

1579091104.309999943

1579091104.312000036

1579091104.313999891

1579091104.315000057

1579091104.316999912

1579091104.319000006

1579091104.322000027

1579091104.323999882

1579091104.325999975

1579091104.328000069

1579091104.328999996

1579091104.332999945

1579091104.334000111

1579091104.335999966

1579091104.338000059

1579091104.339999914

1579091104.341000080

1579091104.344000101

1579091104.345999956

1579091104.348000050

1579091104.348999977

1579091104.351000071

1579091104.352999926

1579091104.355999947

1579091104.358000040

1579091104.359999895

1579091104.361999989

1579091104.362999916

1579091104.365000010

1579091104.368000031

1579091104.369999886

1579091104.371999979

1579091104.372999907

1579091104.375000000

1579091104.377000093

1579091104.380000114

1579091104.381999969

1579091104.384000063

1579091104.385999918

1579091104.387000084

1579091104.388999939

1579091104.391999960

1579091104.394000053

1579091104.395999908

1579091104.397000074

1579091104.398999929

1579091104.401000023

1579091104.404000044

1579091104.405999899

1579091104.407999992

1579091104.408999920

1579091104.411000013

1579091104.413000107

1579091104.417000055

1579091104.421999931

1579091104.424000025

1579091104.427999973

1579091104.430000067

1579091104.430999994

1579091104.433000088

1579091104.434999943

1579091104.436000109

1579091104.440999985

1579091104.447000027

1579091104.448999882

1579091104.453000069

1579091104.454999924

1579091104.456000090

1579091104.457999945

1579091104.460000038

1579091104.461999893

1579091104.464999914

1579091104.467000008

1579091104.467999935

1579091104.470000029

1579091104.471999884

1579091104.473000050

1579091104.476999998

1579091104.479000092

1579091104.480000019

1579091104.482000113

1579091104.483999968

1579091104.484999895

1579091104.489000082

1579091104.490999937

1579091104.492000103

1579091104.493999958

1579091104.496000051

1579091104.496999979

1579091104.500999928

1579091104.503000021

1579091104.503999949

1579091104.506000042

1579091104.507999897

1579091104.509999990

1579091104.513000011

1579091104.515000105

1579091104.516000032

1579091104.517999887

1579091104.519999981

1579091104.520999908

1579091104.525000095

1579091104.526999950

1579091104.528000116

1579091104.529999971

1579091104.532000065

1579091104.532999992

1579091104.536999941

1579091104.539000034

1579091104.539999962

1579091104.542000055

1579091104.543999910

1579091104.549000025

1579091104.551000118

1579091104.552999973

1579091104.555000067

1579091104.555999994

1579091104.559999943

1579091104.562000036

1579091104.562999964

1579091104.565000057

1579091104.566999912

1579091104.569000006

1579091104.572000027

1579091104.573999882

1579091104.575999975

1579091104.576999903

1579091104.578999996

1579091104.581000090

1579091104.584000111

1579091104.585999966

1579091104.588000059

1579091104.589999914

1579091104.591000080

1579091104.592999935

1579091104.595999956

1579091104.598000050

1579091104.599999905

1579091104.601000071

1579091104.602999926

1579091104.605000019

1579091104.608000040

1579091104.609999895

1579091104.611999989

1579091104.612999916

1579091104.615000010

1579091104.617000103

1579091104.619999886

1579091104.621999979

1579091104.622999907

1579091104.625000000

1579091104.627000093

1579091104.628000021

1579091104.631999969

1579091104.634000063

1579091104.634999990

1579091104.637000084

1579091104.638999939

1579091104.640000105

1579091104.642999887

1579091104.645999908

1579091104.650000095

1579091104.651000023

1579091104.654999971

1579091104.657000065

1579091104.657999992

1579091104.660000086

1579091104.661999941

1579091104.664000034

1579091104.667000055

1579091104.668999910

1579091104.670000076

1579091104.671999931

1579091104.674000025

1579091104.676000118

1579091104.678999901

1579091104.680999994

1579091104.683000088

1579091104.684999943

1579091104.686000109

1579091104.687999964

1579091104.690999985

1579091104.693000078

1579091104.694999933

1579091104.696000099

1579091104.697999954

1579091104.700000048

1579091104.703999996

1579091104.704999924

1579091104.710999966

1579091104.711999893

1579091104.716000080

1579091104.717999935

1579091104.720000029

1579091104.720999956

1579091104.723000050

1579091104.723999977

1579091104.727999926

1579091104.730000019

1579091104.730999947

1579091104.733000040

1579091104.734999895

1579091104.736000061

1579091104.740000010

1579091104.742000103

1579091104.743999958

1579091104.746000051

1579091104.746999979

1579091104.750999928

1579091104.753000021

1579091104.755000114

1579091104.756000042

1579091104.757999897

1579091104.759999990

1579091104.763000011

1579091104.765000105

1579091104.766999960

1579091104.767999887

1579091104.769999981

1579091104.772000074

1579091104.776000023

1579091104.778000116

1579091104.779999971

1579091104.780999899

1579091104.782999992

1579091104.785000086

1579091104.788000107

1579091104.789999962

1579091104.792000055

1579091104.792999983

1579091104.795000076

1579091104.799000025

1579091104.801000118

1579091104.802000046

1579091104.803999901

1579091104.805999994

1579091104.806999922

1579091104.811000109

1579091104.812999964

1579091104.815000057

1579091104.815999985

1579091104.818000078

1579091104.819999933

1579091104.822999954

1579091104.825000048

1579091104.826999903

1579091104.828999996

1579091104.829999924

1579091104.832000017

1579091104.835000038

1579091104.836999893

1579091104.838999987

1579091104.841000080

1579091104.842999935

1579091104.845999956

1579091104.848000050

1579091104.848999977

1579091104.851000071

1579091104.852999926

1579091104.854000092

1579091104.858000040

1579091104.859999895

1579091104.861000061

1579091104.862999916

1579091104.865000010

1579091104.865999937

1579091104.869999886

1579091104.871999979

1579091104.872999907

1579091104.875000000

1579091104.877000093

1579091104.878000021

1579091104.881999969

1579091104.884000063

1579091104.884999990

1579091104.887000084

1579091104.888999939

1579091104.890000105

1579091104.894000053

1579091104.894999981

1579091104.897000074

1579091104.898999929

1579091104.901000023

1579091104.901999950

1579091104.905999899

1579091104.907999992

1579091104.910000086

1579091104.911000013

1579091104.913000107

1579091104.914999962

1579091104.917999983

1579091104.920000076

1579091104.921999931

1579091104.924000025

1579091104.926000118

1579091104.927000046

1579091104.930000067

1579091104.931999922

1579091104.934000015

1579091104.936000109

1579091104.937000036

1579091104.938999891

1579091104.940999985

1579091104.943000078

1579091104.944999933

1579091104.947000027

1579091104.948999882

1579091104.950000048

1579091104.953000069

1579091104.957000017

1579091104.959000111

1579091104.960000038

1579091104.961999893

1579091104.964999914

1579091104.967999935

1579091104.969000101

1579091104.970999956

1579091104.973000050

1579091104.973999977

1579091104.976999998

1579091104.979000092

1579091104.980999947

1579091104.982000113

1579091104.983999968

1579091104.986000061

1579091104.989000082

1579091104.994999886

1579091104.996000051

1579091104.997999907

1579091105.000999928

1579091105.003000021

1579091105.005000114

1579091105.006999969

1579091105.007999897

1579091105.009999990

1579091105.013000011

1579091105.015000105

1579091105.016000032

1579091105.017999887

1579091105.019999981

1579091105.020999908

1579091105.025000095

1579091105.026999950

1579091105.028000116

1579091105.029999971

1579091105.032000065

1579091105.033999920

1579091105.036999941

1579091105.039000034

1579091105.040999889

1579091105.042999983

1579091105.045000076

1579091105.048000097

1579091105.049999952

1579091105.052000046

1579091105.052999973

1579091105.055000067

1579091105.056999922

1579091105.059999943

1579091105.062000036

1579091105.063999891

1579091105.065000057

1579091105.066999912

1579091105.069000006

1579091105.072000027

1579091105.073999882

1579091105.075999975

1579091105.076999903

1579091105.078999996

1579091105.081000090

1579091105.084000111

1579091105.085999966

1579091105.086999893

1579091105.088999987

1579091105.091000080

1579091105.092000008

1579091105.095999956

1579091105.098000050

1579091105.098999977

1579091105.101000071

1579091105.102999926

1579091105.104000092

1579091105.108999968

1579091105.111000061

1579091105.111999989

1579091105.114000082

1579091105.115999937

1579091105.118000031

1579091105.121000051

1579091105.122999907

1579091105.124000072

1579091105.125999928

1579091105.128000021

1579091105.128999949

1579091105.132999897

1579091105.134000063

1579091105.137000084

1579091105.138999939

1579091105.141000032

1579091105.144000053

1579091105.145999908

1579091105.148000002

1579091105.150000095

1579091105.151999950

1579091105.153000116

1579091105.157000065

1579091105.158999920

1579091105.161000013

1579091105.161999941

1579091105.164000034

1579091105.164999962

1579091105.170000076

1579091105.171000004

1579091105.173000097

1579091105.174999952

1579091105.176000118

1579091105.180000067

1579091105.183000088

1579091105.184999943

1579091105.187000036

1579091105.188999891

1579091105.191999912

1579091105.194000006

1579091105.194999933

1579091105.197000027

1579091105.198999882

1579091105.200000048

1579091105.203999996

1579091105.206000090

1579091105.207000017

1579091105.209000111

1579091105.210999966

1579091105.211999893

1579091105.216000080

1579091105.217999935

1579091105.219000101

1579091105.220999956

1579091105.223000050

1579091105.224999905

1579091105.227999926

1579091105.230000019

1579091105.230999947

1579091105.233000040

1579091105.234999895

1579091105.236999989

1579091105.239000082

1579091105.240999937

1579091105.243000031

1579091105.243999958

1579091105.246000051

1579091105.247999907

1579091105.250999928

1579091105.253000021

1579091105.253999949

1579091105.256000042

1579091105.257999897

1579091105.259000063

1579091105.263000011

1579091105.263999939

1579091105.266000032

1579091105.267999887

1579091105.269999981

1579091105.270999908

1579091105.275000095

1579091105.280999899

1579091105.282000065

1579091105.283999920

1579091105.286999941

1579091105.289000034

1579091105.290999889

1579091105.292999983

1579091105.293999910

1579091105.296000004

1579091105.299999952

1579091105.302000046

1579091105.303999901

1579091105.305000067

1579091105.306999922

1579091105.311000109

1579091105.312000036

1579091105.313999891

1579091105.315999985

1579091105.318000078

1579091105.319999933

1579091105.322999954

1579091105.325000048

1579091105.326999903

1579091105.328999996

1579091105.329999924

1579091105.332000017

1579091105.335000038

1579091105.338000059

1579091105.338999987

1579091105.341000080

1579091105.342999935

1579091105.345999956

1579091105.348000050

1579091105.349999905

1579091105.351999998

1579091105.352999926

1579091105.355000019

1579091105.358000040

1579091105.359999895

1579091105.361999989

1579091105.362999916

1579091105.365000010

1579091105.367000103

1579091105.369999886

1579091105.371000051

1579091105.372999907

1579091105.375000000

1579091105.375999928

1579091105.378000021

1579091105.380000114

1579091105.382999897

1579091105.384999990

1579091105.387000084

1579091105.388000011

1579091105.390000105

1579091105.391000032

1579091105.394999981

1579091105.397000074

1579091105.398999929

1579091105.400000095

1579091105.401999950

1579091105.405999899

1579091105.407999992

1579091105.408999920

1579091105.411000013

1579091105.414999962

1579091105.417999983

1579091105.420000076

1579091105.421000004

1579091105.423000097

1579091105.424999952

1579091105.426000118

1579091105.430000067

1579091105.431999922

1579091105.434000015

1579091105.434999943

1579091105.437000036

1579091105.438999891

1579091105.441999912

1579091105.444999933

1579091105.447000027

1579091105.448999882

1579091105.450000048

1579091105.451999903

1579091105.454999924

1579091105.457000017

1579091105.459000111

1579091105.460000038

1579091105.461999893

1579091105.463000059

1579091105.467000008

1579091105.469000101

1579091105.470999956

1579091105.471999884

1579091105.473999977

1579091105.474999905

1579091105.479000092

1579091105.480999947

1579091105.483000040

1579091105.483999968

1579091105.486000061

1579091105.487999916

1579091105.490999937

1579091105.493000031

1579091105.494999886

1579091105.496000051

1579091105.497999907

1579091105.500000000

1579091105.503000021

1579091105.505000114

1579091105.506999969

1579091105.507999897

1579091105.509999990

1579091105.510999918

1579091105.515000105

1579091105.516999960

1579091105.519000053

1579091105.519999981

1579091105.522000074

1579091105.523000002

1579091105.526999950

1579091105.529000044

1579091105.530999899

1579091105.532999992

1579091105.533999920

1579091105.536999941

1579091105.539000034

1579091105.540999889

1579091105.542999983

1579091105.543999910

1579091105.546000004

1579091105.549000025

1579091105.551000118

1579091105.552999973

1579091105.555000067

1579091105.555999994

1579091105.562999964

1579091105.563999891

1579091105.565999985

1579091105.568000078

1579091105.569000006

1579091105.572999954

1579091105.573999882

1579091105.575999975

1579091105.578000069

1579091105.579999924

1579091105.581000090

1579091105.585000038

1579091105.586999893

1579091105.588000059

1579091105.589999914

1579091105.592000008

1579091105.594000101

1579091105.596999884

1579091105.598999977

1579091105.599999905

1579091105.601999998

1579091105.604000092

1579091105.605000019

1579091105.608999968

1579091105.611000061

1579091105.611999989

1579091105.614000082

1579091105.615999937

1579091105.617000103

1579091105.621000051

1579091105.622999907

1579091105.624000072

1579091105.625999928

1579091105.628000021

1579091105.628999949

1579091105.632999897

1579091105.634999990

1579091105.637000084

1579091105.638000011

1579091105.640000105

1579091105.641999960

1579091105.644999981

1579091105.647000074

1579091105.648999929

1579091105.651000023

1579091105.651999950

1579091105.655999899

1579091105.657999992

1579091105.660000086

1579091105.661000013

1579091105.663000107

1579091105.664999962

1579091105.667999983

1579091105.670000076

1579091105.671000004

1579091105.673000097

1579091105.674999952

1579091105.676000118

1579091105.680000067

1579091105.681999922

1579091105.684000015

1579091105.684999943

1579091105.687000036

1579091105.688999891

1579091105.691999912

1579091105.694000006

1579091105.696000099

1579091105.697000027

1579091105.698999882

1579091105.700999975

1579091105.703999996

1579091105.706000090

1579091105.707000017

1579091105.709000111

1579091105.710999966

1579091105.711999893

1579091105.716000080

1579091105.717000008

1579091105.719000101

1579091105.720999956

1579091105.723000050

1579091105.724999905

1579091105.727999926

1579091105.730000019

1579091105.730999947

1579091105.733000040

1579091105.734999895

1579091105.736999989

1579091105.740000010

1579091105.742000103

1579091105.743999958

1579091105.746000051

1579091105.746999979

1579091105.750999928

1579091105.753999949

1579091105.753999949

1579091105.756000042

1579091105.757999897

1579091105.759000063

1579091105.763000011

1579091105.765000105

1579091105.766000032

1579091105.767999887

1579091105.769999981

1579091105.770999908

1579091105.775000095

1579091105.778000116

1579091105.779000044

1579091105.780999899

1579091105.782999992

1579091105.785000086

1579091105.789000034

1579091105.789999962

1579091105.792000055

1579091105.793999910

1579091105.795000076

1579091105.796999931

1579091105.799999952

1579091105.802999973

1579091105.803999901

1579091105.805999994

1579091105.808000088

1579091105.809000015

1579091105.812999964

1579091105.815000057

1579091105.816999912

1579091105.818000078

1579091105.819999933

1579091105.821000099

1579091105.825000048

1579091105.826999903

1579091105.828999996

1579091105.831000090

1579091105.832000017

1579091105.835000038

1579091105.836999893

1579091105.838000059

1579091105.839999914

1579091105.845999956

1579091105.848000050

1579091105.849999905

1579091105.851999998

1579091105.852999926

1579091105.855000019

1579091105.857000113

1579091105.859999895

1579091105.861999989

1579091105.864000082

1579091105.865000010

1579091105.867000103

1579091105.868000031

1579091105.871999979

1579091105.874000072

1579091105.875999928

1579091105.877000093

1579091105.878999949

1579091105.881000042

1579091105.884000063

1579091105.885999918

1579091105.888000011

1579091105.888999939

1579091105.891000032

1579091105.891999960

1579091105.897000074

1579091105.898000002

1579091105.900000095

1579091105.901999950

1579091105.903000116

1579091105.907000065

1579091105.908999920

1579091105.911000013

1579091105.913000107

1579091105.914000034

1579091105.915999889

1579091105.918999910

1579091105.921000004

1579091105.923000097

1579091105.924999952

1579091105.926000118

1579091105.927999973

1579091105.931999922

1579091105.934000015

1579091105.936000109

1579091105.937000036

1579091105.938999891

1579091105.941999912

1579091105.944000006

1579091105.946000099

1579091105.947999954

1579091105.948999882

1579091105.950999975

1579091105.953999996

1579091105.956000090

1579091105.957999945

1579091105.960000038

1579091105.960999966

1579091105.963000059

1579091105.966000080

1579091105.967999935

1579091105.970000029

1579091105.970999956

1579091105.973000050

1579091105.974999905

1579091105.977999926

1579091105.980000019

1579091105.982000113

1579091105.983999968

1579091105.984999895

1579091105.986999989

1579091105.990000010

1579091105.992000103

1579091105.993999958

1579091105.996000051

1579091105.996999979

1579091105.999000072

1579091106.002000093

1579091106.003999949

1579091106.006000042

1579091106.007999897

1579091106.009000063

1579091106.010999918

1579091106.013999939

1579091106.016000032

1579091106.017999887

1579091106.019999981

1579091106.022000074

1579091106.023000002

1579091106.026999950

1579091106.029000044

1579091106.030999899

1579091106.032999992

1579091106.033999920

1579091106.038000107

1579091106.039999962

1579091106.042000055

1579091106.043999910

1579091106.045000076

1579091106.049000025

1579091106.051000118

1579091106.052000046

1579091106.053999901

1579091106.055999994

1579091106.056999922

1579091106.061000109

1579091106.062999964

1579091106.063999891

1579091106.065999985

1579091106.068000078

1579091106.069999933

1579091106.072999954

1579091106.075000048

1579091106.075999975

1579091106.078000069

1579091106.079999924

1579091106.081000090

1579091106.085000038

1579091106.086999893

1579091106.088000059

1579091106.089999914

1579091106.092000008

1579091106.092999935

1579091106.096999884

1579091106.098999977

1579091106.101000071

1579091106.101999998

1579091106.104000092

1579091106.105999947

1579091106.108999968

1579091106.111999989

1579091106.112999916

1579091106.115000010

1579091106.117000103

1579091106.118000031

1579091106.121999979

1579091106.124000072

1579091106.125000000

1579091106.127000093

1579091106.134999990

1579091106.137000084

1579091106.141000032

1579091106.141999960

1579091106.144999981

1579091106.147000074

1579091106.148999929

1579091106.151000023

1579091106.154999971

1579091106.157999992

1579091106.160000086

1579091106.161999941

1579091106.164000034

1579091106.165999889

1579091106.170000076

1579091106.171999931

1579091106.174000025

1579091106.174999952

1579091106.177000046

1579091106.180999994

1579091106.183000088

1579091106.184000015

1579091106.186000109

1579091106.187999964

1579091106.188999891

1579091106.193000078

1579091106.194999933

1579091106.197000027

1579091106.197999954

1579091106.200000048

