1583249913.588000059

1583249913.589999914

1583249913.592000008

1583249913.592999935

1583249913.596999884

1583249913.598000050

1583249913.599999905

1583249913.601999998

1583249913.609999895

1583249913.628000021

1583249913.634999990

1583249913.638999939

1583249913.641999960

1583249913.644000053

1583249913.647000074

1583249913.657000065

1583249913.661999941

1583249913.664000034

1583249913.665999889

1583249913.667999983

1583249913.668999910

1583249913.673000097

1583249913.676000118

1583249913.677999973

1583249913.680000067

1583249913.684000015

1583249913.687000036

1583249913.688999891

1583249913.690999985

1583249913.693000078

1583249913.696000099

1583249913.697999954

1583249913.698999882

1583249913.700999975

1583249913.703000069

1583249913.704999924

1583249913.707999945

1583249913.710000038

1583249913.711999893

1583249913.713999987

1583249913.714999914

1583249913.717000008

1583249913.720000029

1583249913.721999884

1583249913.723999977

1583249913.726000071

1583249913.727999926

1583249913.730000019

1583249913.733000040

1583249913.734999895

1583249913.736999989

1583249913.739000082

1583249913.740000010

1583249913.743999958

1583249913.746000051

1583249913.746999979

1583249913.749000072

1583249913.750999928

1583249913.753000021

1583249913.756999969

1583249913.757999897

1583249913.759999990

1583249913.762000084

1583249913.763999939

1583249913.765000105

1583249913.786000013

1583249913.789000034

1583249913.796000004

1583249913.799000025

1583249913.799999952

1583249913.803999901

1583249913.805999994

1583249913.806999922

1583249913.825000048

1583249913.825999975

1583249913.829999924

1583249913.832000017

1583249913.834000111

1583249913.835999966

1583249913.836999893

1583249913.841000080

1583249913.842000008

1583249913.844000101

1583249913.845999956

1583249913.848000050

1583249913.848999977

1583249913.852999926

1583249913.855000019

1583249913.857000113

1583249913.858000040

1583249913.859999895

1583249913.861999989

1583249913.865000010

1583249913.867000103

1583249913.868999958

1583249913.871000051

1583249913.871999979

1583249913.874000072

1583249913.878000021

1583249913.880000114

1583249913.881000042

1583249913.884000063

1583249913.885999918

1583249913.888999939

1583249913.891000032

1583249913.892999887

1583249913.894999981

1583249913.897000074

1583249913.898000002

1583249913.901999950

1583249913.904000044

1583249913.905999899

1583249913.907000065

1583249913.908999920

1583249913.911000013

1583249913.914000034

1583249913.915999889

1583249913.917999983

1583249913.921000004

1583249913.923000097

1583249913.926000118

1583249913.927999973

1583249913.930000067

1583249913.931999922

1583249913.933000088

1583249913.937000036

1583249913.937999964

1583249913.940000057

1583249913.941999912

1583249913.944000006

1583249913.946000099

1583249913.948999882

1583249913.950999975

1583249913.953000069

1583249913.953999996

1583249913.956000090

1583249913.957999945

1583249913.960999966

1583249913.963000059

1583249913.964999914

1583249913.967000008

1583249913.967999935

1583249913.970000029

1583249913.973000050

1583249913.976000071

1583249913.977999926

1583249913.980000019

1583249913.982000113

1583249913.986999989

1583249913.987999916

1583249913.990000010

1583249913.992000103

1583249913.993999958

1583249913.994999886

1583249913.999000072

1583249914.000999928

1583249914.003000021

1583249914.003999949

1583249914.006000042

1583249914.009999990

1583249914.010999918

1583249914.017999887

1583249914.019999981

1583249914.023000002

1583249914.025000095

1583249914.026999950

1583249914.029000044

1583249914.029999971

1583249914.033999920

1583249914.035000086

1583249914.036999941

1583249914.039000034

1583249914.040999889

1583249914.042999983

1583249914.046000004

1583249914.048000097

1583249914.049999952

1583249914.051000118

1583249914.052999973

1583249914.055000067

1583249914.059000015

1583249914.059999943

1583249914.062000036

1583249914.063999891

1583249914.065999985

1583249914.066999912

1583249914.071000099

1583249914.072999954

1583249914.075000048

1583249914.078000069

1583249914.079999924

1583249914.082999945

1583249914.085000038

1583249914.086999893

1583249914.088999987

1583249914.089999914

1583249914.094000101

1583249914.095999956

1583249914.098000050

1583249914.098999977

1583249914.101000071

1583249914.102999926

1583249914.105999947

1583249914.108000040

1583249914.109999895

1583249914.111999989

1583249914.112999916

1583249914.115000010

1583249914.118000031

1583249914.119999886

1583249914.121999979

1583249914.124000072

1583249914.125000000

1583249914.127000093

1583249914.130000114

1583249914.131999969

1583249914.134000063

1583249914.135999918

1583249914.137000084

1583249914.138999939

1583249914.142999887

1583249914.144000053

1583249914.145999908

1583249914.148000002

1583249914.150000095

1583249914.151000023

1583249914.154999971

1583249914.157000065

1583249914.158999920

1583249914.160000086

1583249914.163000107

1583249914.164999962

1583249914.167999983

1583249914.170000076

1583249914.171999931

1583249914.174000025

1583249914.174999952

1583249914.178999901

1583249914.180999994

1583249914.183000088

1583249914.184000015

1583249914.186000109

1583249914.187999964

1583249914.190999985

1583249914.193000078

1583249914.194999933

1583249914.197000027

1583249914.197999954

1583249914.200000048

1583249914.203000069

1583249914.204999924

1583249914.207000017

1583249914.209000111

1583249914.210999966

1583249914.211999893

1583249914.216000080

1583249914.217999935

1583249914.220000029

1583249914.220999956

1583249914.223000050

1583249914.224999905

1583249914.227999926

1583249914.230000019

1583249914.232000113

1583249914.233999968

1583249914.234999895

1583249914.239000082

1583249914.240999937

1583249914.243000031

1583249914.243999958

1583249914.246000051

1583249914.247999907

1583249914.250999928

1583249914.253000021

1583249914.253999949

1583249914.256000042

1583249914.257999897

1583249914.259999990

1583249914.263000011

1583249914.265000105

1583249914.266000032

1583249914.267999887

1583249914.269999981

1583249914.272000074

1583249914.275000095

1583249914.279000044

1583249914.279999971

1583249914.282000065

1583249914.283999920

1583249914.286999941

1583249914.289000034

1583249914.290999889

1583249914.292000055

1583249914.293999910

1583249914.295000076

1583249914.296999931

1583249914.299999952

1583249914.302000046

1583249914.303999901

1583249914.305999994

1583249914.306999922

1583249914.311000109

1583249914.312999964

1583249914.315000057

1583249914.316999912

1583249914.318000078

1583249914.319999933

1583249914.322999954

1583249914.325000048

1583249914.326999903

1583249914.328999996

1583249914.329999924

1583249914.332000017

1583249914.335999966

1583249914.338000059

1583249914.341000080

1583249914.342999935

1583249914.344000101

1583249914.348000050

1583249914.349999905

1583249914.351000071

1583249914.352999926

1583249914.355000019

1583249914.357000113

1583249914.359999895

1583249914.361999989

1583249914.362999916

1583249914.365000010

1583249914.367000103

1583249914.368999958

1583249914.371999979

1583249914.374000072

1583249914.375999928

1583249914.377000093

1583249914.380000114

1583249914.381000042

1583249914.384999990

1583249914.387000084

1583249914.388999939

1583249914.390000105

1583249914.391999960

1583249914.394999981

1583249914.397000074

1583249914.398999929

1583249914.401000023

1583249914.403000116

1583249914.404999971

1583249914.407999992

1583249914.410000086

1583249914.411999941

1583249914.414000034

1583249914.414999962

1583249914.418999910

1583249914.421000004

1583249914.421999931

1583249914.424000025

1583249914.430999994

1583249914.433000088

1583249914.434999943

1583249914.436000109

1583249914.437999964

1583249914.440000057

1583249914.443000078

1583249914.444999933

1583249914.447000027

1583249914.447999954

1583249914.450000048

1583249914.451999903

1583249914.454999924

1583249914.457000017

1583249914.459000111

1583249914.460999966

1583249914.461999893

1583249914.463999987

1583249914.467999935

1583249914.470000029

1583249914.471999884

1583249914.473000050

1583249914.474999905

1583249914.477999926

1583249914.480000019

1583249914.480999947

1583249914.483000040

1583249914.484999895

1583249914.486999989

1583249914.490000010

1583249914.492000103

1583249914.493000031

1583249914.496000051

1583249914.496999979

1583249914.499000072

1583249914.502000093

1583249914.503999949

1583249914.506000042

1583249914.507999897

1583249914.509000063

1583249914.510999918

1583249914.513999939

1583249914.516999960

1583249914.519000053

1583249914.520999908

1583249914.523000002

1583249914.523999929

1583249914.528000116

1583249914.529999971

1583249914.532000065

1583249914.533999920

1583249914.535000086

1583249914.539000034

1583249914.540999889

1583249914.542000055

1583249914.543999910

1583249914.546000004

1583249914.548000097

1583249914.551000118

1583249914.552999973

1583249914.555000067

1583249914.555999994

1583249914.558000088

1583249914.559999943

1583249914.562999964

1583249914.565000057

1583249914.566999912

1583249914.569000006

1583249914.569999933

1583249914.572000027

1583249914.575000048

1583249914.578000069

1583249914.578999996

1583249914.581000090

1583249914.582999945

1583249914.586999893

1583249914.588999987

1583249914.591000080

1583249914.592999935

1583249914.595000029

1583249914.598000050

1583249914.599999905

1583249914.601000071

1583249914.602999926

1583249914.605000019

1583249914.607000113

1583249914.609999895

1583249914.611999989

1583249914.612999916

1583249914.615000010

1583249914.617000103

1583249914.618999958

1583249914.621999979

1583249914.624000072

1583249914.625000000

1583249914.627000093

1583249914.628999949

1583249914.631000042

1583249914.634000063

1583249914.635999918

1583249914.638000011

1583249914.638999939

1583249914.641000032

1583249914.642999887

1583249914.645999908

1583249914.648000002

1583249914.650000095

1583249914.651999950

1583249914.653000116

1583249914.654999971

1583249914.658999920

1583249914.661000013

1583249914.663000107

1583249914.664000034

1583249914.665999889

1583249914.670000076

1583249914.671000004

1583249914.673000097

1583249914.674999952

1583249914.677000046

1583249914.680999994

1583249914.683000088

1583249914.684000015

1583249914.686000109

1583249914.687999964

1583249914.690000057

1583249914.694000006

1583249914.696000099

1583249914.697999954

1583249914.698999882

1583249914.700999975

1583249914.703000069

1583249914.706000090

1583249914.707999945

1583249914.710000038

1583249914.711999893

1583249914.713999987

1583249914.714999914

1583249914.719000101

1583249914.720999956

1583249914.723000050

1583249914.724999905

1583249914.726000071

1583249914.730000019

1583249914.730999947

1583249914.733000040

1583249914.734999895

1583249914.736999989

1583249914.737999916

1583249914.742000103

1583249914.743999958

1583249914.746000051

1583249914.746999979

1583249914.749000072

1583249914.750999928

1583249914.753999949

1583249914.756000042

1583249914.757999897

1583249914.759999990

1583249914.760999918

1583249914.763000011

1583249914.766000032

1583249914.767999887

1583249914.769999981

1583249914.772000074

1583249914.773999929

1583249914.775000095

1583249914.778000116

1583249914.779999971

1583249914.782000065

1583249914.783999920

1583249914.786000013

1583249914.789000034

1583249914.790999889

1583249914.792999983

1583249914.795000076

1583249914.796000004

1583249914.798000097

1583249914.802000046

1583249914.802999973

1583249914.805000067

1583249914.806999922

1583249914.808000088

1583249914.809999943

1583249914.813999891

1583249914.815000057

1583249914.816999912

1583249914.819000006

1583249914.819999933

1583249914.822000027

1583249914.825000048

1583249914.826999903

1583249914.828999996

1583249914.831000090

1583249914.836999893

1583249914.838999987

1583249914.841000080

1583249914.842999935

1583249914.845000029

1583249914.845999956

1583249914.848999977

1583249914.851000071

1583249914.852999926

1583249914.855000019

1583249914.855999947

1583249914.858000040

1583249914.861000061

1583249914.862999916

1583249914.865000010

1583249914.867000103

1583249914.868999958

1583249914.871000051

1583249914.874000072

1583249914.877000093

1583249914.878999949

1583249914.880000114

1583249914.881999969

1583249914.884999990

1583249914.888000011

1583249914.890000105

1583249914.891999960

1583249914.892999887

1583249914.897000074

1583249914.898999929

1583249914.900000095

1583249914.901999950

1583249914.904000044

1583249914.905999899

1583249914.908999920

1583249914.911000013

1583249914.913000107

1583249914.914000034

1583249914.915999889

1583249914.917999983

1583249914.921000004

1583249914.923000097

1583249914.924999952

1583249914.926000118

1583249914.927999973

1583249914.930000067

1583249914.933000088

1583249914.934999943

1583249914.937000036

1583249914.937999964

1583249914.940000057

1583249914.941999912

1583249914.944999933

1583249914.947000027

1583249914.948999882

1583249914.950999975

1583249914.951999903

1583249914.953999996

1583249914.957000017

1583249914.959000111

1583249914.960999966

1583249914.963000059

1583249914.963999987

1583249914.966000080

1583249914.969000101

1583249914.970999956

1583249914.973000050

1583249914.974999905

1583249914.976999998

1583249914.980000019

1583249914.983000040

1583249914.983999968

1583249914.986000061

1583249914.987999916

1583249914.992000103

1583249914.993999958

1583249914.994999886

1583249914.996999979

1583249914.999000072

1583249915.000000000

1583249915.003999949

1583249915.006000042

1583249915.007999897

1583249915.009000063

1583249915.010999918

1583249915.013000011

1583249915.016000032

1583249915.017999887

1583249915.019999981

1583249915.022000074

1583249915.023999929

1583249915.025000095

1583249915.029000044

1583249915.030999899

1583249915.032000065

1583249915.033999920

1583249915.036000013

1583249915.038000107

1583249915.040999889

1583249915.042999983

1583249915.046000004

1583249915.048000097

1583249915.049000025

1583249915.052999973

1583249915.055000067

1583249915.055999994

1583249915.058000088

1583249915.059999943

1583249915.062000036

1583249915.065000057

1583249915.066999912

1583249915.068000078

1583249915.069999933

1583249915.072000027

1583249915.073999882

1583249915.076999903

1583249915.078000069

1583249915.079999924

1583249915.082000017

1583249915.084000111

1583249915.085999966

1583249915.088999987

1583249915.091000080

1583249915.092999935

1583249915.095000029

1583249915.095999956

1583249915.099999905

1583249915.101999998

1583249915.102999926

1583249915.105000019

1583249915.107000113

1583249915.108999968

1583249915.111999989

1583249915.114000082

1583249915.115999937

1583249915.117000103

1583249915.118999958

1583249915.121000051

1583249915.124000072

1583249915.125999928

1583249915.128000021

1583249915.130000114

1583249915.131000042

1583249915.132999897

1583249915.137000084

1583249915.138999939

1583249915.140000105

1583249915.141999960

1583249915.144000053

1583249915.145999908

1583249915.148999929

1583249915.151000023

1583249915.153000116

1583249915.154000044

1583249915.155999899

1583249915.160000086

1583249915.161000013

1583249915.163000107

1583249915.164999962

1583249915.167000055

1583249915.168999910

1583249915.171999931

1583249915.174000025

1583249915.176000118

1583249915.177999973

1583249915.178999901

1583249915.183000088

1583249915.184999943

1583249915.187000036

1583249915.187999964

1583249915.190000057

1583249915.191999912

1583249915.196000099

1583249915.197000027

1583249915.198999882

1583249915.200999975

1583249915.201999903

1583249915.203999996

1583249915.207999945

1583249915.210000038

1583249915.210999966

1583249915.213000059

1583249915.214999914

1583249915.217000008

1583249915.220000029

1583249915.223000050

1583249915.224999905

1583249915.226000071

1583249915.227999926

1583249915.232000113

1583249915.233999968

1583249915.234999895

1583249915.236999989

1583249915.239000082

1583249915.240999937

1583249915.246999979

1583249915.249000072

1583249915.250000000

1583249915.252000093

1583249915.256000042

1583249915.256999969

1583249915.259000063

1583249915.260999918

1583249915.263000011

1583249915.265000105

1583249915.267999887

1583249915.269999981

1583249915.270999908

1583249915.273000002

1583249915.275000095

1583249915.279000044

1583249915.280999899

1583249915.282999992

1583249915.283999920

1583249915.286000013

1583249915.288000107

1583249915.292000055

1583249915.292999983

1583249915.295000076

1583249915.296999931

1583249915.299000025

1583249915.299999952

1583249915.303999901

1583249915.305999994

1583249915.308000088

1583249915.309999943

1583249915.311000109

1583249915.315000057

1583249915.316999912

1583249915.318000078

1583249915.319999933

1583249915.322000027

1583249915.323999882

1583249915.326999903

1583249915.328999996

1583249915.331000090

1583249915.332999945

1583249915.334000111

1583249915.335999966

1583249915.338999987

1583249915.341000080

1583249915.342999935

1583249915.345000029

1583249915.345999956

1583249915.348000050

1583249915.351000071

1583249915.352999926

1583249915.355000019

1583249915.357000113

1583249915.358999968

1583249915.359999895

1583249915.364000082

1583249915.365999937

1583249915.368000031

1583249915.369999886

1583249915.371000051

1583249915.375000000

1583249915.377000093

1583249915.378000021

1583249915.380000114

1583249915.381999969

1583249915.384000063

1583249915.387000084

1583249915.388999939

1583249915.391000032

1583249915.391999960

1583249915.394000053

1583249915.395999908

1583249915.400000095

1583249915.401999950

1583249915.404000044

1583249915.405999899

1583249915.407999992

1583249915.411000013

1583249915.413000107

1583249915.414999962

1583249915.415999889

1583249915.417999983

1583249915.420000076

1583249915.423000097

1583249915.424999952

1583249915.427000046

1583249915.428999901

1583249915.430999994

1583249915.431999922

1583249915.436000109

1583249915.437999964

1583249915.440000057

1583249915.440999985

1583249915.443000078

1583249915.444999933

1583249915.447999954

1583249915.450000048

1583249915.451999903

1583249915.453999996

1583249915.454999924

1583249915.459000111

1583249915.460000038

1583249915.461999893

1583249915.463999987

1583249915.466000080

1583249915.467000008

1583249915.470999956

1583249915.473000050

1583249915.474999905

1583249915.476999998

1583249915.477999926

1583249915.482000113

1583249915.483999968

1583249915.486000061

1583249915.487999916

1583249915.489000082

1583249915.490999937

1583249915.493999958

1583249915.496000051

1583249915.497999907

1583249915.500000000

1583249915.500999928

1583249915.503000021

1583249915.506999969

1583249915.507999897

1583249915.509999990

1583249915.512000084

1583249915.513000011

1583249915.515000105

1583249915.517999887

1583249915.519999981

1583249915.522000074

1583249915.523999929

1583249915.526000023

1583249915.526999950

1583249915.530999899

1583249915.532999992

1583249915.535000086

1583249915.536000013

1583249915.538000107

1583249915.542000055

1583249915.542999983

1583249915.545000076

1583249915.546999931

1583249915.549000025

1583249915.551000118

1583249915.553999901

1583249915.555999994

1583249915.556999922

1583249915.559000015

1583249915.561000109

1583249915.562999964

1583249915.565999985

1583249915.568000078

1583249915.569000006

1583249915.571000099

1583249915.575000048

1583249915.578000069

1583249915.579999924

1583249915.582000017

1583249915.582999945

1583249915.585000038

1583249915.586999893

1583249915.589999914

1583249915.592000008

1583249915.594000101

1583249915.595000029

1583249915.596999884

1583249915.598999977

1583249915.601999998

1583249915.604000092

1583249915.605999947

1583249915.608000040

1583249915.608999968

1583249915.611000061

1583249915.614000082

1583249915.615999937

1583249915.618000031

1583249915.619999886

1583249915.621000051

1583249915.622999907

1583249915.625999928

1583249915.628000021

1583249915.630000114

1583249915.631999969

1583249915.632999897

1583249915.634999990

1583249915.638000011

1583249915.640000105

1583249915.641999960

1583249915.644000053

1583249915.645999908

1583249915.647000074

1583249915.654000044

1583249915.655999899

1583249915.657999992

1583249915.660000086

1583249915.663000107

1583249915.664999962

1583249915.667000055

1583249915.667999983

1583249915.670000076

1583249915.673000097

1583249915.674999952

1583249915.677000046

1583249915.678999901

1583249915.680000067

1583249915.681999922

1583249915.684999943

1583249915.687000036

1583249915.688999891

1583249915.690000057

1583249915.691999912

1583249915.694000006

1583249915.697999954

1583249915.698999882

1583249915.700999975

1583249915.703000069

1583249915.704999924

1583249915.706000090

1583249915.710000038

1583249915.711999893

1583249915.713999987

1583249915.714999914

1583249915.717000008

1583249915.720999956

1583249915.721999884

1583249915.723999977

1583249915.726000071

1583249915.727999926

1583249915.730000019

1583249915.733000040

1583249915.734999895

1583249915.736000061

1583249915.737999916

1583249915.740000010

1583249915.742000103

1583249915.744999886

1583249915.746999979

1583249915.749000072

1583249915.750999928

1583249915.753000021

1583249915.755000114

1583249915.757999897

1583249915.759999990

1583249915.762000084

1583249915.763999939

1583249915.765000105

1583249915.766999960

1583249915.770999908

1583249915.773000002

1583249915.775000095

1583249915.776999950

1583249915.780999899

1583249915.782999992

1583249915.783999920

1583249915.786000013

1583249915.788000107

1583249915.789999962

1583249915.792999983

1583249915.795000076

1583249915.796000004

1583249915.798000097

1583249915.799999952

1583249915.802000046

1583249915.805000067

1583249915.806999922

1583249915.809000015

1583249915.809999943

1583249915.812000036

1583249915.813999891

1583249915.816999912

1583249915.819000006

1583249915.821000099

1583249915.822000027

1583249915.823999882

1583249915.825999975

1583249915.828999996

1583249915.831000090

1583249915.832999945

1583249915.835000038

1583249915.835999966

1583249915.838000059

1583249915.841000080

1583249915.842999935

1583249915.845000029

1583249915.846999884

1583249915.848000050

1583249915.849999905

1583249915.852999926

1583249915.855000019

1583249915.857000113

1583249915.858999968

1583249915.859999895

1583249915.861999989

1583249915.865999937

1583249915.867000103

1583249915.868999958

1583249915.871000051

1583249915.872999907

1583249915.875999928

1583249915.878000021

1583249915.880000114

1583249915.882999897

1583249915.884000063

1583249915.888000011

1583249915.890000105

1583249915.891000032

1583249915.892999887

1583249915.894999981

1583249915.897000074

1583249915.900000095

1583249915.901999950

1583249915.903000116

1583249915.904999971

1583249915.907000065

1583249915.908999920

1583249915.911999941

1583249915.914000034

1583249915.914999962

1583249915.917000055

1583249915.918999910

1583249915.921000004

1583249915.924000025

1583249915.927000046

1583249915.927999973

1583249915.930000067

1583249915.931999922

1583249915.933000088

1583249915.937000036

1583249915.938999891

1583249915.940000057

1583249915.941999912

1583249915.944000006

1583249915.946000099

1583249915.948999882

1583249915.950999975

1583249915.951999903

1583249915.953999996

1583249915.956000090

1583249915.957000017

1583249915.960999966

1583249915.963000059

1583249915.964999914

1583249915.966000080

1583249915.967999935

1583249915.970000029

1583249915.971999884

1583249915.973999977

1583249915.976000071

1583249915.977999926

1583249915.979000092

1583249915.980999947

1583249915.983999968

1583249915.986000061

1583249915.987999916

1583249915.990000010

1583249915.990999937

1583249915.993000031

1583249915.996000051

1583249915.997999907

1583249916.000000000

1583249916.002000093

1583249916.003000021

1583249916.005000114

1583249916.007999897

1583249916.009999990

1583249916.012000084

1583249916.013999939

1583249916.015000105

1583249916.016999960

1583249916.019999981

1583249916.022000074

1583249916.023999929

1583249916.026000023

1583249916.028000116

1583249916.029000044

1583249916.032999992

1583249916.035000086

1583249916.036999941

1583249916.039000034

1583249916.039999962

1583249916.043999910

1583249916.046000004

1583249916.046999931

1583249916.053999901

1583249916.056999922

1583249916.059000015

1583249916.061000109

1583249916.062999964

1583249916.063999891

1583249916.068000078

1583249916.069999933

1583249916.072000027

1583249916.073999882

1583249916.075999975

1583249916.078999996

1583249916.081000090

1583249916.082999945

1583249916.084000111

1583249916.085999966

1583249916.088000059

1583249916.091000080

1583249916.092999935

1583249916.095000029

1583249916.096999884

1583249916.098000050

1583249916.099999905

1583249916.104000092

1583249916.105999947

1583249916.108000040

1583249916.109999895

1583249916.111000061

1583249916.112999916

1583249916.115999937

1583249916.118000031

1583249916.119999886

1583249916.121999979

1583249916.122999907

1583249916.125000000

1583249916.128000021

1583249916.130000114

1583249916.131999969

1583249916.134000063

1583249916.134999990

1583249916.137000084

1583249916.141000032

1583249916.142999887

1583249916.144000053

1583249916.147000074

1583249916.148000002

1583249916.151999950

1583249916.154000044

1583249916.155999899

1583249916.157000065

1583249916.158999920

1583249916.161000013

1583249916.164000034

1583249916.165999889

1583249916.167999983

1583249916.168999910

1583249916.171999931

1583249916.174999952

1583249916.177000046

1583249916.177999973

1583249916.180000067

1583249916.181999922

1583249916.184000015

1583249916.187999964

1583249916.190000057

1583249916.191999912

1583249916.193000078

1583249916.194999933

1583249916.197000027

1583249916.200000048

1583249916.201999903

1583249916.203999996

1583249916.204999924

1583249916.207000017

1583249916.210999966

1583249916.211999893

1583249916.213999987

1583249916.216000080

1583249916.217999935

1583249916.220000029

1583249916.223000050

1583249916.224999905

1583249916.226000071

1583249916.227999926

1583249916.230000019

1583249916.232000113

1583249916.234999895

1583249916.236999989

1583249916.237999916

1583249916.240000010

1583249916.242000103

1583249916.243999958

1583249916.246999979

1583249916.249000072

1583249916.250999928

1583249916.252000093

1583249916.253999949

1583249916.256000042

1583249916.259000063

1583249916.260999918

1583249916.263000011

1583249916.265000105

1583249916.266000032

1583249916.267999887

1583249916.270999908

1583249916.273000002

1583249916.273999929

1583249916.276000023

1583249916.278000116

1583249916.280999899

1583249916.283999920

1583249916.286000013

1583249916.288000107

1583249916.289999962

1583249916.290999889

1583249916.295000076

1583249916.296999931

1583249916.298000097

1583249916.299999952

1583249916.302000046

1583249916.303999901

1583249916.306999922

1583249916.309000015

1583249916.309999943

1583249916.312000036

1583249916.313999891

1583249916.315999985

1583249916.319000006

1583249916.321000099

1583249916.322999954

1583249916.325000048

1583249916.325999975

1583249916.328000069

1583249916.332000017

1583249916.332999945

1583249916.335000038

1583249916.336999893

1583249916.338000059

1583249916.339999914

1583249916.344000101

1583249916.345000029

1583249916.346999884

1583249916.348999977

1583249916.349999905

1583249916.351999998

1583249916.355000019

1583249916.357000113

1583249916.358999968

1583249916.361000061

1583249916.362999916

1583249916.364000082

1583249916.368000031

1583249916.369999886

1583249916.371999979

1583249916.374000072

1583249916.375000000

1583249916.378999949

1583249916.381000042

1583249916.381999969

1583249916.384000063

1583249916.385999918

1583249916.388000011

1583249916.391000032

1583249916.392999887

1583249916.394000053

1583249916.395999908

1583249916.398000002

1583249916.400000095

1583249916.403000116

1583249916.404999971

1583249916.405999899

1583249916.408999920

1583249916.410000086

1583249916.414000034

1583249916.415999889

1583249916.417999983

1583249916.418999910

1583249916.421000004

1583249916.423000097

1583249916.426000118

1583249916.427999973

1583249916.430000067

1583249916.430999994

1583249916.433000088

1583249916.434999943

1583249916.438999891

1583249916.440000057

1583249916.441999912

1583249916.444000006

1583249916.444999933

1583249916.447000027

1583249916.450000048

1583249916.451999903

1583249916.453999996

1583249916.463000059

1583249916.464999914

1583249916.466000080

1583249916.467999935

1583249916.470000029

1583249916.473999977

1583249916.476000071

1583249916.477999926

1583249916.479000092

1583249916.480999947

1583249916.483000040

1583249916.486000061

1583249916.487999916

1583249916.490000010

1583249916.490999937

1583249916.493000031

1583249916.494999886

1583249916.497999907

1583249916.500000000

1583249916.502000093

1583249916.503999949

1583249916.505000114

1583249916.506999969

1583249916.510999918

1583249916.513000011

1583249916.515000105

1583249916.516000032

1583249916.517999887

1583249916.519999981

1583249916.523000002

1583249916.525000095

1583249916.526999950

1583249916.528000116

1583249916.529999971

1583249916.532000065

1583249916.535000086

1583249916.536999941

1583249916.539000034

1583249916.540999889

1583249916.542999983

1583249916.546000004

1583249916.548000097

1583249916.549000025

1583249916.551000118

1583249916.552999973

1583249916.555000067

1583249916.558000088

1583249916.559999943

1583249916.561000109

1583249916.562999964

1583249916.565000057

1583249916.566999912

1583249916.569999933

1583249916.572000027

1583249916.572999954

1583249916.575000048

1583249916.576999903

1583249916.578999996

1583249916.582000017

1583249916.584000111

1583249916.585999966

1583249916.586999893

1583249916.588999987

1583249916.592999935

1583249916.595000029

1583249916.596999884

1583249916.598999977

1583249916.599999905

1583249916.601999998

1583249916.605000019

1583249916.607000113

1583249916.608999968

1583249916.611000061

1583249916.612999916

1583249916.614000082

1583249916.617000103

1583249916.618999958

1583249916.621000051

1583249916.622999907

1583249916.624000072

1583249916.625999928

1583249916.630000114

1583249916.631000042

1583249916.634000063

1583249916.635999918

1583249916.638000011

1583249916.638999939

1583249916.642999887

1583249916.644999981

1583249916.647000074

1583249916.648999929

1583249916.650000095

1583249916.654000044

1583249916.654999971

1583249916.657000065

1583249916.658999920

1583249916.661000013

1583249916.663000107

1583249916.665999889

1583249916.667999983

1583249916.670000076

1583249916.671999931

1583249916.674000025

1583249916.677000046

1583249916.678999901

1583249916.680999994

1583249916.681999922

1583249916.684000015

1583249916.686000109

1583249916.688999891

1583249916.690999985

1583249916.693000078

1583249916.694999933

1583249916.696000099

1583249916.697999954

1583249916.700999975

1583249916.703000069

1583249916.704999924

1583249916.707000017

1583249916.709000111

1583249916.710000038

1583249916.713999987

1583249916.716000080

1583249916.717999935

1583249916.719000101

1583249916.720999956

1583249916.723000050

1583249916.726000071

1583249916.727999926

1583249916.730000019

1583249916.732000113

1583249916.733000040

1583249916.736999989

1583249916.739000082

1583249916.740000010

1583249916.742000103

1583249916.743999958

1583249916.746000051

1583249916.749000072

1583249916.750999928

1583249916.752000093

1583249916.753999949

1583249916.756000042

1583249916.757999897

1583249916.760999918

1583249916.763000011

1583249916.763999939

1583249916.766000032

1583249916.767999887

1583249916.772000074

1583249916.773999929

1583249916.776000023

1583249916.776999950

1583249916.779000044

1583249916.780999899

1583249916.785000086

1583249916.786999941

1583249916.789000034

1583249916.789999962

1583249916.792000055

1583249916.796000004

1583249916.796999931

1583249916.799000025

1583249916.801000118

1583249916.802999973

1583249916.805000067

1583249916.808000088

1583249916.811000109

1583249916.812000036

1583249916.813999891

1583249916.815999985

1583249916.818000078

1583249916.821000099

1583249916.822999954

1583249916.825000048

1583249916.825999975

1583249916.828000069

1583249916.829999924

1583249916.832999945

1583249916.835000038

1583249916.836999893

1583249916.838999987

1583249916.839999914

1583249916.842000008

1583249916.845999956

1583249916.846999884

1583249916.848999977

1583249916.851000071

1583249916.851999998

1583249916.854000092

1583249916.858000040

1583249916.859999895

1583249916.861999989

1583249916.862999916

1583249916.869999886

1583249916.871999979

1583249916.874000072

1583249916.875999928

1583249916.877000093

1583249916.881000042

1583249916.882999897

1583249916.884999990

1583249916.887000084

1583249916.888999939

1583249916.891999960

1583249916.894000053

1583249916.895999908

1583249916.898000002

1583249916.898999929

1583249916.901000023

1583249916.904000044

1583249916.905999899

1583249916.907999992

1583249916.908999920

1583249916.911000013

1583249916.913000107

1583249916.917000055

1583249916.917999983

1583249916.920000076

1583249916.921999931

1583249916.924000025

1583249916.924999952

1583249916.928999901

1583249916.930999994

1583249916.933000088

1583249916.934000015

1583249916.936000109

1583249916.940000057

1583249916.940999985

1583249916.943000078

1583249916.944999933

1583249916.947000027

1583249916.948999882

1583249916.951999903

1583249916.953999996

1583249916.956000090

1583249916.957000017

1583249916.959000111

1583249916.960999966

1583249916.963999987

1583249916.967000008

1583249916.967999935

1583249916.970000029

1583249916.971999884

1583249916.974999905

1583249916.976999998

1583249916.979000092

1583249916.980999947

1583249916.983000040

1583249916.983999968

1583249916.989000082

1583249916.990999937

1583249916.992000103

1583249916.993999958

1583249916.996000051

1583249917.000000000

1583249917.000999928

1583249917.003000021

1583249917.005000114

1583249917.006999969

1583249917.009000063

1583249917.012000084

1583249917.013999939

1583249917.016000032

1583249917.016999960

1583249917.019000053

1583249917.020999908

1583249917.023999929

1583249917.026000023

1583249917.026999950

1583249917.029000044

1583249917.030999899

1583249917.032999992

1583249917.036000013

1583249917.038000107

1583249917.039000034

1583249917.040999889

1583249917.042999983

1583249917.045000076

1583249917.048000097

1583249917.049999952

1583249917.052000046

1583249917.053999901

1583249917.055000067

1583249917.056999922

1583249917.059999943

1583249917.062000036

1583249917.063999891

1583249917.065999985

1583249917.068000078

1583249917.071000099

1583249917.072999954

1583249917.075000048

1583249917.076999903

1583249917.078999996

1583249917.079999924

1583249917.084000111

1583249917.085999966

1583249917.088000059

1583249917.089999914

1583249917.091000080

1583249917.095000029

1583249917.096999884

1583249917.098999977

1583249917.101000071

1583249917.101999998

1583249917.104000092

1583249917.108000040

1583249917.108999968

1583249917.111000061

1583249917.112999916

1583249917.115000010

1583249917.115999937

1583249917.119999886

1583249917.121999979

1583249917.124000072

1583249917.125000000

1583249917.127000093

1583249917.131000042

1583249917.131999969

1583249917.134000063

1583249917.135999918

1583249917.138000011

1583249917.140000105

1583249917.142999887

1583249917.144999981

1583249917.145999908

1583249917.148000002

1583249917.150000095

1583249917.151999950

1583249917.154999971

1583249917.157000065

1583249917.157999992

1583249917.160000086

1583249917.163000107

1583249917.164999962

1583249917.167000055

1583249917.168999910

1583249917.171000004

1583249917.173000097

1583249917.174000025

1583249917.176000118

1583249917.180000067

1583249917.181999922

1583249917.184000015

1583249917.184999943

1583249917.187000036

1583249917.190999985

1583249917.191999912

1583249917.194000006

1583249917.196000099

1583249917.197999954

1583249917.200000048

1583249917.203000069

1583249917.204999924

1583249917.207000017

1583249917.207999945

1583249917.210000038

1583249917.211999893

1583249917.214999914

1583249917.217000008

1583249917.217999935

1583249917.220000029

1583249917.221999884

1583249917.223999977

1583249917.226999998

1583249917.229000092

1583249917.230000019

1583249917.232000113

1583249917.233999968

1583249917.236000061

1583249917.239000082

1583249917.240999937

1583249917.243000031

1583249917.243999958

1583249917.246000051

1583249917.247999907

1583249917.250999928

1583249917.253000021

1583249917.255000114

1583249917.256000042

1583249917.257999897

1583249917.259999990

1583249917.263000011

1583249917.265000105

1583249917.266999960

1583249917.269000053

1583249917.270999908

1583249917.276999950

1583249917.279000044

1583249917.280999899

1583249917.282999992

1583249917.286999941

1583249917.288000107

1583249917.289999962

1583249917.292000055

1583249917.293999910

1583249917.295000076

1583249917.299000025

1583249917.301000118

1583249917.302999973

1583249917.303999901

1583249917.305999994

1583249917.309999943

1583249917.312000036

1583249917.312999964

1583249917.315000057

1583249917.316999912

1583249917.318000078

1583249917.322000027

1583249917.323999882

1583249917.325000048

1583249917.326999903

1583249917.328999996

1583249917.331000090

1583249917.334000111

1583249917.335999966

1583249917.338999987

1583249917.341000080

1583249917.342000008

1583249917.344000101

1583249917.346999884

1583249917.348999977

1583249917.351000071

1583249917.352999926

1583249917.355000019

1583249917.355999947

1583249917.359999895

1583249917.361999989

1583249917.364000082

1583249917.367000103

1583249917.371000051

1583249917.374000072

1583249917.377000093

1583249917.378999949

1583249917.382999897

1583249917.384000063

1583249917.385999918

1583249917.388000011

1583249917.390000105

1583249917.391999960

1583249917.394999981

1583249917.397000074

1583249917.398999929

1583249917.400000095

1583249917.401999950

1583249917.404000044

1583249917.407000065

1583249917.408999920

1583249917.411000013

1583249917.413000107

1583249917.414000034

1583249917.415999889

1583249917.418999910

1583249917.421000004

1583249917.423000097

1583249917.424000025

1583249917.426000118

1583249917.427999973

1583249917.430999994

1583249917.433000088

1583249917.434999943

1583249917.437000036

1583249917.437999964

1583249917.440000057

1583249917.443000078

1583249917.444999933

1583249917.447000027

1583249917.448999882

1583249917.450999975

1583249917.451999903

1583249917.456000090

1583249917.457000017

1583249917.459000111

1583249917.460999966

1583249917.463000059

1583249917.463999987

1583249917.467000008

1583249917.469000101

1583249917.470999956

1583249917.473000050

1583249917.474999905

1583249917.477999926

1583249917.480000019

1583249917.480999947

1583249917.483000040

1583249917.484999895

1583249917.486999989

1583249917.490000010

1583249917.492000103

1583249917.493999958

1583249917.494999886

1583249917.496999979

1583249917.499000072

1583249917.502000093

1583249917.503999949

1583249917.506000042

1583249917.507999897

1583249917.509999990

1583249917.510999918

1583249917.516000032

1583249917.517999887

1583249917.519999981

1583249917.520999908

1583249917.523000002

1583249917.526999950

1583249917.528000116

1583249917.529999971

1583249917.532000065

1583249917.533999920

1583249917.535000086

1583249917.539000034

1583249917.540999889

1583249917.542000055

1583249917.543999910

1583249917.546000004

1583249917.548000097

1583249917.551000118

1583249917.552999973

1583249917.553999901

1583249917.555999994

1583249917.558000088

1583249917.559999943

1583249917.562999964

1583249917.565000057

1583249917.566999912

1583249917.569000006

1583249917.571000099

1583249917.573999882

1583249917.575999975

1583249917.578000069

1583249917.579999924

1583249917.582000017

1583249917.582999945

1583249917.586999893

1583249917.588999987

1583249917.591000080

1583249917.592999935

1583249917.594000101

1583249917.598000050

1583249917.599999905

1583249917.601999998

1583249917.604000092

1583249917.605000019

1583249917.607000113

1583249917.611000061

1583249917.611999989

1583249917.614000082

1583249917.615999937

1583249917.617000103

1583249917.618999958

1583249917.622999907

1583249917.625000000

1583249917.627000093

1583249917.628000021

1583249917.630000114

1583249917.634000063

1583249917.634999990

1583249917.637000084

1583249917.638999939

1583249917.641000032

1583249917.642999887

1583249917.645999908

1583249917.648000002

1583249917.650000095

1583249917.651999950

1583249917.653000116

1583249917.654999971

1583249917.657999992

1583249917.660000086

1583249917.661999941

1583249917.664000034

1583249917.665999889

1583249917.668999910

1583249917.671000004

1583249917.673000097

1583249917.674999952

1583249917.677000046

1583249917.677999973

1583249917.681999922

1583249917.684000015

1583249917.690000057

1583249917.694000006

1583249917.696000099

1583249917.697999954

1583249917.698999882

1583249917.700999975

1583249917.703000069

1583249917.706000090

1583249917.707999945

1583249917.710000038

1583249917.711999893

1583249917.713000059

1583249917.714999914

1583249917.719000101

1583249917.720999956

1583249917.723000050

1583249917.724999905

1583249917.726000071

1583249917.730000019

1583249917.732000113

1583249917.733999968

1583249917.734999895

1583249917.736999989

1583249917.739000082

1583249917.742000103

1583249917.743999958

1583249917.744999886

1583249917.746999979

1583249917.749000072

1583249917.750999928

1583249917.753999949

1583249917.756000042

1583249917.757999897

1583249917.759999990

1583249917.762000084

1583249917.763000011

1583249917.766000032

1583249917.767999887

1583249917.769999981

1583249917.772000074

1583249917.773999929

1583249917.776999950

1583249917.779000044

1583249917.780999899

1583249917.782000065

1583249917.783999920

1583249917.786000013

1583249917.789000034

1583249917.792000055

1583249917.792999983

1583249917.795000076

1583249917.796999931

1583249917.798000097

1583249917.802000046

1583249917.803999901

1583249917.805999994

1583249917.808000088

1583249917.809000015

1583249917.812999964

1583249917.815000057

1583249917.815999985

1583249917.818000078

1583249917.819999933

1583249917.822000027

1583249917.825000048

1583249917.826999903

1583249917.828000069

1583249917.829999924

1583249917.832000017

1583249917.834000111

1583249917.836999893

1583249917.838999987

1583249917.839999914

1583249917.842000008

1583249917.844000101

1583249917.845999956

1583249917.848999977

1583249917.851000071

1583249917.851999998

1583249917.854000092

1583249917.855999947

1583249917.858000040

1583249917.861000061

1583249917.862999916

1583249917.865000010

1583249917.868000031

1583249917.869999886

1583249917.872999907

1583249917.875000000

1583249917.877000093

1583249917.878000021

1583249917.881000042

1583249917.882999897

1583249917.885999918

1583249917.888000011

1583249917.890000105

1583249917.891999960

1583249917.892999887

1583249917.897000074

1583249917.898000002

1583249917.900000095

1583249917.901999950

1583249917.904000044

1583249917.905999899

1583249917.908999920

1583249917.911000013

1583249917.911999941

1583249917.914000034

1583249917.915999889

1583249917.917999983

1583249917.921000004

1583249917.923000097

1583249917.924000025

1583249917.926000118

1583249917.927999973

1583249917.930000067

1583249917.933000088

1583249917.934999943

1583249917.936000109

1583249917.937999964

1583249917.940000057

1583249917.941999912

1583249917.944999933

1583249917.947000027

1583249917.947999954

1583249917.950000048

1583249917.951999903

1583249917.953999996

1583249917.957000017

1583249917.959000111

1583249917.960000038

1583249917.961999893

1583249917.963999987

1583249917.967999935

1583249917.970000029

1583249917.971999884

1583249917.973999977

1583249917.974999905

1583249917.976999998

1583249917.980999947

1583249917.982000113

1583249917.983999968

1583249917.986000061

1583249917.987999916

1583249917.989000082

1583249917.993000031

1583249917.994999886

1583249917.996000051

1583249917.997999907

1583249918.000000000

1583249918.003999949

1583249918.006000042

1583249918.006999969

1583249918.009000063

1583249918.010999918

1583249918.013000011

1583249918.016000032

1583249918.017999887

1583249918.019999981

1583249918.022000074

1583249918.023000002

1583249918.025000095

1583249918.028000116

1583249918.029999971

1583249918.032000065

1583249918.033999920

1583249918.036000013

1583249918.036999941

1583249918.040999889

1583249918.042999983

1583249918.046000004

1583249918.048000097

1583249918.049000025

1583249918.052999973

1583249918.053999901

1583249918.055999994

1583249918.058000088

1583249918.059999943

1583249918.061000109

1583249918.063999891

1583249918.065999985

1583249918.068000078

1583249918.069999933

1583249918.072000027

1583249918.072999954

1583249918.076999903

1583249918.078999996

1583249918.081000090

1583249918.082000017

1583249918.084000111

1583249918.088000059

1583249918.088999987

1583249918.091000080

1583249918.096999884

1583249918.101000071

1583249918.102999926

1583249918.105000019

1583249918.107000113

1583249918.108000040

1583249918.111999989

1583249918.114000082

1583249918.115000010

1583249918.117000103

1583249918.118999958

1583249918.121000051

1583249918.124000072

1583249918.125999928

1583249918.128000021

1583249918.130000114

1583249918.131000042

1583249918.132999897

1583249918.135999918

1583249918.138000011

1583249918.140000105

1583249918.141999960

1583249918.142999887

1583249918.144999981

1583249918.148000002

1583249918.150000095

1583249918.151999950

1583249918.154000044

1583249918.154999971

1583249918.157000065

1583249918.161000013

1583249918.163000107

1583249918.164000034

1583249918.165999889

1583249918.167999983

1583249918.171000004

1583249918.174000025

1583249918.176000118

1583249918.177000046

1583249918.178999901

1583249918.180999994

1583249918.184000015

1583249918.186000109

1583249918.187999964

1583249918.188999891

1583249918.190999985

1583249918.194999933

1583249918.196000099

1583249918.197999954

1583249918.200000048

1583249918.201999903

1583249918.203000069

1583249918.207000017

1583249918.209000111

1583249918.210000038

1583249918.211999893

1583249918.213999987

1583249918.216000080

1583249918.219000101

1583249918.221999884

1583249918.223999977

1583249918.226000071

1583249918.226999998

1583249918.229000092

1583249918.232000113

1583249918.233999968

1583249918.236000061

1583249918.237999916

1583249918.240000010

1583249918.240999937

1583249918.244999886

1583249918.246999979

1583249918.247999907

1583249918.250000000

1583249918.252000093

1583249918.253000021

1583249918.256999969

1583249918.259000063

1583249918.260999918

1583249918.263000011

1583249918.263999939

1583249918.267999887

1583249918.269999981

1583249918.272000074

1583249918.273999929

1583249918.275000095

1583249918.279000044

1583249918.279999971

1583249918.282000065

1583249918.283999920

1583249918.286000013

1583249918.288000107

1583249918.290999889

1583249918.292999983

1583249918.293999910

1583249918.296000004

1583249918.298000097

1583249918.299999952

1583249918.302999973

1583249918.305000067

1583249918.306999922

1583249918.308000088

1583249918.309999943

1583249918.312000036

1583249918.315000057

1583249918.316999912

1583249918.319000006

1583249918.321000099

1583249918.322999954

1583249918.323999882

1583249918.328000069

1583249918.329999924

1583249918.331000090

1583249918.332999945

1583249918.335000038

1583249918.335999966

1583249918.339999914

1583249918.342000008

1583249918.344000101

1583249918.345000029

1583249918.346999884

1583249918.348999977

1583249918.351999998

1583249918.354000092

1583249918.355999947

1583249918.358000040

1583249918.358999968

1583249918.362999916

1583249918.365000010

1583249918.365999937

1583249918.368000031

1583249918.369999886

1583249918.374000072

1583249918.375999928

1583249918.377000093

1583249918.378999949

1583249918.381000042

1583249918.382999897

1583249918.385999918

1583249918.388000011

1583249918.390000105

1583249918.391000032

1583249918.392999887

1583249918.394999981

1583249918.398999929

1583249918.401000023

1583249918.403000116

1583249918.404999971

1583249918.405999899

1583249918.407999992

1583249918.411000013

1583249918.413000107

1583249918.414999962

1583249918.417000055

1583249918.417999983

1583249918.420000076

1583249918.423000097

1583249918.424999952

1583249918.427000046

1583249918.428999901

1583249918.430000067

1583249918.431999922

1583249918.434999943

1583249918.437000036

1583249918.438999891

1583249918.440999985

1583249918.441999912

1583249918.444000006

1583249918.447999954

1583249918.448999882

1583249918.450999975

1583249918.453000069

1583249918.454999924

1583249918.456000090

1583249918.460000038

1583249918.461999893

1583249918.463999987

1583249918.466000080

1583249918.467000008

1583249918.470999956

1583249918.473000050

1583249918.474999905

1583249918.476999998

1583249918.479000092

1583249918.482000113

1583249918.483999968

1583249918.484999895

1583249918.486999989

1583249918.489000082

1583249918.490999937

1583249918.494999886

1583249918.496000051

1583249918.497999907

1583249918.503999949

1583249918.506999969

1583249918.509000063

1583249918.510999918

1583249918.513000011

1583249918.513999939

1583249918.517999887

1583249918.519999981

1583249918.520999908

1583249918.523000002

1583249918.525000095

1583249918.526999950

1583249918.529999971

1583249918.532000065

1583249918.532999992

1583249918.535000086

1583249918.536999941

1583249918.539000034

1583249918.542000055

1583249918.543999910

1583249918.546000004

1583249918.546999931

1583249918.549000025

1583249918.551000118

1583249918.553999901

1583249918.555999994

1583249918.558000088

1583249918.559000015

1583249918.561000109

1583249918.565000057

1583249918.566999912

1583249918.569000006

1583249918.571000099

1583249918.572000027

1583249918.575000048

1583249918.578999996

1583249918.581000090

1583249918.582999945

1583249918.585000038

1583249918.585999966

1583249918.589999914

1583249918.592000008

1583249918.592999935

1583249918.595000029

1583249918.596999884

1583249918.598999977

1583249918.601999998

1583249918.604000092

1583249918.607000113

1583249918.608000040

1583249918.609999895

1583249918.614000082

1583249918.615000010

1583249918.617000103

1583249918.618999958

1583249918.621000051

1583249918.621999979

1583249918.625999928

1583249918.628000021

1583249918.628999949

1583249918.631000042

1583249918.632999897

1583249918.634999990

1583249918.638999939

1583249918.640000105

1583249918.641999960

1583249918.644000053

1583249918.644999981

1583249918.647000074

1583249918.650000095

1583249918.651999950

1583249918.654000044

1583249918.655999899

1583249918.657000065

1583249918.658999920

1583249918.661999941

1583249918.663000107

1583249918.664999962

1583249918.667000055

1583249918.668999910

1583249918.671000004

1583249918.674000025

1583249918.676000118

1583249918.677999973

1583249918.680000067

1583249918.680999994

1583249918.684999943

1583249918.687000036

1583249918.687999964

1583249918.690000057

1583249918.691999912

1583249918.694000006

1583249918.697000027

1583249918.698999882

1583249918.700000048

1583249918.701999903

1583249918.703999996

1583249918.706000090

1583249918.709000111

1583249918.710999966

1583249918.713000059

1583249918.714999914

1583249918.716000080

1583249918.717999935

1583249918.720999956

1583249918.723000050

1583249918.724999905

1583249918.726999998

1583249918.727999926

1583249918.730000019

1583249918.733999968

1583249918.734999895

1583249918.736999989

1583249918.739000082

1583249918.740000010

1583249918.742000103

1583249918.746000051

1583249918.746999979

1583249918.749000072

1583249918.752000093

1583249918.753000021

1583249918.755000114

1583249918.757999897

1583249918.760999918

1583249918.763000011

1583249918.763999939

1583249918.766000032

1583249918.769999981

1583249918.772000074

1583249918.773999929

1583249918.776000023

1583249918.776999950

1583249918.780999899

1583249918.782999992

1583249918.783999920

1583249918.786000013

1583249918.788000107

1583249918.789999962

1583249918.792999983

1583249918.795000076

1583249918.798000097

1583249918.799000025

1583249918.801000118

1583249918.805000067

1583249918.806999922

1583249918.808000088

1583249918.809999943

1583249918.812000036

1583249918.813999891

1583249918.816999912

1583249918.819000006

1583249918.819999933

1583249918.822000027

1583249918.823999882

1583249918.825999975

1583249918.829999924

1583249918.831000090

1583249918.832999945

1583249918.835000038

1583249918.835999966

1583249918.838000059

1583249918.841000080

1583249918.842999935

1583249918.845000029

1583249918.846999884

1583249918.848999977

1583249918.849999905

1583249918.854000092

1583249918.855999947

1583249918.858000040

1583249918.859999895

1583249918.861000061

1583249918.865000010

1583249918.867000103

1583249918.868999958

1583249918.871000051

1583249918.872999907

1583249918.875999928

1583249918.878000021

1583249918.880000114

1583249918.881999969

1583249918.884000063

1583249918.884999990

1583249918.888999939

1583249918.891000032

1583249918.892999887

1583249918.894999981

1583249918.897000074

1583249918.900000095

1583249918.901999950

1583249918.903000116

1583249918.904999971

1583249918.907000065

1583249918.913000107

1583249918.914999962

1583249918.917000055

1583249918.918999910

1583249918.921000004

1583249918.924000025

1583249918.927000046

1583249918.928999901

1583249918.930000067

1583249918.931999922

1583249918.934000015

1583249918.937999964

1583249918.938999891

1583249918.940999985

1583249918.943000078

1583249918.944000006

1583249918.946000099

1583249918.948999882

1583249918.950999975

1583249918.953000069

1583249918.954999924

1583249918.956000090

1583249918.957999945

1583249918.960999966

1583249918.963000059

1583249918.964999914

1583249918.967000008

1583249918.967999935

1583249918.971999884

1583249918.973999977

1583249918.974999905

1583249918.976999998

1583249918.979000092

1583249918.980999947

1583249918.983999968

1583249918.986000061

1583249918.986999989

1583249918.989000082

1583249918.990999937

1583249918.993000031

1583249918.996000051

1583249918.997999907

1583249919.000000000

1583249919.002000093

1583249919.003000021

1583249919.005000114

1583249919.009000063

1583249919.009999990

1583249919.012000084

1583249919.013999939

1583249919.015000105

1583249919.016999960

1583249919.020999908

1583249919.022000074

1583249919.023999929

1583249919.026000023

1583249919.028000116

1583249919.032000065

1583249919.032999992

1583249919.035000086

1583249919.036999941

1583249919.039000034

1583249919.040999889

1583249919.043999910

1583249919.046000004

1583249919.046999931

1583249919.049000025

1583249919.051000118

1583249919.052999973

1583249919.055999994

1583249919.059000015

1583249919.059999943

1583249919.062000036

1583249919.063999891

1583249919.068000078

1583249919.069000006

1583249919.071000099

1583249919.072999954

1583249919.075000048

1583249919.075999975

1583249919.079999924

1583249919.082000017

1583249919.084000111

1583249919.085000038

1583249919.086999893

1583249919.091000080

1583249919.092000008

1583249919.094000101

1583249919.095999956

1583249919.098000050

1583249919.099999905

1583249919.104000092

1583249919.105999947

1583249919.108000040

1583249919.109999895

1583249919.111000061

1583249919.112999916

1583249919.117000103

1583249919.118000031

1583249919.119999886

1583249919.121999979

1583249919.124000072

1583249919.125000000

1583249919.128999949

1583249919.131000042

1583249919.131999969

1583249919.134000063

1583249919.135999918

1583249919.137000084

1583249919.141000032

1583249919.142999887

1583249919.144999981

1583249919.145999908

1583249919.148000002

1583249919.151999950

1583249919.154000044

1583249919.154999971

1583249919.157000065

1583249919.158999920

1583249919.163000107

1583249919.164999962

1583249919.167000055

1583249919.167999983

1583249919.170000076

1583249919.171999931

1583249919.174999952

1583249919.177000046

1583249919.178999901

1583249919.180999994

1583249919.183000088

1583249919.184000015

1583249919.187999964

1583249919.190000057

1583249919.191999912

1583249919.193000078

1583249919.194999933

1583249919.198999882

1583249919.200000048

1583249919.201999903

1583249919.203999996

1583249919.206000090

1583249919.207000017

1583249919.210999966

1583249919.213000059

1583249919.213999987

1583249919.216000080

1583249919.217999935

1583249919.220000029

1583249919.223000050

1583249919.224999905

1583249919.226000071

1583249919.227999926

1583249919.230000019

1583249919.232000113

1583249919.234999895

1583249919.236999989

1583249919.239000082

1583249919.240000010

1583249919.242000103

1583249919.243999958

1583249919.246999979

1583249919.249000072

1583249919.250999928

1583249919.253000021

1583249919.255000114

1583249919.256000042

1583249919.259000063

1583249919.260999918

1583249919.263000011

1583249919.265000105

1583249919.266000032

1583249919.269999981

1583249919.272000074

1583249919.273000002

1583249919.275000095

1583249919.276999950

1583249919.279999971

1583249919.282999992

1583249919.285000086

1583249919.286999941

1583249919.289000034

1583249919.289999962

1583249919.292000055

1583249919.295000076

1583249919.296999931

1583249919.299000025

1583249919.301000118

1583249919.302000046

1583249919.303999901

1583249919.308000088

1583249919.309000015

1583249919.311000109

1583249919.312999964

1583249919.315000057

1583249919.321000099

1583249919.322999954

1583249919.323999882

1583249919.325999975

1583249919.328000069

1583249919.331000090

1583249919.332999945

1583249919.335000038

1583249919.336999893

1583249919.338000059

1583249919.339999914

1583249919.344000101

1583249919.345999956

1583249919.346999884

1583249919.348999977

1583249919.351000071

1583249919.352999926

1583249919.355999947

1583249919.358000040

1583249919.359999895

1583249919.361999989

1583249919.362999916

1583249919.367000103

1583249919.368999958

1583249919.369999886

1583249919.371999979

1583249919.374000072

1583249919.375999928

1583249919.378999949

1583249919.381000042

1583249919.382999897

1583249919.384000063

1583249919.385999918

1583249919.388000011

1583249919.391000032

1583249919.392999887

1583249919.394000053

1583249919.395999908

1583249919.398000002

1583249919.400000095

1583249919.403000116

1583249919.404999971

1583249919.407000065

1583249919.408999920

1583249919.410000086

1583249919.414000034

1583249919.415999889

1583249919.417000055

1583249919.418999910

1583249919.421000004

1583249919.423000097

1583249919.426000118

1583249919.427999973

1583249919.428999901

1583249919.430999994

1583249919.433000088

1583249919.434999943

1583249919.437999964

1583249919.440000057

1583249919.440999985

1583249919.443000078

1583249919.444999933

1583249919.447000027

1583249919.450000048

1583249919.451999903

1583249919.453000069

1583249919.456000090

1583249919.457999945

1583249919.461999893

1583249919.463000059

1583249919.464999914

1583249919.467000008

1583249919.469000101

1583249919.470999956

1583249919.473999977

1583249919.476000071

1583249919.477999926

1583249919.479000092

1583249919.480999947

1583249919.483000040

1583249919.486000061

1583249919.487999916

1583249919.490000010

1583249919.492000103

1583249919.493000031

1583249919.494999886

1583249919.499000072

1583249919.500000000

1583249919.500999928

1583249919.503000021

1583249919.503999949

1583249919.506000042

1583249919.506999969

1583249919.510999918

1583249919.512000084

1583249919.513999939

1583249919.516000032

1583249919.516999960

1583249919.519000053

1583249919.522000074

1583249919.523999929

1583249919.526000023

1583249919.528000116

1583249919.529999971

1583249919.532000065

1583249919.535000086

1583249919.536999941

1583249919.539000034

1583249919.540999889

1583249919.542000055

1583249919.546000004

1583249919.548000097

1583249919.549999952

1583249919.551000118

1583249919.552999973

1583249919.555000067

1583249919.556999922

1583249919.559000015

1583249919.561000109

1583249919.562999964

1583249919.565000057

1583249919.566999912

1583249919.569999933

1583249919.572000027

1583249919.573999882

1583249919.575999975

1583249919.576999903

1583249919.581000090

1583249919.582999945

1583249919.584000111

1583249919.585999966

1583249919.588000059

1583249919.589999914

1583249919.592999935

1583249919.595000029

1583249919.596999884

1583249919.598000050

1583249919.599999905

1583249919.601999998

1583249919.605000019

1583249919.607000113

1583249919.608999968

1583249919.611000061

1583249919.612999916

1583249919.615000010

1583249919.618000031

1583249919.619999886

1583249919.621999979

1583249919.622999907

1583249919.625000000

1583249919.628999949

1583249919.631000042

1583249919.632999897

1583249919.634999990

1583249919.637000084

1583249919.638999939

1583249919.641999960

1583249919.644000053

1583249919.645999908

1583249919.648000002

1583249919.648999929

1583249919.651000023

1583249919.654000044

1583249919.657000065

1583249919.658999920

1583249919.660000086

1583249919.661999941

1583249919.664999962

1583249919.667000055

1583249919.668999910

1583249919.671000004

1583249919.673000097

1583249919.674000025

1583249919.677999973

1583249919.680000067

1583249919.681999922

1583249919.684000015

1583249919.684999943

1583249919.688999891

1583249919.690999985

1583249919.693000078

1583249919.694000006

1583249919.696000099

1583249919.697999954

1583249919.700999975

1583249919.703000069

1583249919.703999996

1583249919.706000090

1583249919.707999945

1583249919.710000038

1583249919.713000059

1583249919.714999914

1583249919.716000080

1583249919.717999935

1583249919.720000029

1583249919.726000071

1583249919.727999926

1583249919.730000019

1583249919.732000113

1583249919.733000040

1583249919.736999989

1583249919.739000082

1583249919.740000010

1583249919.742000103

1583249919.743999958

1583249919.746000051

1583249919.749000072

1583249919.750999928

1583249919.752000093

1583249919.753999949

1583249919.756000042

1583249919.759999990

1583249919.762000084

1583249919.763999939

1583249919.765000105

1583249919.766999960

1583249919.769000053

1583249919.772000074

1583249919.773999929

1583249919.776000023

1583249919.776999950

1583249919.779000044

1583249919.780999899

1583249919.785000086

1583249919.786000013

1583249919.788000107

1583249919.789999962

1583249919.790999889

1583249919.792999983

1583249919.796999931

1583249919.799000025

1583249919.801000118

1583249919.802999973

1583249919.805000067

1583249919.809000015

1583249919.811000109

1583249919.812999964

1583249919.813999891

1583249919.815999985

1583249919.818000078

1583249919.821000099

1583249919.822999954

1583249919.825000048

1583249919.826999903

1583249919.828000069

1583249919.829999924

1583249919.832999945

1583249919.835000038

1583249919.836999893

1583249919.838999987

1583249919.839999914

1583249919.842000008

1583249919.845000029

1583249919.846999884

1583249919.848999977

1583249919.851000071

1583249919.852999926

1583249919.854000092

1583249919.857000113

1583249919.858999968

1583249919.861000061

1583249919.862999916

1583249919.864000082

1583249919.868000031

1583249919.869999886

1583249919.871000051

1583249919.872999907

1583249919.875999928

1583249919.877000093

1583249919.881000042

1583249919.882999897

1583249919.884999990

1583249919.887000084

1583249919.888000011

1583249919.891999960

1583249919.892999887

1583249919.894999981

1583249919.897000074

1583249919.898999929

1583249919.900000095

1583249919.904000044

1583249919.905999899

1583249919.907000065

1583249919.908999920

1583249919.911000013

1583249919.913000107

1583249919.915999889

1583249919.917999983

1583249919.918999910

1583249919.921000004

1583249919.923000097

1583249919.924999952

1583249919.927999973

1583249919.930000067

1583249919.930999994

1583249919.940000057

1583249919.941999912

1583249919.944000006

1583249919.946000099

1583249919.947999954

1583249919.948999882

1583249919.951999903

1583249919.954999924

1583249919.956000090

1583249919.957999945

1583249919.960000038

1583249919.963000059

1583249919.964999914

1583249919.967000008

1583249919.969000101

1583249919.970999956

1583249919.971999884

1583249919.976000071

1583249919.977999926

1583249919.980000019

1583249919.982000113

1583249919.983000040

1583249919.987999916

1583249919.990000010

1583249919.990999937

1583249919.993000031

1583249919.994999886

1583249919.996999979

1583249920.000000000

1583249920.002000093

1583249920.003000021

1583249920.005000114

1583249920.006999969

1583249920.009000063

1583249920.012000084

1583249920.013999939

1583249920.016000032

1583249920.016999960

1583249920.019000053

1583249920.020999908

1583249920.023999929

1583249920.026000023

1583249920.028000116

1583249920.029999971

1583249920.030999899

1583249920.032999992

1583249920.036000013

1583249920.038000107

1583249920.039999962

1583249920.042000055

1583249920.043999910

1583249920.045000076

1583249920.049000025

1583249920.051000118

1583249920.052999973

1583249920.055000067

1583249920.056999922

1583249920.059999943

1583249920.062000036

1583249920.065000057

1583249920.066999912

1583249920.068000078

1583249920.072000027

1583249920.073999882

1583249920.075999975

1583249920.078000069

1583249920.078999996

1583249920.082999945

1583249920.085000038

1583249920.085999966

1583249920.088000059

1583249920.089999914

1583249920.092000008

1583249920.095000029

1583249920.096999884

1583249920.098999977

1583249920.099999905

1583249920.101999998

1583249920.104000092

1583249920.107000113

1583249920.108999968

1583249920.111000061

1583249920.112999916

1583249920.115000010

1583249920.115999937

1583249920.119999886

1583249920.121999979

1583249920.122999907

1583249920.125000000

1583249920.127000093

1583249920.128999949

1583249920.131999969

1583249920.134000063

1583249920.140000105

1583249920.142999887

1583249920.144999981

1583249920.147000074

1583249920.148999929

1583249920.150000095

1583249920.151999950

1583249920.154999971

1583249920.155999899

1583249920.157999992

1583249920.160000086

1583249920.163000107

1583249920.167000055

1583249920.168999910

1583249920.171000004

1583249920.171999931

1583249920.174000025

1583249920.176000118

1583249920.178999901

1583249920.180999994

1583249920.181999922

1583249920.184000015

1583249920.186000109

1583249920.187999964

1583249920.190999985

1583249920.193000078

1583249920.194000006

1583249920.196000099

1583249920.197999954

1583249920.200000048

1583249920.203000069

1583249920.204999924

1583249920.207000017

1583249920.209000111

1583249920.210999966

1583249920.211999893

1583249920.216000080

1583249920.217999935

1583249920.220000029

1583249920.220999956

1583249920.223000050

1583249920.226999998

1583249920.227999926

1583249920.230000019

1583249920.232000113

1583249920.233999968

1583249920.236000061

1583249920.240000010

1583249920.240999937

1583249920.243000031

1583249920.244999886

1583249920.246000051

1583249920.247999907

1583249920.250999928

1583249920.253999949

1583249920.255000114

1583249920.256999969

1583249920.259000063

1583249920.263000011

1583249920.265000105

1583249920.266000032

1583249920.267999887

1583249920.269999981

1583249920.273999929

1583249920.275000095

1583249920.276999950

1583249920.279000044

1583249920.280999899

1583249920.282999992

1583249920.286000013

1583249920.288000107

1583249920.289000034

1583249920.290999889

1583249920.292999983

1583249920.295000076

1583249920.299000025

1583249920.299999952

1583249920.302000046

1583249920.303999901

1583249920.305999994

1583249920.306999922

1583249920.311000109

1583249920.312999964

1583249920.315000057

1583249920.316999912

1583249920.318000078

1583249920.322000027

1583249920.323999882

1583249920.325999975

1583249920.328000069

1583249920.329999924

1583249920.332000017

1583249920.335000038

1583249920.338000059

1583249920.339999914

1583249920.342000008

1583249920.344000101

1583249920.346999884

1583249920.348999977

1583249920.351000071

1583249920.352999926

1583249920.355000019

1583249920.358999968

1583249920.361000061

1583249920.362999916

1583249920.365000010

1583249920.365999937

1583249920.368000031

1583249920.371999979

1583249920.372999907

1583249920.375000000

1583249920.377000093

1583249920.378999949

1583249920.380000114

1583249920.384000063

1583249920.385999918

1583249920.388000011

1583249920.390000105

1583249920.394000053

1583249920.395999908

1583249920.398000002

1583249920.400000095

1583249920.401999950

1583249920.403000116

1583249920.407000065

1583249920.408999920

1583249920.411000013

1583249920.413000107

1583249920.414999962

1583249920.417999983

1583249920.420000076

1583249920.423000097

1583249920.424000025

1583249920.426000118

1583249920.430000067

1583249920.431999922

1583249920.434000015

1583249920.434999943

1583249920.437000036

1583249920.438999891

1583249920.441999912

1583249920.444000006

1583249920.446000099

1583249920.447999954

1583249920.450000048

1583249920.451999903

1583249920.453999996

1583249920.457000017

1583249920.457999945

1583249920.460000038

1583249920.461999893

1583249920.466000080

1583249920.467999935

1583249920.470000029

1583249920.471999884

1583249920.473000050

1583249920.476999998

1583249920.479000092

1583249920.480999947

1583249920.482000113

1583249920.483999968

1583249920.486000061

1583249920.490000010

1583249920.492000103

1583249920.493999958

1583249920.496000051

1583249920.497999907

1583249920.500999928

1583249920.503000021

1583249920.505000114

1583249920.506999969

1583249920.509000063

1583249920.509999990

1583249920.515000105

1583249920.516999960

1583249920.519000053

1583249920.520999908

1583249920.523000002

1583249920.526999950

1583249920.528000116

1583249920.529999971

1583249920.532000065

1583249920.533999920

1583249920.538000107

1583249920.539999962

1583249920.542000055

1583249920.542999983

1583249920.545000076

1583249920.546999931

1583249920.551000118

1583249920.552999973

1583249920.555000067

1583249920.556999922

1583249920.558000088

1583249920.566999912

1583249920.569000006

1583249920.571000099

1583249920.573999882

1583249920.575999975

1583249920.578000069

1583249920.579999924

1583249920.582000017

1583249920.585999966

1583249920.586999893

1583249920.588999987

1583249920.591000080

1583249920.592999935

1583249920.596999884

1583249920.598999977

1583249920.601000071

1583249920.602999926

1583249920.604000092

1583249920.605999947

1583249920.609999895

1583249920.611999989

1583249920.614000082

1583249920.617000103

1583249920.618000031

1583249920.621999979

1583249920.624000072

1583249920.625999928

1583249920.628000021

1583249920.630000114

1583249920.632999897

1583249920.634999990

1583249920.637000084

1583249920.638999939

1583249920.641000032

1583249920.642999887

1583249920.645999908

1583249920.648000002

1583249920.650000095

1583249920.651999950

1583249920.655999899

1583249920.657999992

1583249920.660000086

1583249920.661999941

1583249920.664000034

1583249920.664999962

1583249920.668999910

1583249920.671000004

1583249920.673000097

1583249920.674999952

1583249920.677000046

1583249920.680999994

1583249920.681999922

1583249920.684000015

1583249920.686000109

1583249920.687999964

1583249920.693000078

1583249920.694999933

1583249920.696000099

1583249920.697999954

1583249920.700000048

1583249920.701999903

1583249920.706000090

1583249920.707000017

1583249920.710000038

1583249920.710999966

1583249920.713000059

1583249920.717000008

1583249920.719000101

1583249920.720999956

1583249920.723000050

1583249920.723999977

1583249920.726000071

1583249920.730000019

1583249920.730999947

1583249920.733000040

1583249920.734999895

1583249920.736999989

1583249920.739000082

1583249920.742000103

1583249920.743999958

1583249920.746000051

1583249920.747999907

1583249920.750000000

1583249920.753000021

1583249920.755000114

1583249920.756999969

1583249920.757999897

1583249920.759999990

1583249920.763999939

1583249920.766000032

1583249920.767999887

1583249920.769000053

1583249920.770999908

1583249920.773000002

1583249920.776999950

1583249920.779000044

1583249920.780999899

1583249920.782999992

1583249920.783999920

1583249920.788000107

1583249920.789999962

1583249920.790999889

1583249920.792999983

1583249920.795000076

1583249920.796999931

1583249920.801000118

1583249920.802000046

1583249920.803999901

1583249920.806999922

1583249920.809000015

1583249920.812000036

1583249920.813999891

1583249920.815999985

1583249920.818000078

1583249920.819999933

1583249920.821000099

1583249920.825000048

1583249920.826999903

1583249920.828999996

1583249920.831000090

1583249920.832999945

1583249920.836999893

1583249920.838000059

1583249920.839999914

1583249920.842000008

1583249920.844000101

1583249920.845999956

1583249920.848999977

1583249920.851999998

1583249920.854000092

1583249920.855000019

1583249920.858999968

1583249920.861000061

1583249920.868999958

1583249920.872999907

1583249920.875999928

1583249920.878000021

1583249920.880000114

1583249920.881000042

1583249920.884999990

1583249920.887000084

1583249920.888999939

1583249920.891000032

1583249920.891999960

1583249920.895999908

1583249920.898000002

1583249920.898999929

1583249920.901999950

1583249920.903000116

1583249920.904999971

1583249920.908999920

1583249920.910000086

1583249920.911999941

1583249920.914000034

1583249920.915999889

1583249920.920000076

1583249920.921999931

1583249920.923000097

1583249920.924999952

1583249920.927000046

1583249920.928999901

1583249920.933000088

1583249920.934999943

1583249920.936000109

1583249920.937999964

1583249920.940000057

1583249920.944000006

1583249920.946000099

1583249920.947000027

1583249920.948999882

1583249920.951999903

1583249920.954999924

1583249920.957000017

1583249920.959000111

1583249920.960999966

1583249920.963000059

1583249920.967000008

1583249920.976000071

1583249921.019999981

1583249921.065000057

1583249921.101000071

1583249921.107000113

1583249921.112999916

1583249921.115000010

1583249921.117000103

1583249921.118000031

1583249921.119999886

1583249921.124000072

1583249921.125999928

1583249921.128000021

1583249921.130000114

1583249921.131999969

1583249921.134999990

1583249921.137000084

1583249921.138999939

1583249921.141000032

1583249921.142999887

1583249921.144000053

1583249921.148000002

1583249921.151000023

1583249921.153000116

1583249921.154999971

1583249921.157999992

1583249921.160000086

1583249921.161999941

1583249921.164000034

1583249921.165999889

1583249921.167000055

1583249921.171000004

1583249921.173000097

1583249921.174999952

1583249921.177000046

1583249921.178999901

1583249921.181999922

1583249921.184000015

1583249921.186000109

1583249921.187999964

1583249921.190000057

1583249921.194000006

1583249921.196000099

1583249921.197999954

1583249921.198999882

1583249921.200999975

1583249921.203000069

1583249921.206000090

1583249921.207999945

1583249921.210000038

1583249921.211999893

1583249921.213999987

1583249921.216000080

1583249921.219000101

1583249921.221999884

1583249921.223999977

1583249921.226000071

1583249921.227999926

1583249921.230999947

1583249921.233000040

1583249921.236000061

1583249921.236999989

1583249921.239000082

1583249921.243000031

1583249921.244999886

1583249921.246999979

1583249921.247999907

1583249921.250999928

1583249921.255000114

1583249921.256999969

1583249921.259000063

1583249921.260999918

1583249921.262000084

1583249921.266000032

1583249921.267999887

1583249921.269000053

1583249921.270999908

1583249921.273000002

1583249921.275000095

1583249921.278000116

1583249921.279999971

1583249921.282000065

1583249921.283999920

1583249921.286000013

1583249921.289999962

1583249921.292000055

1583249921.293999910

1583249921.295000076

1583249921.296999931

1583249921.299000025

1583249921.302999973

1583249921.303999901

1583249921.305999994

1583249921.308000088

1583249921.309999943

1583249921.313999891

1583249921.315999985

1583249921.318000078

1583249921.319999933

1583249921.322000027

1583249921.322999954

1583249921.326999903

1583249921.328999996

1583249921.331000090

1583249921.332999945

1583249921.334000111

1583249921.338000059

1583249921.339999914

1583249921.342000008

1583249921.344000101

1583249921.345999956

1583249921.346999884

1583249921.351999998

1583249921.355000019

1583249921.358000040

1583249921.362999916

1583249921.365000010

1583249921.367000103

1583249921.368999958

1583249921.369999886

1583249921.374000072

1583249921.375999928

1583249921.378000021

1583249921.380000114

1583249921.381999969

1583249921.382999897

1583249921.387000084

1583249921.388999939

1583249921.391000032

1583249921.392999887

1583249921.394000053

1583249921.398999929

1583249921.401000023

1583249921.403000116

1583249921.404000044

1583249921.405999899

1583249921.407999992

1583249921.411999941

1583249921.413000107

1583249921.414999962

1583249921.417000055

1583249921.418999910

1583249921.423000097

1583249921.424999952

1583249921.427000046

1583249921.427999973

1583249921.430000067

1583249921.431999922

1583249921.440000057

1583249921.441999912

1583249921.444000006

1583249921.447999954

1583249921.450999975

1583249921.453000069

1583249921.453999996

1583249921.457999945

1583249921.460000038

1583249921.461999893

1583249921.463999987

1583249921.466000080

1583249921.467000008

1583249921.470999956

1583249921.473000050

1583249921.474999905

1583249921.476999998

1583249921.479000092

1583249921.482000113

1583249921.483999968

1583249921.486000061

1583249921.487999916

1583249921.490000010

1583249921.490999937

1583249921.494999886

1583249921.496999979

1583249921.499000072

1583249921.500999928

1583249921.503000021

1583249921.506000042

1583249921.507999897

1583249921.509999990

1583249921.512000084

1583249921.513999939

1583249921.515000105

1583249921.519000053

1583249921.520999908

1583249921.523000002

1583249921.525000095

1583249921.526999950

1583249921.529999971

1583249921.532000065

1583249921.533999920

1583249921.536000013

1583249921.536999941

1583249921.539000034

1583249921.542999983

1583249921.545000076

1583249921.546999931

1583249921.549000025

1583249921.552999973

1583249921.555000067

1583249921.556999922

1583249921.559000015

1583249921.559999943

1583249921.562000036

1583249921.565999985

1583249921.568000078

1583249921.569999933

1583249921.572000027

1583249921.575000048

1583249921.578000069

1583249921.579999924

1583249921.582000017

1583249921.584000111

1583249921.585000038

1583249921.586999893

1583249921.591000080

1583249921.592000008

1583249921.594000101

1583249921.595999956

1583249921.598000050

1583249921.599999905

1583249921.602999926

1583249921.605000019

1583249921.607000113

1583249921.608999968

1583249921.611000061

1583249921.614000082

1583249921.615999937

1583249921.618000031

1583249921.619999886

1583249921.622999907

1583249921.625999928

1583249921.628000021

1583249921.630000114

1583249921.631999969

1583249921.634000063

1583249921.638000011

1583249921.640000105

1583249921.641999960

1583249921.642999887

1583249921.644999981

1583249921.647000074

1583249921.650000095

1583249921.651999950

1583249921.654000044

1583249921.655999899

1583249921.657000065

1583249921.661000013

1583249921.663000107

1583249921.664999962

1583249921.667000055

1583249921.668999910

1583249921.670000076

1583249921.674000025

1583249921.676000118

1583249921.677999973

1583249921.680000067

1583249921.680999994

1583249921.684999943

1583249921.687000036

1583249921.687999964

1583249921.690000057

1583249921.691999912

1583249921.694000006

1583249921.697999954

1583249921.700000048

1583249921.701999903

1583249921.703000069

1583249921.704999924

1583249921.709000111

1583249921.710999966

1583249921.713000059

1583249921.713999987

1583249921.716000080

1583249921.717999935

1583249921.721999884

1583249921.723000050

1583249921.724999905

1583249921.726999998

1583249921.729000092

1583249921.733000040

1583249921.734999895

1583249921.736000061

1583249921.737999916

1583249921.740000010

1583249921.742000103

1583249921.746000051

1583249921.747999907

1583249921.750999928

1583249921.753000021

1583249921.753999949

1583249921.757999897

1583249921.759999990

1583249921.762000084

1583249921.763999939

1583249921.766000032

1583249921.769999981

1583249921.770999908

1583249921.773000002

1583249921.775000095

1583249921.776999950

1583249921.780999899

1583249921.782999992

1583249921.783999920

1583249921.786000013

1583249921.788000107

1583249921.789999962

1583249921.793999910

1583249921.795000076

1583249921.796999931

1583249921.799000025

1583249921.801000118

1583249921.805000067

1583249921.806999922

1583249921.809000015

1583249921.809999943

1583249921.812000036

1583249921.813999891

1583249921.818000078

1583249921.819999933

1583249921.822000027

1583249921.823999882

1583249921.825999975

1583249921.828999996

1583249921.831000090

1583249921.832999945

1583249921.835000038

1583249921.836999893

1583249921.841000080

1583249921.842999935

1583249921.845000029

1583249921.845999956

1583249921.848999977

1583249921.852999926

1583249921.855000019

1583249921.857000113

1583249921.858999968

1583249921.859999895

1583249921.864000082

1583249921.865999937

1583249921.868000031

1583249921.875999928

1583249921.878000021

1583249921.880000114

1583249921.881000042

1583249921.884000063

1583249921.884999990

1583249921.888999939

1583249921.891000032

1583249921.892999887

1583249921.894999981

1583249921.897000074

1583249921.900000095

1583249921.901999950

1583249921.904000044

1583249921.905999899

1583249921.907999992

1583249921.908999920

1583249921.913000107

1583249921.914999962

1583249921.917000055

1583249921.918999910

1583249921.921000004

1583249921.924000025

1583249921.927000046

1583249921.928999901

1583249921.930999994

1583249921.933000088

1583249921.934000015

1583249921.937999964

1583249921.940000057

1583249921.941999912

1583249921.944000006

1583249921.946000099

1583249921.947999954

1583249921.950000048

1583249921.957000017

1583249921.960000038

1583249921.961999893

1583249921.963999987

1583249921.966000080

1583249921.967999935

1583249921.969000101

1583249921.973000050

1583249921.974999905

1583249921.976999998

1583249921.979000092

1583249921.980999947

1583249921.983999968

1583249921.986000061

1583249921.987999916

1583249921.990000010

1583249921.992000103

1583249921.993000031

1583249921.996999979

1583249921.999000072

1583249922.000999928

1583249922.003000021

1583249922.003999949

1583249922.007999897

1583249922.009999990

1583249922.010999918

1583249922.013000011

1583249922.015000105

1583249922.016999960

1583249922.020999908

1583249922.023000002

1583249922.025000095

1583249922.026999950

1583249922.029000044

1583249922.032000065

1583249922.033999920

1583249922.036000013

1583249922.038000107

1583249922.039999962

1583249922.042000055

1583249922.045000076

1583249922.048000097

1583249922.049999952

1583249922.052000046

1583249922.055000067

1583249922.056999922

1583249922.059000015

1583249922.061000109

1583249922.062999964

1583249922.066999912

1583249922.068000078

1583249922.069999933

1583249922.072000027

1583249922.073999882

1583249922.075999975

1583249922.079999924

1583249922.081000090

1583249922.082999945

1583249922.085000038

1583249922.086999893

1583249922.091000080

1583249922.092999935

1583249922.094000101

1583249922.095999956

1583249922.098000050

1583249922.099999905

1583249922.105000019

1583249922.105999947

1583249922.108000040

1583249922.109999895

1583249922.111999989

1583249922.115999937

1583249922.118000031

1583249922.118999958

1583249922.121000051

1583249922.122999907

1583249922.125000000

1583249922.128999949

1583249922.130000114

1583249922.131999969

1583249922.134000063

1583249922.135999918

1583249922.138000011

1583249922.141000032

1583249922.142999887

1583249922.144999981

1583249922.148000002

1583249922.151000023

1583249922.153000116

1583249922.154999971

1583249922.157000065

1583249922.158999920

1583249922.160000086

1583249922.164000034

1583249922.165999889

1583249922.167999983

1583249922.170000076

1583249922.171999931

1583249922.174999952

1583249922.177000046

1583249922.178999901

1583249922.180999994

1583249922.183000088

1583249922.184000015

1583249922.187999964

1583249922.190000057

1583249922.191999912

1583249922.194000006

1583249922.194999933

1583249922.198999882

1583249922.200999975

1583249922.203000069

1583249922.203999996

1583249922.206000090

1583249922.207999945

1583249922.211999893

1583249922.213999987

1583249922.216000080

1583249922.217999935

1583249922.219000101

1583249922.223000050

1583249922.224999905

1583249922.226999998

1583249922.227999926

1583249922.230000019

1583249922.232000113

1583249922.236000061

1583249922.236999989

1583249922.239000082

1583249922.240999937

1583249922.243000031

1583249922.246000051

1583249922.247999907

1583249922.250000000

1583249922.252000093

1583249922.253999949

1583249922.255000114

1583249922.259000063

1583249922.260999918

1583249922.263000011

1583249922.265000105

1583249922.266999960

1583249922.269999981

1583249922.272000074

1583249922.273999929

1583249922.276000023

1583249922.279000044

1583249922.280999899

1583249922.283999920

1583249922.286000013

1583249922.288000107

1583249922.289999962

1583249922.292000055

1583249922.295000076

1583249922.296999931

1583249922.299999952

1583249922.308000088

1583249922.309999943

1583249922.312000036

1583249922.312999964

1583249922.315000057

1583249922.319000006

1583249922.321000099

1583249922.322999954

1583249922.323999882

1583249922.325999975

1583249922.328000069

1583249922.332000017

1583249922.332999945

1583249922.335999966

1583249922.338000059

1583249922.338999987

1583249922.342999935

1583249922.345000029

1583249922.346999884

1583249922.348999977

1583249922.351000071

1583249922.351999998

1583249922.357000113

1583249922.358999968

1583249922.361000061

1583249922.361999989

1583249922.365999937

1583249922.368000031

1583249922.369999886

1583249922.371999979

1583249922.374000072

1583249922.375000000

1583249922.378999949

1583249922.381000042

1583249922.382999897

1583249922.384999990

1583249922.387000084

1583249922.390000105

1583249922.391999960

1583249922.392999887

1583249922.394999981

1583249922.397000074

1583249922.398999929

1583249922.403000116

1583249922.404000044

1583249922.405999899

1583249922.407999992

1583249922.410000086

1583249922.411999941

1583249922.414999962

1583249922.417000055

1583249922.418999910

1583249922.421000004

1583249922.423000097

1583249922.427000046

1583249922.427999973

1583249922.430000067

1583249922.431999922

1583249922.434000015

1583249922.437999964

1583249922.440000057

1583249922.441999912

1583249922.443000078

1583249922.446000099

1583249922.448999882

1583249922.450999975

1583249922.453000069

1583249922.456000090

1583249922.457999945

1583249922.459000111

1583249922.463000059

1583249922.464999914

1583249922.467000008

1583249922.469000101

1583249922.470999956

1583249922.474999905

1583249922.476000071

1583249922.477999926

1583249922.480000019

1583249922.482000113

1583249922.486000061

1583249922.487999916

1583249922.489000082

1583249922.490999937

1583249922.493000031

1583249922.494999886

1583249922.499000072

1583249922.500000000

1583249922.502000093

1583249922.503999949

1583249922.506000042

1583249922.507999897

1583249922.510999918

1583249922.513000011

1583249922.515000105

1583249922.516999960

1583249922.519000053

1583249922.522000074

1583249922.523999929

1583249922.526000023

1583249922.528000116

1583249922.529000044

1583249922.530999899

1583249922.535000086

1583249922.536999941

1583249922.539000034

1583249922.540999889

1583249922.542999983

1583249922.545000076

1583249922.546999931

1583249922.549000025

1583249922.551000118

1583249922.552999973

1583249922.553999901

1583249922.558000088

1583249922.559999943

1583249922.562000036

1583249922.563999891

1583249922.565999985

1583249922.569999933

1583249922.571000099

1583249922.572999954

1583249922.575000048

1583249922.576999903

1583249922.578999996

1583249922.582000017

1583249922.584000111

1583249922.585999966

1583249922.588000059

1583249922.589999914

1583249922.594000101

1583249922.595999956

1583249922.598000050

1583249922.599999905

1583249922.601000071

1583249922.605000019

1583249922.607000113

1583249922.608999968

1583249922.609999895

1583249922.611999989

1583249922.614000082

1583249922.618000031

1583249922.618999958

1583249922.621999979

1583249922.622999907

1583249922.625000000

1583249922.628999949

1583249922.631999969

1583249922.634000063

1583249922.635999918

1583249922.637000084

1583249922.638999939

1583249922.642999887

1583249922.645999908

1583249922.647000074

1583249922.648999929

1583249922.653000116

1583249922.654999971

1583249922.657000065

1583249922.658999920

1583249922.661000013

1583249922.663000107

1583249922.665999889

1583249922.667999983

1583249922.670000076

1583249922.671999931

1583249922.674000025

1583249922.677000046

1583249922.678999901

1583249922.680999994

1583249922.683000088

1583249922.684999943

1583249922.688999891

1583249922.690999985

1583249922.691999912

1583249922.694000006

1583249922.696000099

1583249922.697999954

1583249922.701999903

1583249922.703000069

1583249922.704999924

1583249922.707000017

1583249922.709000111

1583249922.710999966

1583249922.713999987

1583249922.716000080

1583249922.717999935

1583249922.720000029

1583249922.721999884

1583249922.726000071

1583249922.726999998

1583249922.729000092

1583249922.730999947

1583249922.736999989

1583249922.739000082

1583249922.740999937

1583249922.743000031

1583249922.744999886

1583249922.749000072

1583249922.750999928

1583249922.753000021

1583249922.755000114

1583249922.756000042

1583249922.759999990

1583249922.762000084

1583249922.763999939

1583249922.766000032

1583249922.766999960

1583249922.769000053

1583249922.773000002

1583249922.775000095

1583249922.776999950

1583249922.779000044

1583249922.780999899

1583249922.783999920

1583249922.786000013

1583249922.788000107

1583249922.789999962

1583249922.792000055

1583249922.792999983

1583249922.796999931

1583249922.799000025

1583249922.801000118

1583249922.802999973

1583249922.805000067

1583249922.811000109

1583249922.812999964

1583249922.815000057

1583249922.816999912

1583249922.818000078

1583249922.822000027

1583249922.823999882

1583249922.825999975

1583249922.828000069

1583249922.829999924

1583249922.832999945

1583249922.835000038

1583249922.836999893

1583249922.838999987

1583249922.841000080

1583249922.842999935

1583249922.845000029

1583249922.846999884

1583249922.848999977

1583249922.851000071

1583249922.852999926

1583249922.857000113

1583249922.858000040

1583249922.859999895

1583249922.861999989

1583249922.864000082

1583249922.868000031

1583249922.871000051

1583249922.872999907

1583249922.875000000

1583249922.875999928

1583249922.880000114

1583249922.881999969

1583249922.884000063

1583249922.884999990

1583249922.887000084

1583249922.888999939

1583249922.892999887

1583249922.894000053

1583249922.894999981

1583249922.897000074

1583249922.898000002

1583249922.900000095

1583249922.901000023

1583249922.904999971

1583249922.905999899

1583249922.908999920

1583249922.911000013

1583249922.911999941

1583249922.915999889

1583249922.917999983

1583249922.920000076

1583249922.921000004

1583249922.923000097

1583249922.924999952

1583249922.928999901

1583249922.930000067

1583249922.931999922

1583249922.934000015

1583249922.936000109

1583249922.940000057

1583249922.941999912

1583249922.944000006

1583249922.946000099

1583249922.947999954

1583249922.951999903

1583249922.953999996

1583249922.956000090

1583249922.957000017

1583249922.959000111

1583249922.963000059

1583249922.964999914

1583249922.966000080

1583249922.967999935

1583249922.970000029

1583249922.971999884

1583249922.976000071

1583249922.976999998

1583249922.979000092

1583249922.980999947

1583249922.983000040

1583249922.986999989

1583249922.990000010

1583249922.992000103

1583249922.993999958

1583249922.994999886

1583249922.996999979

1583249923.000999928

1583249923.002000093

1583249923.005000114

1583249923.006000042

1583249923.007999897

1583249923.012000084

1583249923.013999939

1583249923.016000032

1583249923.016999960

1583249923.019000053

1583249923.020999908

1583249923.025000095

1583249923.026999950

1583249923.029000044

1583249923.030999899

1583249923.032000065

1583249923.036000013

1583249923.038000107

1583249923.039999962

1583249923.042000055

1583249923.043999910

1583249923.048000097

1583249923.049999952

1583249923.052000046

1583249923.052999973

1583249923.055000067

1583249923.059000015

1583249923.061000109

1583249923.062999964

1583249923.065000057

1583249923.066999912

1583249923.069000006

1583249923.072000027

1583249923.073999882

1583249923.075999975

1583249923.078000069

1583249923.079999924

1583249923.084000111

1583249923.085000038

1583249923.086999893

1583249923.088999987

1583249923.091000080

1583249923.092999935

1583249923.095999956

1583249923.098000050

1583249923.099999905

1583249923.101999998

1583249923.104000092

1583249923.107000113

1583249923.108999968

1583249923.111000061

1583249923.112999916

1583249923.115000010

1583249923.115999937

1583249923.119999886

1583249923.121999979

1583249923.124000072

1583249923.125999928

1583249923.128000021

1583249923.131999969

1583249923.132999897

1583249923.134999990

1583249923.137000084

1583249923.138999939

1583249923.141000032

1583249923.142999887

1583249923.144999981

1583249923.147000074

1583249923.148999929

1583249923.151000023

1583249923.154999971

1583249923.155999899

1583249923.157999992

1583249923.160000086

1583249923.161999941

1583249923.165999889

1583249923.173000097

1583249923.174999952

1583249923.176000118

1583249923.180000067

1583249923.181999922

1583249923.184000015

1583249923.186000109

1583249923.187999964

1583249923.190999985

1583249923.193000078

1583249923.194999933

1583249923.197000027

1583249923.198999882

1583249923.200000048

1583249923.203999996

1583249923.206000090

1583249923.207999945

1583249923.210000038

1583249923.211999893

1583249923.214999914

1583249923.217000008

1583249923.219000101

1583249923.220999956

1583249923.223000050

1583249923.224999905

1583249923.227999926

1583249923.230000019

1583249923.232000113

1583249923.233999968

1583249923.236000061

1583249923.239000082

1583249923.242000103

1583249923.243999958

1583249923.246000051

1583249923.246999979

1583249923.250999928

1583249923.253000021

1583249923.255000114

1583249923.256999969

1583249923.259000063

1583249923.263000011

1583249923.263999939

1583249923.266000032

1583249923.267999887

1583249923.269999981

1583249923.272000074

1583249923.275000095

1583249923.276999950

1583249923.279000044

1583249923.280999899

1583249923.282999992

1583249923.286999941

1583249923.288000107

1583249923.290999889

1583249923.292999983

1583249923.293999910

1583249923.298000097

1583249923.299999952

1583249923.302000046

1583249923.302999973

1583249923.305000067

1583249923.306999922

1583249923.311000109

1583249923.312000036

1583249923.313999891

1583249923.315999985

1583249923.318000078

1583249923.319999933

1583249923.322999954

1583249923.325000048

1583249923.326999903

1583249923.328999996

1583249923.331000090

1583249923.334000111

1583249923.335999966

1583249923.338000059

