0.000000000

0.000999928

0.003000021

0.004999876

0.006000042

0.009999990

0.010999918

0.013000011

0.014999866

0.016000032

0.017999887

0.019000053

0.023000002

0.024999857

0.026000023

0.027999878

0.029999971

0.030999899

0.042999983

0.046000004

0.047999859

0.049999952

0.052000046

0.052999973

0.055000067

0.059000015

0.059999943

0.062000036

0.063999891

0.065000057

0.066999912

0.069999933

0.072000027

0.075000048

0.075999975

0.078000069

0.078999996

0.082999945

0.085000038

0.086999893

0.088999987

0.089999914

0.093999863

0.095999956

0.096999884

0.098999977

0.101000071

0.101999998

0.105000019

0.106999874

0.108000040

0.109999895

0.111999989

0.115000010

0.118000031

0.119999886

0.121000051

0.122999907

0.125000000

0.126999855

0.129999876

0.131999969

0.132999897

0.134999990

0.136999846

0.138000011

0.141999960

0.142999887

0.144999981

0.147000074

0.148000002

0.149999857

0.151999950

0.154999971

0.155999899

0.157999992

0.159999847

0.161000013

0.162999868

0.165999889

0.167999983

0.168999910

0.171000004

0.172999859

0.174000025

0.177999973

0.180000067

0.181999922

0.184000015

0.184999943

0.188999891

0.190999985

0.191999912

0.194000006

0.195999861

0.197000027

0.200999975

0.201999903

0.203999996

0.205999851

0.207000017

0.208999872

0.210000038

0.213999987

0.214999914

0.217000008

0.218999863

0.220000029

0.221999884

0.224999905

0.226999998

0.228999853

0.230999947

0.231999874

0.233999968

0.236999989

0.238999844

0.240999937

0.243000031

0.243999958

0.246000051

0.250000000

0.251999855

0.253999949

0.254999876

0.256999969

0.259000063

0.261999846

0.263999939

0.264999866

0.266999960

0.269000053

0.269999981

0.273999929

0.274999857

0.276999950

0.279000044

0.280999899

0.282000065

0.286000013

0.287999868

0.289000034

0.290999889

0.292999983

0.293999910

0.297999859

0.299000025

0.300999880

0.302999973

0.303999901

0.305999994

0.307999849

0.310999870

0.312000036

0.313999891

0.315999985

0.317999840

0.320999861

0.322999954

0.325000048

0.325999975

0.328000069

0.329999924

0.332999945

0.335000038

0.336999893

0.338000059

0.339999914

0.342000008

0.345000029

0.346999884

0.348999977

0.349999905

0.351999998

0.353999853

0.356999874

0.358999968

0.359999895

0.361999989

0.363999844

0.365000010

0.368999958

0.371000051

0.371999979

0.374000072

0.375999928

0.376999855

0.381000042

0.382999897

0.385999918

0.388000011

0.388999939

0.392999887

0.394000053

0.395999908

0.398000002

0.399999857

0.401000023

0.404999971

0.405999899

0.407999992

0.409999847

0.411999941

0.412999868

0.417000055

0.417999983

0.420000076

0.421999931

0.424000025

0.424999952

0.428999901

0.430000067

0.431999922

0.437999964

0.440999985

0.441999912

0.444000006

0.445999861

0.447000027

0.448999882

0.450999975

0.453999996

0.454999924

0.457000017

0.458999872

0.460000038

0.461999893

0.464999914

0.467000008

0.468999863

0.470999956

0.471999884

0.473999977

0.476999998

0.478999853

0.480999947

0.483000040

0.484999895

0.487999916

0.490000010

0.491999865

0.493999958

0.494999886

0.496999979

0.500000000

0.501999855

0.503999949

0.504999876

0.506999969

0.509000063

0.511999846

0.513999939

0.514999866

0.516999960

0.519000053

0.519999981

0.524999857

0.526000023

0.527999878

0.529999971

0.532000065

0.532999992

0.536999941

0.537999868

0.539999962

0.542000055

0.543999910

0.546000004

0.549000025

0.550999880

0.552000046

0.553999901

0.555999994

0.557999849

0.560999870

0.562999964

0.565000057

0.565999985

0.567999840

0.569999933

0.572999954

0.575000048

0.575999975

0.578000069

0.579999924

0.583999872

0.585000038

0.586999893

0.588999987

0.590999842

0.592000008

0.595999956

0.598000050

0.598999977

0.601000071

0.602999926

0.605000019

0.608000040

0.609999895

0.611000061

0.612999916

0.615000010

0.615999937

0.619999886

0.621000051

0.622999907

0.625000000

0.625999928

0.628000021

0.629999876

0.632999897

0.634000063

0.635999918

0.638000011

0.638999939

0.641000032

0.644000053

0.645999908

0.647000074

0.648999929

0.651000023

0.651999950

0.655999899

0.658999920

0.659999847

0.661999941

0.664000034

0.664999962

0.668999910

0.671000004

0.671999931

0.674000025

0.675999880

0.677000046

0.680999994

0.682999849

0.684999943

0.685999870

0.687999964

0.690000057

0.692999840

0.694999933

0.695999861

0.697999954

0.700000048

0.703999996

0.704999924

0.707000017

0.708999872

0.710000038

0.711999893

0.713999987

0.717000008

0.717999935

0.720000029

0.721999884

0.723999977

0.724999905

0.728999853

0.730999947

0.731999874

0.733999968

0.736000061

0.736999989

0.740999937

0.741999865

0.743999958

0.746000051

0.746999979

0.749000072

0.751999855

0.753999949

0.756000042

0.757999897

0.759999990

0.760999918

0.764999866

0.766999960

0.767999887

0.769999981

0.772000074

0.773000002

0.776999950

0.777999878

0.779999971

0.782000065

0.783999920

0.786999941

0.789000034

0.790999889

0.793999910

0.795000076

0.796999931

0.799999952

0.802000046

0.803999901

0.805999994

0.806999922

0.809000015

0.812000036

0.813999891

0.815999985

0.816999912

0.819000006

0.820999861

0.823999882

0.825999975

0.828000069

0.828999996

0.830999851

0.832999945

0.835999966

0.838000059

0.838999987

0.840999842

0.842999935

0.843999863

0.848000050

0.848999977

0.851000071

0.852999926

0.855000019

0.855999947

0.859999895

0.861999989

0.862999916

0.865000010

0.866999865

0.868000031

0.871999979

0.872999907

0.875000000

0.876999855

0.878000021

0.879999876

0.882999897

0.884999990

0.886999846

0.888999939

0.891000032

0.892999887

0.895999908

0.898000002

0.898999929

0.901000023

0.901999950

0.904000044

0.907000065

0.908999920

0.911000013

0.912999868

0.914000034

0.915999889

0.918999910

0.921000004

0.922999859

0.924000025

0.925999880

0.927999973

0.931999922

0.934000015

0.935999870

0.937999964

0.938999891

0.940999985

0.944000006

0.945999861

0.947999954

0.948999882

0.950999975

0.953000069

0.957000017

0.957999945

0.960000038

0.961999893

0.963000059

0.964999914

0.967999935

0.970000029

0.971999884

0.973000050

0.974999905

0.976999998

0.980000019

0.981999874

0.983999968

0.986000061

0.986999989

0.990999937

0.993000031

0.994999886

0.996000051

0.997999907

0.999000072

1.003000021

1.004999876

1.006000042

1.007999897

1.009999990

1.010999918

1.014999866

1.016999960

1.017999887

1.019999981

1.022000074

1.023000002

1.026999950

1.027999878

1.029999971

1.032000065

1.032999992

1.034999847

1.036000013

1.039999962

1.042000055

1.043999910

1.045000076

1.046999931

1.047999859

1.052000046

1.052999973

1.055000067

1.056999922

1.057999849

1.059999943

1.062999964

1.065000057

1.067999840

1.069000006

1.070999861

1.072999954

1.075999975

1.078000069

1.078999996

1.082000017

1.082999945

1.086999893

1.088000059

1.089999914

1.092000008

1.093999863

1.095000029

1.098999977

1.099999905

1.101999998

1.103999853

1.105000019

1.106999874

1.108999968

1.111999989

1.113999844

1.115000010

1.116999865

1.118999958

1.119999886

1.122999907

1.125000000

1.126999855

1.128000021

1.129999876

1.131000042

1.134999990

1.136999846

1.138999939

1.139999866

1.141999960

1.144000053

1.147000074

1.148999929

1.149999857

1.151999950

1.154000044

1.154999971

1.158999920

1.159999847

1.161999941

1.164000034

1.164999962

1.167000055

1.168999910

1.171999931

1.174000025

1.174999952

1.177000046

1.177999973

1.181999922

1.184000015

1.184999943

1.187000036

1.188999891

1.190000057

1.194000006

1.195999861

1.197000027

1.198999882

1.200999975

1.203000069

1.207000017

1.207999945

1.210000038

1.211999893

1.213999987

1.214999914

1.218999863

1.220999956

1.221999884

1.223999977

1.226000071

1.226999998

1.230999947

1.231999874

1.233999968

1.236000061

1.237999916

1.238999844

1.243000031

1.244999886

1.246000051

1.247999907

1.250000000

1.250999928

1.254999876

1.256000042

1.257999897

1.259999990

1.260999918

1.263000011

1.264999866

1.267999887

1.269999981

1.270999908

1.273000002

1.274999857

1.276000023

1.279999971

1.282000065

1.282999992

1.284999847

1.286999941

1.287999868

1.292000055

1.292999983

1.295000076

1.296999931

1.297999859

1.299999952

1.302999973

1.305000067

1.306999922

1.309000015

1.309999943

1.312000036

1.315000057

1.316999912

1.319000006

1.319999933

1.322000027

1.325999975

1.326999903

1.328999996

1.330999851

1.332999945

1.333999872

1.338999987

1.340999842

1.342000008

1.343999863

1.345999956

1.346999884

1.351000071

1.351999998

1.353999853

1.355999947

1.356999874

1.358999968

1.361000061

1.363999844

1.365999937

1.366999865

1.368999958

1.371000051

1.371999979

1.375999928

1.376999855

1.378999949

1.381000042

1.382999897

1.385999918

1.388000011

1.389999866

1.391999960

1.392999887

1.394999981

1.398000002

1.399999857

1.401000023

1.402999878

1.404999971

1.407000065

1.409999847

1.411999941

1.412999868

1.414999962

1.417000055

1.417999983

1.421999931

1.422999859

1.424999952

1.427000046

1.428999901

1.430000067

1.434000015

1.435999870

1.437000036

1.438999891

1.440999985

1.441999912

1.445999861

1.447000027

1.448999882

1.450999975

1.451999903

1.453999996

1.455999851

1.458999872

1.460000038

1.461999893

1.463999987

1.464999914

1.467000008

1.470000029

1.471999884

1.473000050

1.476000071

1.477999926

1.478999853

1.483000040

1.484999895

1.486000061

1.487999916

1.490000010

1.491999865

1.494999886

1.496999979

1.497999907

1.500000000

1.501999855

1.503000021

1.506999969

1.507999897

1.509999990

1.511999846

1.513000011

1.514999866

1.517999887

1.519999981

1.522000074

1.523999929

1.524999857

1.526999950

1.529999971

1.532000065

1.532999992

1.534999847

1.536999941

1.539000034

1.542000055

1.545000076

1.546999931

1.547999859

1.549999952

1.550999880

1.555000067

1.555999994

1.557999849

1.559999943

1.560999870

1.562999964

1.565999985

1.567999840

1.569999933

1.570999861

1.572999954

1.575000048

1.578000069

1.579999924

1.582000017

1.583999872

1.585999966

1.588999987

1.590999842

1.592000008

1.595000029

1.595999956

1.598000050

1.601000071

1.602999926

1.603999853

1.606999874

1.608000040

1.611000061

1.613999844

1.615999937

1.618000031

1.619999886

1.621000051

1.622999907

1.625999928

1.628000021

1.629999876

1.631000042

1.632999897

1.634999990

1.638000011

1.639999866

1.641000032

1.642999887

1.644999981

1.645999908

1.649999857

1.651000023

1.652999878

1.654999971

1.657000065

1.657999992

1.661999941

1.662999868

1.664999962

1.667000055

1.667999983

1.670000076

1.671000004

1.674999952

1.675999880

1.677999973

1.680000067

1.681999922

1.684999943

1.687000036

1.688999891

1.690999985

1.691999912

1.694000006

1.697000027

1.698999882

1.700999975

1.701999903

1.703999996

1.704999924

1.708999872

1.710000038

1.711999893

1.713999987

1.715999842

1.717000008

1.720999956

1.723000050

1.723999977

1.726000071

1.727999926

1.728999853

1.733000040

1.733999968

1.736000061

1.737999916

1.740000010

1.740999937

1.744999886

1.746999979

1.749000072

1.750999928

1.751999855

1.753999949

1.756000042

1.759000063

1.760999918

1.761999846

1.763999939

1.764999866

1.766999960

1.769999981

1.772000074

1.773999929

1.774999857

1.776999950

1.780999899

1.782000065

1.783999920

1.790999889

1.793999910

1.796000004

1.797999859

1.799000025

1.800999880

1.802000046

1.805999994

1.807999849

1.809000015

1.810999870

1.812999964

1.815000057

1.817999840

1.819000006

1.820999861

1.822999954

1.823999882

1.825999975

1.828999996

1.830999851

1.832999945

1.833999872

1.835999966

1.838000059

1.840999842

1.842999935

1.843999863

1.845999956

1.848000050

1.849999905

1.852999926

1.855000019

1.855999947

1.858000040

1.859999895

1.861000061

1.865000010

1.865999937

1.868000031

1.869999886

1.871000051

1.872999907

1.876999855

1.878999949

1.881000042

1.881999969

1.884999990

1.885999918

1.889999866

1.891999960

1.894000053

1.894999981

1.897000074

1.898000002

1.901999950

1.904000044

1.904999971

1.907000065

1.908999920

1.909999847

1.914000034

1.914999962

1.917000055

1.918999910

1.920000076

1.921999931

1.924999952

1.927000046

1.928999901

1.930000067

1.931999922

1.934000015

1.937000036

1.938999891

1.940000057

1.941999912

1.944000006

1.944999933

1.948999882

1.950000048

1.951999903

1.953999996

1.954999924

1.957000017

1.957999945

1.961999893

1.963999987

1.965999842

1.967000008

1.968999863

1.970000029

1.973999977

1.974999905

1.976999998

1.978999853

1.980999947

1.983999968

1.986000061

1.987999916

1.990000010

1.990999937

1.993000031

1.996000051

1.997999907

2.000000000

2.001999855

2.003000021

2.004999876

2.007999897

2.009999990

2.011999846

2.013000011

2.014999866

2.016000032

2.020999908

2.022000074

2.023999929

2.026000023

2.027999878

2.029000044

2.032999992

2.033999920

2.036000013

2.037999868

2.039000034

2.040999889

2.042000055

2.046000004

2.046999931

2.049000025

2.050999880

2.053999901

2.056999922

2.059000015

2.059999943

2.062000036

2.063999891

2.065999985

2.069000006

2.070999861

2.072999954

2.073999882

2.075999975

2.078000069

2.080999851

2.082999945

2.085000038

2.085999966

2.088000059

2.088999987

2.092999935

2.095000029

2.095999956

2.098000050

2.099999905

2.101000071

2.103999853

2.105999947

2.108000040

2.108999968

2.111000061

2.112999916

2.115999937

2.118000031

2.118999958

2.121000051

2.122999907

2.124000072

2.128000021

2.128999949

2.131000042

2.132999897

2.134999990

2.135999918

2.139999866

2.141000032

2.142999887

2.144999981

2.145999908

2.148000002

2.149999857

2.152999878

2.155999899

2.157000065

2.158999920

2.161000013

2.161999941

2.165999889

2.167000055

2.168999910

2.171000004

2.171999931

2.174000025

2.177000046

2.178999901

2.180999994

2.182999849

2.184000015

2.187999964

2.190000057

2.191999912

2.194000006

2.194999933

2.197000027

2.200000048

2.201999903

2.203999996

2.204999924

2.207000017

2.208999872

2.211999893

2.213999987

2.214999914

2.217000008

2.218999863

2.220000029

2.223999977

2.224999905

2.226999998

2.228999853

2.230999947

2.231999874

2.233999968

2.236999989

2.238999844

2.240000010

2.241999865

2.243000031

2.244999886

2.247999907

2.250000000

2.250999928

2.253000021

2.254999876

2.256999969

2.259999990

2.261999846

2.263999939

2.264999866

2.266999960

2.269000053

2.272000074

2.273999929

2.274999857

2.277999878

2.280999899

2.284999847

2.289000034

2.289999962

2.292999983

2.295000076

2.297999859

2.299999952

2.300999880

2.302999973

2.305000067

2.305999994

2.309999943

2.310999870

2.312999964

2.315000057

2.315999985

2.317999840

2.320999861

2.322999954

2.325000048

2.326999903

2.328000069

2.329999924

2.332999945

2.335000038

2.336999893

2.338999987

2.339999914

2.342000008

2.345000029

2.346999884

2.348000050

2.349999905

2.351999998

2.353999853

2.356999874

2.358999968

2.361000061

2.361999989

2.363999844

2.365999937

2.368999958

2.371000051

2.371999979

2.374000072

2.375999928

2.376999855

2.381000042

2.382999897

2.384999990

2.385999918

2.388000011

2.388999939

2.392999887

2.394999981

2.395999908

2.398000002

2.399999857

2.401000023

2.404999971

2.405999899

2.407999992

2.409999847

2.411000013

2.412999868

2.415999889

2.417999983

2.420000076

2.421000004

2.422999859

2.424999952

2.428999901

2.430999994

2.432999849

2.434000015

2.435999870

2.437999964

2.440999985

2.442999840

2.444000006

2.445999861

2.447999954

2.448999882

2.453000069

2.453999996

2.455999851

2.457999945

2.460000038

2.460999966

2.464999914

2.465999842

2.467999935

2.470000029

2.470999956

2.473000050

2.473999977

2.477999926

2.480000019

2.481999874

2.483000040

2.484999895

2.487999916

2.490000010

2.491999865

2.493999958

2.494999886

2.496999979

2.500000000

2.501999855

2.503999949

2.504999876

2.506999969

2.509000063

2.511999846

2.513999939

2.514999866

2.516999960

2.519000053

2.519999981

2.523999929

2.524999857

2.526999950

2.529000044

2.529999971

2.532000065

2.533999920

2.536999941

2.537999868

2.539999962

2.542000055

2.543999910

2.547999859

2.549999952

2.550999880

2.552999973

2.555000067

2.555999994

2.559999943

2.560999870

2.563999891

2.565999985

2.567999840

2.569000006

2.570999861

2.573999882

2.575999975

2.576999903

2.578999996

2.580999851

2.583999872

2.585999966

2.588000059

2.589999914

2.590999842

2.592999935

2.595999956

2.598000050

2.599999905

2.601999998

2.602999926

2.605000019

2.608000040

2.609999895

2.611999989

2.612999916

2.615000010

2.616999865

2.619999886

2.621999979

2.622999907

2.625000000

2.626999855

2.628999949

2.632999897

2.634000063

2.635999918

2.638000011

2.639999866

2.641000032

2.644000053

2.645999908

2.648000002

2.648999929

2.651000023

2.652999878

2.655999899

2.657999992

2.658999920

2.661000013

2.662999868

2.664999962

2.667999983

2.670000076

2.671000004

2.672999859

2.674999952

2.675999880

2.680000067

2.681999922

2.684000015

2.684999943

2.687000036

2.687999964

2.691999912

2.694000006

2.694999933

2.697000027

2.700000048

2.700999975

2.703999996

2.705999851

2.707999945

2.708999872

2.710999966

2.713000059

2.715999842

2.717999935

2.720000029

2.720999956

2.723000050

2.724999905

2.727999926

2.730000019

2.730999947

2.733000040

2.734999895

2.736999989

2.740000010

2.741999865

2.743000031

2.744999886

2.746999979

2.749000072

2.751999855

2.753999949

2.756000042

2.757999897

2.759000063

2.760999918

2.763999939

2.766000032

2.767999887

2.769999981

2.770999908

2.773000002

2.776000023

2.777999878

2.779999971

2.782000065

2.782999992

2.786999941

2.789000034

2.789999962

2.792000055

2.793999910

2.795000076

2.799000025

2.800999880

2.802000046

2.803999901

2.805999994

2.806999922

2.810999870

2.812999964

2.813999891

2.815999985

2.817999840

2.819000006

2.822999954

2.823999882

2.825999975

2.828000069

2.829999924

2.830999851

2.835999966

2.836999893

2.838999987

2.840999842

2.842999935

2.843999863

2.848000050

2.848999977

2.851000071

2.852999926

2.855000019

2.855999947

2.859999895

2.861000061

2.862999916

2.865000010

2.866999865

2.868000031

2.871999979

2.874000072

2.875000000

2.876999855

2.878999949

2.882999897

2.884000063

2.885999918

2.888000011

2.889999866

2.891000032

2.894999981

2.895999908

2.898000002

2.899999857

2.901999950

2.902999878

2.907000065

2.907999992

2.909999847

2.915999889

2.918999910

2.921000004

2.921999931

2.924000025

2.925999880

2.927999973

2.930999994

2.932999849

2.934999943

2.937000036

2.937999964

2.940000057

2.942999840

2.944999933

2.945999861

2.947999954

2.950000048

2.951999903

2.954999924

2.957000017

2.958999872

2.960000038

2.961999893

2.963000059

2.967000008

2.968999863

2.970999956

2.973000050

2.974999905

2.978999853

2.980999947

2.981999874

2.983999968

2.986000061

2.986999989

2.990999937

2.993000031

2.993999958

2.996000051

2.997999907

2.999000072

3.003000021

3.003999949

3.006000042

3.007999897

3.009999990

3.010999918

3.014999866

3.016000032

3.017999887

3.019999981

3.022000074

3.023000002

3.024999857

3.027999878

3.029000044

3.030999899

3.032999992

3.033999920

3.036000013

3.039000034

3.040999889

3.042999983

3.043999910

3.046000004

3.046999931

3.050999880

3.052999973

3.053999901

3.055999994

3.057999849

3.059000015

3.062999964

3.063999891

3.065999985

3.067999840

3.069999933

3.070999861

3.075000048

3.076999903

3.078000069

3.079999924

3.082000017

3.082999945

3.086999893

3.088999987

3.090999842

3.092000008

3.093999863

3.095000029

3.098999977

3.099999905

3.101999998

3.103999853

3.105000019

3.106999874

3.111000061

3.112999916

3.113999844

3.115999937

3.118000031

3.119999886

3.122999907

3.125000000

3.125999928

3.128000021

3.129999876

3.131999969

3.135999918

3.136999846

3.138999939

3.141000032

3.141999960

3.144000053

3.147000074

3.148999929

3.151000023

3.151999950

3.154000044

3.155999899

3.158999920

3.161000013

3.165999889

3.167000055

3.171000004

3.171999931

3.174000025

3.175999880

3.177999973

3.180000067

3.182999849

3.184999943

3.187000036

3.187999964

3.190000057

3.190999985

3.194999933

3.195999861

3.197999954

3.200000048

3.200999975

3.203000069

3.205999851

3.207999945

3.208999872

3.210999966

3.213000059

3.214999914

3.217999935

3.220000029

3.220999956

3.223000050

3.224999905

3.226000071

3.230000019

3.231999874

3.233000040

3.234999895

3.236999989

3.237999916

3.241999865

3.243000031

3.246000051

3.247999907

3.250000000

3.250999928

3.254999876

3.256999969

3.257999897

3.259999990

3.261999846

3.263000011

3.266999960

3.269000053

3.269999981

3.272000074

3.273999929

3.274999857

3.279000044

3.280999899

3.282000065

3.283999920

3.286000013

3.286999941

3.289999962

3.292000055

3.292999983

3.295000076

3.296999931

3.297999859

3.302000046

3.303999901

3.305000067

3.306999922

3.309000015

3.309999943

3.313999891

3.315000057

3.316999912

3.319000006

3.320999861

3.322000027

3.325999975

3.326999903

3.328999996

3.330999851

3.332999945

3.333999872

3.338000059

3.338999987

3.340999842

3.342999935

3.345000029

3.345999956

3.351000071

3.470999956

3.474999905

3.477999926

3.481999874

3.483999968

3.484999895

3.486999989

3.488999844

3.490000010

3.493999958

3.494999886

3.496999979

3.499000072

3.500000000

3.501999855

3.504999876

3.506999969

3.509000063

3.509999990

3.511999846

3.513999939

3.517999887

3.519999981

3.520999908

3.523000002

3.524999857

3.526000023

3.529999971

3.530999899

3.532999992

3.534999847

3.536999941

3.537999868

3.542000055

3.543999910

3.546000004

3.547999859

3.549000025

3.550999880

3.553999901

3.555999994

3.556999922

3.559000015

3.560999870

3.562000036

3.565999985

3.567999840

3.569000006

3.570999861

3.572999954

3.573999882

3.578000069

3.579999924

3.580999851

3.582999945

3.583999872

3.585999966

3.589999914

3.590999842

3.592999935

3.595000029

3.595999956

3.598000050

3.601000071

3.602999926

3.605000019

3.605999947

3.608000040

3.609999895

3.612999916

3.615000010

3.616999865

3.618000031

3.619999886

3.621999979

3.625000000

3.626999855

3.628000021

3.629999876

3.631999969

3.632999897

3.636999846

3.638999939

3.639999866

3.641999960

3.644000053

3.644999981

3.648999929

3.649999857

3.652999878

3.654999971

3.655999899

3.657999992

3.659999847

3.662999868

3.664000034

3.665999889

3.667999983

3.668999910

3.671000004

3.674000025

3.677000046

3.677999973

3.680000067

3.680999994

3.684999943

3.687000036

3.688999891

3.690999985

3.691999912

3.694000006

3.697000027

3.698999882

3.700999975

3.701999903

3.703999996

3.705999851

3.708999872

3.710999966

3.713000059

3.713999987

3.715999842

3.723000050

3.724999905

3.726999998

3.727999926

3.730000019

3.733000040

3.734999895

3.736999989

3.738999844

3.740000010

3.741999865

3.744999886

3.746999979

3.747999907

3.750000000

3.751999855

3.753000021

3.756999969

3.759000063

3.759999990

3.761999846

3.763999939

3.764999866

3.769000053

3.769999981

3.772000074

3.773999929

3.776000023

3.777999878

3.780999899

3.782999992

3.784999847

3.786000013

3.789000034

3.792999983

3.795000076

3.796000004

3.797999859

3.799999952

3.800999880

3.805000067

3.806999922

3.807999849

3.809999943

3.812000036

3.812999964

3.816999912

3.817999840

3.819999933

3.822000027

3.823999882

3.825000048

3.828999996

3.829999924

3.832000017

3.833999872

3.835999966

3.836999893

3.840999842

3.842000008

3.843999863

3.845999956

3.846999884

3.848999977

3.851000071

3.853999853

3.855999947

3.856999874

3.858999968

3.859999895

3.861999989

3.865000010

3.866999865

3.868999958

3.871000051

3.871999979

3.875999928

3.876999855

3.878999949

3.881000042

3.882999897

3.884000063

3.888000011

3.889999866

3.891000032

3.892999887

3.894999981

3.895999908

3.899999857

3.901999950

3.902999878

3.904999971

3.907000065

3.907999992

3.911999941

3.914000034

3.914999962

3.917000055

3.918999910

3.920000076

3.924000025

3.927000046

3.927999973

3.930000067

3.931999922

3.932999849

3.937000036

3.937999964

3.940000057

3.941999912

3.944000006

3.944999933

3.948999882

3.950000048

3.951999903

3.953999996

3.954999924

3.957000017

3.958999872

3.961999893

3.963000059

3.964999914

3.967000008

3.968999863

3.970000029

3.973999977

3.976000071

3.977999926

3.980000019

3.980999947

3.984999895

3.986999989

3.987999916

3.990000010

3.991999865

3.993000031

3.996999979

3.997999907

4.000000000

4.001999855

4.003000021

4.004999876

4.007999897

4.009999990

4.011999846

4.013999939

4.014999866

4.016999960

4.019999981

4.022000074

4.023999929

4.026000023

4.026999950

4.029000044

4.032000065

4.033999920

4.034999847

4.036999941

4.039000034

4.040999889

4.043999910

4.046000004

4.046999931

4.049000025

4.050999880

4.052000046

4.055999994

4.056999922

4.059000015

4.062000036

4.062999964

4.065000057

4.069000006

4.070999861

4.072000027

4.075000048

4.075999975

4.079999924

4.080999851

4.082999945

4.085000038

4.086999893

4.088000059

4.092000008

4.092999935

4.095000029

4.096999884

4.098000050

4.099999905

4.101000071

4.105000019

4.106999874

4.108000040

4.109999895

4.111999989

4.112999916

4.116999865

4.118000031

4.119999886

4.121999979

4.122999907

4.125000000

4.128000021

4.129999876

4.131999969

4.132999897

4.134999990

4.136999846

4.139999866

4.141999960

4.144000053

4.144999981

4.147000074

4.148999929

4.151999950

4.154000044

4.154999971

4.157000065

4.158999920

4.159999847

4.164000034

4.167999983

4.170000076

4.171999931

4.174999952

4.177000046

4.178999901

4.180999994

4.181999922

4.184000015

4.187000036

4.188999891

4.190999985

4.191999912

4.194000006

4.195999861

4.200000048

4.201999903

4.203999996

4.205999851

4.207000017

4.208999872

4.211999893

4.213999987

4.215999842

4.217999935

4.218999863

4.220999956

4.223999977

4.226000071

4.227999926

4.228999853

4.230999947

4.231999874

4.236000061

4.237999916

4.238999844

4.240999937

4.243000031

4.243999958

4.247999907

4.249000072

4.250999928

4.253000021

4.253999949

4.256000042

4.256999969

4.260999918

4.263000011

4.263999939

4.266000032

4.267999887

4.269999981

4.273000002

4.274999857

4.276999950

4.277999878

4.279999971

4.282000065

4.284999847

4.286999941

4.287999868

4.289999962

4.292000055

4.292999983

4.296000004

4.297999859

4.299999952

4.302000046

4.302999973

4.306999922

4.307999849

4.309999943

4.312000036

4.313999891

4.315000057

4.319000006

4.319999933

4.322000027

4.323999882

4.325000048

4.326999903

4.328999996

4.332000017

4.335000038

4.335999966

4.338000059

4.339999914

4.340999842

4.345000029

4.345999956

4.348000050

4.349999905

4.351000071

4.352999926

4.355999947

4.358000040

4.359999895

4.361000061

4.362999916

4.365000010

4.368000031

4.369999886

4.371999979

4.374000072

4.375000000

4.378999949

4.381000042

4.381999969

4.384000063

4.385999918

4.386999846

4.391000032

4.391999960

4.394000053

4.395999908

4.398000002

4.398999929

4.402999878

4.404000044

4.405999899

4.407999992

4.409999847

4.411000013

4.414999962

4.415999889

4.417999983

4.420000076

4.421999931

4.422999859

4.427000046

4.427999973

4.430000067

4.431999922

4.434000015

4.434999943

4.438999891

4.440000057

4.441999912

4.444000006

4.444999933

4.447000027

4.447999954

4.451999903

4.453000069

4.454999924

4.457000017

4.458999872

4.460000038

4.463000059

4.464999914

4.467000008

4.467999935

4.470000029

4.473000050

4.476000071

4.477999926

4.480000019

4.480999947

4.483000040

4.483999968

4.487999916

4.490000010

4.490999937

4.493000031

4.494999886

4.496000051

4.500000000

4.500999928

4.503000021

4.504999876

4.506000042

4.507999897

4.510999918

4.513000011

4.514999866

4.516000032

4.517999887

4.519999981

4.523000002

4.524999857

4.526999950

4.527999878

4.529999971

4.532000065

4.534999847

4.536999941

4.537999868

4.539999962

4.542000055

4.543999910

4.546999931

4.549000025

4.550999880

4.552000046

4.553999901

4.555999994

4.559000015

4.560999870

4.562999964

4.563999891

4.565999985

4.567999840

4.570999861

4.572999954

4.575000048

4.576999903

4.578000069

4.582000017

4.582999945

4.585000038

4.586999893

4.588999987

4.589999914

4.593999863

4.595999956

4.596999884

4.598999977

4.601000071

4.601999998

4.605999947

4.608000040

4.608999968

4.611999989

4.613999844

4.615999937

4.618999958

4.621000051

4.622999907

4.624000072

4.625999928

4.628000021

4.631000042

4.632999897

4.634000063

4.635999918

4.638000011

4.639999866

4.642999887

4.644999981

4.645999908

4.648000002

4.649999857

4.651000023

4.654999971

4.657000065

4.657999992

4.659999847

4.661999941

4.662999868

4.667000055

4.667999983

4.670000076

4.671999931

4.674000025

4.674999952

4.678999901

4.680999994

4.682999849

4.684000015

4.685999870

4.687999964

4.690999985

4.692999840

4.694999933

4.695999861

4.697999954

4.698999882

4.703000069

4.704999924

4.705999851

4.707999945

4.708999872

4.710999966

4.713999987

4.715999842

4.717999935

4.718999863

4.720999956

4.723000050

4.726000071

4.727999926

4.728999853

4.730999947

4.733000040

4.733999968

4.737999916

4.740000010

4.740999937

4.743000031

4.744999886

4.746000051

4.750999928

4.753000021

4.753999949

4.756000042

4.757999897

4.759000063

4.763000011

4.763999939

4.766000032

4.767999887

4.769000053

4.770999908

4.773999929

4.776000023

4.777999878

4.779999971

4.780999899

4.782999992

4.786999941

4.787999868

4.789999962

4.792000055

4.792999983

4.795000076

4.797999859

4.799999952

4.802000046

4.802999973

4.805000067

4.806999922

4.809999943

4.812000036

4.813999891

4.815000057

4.816999912

4.819000006

4.822000027

4.823999882

4.825000048

4.826999903

4.828999996

4.829999924

4.833999872

4.835999966

4.836999893

4.838999987

4.840999842

4.842000008

4.845999956

4.846999884

4.848999977

4.851000071

4.852999926

4.853999853

4.858000040

4.858999968

4.861000061

4.862999916

4.863999844

4.865999937

4.869999886

4.871999979

4.874000072

4.875999928

4.878000021

4.881000042

4.882999897

4.884999990

4.886999846

4.888999939

4.889999866

4.894000053

4.895999908

4.897000074

4.898999929

4.901000023

4.901999950

4.905999899

4.907000065

4.908999920

4.911000013

4.911999941

4.914000034

4.915999889

4.918999910

4.921000004

4.921999931

4.924000025

4.925999880

4.927000046

4.930000067

4.931999922

4.934000015

4.934999943

4.937000036

4.938999891

4.941999912

4.944000006

4.945999861

4.947999954

4.948999882

4.950999975

4.953999996

4.955999851

4.957999945

4.958999872

4.960999966

4.961999893

4.965999842

4.967000008

4.968999863

4.970999956

4.973000050

4.974999905

4.977999926

4.980000019

4.981999874

4.983000040

4.984999895

4.988999844

4.990000010

4.991999865

4.993999958

4.994999886

4.996999979

4.997999907

5.001999855

5.003000021

5.004999876

5.006999969

5.007999897

5.009999990

5.013000011

5.014999866

5.016999960

5.017999887

5.019999981

5.022000074

5.026000023

5.027999878

5.029999971

5.030999899

5.032999992

5.034999847

5.037999868

5.039999962

5.042000055

5.042999983

5.045000076

5.046999931

5.049999952

5.052000046

5.052999973

5.055000067

5.056999922

5.057999849

5.062000036

5.063999891

5.065000057

5.066999912

5.069000006

5.070999861

5.073999882

5.075999975

5.078000069

5.078999996

5.080999851

5.082999945

5.085999966

5.086999893

5.088999987

5.090999842

5.092000008

5.093999863

5.096999884

5.098999977

5.101000071

5.101999998

5.103999853

5.105999947

5.108999968

5.111000061

5.111999989

5.113999844

5.115999937

5.116999865

5.121000051

5.121999979

5.124000072

5.125999928

5.128000021

5.128999949

5.132999897

5.134999990

5.135999918

5.138000011

5.139999866

5.141000032

5.144999981

5.147000074

5.148000002

5.149999857

5.151999950

5.152999878

5.157000065

5.157999992

5.159999847

5.162999868

5.164999962

5.165999889

5.170000076

5.171999931

5.174000025

5.174999952

5.177000046

5.178999901

5.181999922

5.184000015

5.184999943

5.187000036

5.188999891

5.190000057

5.194000006

5.194999933

5.197000027

5.198999882

5.200000048

5.201999903

5.205999851

5.207999945

5.208999872

5.210999966

5.213000059

5.213999987

5.217999935

5.218999863

5.220999956

5.223000050

5.223999977

5.226000071

5.230000019

5.230999947

5.233000040

5.234999895

5.236000061

5.237999916

5.240999937

5.243000031

5.244999886

5.246000051

5.247999907

5.250000000

5.253000021

5.254999876

5.256999969

5.259000063

5.259999990

5.261999846

5.264999866

5.266999960

5.269000053

5.270999908

5.272000074

5.273999929

5.276999950

5.279000044

5.280999899

5.282000065

5.283999920

5.286000013

5.289000034

5.290999889

5.292000055

5.293999910

5.296000004

5.297999859

5.302000046

5.303999901

5.305000067

5.306999922

5.309000015

5.309999943

5.313999891

5.315999985

5.316999912

5.319000006

5.320999861

5.322000027

5.325999975

5.328000069

5.328999996

5.330999851

5.332000017

5.333999872

5.336999893

5.338999987

5.340999842

5.342000008

5.343999863

5.345999956

5.348999977

5.351000071

5.352999926

5.355000019

5.355999947

5.358000040

5.361000061

5.362999916

5.365000010

5.365999937

5.368000031

5.369999886

5.372999907

5.375000000

5.376999855

5.378000021

5.379999876

5.381000042

5.384999990

5.386999846

5.388000011

5.389999866

5.391999960

5.392999887

5.397000074

5.398000002

5.399999857

5.401999950

5.402999878

5.404999971

5.407999992

5.409999847

5.411999941

5.412999868

5.414999962

5.417000055

5.420000076

5.421999931

5.422999859

5.424999952

5.427000046

5.428999901

5.431999922

5.432999849

5.434999943

5.437000036

5.440000057

5.440999985

5.444999933

5.445999861

5.447999954

5.450000048

5.451999903

5.453000069

5.457000017

5.458999872

5.460000038

5.461999893

5.463999987

5.464999914

5.468999863

5.470999956

5.473000050

5.473999977

5.476000071

5.476999998

5.480999947

5.483000040

5.483999968

5.486000061

5.487999916

5.490000010

5.493000031

5.493999958

5.496000051

5.497999907

5.499000072

5.500999928

5.503999949

5.506000042

5.507999897

5.509000063

5.510999918

5.513000011

5.516000032

5.517999887

5.519000053

5.520999908

5.523000002

5.524999857

5.527999878

5.529000044

5.530999899

5.532999992

5.534999847

5.536000013

5.539999962

5.540999889

5.543999910

5.546000004

5.546999931

5.549000025

5.552000046

5.553999901

5.555999994

5.557999849

5.559000015

5.560999870

5.563999891

5.565999985

5.567999840

5.569999933

5.570999861

5.575000048

5.576999903

5.578999996

5.580999851

5.582999945

5.583999872

5.588000059

5.589999914

5.590999842

5.592999935

5.595000029

5.595999956

5.599999905

5.601000071

5.602999926

5.605000019

5.606999874

5.608000040

5.611999989

5.612999916

5.615000010

5.616999865

5.618999958

5.619999886

5.624000072

5.625000000

5.626999855

5.628999949

5.631000042

5.631999969

5.635999918

5.636999846

5.638999939

5.641000032

5.642999887

5.644000053

5.648000002

5.649999857

5.651000023

5.652999878

5.654999971

5.655999899

5.659999847

5.661000013

5.662999868

5.664999962

5.665999889

5.667999983

5.671000004

5.672999859

5.674999952

5.677000046

5.677999973

5.680000067

5.687000036

5.688999891

5.690000057

5.691999912

5.694999933

5.697000027

5.698999882

5.700000048

5.701999903

5.703999996

5.707000017

5.708999872

5.710999966

5.713000059

5.714999914

5.717000008

5.720000029

5.721999884

5.723000050

5.726000071

5.726999998

5.728999853

5.731999874

5.733999968

5.736000061

5.737999916

5.738999844

5.740999937

5.744999886

5.746000051

5.747999907

5.750000000

5.750999928

5.753000021

5.756000042

5.757999897

5.759999990

5.761999846

5.763000011

5.764999866

5.767999887

5.769999981

5.772000074

5.773999929

5.774999857

5.779000044

5.780999899

5.782000065

5.783999920

5.786000013

5.786999941

5.790999889

5.792999983

5.793999910

5.796000004

5.797999859

5.799000025

5.802999973

5.805000067

5.805999994

5.807999849

5.809999943

5.810999870

5.815000057

5.815999985

5.817999840

5.819999933

5.820999861

5.822999954

5.823999882

5.828000069

5.829999924

5.830999851

5.832999945

5.835000038

5.835999966

5.839999914

5.842000008

5.842999935

5.845000029

5.845999956

5.848000050

5.851000071

5.853999853

5.855000019

5.856999874

5.858999968

5.859999895

5.863999844

5.865999937

5.866999865

5.868999958

5.871000051

5.875000000

5.875999928

5.878000021

5.879999876

5.881999969

5.882999897

5.886999846

5.888000011

5.889999866

5.891999960

5.894000053

5.894999981

5.898999929

5.901000023

5.901999950

5.904000044

5.905999899

5.907000065

5.911000013

5.911999941

5.914000034

5.915999889

5.917000055

5.918999910

5.921000004

5.924000025

5.925999880

5.927000046

5.928999901

5.930999994

5.931999922

5.935999870

5.937000036

5.938999891

5.940999985

5.941999912

5.944000006

5.947000027

5.948999882

5.950999975

5.953000069

5.953999996

5.955999851

5.958999872

5.960999966

5.963000059

5.963999987

5.967000008

5.970000029

5.971999884

5.973999977

5.976000071

5.976999998

5.978999853

5.981999874

5.983999968

5.986000061

5.986999989

5.988999844

5.991999865

5.994999886

5.996999979

5.999000072

6.000000000

6.001999855

6.003999949

6.006999969

6.009000063

6.009999990

6.011999846

6.013999939

6.014999866

6.019000053

6.019999981

6.022000074

6.023999929

6.026000023

6.026999950

6.030999899

6.032999992

6.033999920

6.036000013

6.037999868

6.039000034

6.042999983

6.043999910

6.046000004

6.047999859

6.049999952

6.050999880

6.055000067

6.055999994

6.057999849

6.059999943

6.062000036

6.062999964

6.066999912

6.069000006

6.070999861

6.072000027

6.073999882

6.075000048

6.078999996

6.080999851

6.082000017

6.083999872

6.085999966

6.088000059

6.090999842

6.092999935

6.093999863

6.095999956

6.096999884

6.098999977

6.102999926

6.103999853

6.105999947

6.108000040

6.108999968

6.111000061

6.113999844

6.115999937

6.118000031

6.118999958

6.121000051

6.122999907

6.125999928

6.128999949

6.131000042

6.131999969

6.134000063

6.135999918

6.138999939

6.141000032

6.141999960

6.144000053

6.145999908

6.147000074

6.151000023

6.151999950

6.154000044

6.155999899

6.157000065

6.158999920

6.161000013

6.164000034

6.164999962

6.167000055

6.168999910

6.171000004

6.174000025

6.175999880

6.177999973

6.180000067

6.180999994

6.182999849

6.185999870

6.187999964

6.190000057

6.190999985

6.192999840

6.194999933

6.197999954

6.200000048

6.200999975

6.203000069

6.204999924

6.205999851

6.210000038

6.211999893

6.213000059

6.214999914

6.217000008

6.217999935

6.221999884

6.223999977

6.224999905

6.226999998

6.228999853

6.230000019

6.233999968

6.234999895

6.236999989

6.238999844

6.240000010

6.241999865

6.246000051

6.247999907

6.249000072

6.250999928

6.253000021

6.253999949

6.257999897

6.259999990

6.260999918

6.263000011

6.264999866

6.266999960

6.272000074

6.274999857

6.279000044

6.282999992

6.284999847

6.286000013

6.287999868

6.289999962

6.290999889

6.295000076

6.296999931

6.297999859

6.299999952

6.302000046

6.302999973

6.306999922

6.307999849

6.309999943

6.312000036

6.313999891

6.315999985

6.319000006

6.320999861

6.322000027

6.323999882

6.325999975

6.326999903

6.330999851

6.332000017

6.333999872

6.335999966

6.338000059

6.338999987

6.342999935

6.343999863

6.345999956

6.348000050

6.349999905

6.351000071

6.355000019

6.355999947

6.358000040

6.359999895

6.361000061

6.362999916

6.365000010

6.368000031

6.369999886

6.371999979

6.374000072

6.375000000

6.378000021

6.379999876

6.381999969

6.384000063

6.384999990

6.386999846

6.389999866

6.391999960

6.394000053

6.394999981

6.397000074

6.398999929

6.401999950

6.404999971

6.407000065

6.407999992

6.409999847

6.411000013

6.411999941

6.415999889

6.417999983

6.418999910

6.421000004

6.421999931

6.424000025

6.427000046

6.428999901

6.430999994

6.431999922

6.434000015

6.435999870

6.438999891

6.440999985

6.442999840

6.444000006

6.445999861

6.447999954

6.450999975

6.453000069

6.454999924

6.457000017

6.457999945

6.460000038

6.463000059

6.464999914

6.467000008

6.468999863

6.470999956

6.473999977

6.476000071

6.477999926

6.480000019

6.481999874

6.483000040

6.486999989

6.487999916

6.490000010

6.491999865

6.493999958

6.496000051

6.499000072

6.500999928

6.503000021

6.503999949

6.506000042

6.509999990

6.511999846

6.513000011

6.514999866

6.516999960

6.519000053

6.522000074

6.523999929

6.526000023

6.527999878

6.529000044

6.530999899

6.534999847

6.536000013

6.537999868

6.540999889

6.542999983

6.546999931

6.549000025

6.549999952

6.552000046

6.553999901

6.555999994

6.559000015

6.560999870

6.562999964

6.565000057

6.566999912

6.569999933

6.572000027

6.573999882

6.575999975

6.578000069

6.578999996

6.582999945

6.583999872

6.585999966

6.588000059

6.589999914

6.592000008

6.595000029

6.596999884

6.598999977

6.599999905

6.601999998

6.605999947

6.608000040

6.608999968

6.611000061

6.612999916

6.615000010

6.618000031

6.619999886

6.621999979

6.624000072

6.625000000

6.626999855

6.631000042

6.632999897

6.634000063

6.635999918

6.638000011

6.639999866

6.642999887

6.644999981

6.647000074

6.648000002

6.649999857

6.651999950

6.654999971

6.657000065

6.658999920

6.659999847

6.661999941

6.665999889

6.667999983

6.670000076

6.671999931

6.672999859

6.677000046

6.678999901

6.681999922

6.684000015

6.684999943

6.687000036

6.690000057

6.691999912

6.694000006

6.695999861

6.697999954

6.698999882

6.703000069

6.703999996

6.705999851

6.707999945

6.710000038

6.710999966

6.714999914

6.717000008

6.718999863

6.720999956

6.721999884

6.726000071

6.727999926

6.728999853

6.730999947

6.733000040

6.734999895

6.737999916

6.740000010

6.741999865

6.743999958

6.744999886

6.746999979

6.750999928

6.751999855

6.753999949

6.756000042

6.757999897

6.761999846

6.763000011

6.764999866

6.767999887

6.769000053

6.773000002

6.774999857

6.776999950

6.779000044

6.779999971

6.782000065

6.784999847

6.786999941

6.789000034

6.790999889

6.792999983

6.793999910

6.797999859

6.799999952

6.802000046

6.802999973

6.805000067

6.806999922

6.809999943

6.812000036

6.812999964

6.815000057

6.816999912

6.819999933

6.822999954

6.825000048

6.825999975

6.828000069

6.829999924

6.832000017

6.835000038

6.836999893

6.838999987

6.839999914

6.842000008

6.843999863

6.846999884

6.848999977

6.851000071

6.851999998

6.853999853

6.858000040

6.858999968

6.861000061

6.862999916

6.865000010

6.865999937

6.869999886

6.871999979

6.874000072

6.875999928

6.876999855

6.881000042

6.882999897

6.884999990

6.886999846

6.888000011

6.889999866

6.892999887

6.894999981

6.897000074

6.898999929

6.901000023

6.901999950

6.904999971

6.907000065

6.908999920

6.911000013

6.911999941

6.914000034

6.917000055

6.918999910

6.921000004

6.922999859

6.924000025

6.925999880

6.930000067

6.930999994

6.932999849

6.934999943

6.937000036

6.938999891

6.941999912

6.944000006

6.944999933

6.947000027

6.948999882

6.953000069

6.953999996

6.957000017

6.958999872

6.960999966

6.963000059

6.965999842

6.968999863

6.970999956

6.971999884

6.973999977

6.976999998

6.978999853

6.980999947

6.983000040

6.984999895

6.986000061

6.990000010

6.991999865

6.993999958

6.994999886

6.996999979

6.999000072

7.001999855

7.003999949

7.006000042

7.006999969

7.009000063

7.010999918

7.013999939

7.016000032

7.016999960

7.019000053

7.020999908

7.023000002

7.026000023

7.027999878

7.029999971

7.030999899

7.032999992

7.036999941

7.037999868

7.039999962

7.042000055

7.043999910

7.046000004

7.049000025

7.050999880

7.052999973

7.055000067

7.055999994

7.057999849

7.060999870

7.062999964

7.065000057

7.066999912

7.069000006

7.072000027

7.073999882

7.075999975

7.078000069

7.079999924

7.080999851

7.085000038

7.086999893

7.088999987

7.089999914

7.092000008

7.095000029

7.098000050

7.099999905

7.101999998

7.102999926

7.105000019

7.106999874

7.109999895

7.111999989

7.113999844

7.115999937

7.116999865

7.121000051

7.122999907

7.124000072

7.125999928

7.128000021

7.129999876

7.132999897

7.141999960

7.144999981

7.147000074

7.148999929

7.151000023

7.152999878

7.154000044

7.157999992

7.159999847

7.161999941

7.162999868

7.164999962

7.167999983

7.171000004

7.172999859

7.174000025

7.175999880

7.177999973

7.180999994

7.182999849

7.184999943

7.185999870

7.187999964

7.190000057

7.192999840

7.194999933

7.197000027

7.197999954

7.200000048

7.201999903

7.204999924

7.207000017

7.208999872

7.210000038

7.211999893

7.213999987

7.217000008

7.218999863

7.220000029

7.221999884

7.223999977

7.224999905

7.228999853

7.230999947

7.233999968

7.234999895

7.236999989

7.240999937

7.241999865

7.243999958

7.246000051

7.247999907

7.250000000

7.253000021

7.254999876

7.256999969

7.259000063

7.259999990

7.261999846

7.266000032

7.267999887

7.269999981

7.272000074

7.273999929

7.276999950

7.279000044

7.280999899

7.282999992

7.283999920

7.287999868

7.289999962

7.292000055

7.293999910

7.296000004

7.299999952

7.302000046

7.302999973

7.305000067

7.306999922

7.309000015

7.312000036

7.313999891

7.315999985

7.317999840

7.319000006

7.320999861

7.323999882

7.325999975

7.328000069

7.329999924

7.332000017

7.335999966

7.338000059

7.338999987

7.340999842

7.342999935

7.345000029

7.348000050

7.349999905

7.351999998

7.353999853

7.355000019

7.356999874

7.361000061

7.362999916

7.365000010

7.366999865

7.368999958

7.372999907

7.375000000

7.376999855

7.378000021

7.379999876

7.384000063

7.384999990

7.386999846

7.388999939

7.391000032

7.391999960

7.395999908

7.398000002

7.398999929

7.401000023

7.402999878

7.404999971

7.407999992

7.409999847

7.411999941

7.414000034

7.414999962

7.417000055

7.420000076

7.421999931

7.424000025

7.425999880

7.427999973

7.428999901

7.432999849

7.434999943

7.437000036

7.437999964

7.440000057

7.441999912

7.444999933

7.447000027

7.447999954

7.450000048

7.451999903

7.453999996

7.457000017

7.458999872

7.460999966

7.461999893

7.463999987

7.467000008

7.468999863

7.470999956

7.473000050

7.474999905

7.476000071

7.480000019

7.481999874

7.483999968

7.484999895

7.486999989

7.488999844

7.491999865

7.493999958

7.496000051

7.496999979

7.499000072

7.503000021

7.503999949

7.506000042

7.509000063

7.510999918

7.511999846

7.516000032

7.517999887

7.519000053

7.520999908

7.523000002

7.524999857

7.527999878

7.529999971

7.532000065

7.533999920

7.536000013

7.537999868

7.540999889

7.542999983

7.545000076

7.546999931

7.549000025

7.552000046

7.553999901

7.555999994

7.557999849

7.559000015

7.560999870

7.563999891

7.566999912

7.569000006

7.569999933

7.572000027

7.575999975

7.578000069

7.579999924

7.580999851

7.582999945

7.586999893

7.588000059

7.589999914

7.592000008

7.593999863

7.595999956

7.598999977

7.601000071

7.602999926

7.605000019

7.605999947

7.608000040

7.611000061

7.612999916

7.615000010

7.616999865

7.618999958

7.621000051

7.624000072

7.625999928

7.628000021

7.628999949

7.631000042

7.632999897

7.635999918

7.638000011

7.639999866

7.641999960

7.642999887

7.648000002

7.649999857

7.651999950

7.654000044

7.654999971

7.657000065

7.659999847

7.661999941

7.664000034

7.665999889

7.667999983

7.671000004

7.672999859

7.674999952

7.677000046

7.678999901

7.680000067

7.684000015

7.690000057

7.691999912

7.695999861

7.697999954

7.698999882

7.700999975

7.703000069

7.703999996

7.707999945

7.710000038

7.710999966

7.713000059

7.714999914

7.718999863

7.720000029

7.721999884

7.723999977

7.726000071

7.726999998

7.730999947

7.733000040

7.734999895

7.736000061

7.737999916

7.740000010

7.743000031

7.744999886

7.746999979

7.749000072

7.750999928

7.753000021

7.756000042

7.757999897

7.759999990

7.760999918

7.763000011

7.766999960

7.767999887

7.769999981

7.772000074

7.773999929

7.776000023

7.779000044

7.780999899

7.782999992

7.784999847

7.786999941

7.790999889

7.792000055

7.793999910

7.796000004

7.797999859

7.799999952

7.802999973

7.805000067

7.805999994

7.807999849

7.809999943

7.812000036

7.815999985

7.816999912

7.819000006

7.820999861

7.822999954

7.823999882

7.828000069

7.828999996

7.830999851

7.832999945

7.835000038

7.835999966

7.839999914

7.842000008

7.843999863

7.845999956

7.848000050

7.851000071

7.852999926

7.855000019

7.856999874

7.858000040

7.859999895

7.862999916

7.865999937

7.868000031

7.868999958

7.871000051

7.874000072

7.875999928

7.878000021

7.879999876

7.881999969

7.882999897

7.886999846

7.888000011

7.889999866

7.891999960

7.894000053

7.895999908

7.898999929

7.901000023

7.901999950

7.904000044

7.905999899

7.909999847

7.911999941

7.912999868

7.914999962

7.917000055

7.918999910

7.922999859

7.924999952

7.927000046

7.928999901

7.930000067

7.931999922

7.935999870

7.937999964

7.938999891

7.940999985

7.942999840

7.944999933

7.947999954

7.950000048

7.951999903

7.953000069

7.954999924

7.957000017

7.960000038

7.961999893

7.963999987

7.965999842

7.967999935

7.970999956

7.973000050

7.974999905

7.976000071

7.977999926

7.981999874

7.983000040

7.984999895

7.986999989

7.988999844

7.990000010

7.993999958

7.996000051

7.996999979

7.999000072

8.000999928

8.003000021

8.006000042

8.007999897

8.009999990

8.011999846

8.013999939

8.014999866

8.019000053

8.020999908

8.023000002

8.023999929

8.027999878

8.030999899

8.032999992

8.034999847

8.036999941

8.037999868

8.042000055

8.043999910

8.045000076

8.046999931

8.049000025

8.050999880

8.053999901

8.055999994

8.057999849

8.060999870

8.062000036

8.065999985

8.067999840

8.069999933

8.072000027

8.072999954

8.075000048

8.078000069

8.079999924

8.082000017

8.083999872

8.085999966

8.086999893

8.090999842

8.092999935

8.093999863

8.095999956

8.098000050

8.101999998

8.103999853

8.105000019

8.106999874

8.108999968

8.111000061

8.113999844

8.115999937

8.118000031

8.119999886

8.121000051

8.122999907

8.125999928

8.128000021

8.129999876

8.131999969

8.134000063

8.135999918

8.138999939

8.141000032

8.141999960

8.144000053

8.145999908

8.148000002

8.151000023

8.152999878

8.154000044

8.155999899

8.157999992

8.159999847

8.162999868

8.164999962

8.167000055

8.168999910

8.170000076

8.174000025

8.175999880

8.177999973

8.178999901

8.180999994

8.184999943

8.187000036

8.187999964

8.190000057

8.191999912

8.194000006

8.197000027

8.200000048

8.201999903

8.203999996

8.204999924

8.207000017

8.210000038

8.211999893

8.213999987

8.215999842

8.217000008

8.218999863

8.221999884

8.223999977

8.226000071

8.227999926

8.230000019

8.230999947

8.234999895

8.236999989

8.238999844

8.240000010

8.241999865

8.243999958

8.246999979

8.249000072

8.250999928

8.251999855

8.253999949

8.256000042

8.259000063

8.260999918

8.263000011

8.264999866

8.266000032

8.269999981

8.272000074

8.273999929

8.274999857

8.276999950

8.279000044

8.282000065

8.283999920

8.286000013

8.287999868

8.289999962

8.293999910

8.296000004

8.297999859

8.299000025

8.300999880

8.302999973

8.305999994

8.307999849

8.309999943

8.310999870

8.312999964

8.316999912

8.319000006

8.320999861

8.322000027

8.323999882

8.325999975

8.328999996

8.330999851

8.332999945

8.335000038

8.338000059

8.338999987

8.342999935

8.345000029

8.345999956

8.348999977

8.349999905

8.353999853

8.355999947

8.356999874

8.358999968

8.361000061

8.362999916

8.365999937

8.368000031

8.369999886

8.371999979

8.372999907

8.376999855

8.378999949

8.379999876

8.381999969

8.384000063

8.385999918

8.388999939

8.391000032

8.392999887

8.394999981

8.395999908

8.398000002

8.401999950

8.404000044

8.404999971

8.407000065

8.408999920

8.411000013

8.414000034

8.415999889

8.417999983

8.418999910

8.421000004

8.422999859

8.425999880

8.427999973

8.430000067

8.430999994

8.432999849

8.434999943

8.437999964

8.440000057

8.440999985

8.442999840

8.444999933

8.447000027

8.450000048

8.451999903

8.453000069

8.454999924

8.457000017

8.458999872

8.461999893

8.463999987

8.465999842

8.467999935

8.468999863

8.473000050

8.476000071

8.477999926

8.480000019

8.480999947

8.484999895

8.486999989

8.487999916

8.490000010

8.491999865

8.493999958

8.496999979

8.499000072

8.500000000

8.501999855

8.503999949

8.504999876

8.509000063

8.510999918

8.513000011

8.514999866

8.516000032

8.517999887

8.520999908

8.523000002

8.524999857

8.526999950

8.527999878

8.529999971

8.532999992

8.534999847

8.536999941

8.539999962

8.540999889

8.545000076

8.546999931

8.547999859

8.549999952

8.552000046

8.553999901

8.556999922

8.559000015

8.560999870

8.562999964

8.565000057

8.567999840

8.569999933

8.572000027

8.573999882

8.575999975

8.576999903

8.580999851

8.582999945

8.585000038

8.585999966

8.588000059

8.592000008

8.593999863

8.595000029

8.596999884

8.598999977

8.601000071

8.603999853

8.605999947

8.608000040

8.609999895

8.611000061

8.613999844

8.616999865

8.618999958

8.621000051

8.622999907

8.624000072

8.625999928

8.629999876

8.631999969

8.632999897

8.634999990

8.636999846

8.638999939

8.641999960

8.644000053

8.645999908

8.648000002

8.649999857

8.652999878

8.654999971

8.657000065

8.658999920

8.659999847

8.664000034

8.665999889

8.667999983

8.670000076

8.671999931

8.672999859

8.677000046

8.678999901

8.680999994

8.681999922

8.684000015

8.685999870

8.688999891

8.690999985

8.692999840

8.694000006

8.695999861

8.697999954

8.700999975

8.703000069

8.704999924

8.705999851

8.707999945

8.711999893

8.713999987

8.714999914

8.717000008

8.718999863

8.720999956

8.723999977

8.726000071

8.727999926

8.730000019

8.731999874

8.733000040

8.736999989

8.738999844

8.740999937

8.741999865

8.743999958

8.747999907

8.750999928

8.753000021

8.754999876

8.756000042

8.757999897

8.760999918

8.763999939

8.766000032

8.767999887

8.769999981

8.773000002

8.774999857

8.776999950

8.779000044

8.779999971

8.783999920

8.786000013

8.786999941

8.789000034

8.790999889

8.792999983

8.796000004

8.797999859

8.799999952

8.802000046

8.803999901

8.805000067

8.809000015

8.810999870

8.812999964

8.813999891

8.815999985

8.816999912

8.820999861

8.822999954

8.825000048

8.825999975

8.828000069

8.829999924

8.832999945

8.835000038

8.836999893

8.838000059

8.839999914

8.842000008

8.845000029

8.846999884

8.848999977

8.849999905

8.851999998

8.853999853

8.856999874

8.858999968

8.861000061

8.862999916

8.866999865

8.868999958

8.871000051

8.872999907

8.874000072

8.875999928

8.878999949

8.881000042

8.882999897

8.884999990

8.888000011

8.888999939

8.892999887

8.894999981

8.897000074

8.898000002

8.899999857

8.904000044

8.905999899

8.907000065

8.908999920

8.911000013

8.912999868

8.915999889

8.917999983

8.920000076

8.921999931

8.922999859

8.924999952

8.927999973

8.930000067

8.931999922

8.934000015

8.934999943

8.937000036

8.940000057

8.941999912

8.944000006

8.945999861

8.947000027

8.948999882

8.953000069

8.954999924

8.955999851

8.957999945

8.960000038

8.963000059

8.964999914

8.967000008

8.968999863

8.970999956

8.973000050

8.976000071

8.977999926

8.980000019

8.980999947

8.983000040

8.986999989

8.988999844

8.990999937

8.993000031

8.993999958

8.996000051

8.999000072

9.000999928

9.003000021

9.004999876

9.006999969

9.007999897

9.011999846

9.013999939

9.016000032

9.017999887

9.019000053

9.023000002

9.026000023

9.026999950

9.029000044

9.030999899

9.032999992

9.036000013

9.037999868

9.039999962

9.042000055

9.042999983

9.045000076

9.047999859

9.049999952

9.052000046

9.053999901

9.055999994

9.056999922

9.060999870

9.062999964

9.065000057

9.066999912

9.069000006

9.072000027

9.073999882

9.075999975

9.076999903

9.078999996

9.080999851

9.083999872

9.085999966

9.088000059

9.089999914

9.090999842

9.095000029

9.096999884

9.098000050

9.099999905

9.101999998

9.103999853

9.106999874

9.108999968

9.111000061

9.112999916

9.113999844

9.115999937

9.118999958

9.121000051

9.122999907

9.125000000

9.125999928

9.128000021

9.131000042

9.132999897

9.134999990

9.136999846

9.138999939

9.141000032

9.144000053

9.145999908

9.148000002

9.148999929

9.151000023

9.154999971

9.155999899

9.157999992

9.161000013

9.161999941

9.167000055

9.168999910

9.171000004

9.172999859

9.174000025

9.175999880

9.178999901

9.180999994

9.182999849

9.184999943

9.187000036

9.187999964

9.191999912

9.194000006

9.195999861

9.197000027

9.198999882

9.200999975

9.203999996

9.205999851

9.207999945

9.208999872

9.210999966

9.213000059

9.215999842

9.217999935

9.220000029

9.220999956

9.223000050

9.226999998

9.227999926

9.230000019

9.231999874

9.233999968

9.234999895

9.238999844

9.240999937

9.241999865

9.243999958

9.246000051

9.247999907

9.250999928

9.253000021

9.254999876

9.256999969

9.257999897

9.259999990

9.263999939

9.266000032

9.267999887

9.269000053

9.270999908

9.273000002

9.276000023

9.277999878

9.279999971

9.282000065

9.282999992

9.286999941

9.289000034

9.290999889

9.292999983

9.293999910

9.297999859

9.299999952

9.302999973

9.305000067

9.306999922

9.309000015

9.312000036

9.313999891

9.315999985

9.316999912

9.319000006

9.320999861

9.323999882

9.325999975

9.328000069

9.328999996

9.330999851

9.332999945

9.335999966

9.338000059

9.339999914

9.342000008

9.342999935

9.346999884

9.348999977

9.349999905

9.351999998

9.353999853

9.355999947

9.358999968

9.361999989

9.363999844

9.365000010

9.366999865

9.369999886

9.371999979

9.374000072

9.375999928

9.378000021

9.378999949

9.382999897

9.384999990

9.386999846

9.388000011

9.389999866

9.391999960

9.394999981

9.397000074

9.398999929

9.401000023

9.401999950

9.405999899

9.407999992

9.408999920

9.411000013

9.412999868

9.414999962

9.417999983

9.420000076

9.421999931

9.424000025

9.424999952

9.427000046

9.430000067

9.431999922

9.434000015

9.435999870

9.437999964

9.438999891

9.444000006

9.445999861

9.447999954

9.448999882

9.450999975

9.453000069

9.455999851

9.457999945

9.460000038

9.461999893

9.463999987

9.467000008

9.468999863

9.470999956

9.473000050

9.473999977

9.477999926

9.480000019

9.480999947

9.483000040

9.484999895

9.486999989

9.490000010

9.491999865

9.493999958

9.496000051

9.496999979

9.499000072

9.501999855

9.503999949

9.506000042

9.507999897

9.509000063

9.510999918

9.513999939

9.516000032

9.517999887

9.519999981

9.520999908

9.523000002

9.526000023

9.527999878

9.529999971

9.532000065

9.533999920

9.534999847

9.539000034

9.540999889

9.542999983

9.545000076

9.546999931

9.549999952

9.552000046

9.553999901

9.555999994

9.556999922

9.560999870

9.562999964

9.565000057

9.566999912

9.569000006

9.569999933

9.573999882

9.575999975

9.578000069

9.578999996

9.582000017

9.583999872

9.586999893

9.588999987

9.590999842

9.592000008

9.593999863

9.595999956

9.598999977

9.601000071

9.602999926

9.603999853

9.605999947

9.609999895

9.611000061

9.612999916

9.615000010

9.616999865

9.618999958

9.621999979

9.624000072

9.625000000

9.626999855

9.628999949

9.631000042

9.634000063

9.635999918

9.638000011

9.639999866

9.641999960

9.642999887

9.647000074

9.648999929

9.651000023

9.652999878

9.654999971

9.657999992

9.659999847

9.661999941

9.664000034

9.665999889

9.668999910

9.671000004

9.672999859

9.674999952

9.677000046

9.678999901

9.681999922

9.684000015

9.685999870

9.687000036

9.688999891

9.690999985

9.694000006

9.695999861

9.697999954

9.698999882

9.700999975

9.704999924

9.705999851

9.707999945

9.710000038

9.711999893

9.713000059

9.717000008

9.718999863

9.720000029

9.723000050

9.724999905

9.726999998

9.730000019

9.731999874

9.733999968

9.743000031

9.743999958

9.746000051

9.747999907

9.750000000

9.750999928

9.754999876

9.756999969

9.759000063

9.760999918

9.761999846

9.766000032

9.767999887

9.769999981

9.772000074

9.773000002

9.776999950

9.777999878

9.779999971

9.782000065

9.783999920

9.784999847

9.789000034

9.797999859

9.800999880

9.802999973

9.803999901

9.805999994

9.807999849

9.809000015

9.812999964

9.815000057

9.815999985

9.817999840

9.819999933

9.822000027

9.825999975

9.826999903

9.828999996

9.830999851

9.832999945

9.833999872

9.838000059

9.839999914

9.840999842

9.842999935

9.845000029

9.845999956

9.849999905

9.851999998

9.853999853

9.855000019

9.856999874

9.861999989

9.862999916

9.865000010

9.866999865

9.868999958

9.871000051

9.874000072

9.875999928

9.876999855

9.878999949

9.881000042

9.882999897

9.885999918

9.888000011

9.888999939

9.891000032

9.892999887

9.894999981

9.898000002

9.899999857

9.901999950

9.902999878

9.904999971

9.908999920

9.909999847

9.911999941

9.914000034

9.915999889

9.917999983

9.921999931

9.922999859

9.924999952

9.927000046

9.927999973

9.930000067

9.934000015

9.935999870

9.937999964

9.938999891

9.940999985

9.942999840

9.945999861

9.947999954

9.950000048

9.950999975

9.953000069

9.954999924

9.957999945

9.960000038

9.961999893

9.963999987

9.964999914

9.968999863

9.970999956

9.973000050

9.974999905

9.976000071

9.980000019

9.981999874

9.983999968

9.986000061

9.987999916

9.988999844

9.993000031

9.994999886

9.996000051

9.997999907

10.000000000

10.003000021

10.006000042

10.007999897

10.009999990

10.010999918

10.013000011

10.016999960

10.019000053

10.019999981

10.023000002

10.023999929

10.026000023

10.029000044

10.030999899

10.032999992

10.034999847

10.036000013

10.037999868

10.042000055

10.043999910

10.046000004

10.046999931

10.049000025

10.052999973

10.053999901

10.055999994

10.057999849

10.059999943

10.063999891

10.065999985

10.067999840

10.069999933

10.070999861

10.072999954

10.075999975

10.078000069

10.079999924

10.082000017

10.082999945

10.085000038

10.088000059

10.089999914

10.092000008

10.093999863

10.095000029

10.096999884

10.099999905

10.101999998

10.103999853

10.105999947

10.108000040

10.108999968

10.112999916

10.115000010

10.116999865

10.118000031

10.119999886

10.121999979

10.125000000

10.126999855

10.128000021

10.129999876

10.131999969

10.134000063

10.136999846

10.138999939

10.141999960

10.142999887

10.144999981

10.148999929

10.149999857

10.151999950

10.154000044

10.155999899

10.157000065

10.161000013

10.162999868

10.164999962

10.165999889

10.167999983

10.170000076

10.172999859

10.174999952

10.177000046

10.178999901

10.180000067

10.184000015

10.185999870

10.187000036

10.188999891

10.190999985

10.192999840

10.195999861

10.197999954

10.200000048

10.201999903

10.203999996

10.205999851

10.208999872

10.210999966

10.213000059

10.213999987

10.215999842

10.217999935

10.220999956

10.223000050

10.224999905

10.226000071

10.227999926

10.230000019

10.233000040

10.234999895

10.236999989

10.237999916

10.240000010

10.243999958

10.246000051

10.247999907

10.250000000

10.250999928

10.253000021

10.256000042

10.259000063

10.261999846

10.264999866

10.269999981

10.272000074

10.273999929

10.274999857

10.276999950

10.282000065

10.283999920

10.286000013

10.286999941

10.289000034

10.290999889

10.293999910

10.296000004

10.297999859

10.299000025

10.300999880

10.305000067

10.305999994

10.307999849

10.309999943

10.312000036

10.313999891

10.316999912

10.319000006

10.319999933

10.322000027

10.323999882

10.325999975

10.328999996

10.330999851

10.332999945

10.335000038

10.336999893

10.338000059

10.342000008

10.343999863

10.345999956

10.346999884

10.348999977

10.351000071

10.353999853

10.355999947

10.358000040

10.359999895

10.361999989

10.365000010

10.366999865

10.368999958

10.371000051

10.372999907

10.375999928

10.378000021

10.378999949

10.381000042

10.382999897

10.384999990

10.388000011

10.389999866

10.391999960

10.394000053

10.395999908

10.397000074

10.401000023

10.402999878

10.404999971

10.405999899

10.407999992

10.409999847

10.412999868

10.414999962

10.415999889

10.417999983

10.420000076

10.422999859

10.425999880

10.427999973

10.430000067

10.431999922

10.432999849

10.437000036

10.438999891

10.440999985

10.441999912

10.444000006

10.445999861

10.448999882

10.450999975

10.453000069

10.454999924

10.455999851

10.460000038

10.461999893

10.463999987

10.465999842

10.467000008

10.468999863

10.471999884

10.473999977

10.476000071

10.477999926

10.478999853

10.480999947

10.483999968

10.486000061

10.487999916

10.490000010

10.491999865

10.493000031

10.496999979

10.497999907

10.500000000

10.501999855

10.503999949

10.504999876

10.509000063

10.510999918

10.511999846

10.513999939

10.516000032

10.517999887

10.520999908

10.523000002

10.524999857

10.526999950

10.527999878

10.532000065

10.533999920

10.536000013

10.539000034

10.539999962

10.543999910

10.546000004

10.547999859

10.549000025

10.550999880

10.552999973

10.555999994

10.559000015

