1583248332.352999926

1583248332.355000019

1583248332.357000113

1583248332.358000040

1583248332.361999989

1583248332.365999937

1583248332.367000103

1583248332.368999958

1583248332.371000051

1583248332.374000072

1583248332.375999928

1583248332.378000021

1583248332.378999949

1583248332.384999990

1583248332.387000084

1583248332.388999939

1583248332.391000032

1583248332.392999887

1583248332.397000074

1583248332.398000002

1583248332.400000095

1583248332.404999971

1583248332.408999920

1583248332.410000086

1583248332.411999941

1583248332.414000034

1583248332.415999889

1583248332.417000055

1583248332.421000004

1583248332.424999952

1583248332.426000118

1583248332.427999973

1583248332.430000067

1583248332.433000088

1583248332.434999943

1583248332.437000036

1583248332.437999964

1583248332.441999912

1583248332.446000099

1583248332.447999954

1583248332.453999996

1583248332.457000017

1583248332.459000111

1583248332.460999966

1583248332.461999893

1583248332.466000080

1583248332.470000029

1583248332.471999884

1583248332.473999977

1583248332.476999998

1583248332.479000092

1583248332.480999947

1583248332.483999968

1583248332.487999916

1583248332.490000010

1583248332.493000031

1583248332.494999886

1583248332.496999979

1583248332.499000072

1583248332.500999928

1583248332.505000114

1583248332.509000063

1583248332.512000084

1583248332.513000011

1583248332.516999960

1583248332.519000053

1583248332.520999908

1583248332.523000002

1583248332.525000095

1583248332.529999971

1583248332.532000065

1583248332.533999920

1583248332.536000013

1583248332.538000107

1583248332.540999889

1583248332.543999910

1583248332.545000076

1583248332.549000025

1583248332.552999973

1583248332.555000067

1583248332.556999922

1583248332.559000015

1583248332.559999943

1583248332.562000036

1583248332.565999985

1583248332.569999933

1583248332.572000027

1583248332.573999882

1583248332.576999903

1583248332.579999924

1583248332.582000017

1583248332.584000111

1583248332.585999966

1583248332.591000080

1583248332.592999935

1583248332.595000029

1583248332.596999884

1583248332.601000071

1583248332.601999998

1583248332.604000092

1583248332.605999947

1583248332.611999989

1583248332.614000082

1583248332.615999937

1583248332.618000031

1583248332.619999886

1583248332.621999979

1583248332.625000000

1583248332.627000093

1583248332.631999969

1583248332.635999918

1583248332.638999939

1583248332.641000032

1583248332.642999887

1583248332.644999981

1583248332.648999929

1583248332.651000023

1583248332.654999971

1583248332.657000065

1583248332.661000013

1583248332.663000107

1583248332.664000034

1583248332.665999889

1583248332.667999983

1583248332.670000076

1583248332.674999952

1583248332.677000046

1583248332.680000067

1583248332.681999922

1583248332.684999943

1583248332.687000036

1583248332.688999891

1583248332.690999985

1583248332.697000027

1583248332.698999882

1583248332.700999975

1583248332.703000069

1583248332.704999924

1583248332.707999945

1583248332.710000038

1583248332.711999893

1583248332.716000080

1583248332.720000029

1583248332.721999884

1583248332.723999977

1583248332.726000071

1583248332.726999998

1583248332.729000092

1583248332.732000113

1583248332.736000061

1583248332.737999916

1583248332.740000010

1583248332.743999958

1583248332.746000051

1583248332.747999907

1583248332.750000000

1583248332.752000093

1583248332.756999969

1583248332.759000063

1583248332.760999918

1583248332.763000011

1583248332.765000105

1583248332.767999887

1583248332.769999981

1583248332.772000074

1583248332.776000023

1583248332.779000044

1583248332.780999899

1583248332.782999992

1583248332.785000086

1583248332.786999941

1583248332.790999889

1583248332.792999983

1583248332.802999973

1583248332.805000067

1583248332.806999922

1583248332.809000015

1583248332.812000036

1583248332.815999985

1583248332.818000078

1583248332.819000006

1583248332.822999954

1583248332.825000048

1583248332.828000069

1583248332.831000090

1583248332.832000017

1583248332.834000111

1583248332.835999966

1583248332.839999914

1583248332.844000101

1583248332.845999956

1583248332.848000050

1583248332.849999905

1583248332.852999926

1583248332.855000019

1583248332.857000113

1583248332.858999968

1583248332.865000010

1583248332.867000103

1583248332.868999958

1583248332.871000051

1583248332.872999907

1583248332.875999928

1583248332.878999949

1583248332.881000042

1583248332.887000084

1583248332.888999939

1583248332.891000032

1583248332.894000053

1583248332.894999981

1583248332.898999929

1583248332.901000023

1583248332.903000116

1583248332.907000065

1583248332.911000013

1583248332.913000107

1583248332.914999962

1583248332.917000055

1583248332.918999910

1583248332.921000004

1583248332.924000025

1583248332.927999973

1583248332.930000067

1583248332.931999922

1583248332.934999943

1583248332.937000036

1583248332.938999891

1583248332.940999985

1583248332.943000078

1583248332.948999882

1583248332.950999975

1583248332.953000069

1583248332.954999924

1583248332.959000111

1583248332.960999966

1583248332.963000059

1583248332.964999914

1583248332.970999956

1583248332.973000050

1583248332.974999905

1583248332.977999926

1583248332.980000019

1583248332.983999968

1583248332.986000061

1583248332.987999916

1583248332.992000103

1583248332.996000051

1583248332.997999907

1583248333.000000000

1583248333.002000093

1583248333.003999949

1583248333.006999969

1583248333.009000063

1583248333.013000011

1583248333.015000105

1583248333.019000053

1583248333.020999908

1583248333.023000002

1583248333.025000095

1583248333.026999950

1583248333.029000044

1583248333.033999920

1583248333.036000013

1583248333.038000107

1583248333.039999962

1583248333.042999983

1583248333.045000076

1583248333.046999931

1583248333.049000025

1583248333.055000067

1583248333.056999922

1583248333.059000015

1583248333.061000109

1583248333.062999964

1583248333.066999912

1583248333.069000006

1583248333.071000099

1583248333.075000048

1583248333.078999996

1583248333.082000017

1583248333.085999966

1583248333.088999987

1583248333.091000080

1583248333.092999935

1583248333.095000029

1583248333.098999977

1583248333.101999998

1583248333.104000092

1583248333.105999947

1583248333.108000040

1583248333.109999895

1583248333.114000082

1583248333.115999937

1583248333.119999886

1583248333.121999979

1583248333.125999928

1583248333.128000021

1583248333.130000114

1583248333.131999969

1583248333.134000063

1583248333.135999918

1583248333.141000032

1583248333.142999887

1583248333.151999950

1583248333.153000116

1583248333.154999971

1583248333.157999992

1583248333.158999920

1583248333.163000107

1583248333.167000055

1583248333.168999910

1583248333.171000004

1583248333.174999952

1583248333.177000046

1583248333.178999901

1583248333.180999994

1583248333.183000088

1583248333.188999891

1583248333.190999985

1583248333.193000078

1583248333.194999933

1583248333.198999882

1583248333.200999975

1583248333.203000069

1583248333.204999924

1583248333.210000038

1583248333.211999893

1583248333.213999987

1583248333.216000080

1583248333.217999935

1583248333.220000029

1583248333.223000050

1583248333.224999905

1583248333.229000092

1583248333.230999947

1583248333.233999968

1583248333.236000061

1583248333.237999916

1583248333.240000010

1583248333.242000103

1583248333.246000051

1583248333.250000000

1583248333.252000093

1583248333.253999949

1583248333.257999897

1583248333.259999990

1583248333.262000084

1583248333.263000011

1583248333.265000105

1583248333.270999908

1583248333.273000002

1583248333.275000095

1583248333.278000116

1583248333.280999899

1583248333.282999992

1583248333.285000086

1583248333.286999941

1583248333.292999983

1583248333.295000076

1583248333.296999931

1583248333.299000025

1583248333.301000118

1583248333.302999973

1583248333.305999994

1583248333.308000088

1583248333.312000036

1583248333.315000057

1583248333.318000078

1583248333.319999933

1583248333.322999954

1583248333.325000048

1583248333.325999975

1583248333.329999924

1583248333.334000111

1583248333.335999966

1583248333.338000059

1583248333.342000008

1583248333.344000101

1583248333.345999956

1583248333.348000050

1583248333.349999905

1583248333.355000019

1583248333.357000113

1583248333.358999968

1583248333.361000061

1583248333.362999916

1583248333.365999937

1583248333.368000031

1583248333.369999886

1583248333.374000072

1583248333.377000093

1583248333.378999949

1583248333.381000042

1583248333.382999897

1583248333.384999990

1583248333.387000084

1583248333.390000105

1583248333.394000053

1583248333.395999908

1583248333.398000002

1583248333.401000023

1583248333.404000044

1583248333.404999971

1583248333.407000065

1583248333.408999920

1583248333.414999962

1583248333.417000055

1583248333.418999910

1583248333.421000004

1583248333.424999952

1583248333.427000046

1583248333.428999901

1583248333.430999994

1583248333.437000036

1583248333.438999891

1583248333.440999985

1583248333.444000006

1583248333.444999933

1583248333.448999882

1583248333.450999975

1583248333.453000069

1583248333.457000017

1583248333.460999966

1583248333.463000059

1583248333.464999914

1583248333.467000008

1583248333.469000101

1583248333.470000029

1583248333.473999977

1583248333.477999926

1583248333.480000019

1583248333.484999895

1583248333.486999989

1583248333.489000082

1583248333.490999937

1583248333.493000031

1583248333.500000000

1583248333.503999949

1583248333.506000042

1583248333.509999990

1583248333.510999918

1583248333.513000011

1583248333.515000105

1583248333.516999960

1583248333.520999908

1583248333.525000095

1583248333.526999950

1583248333.529000044

1583248333.532999992

1583248333.535000086

1583248333.536999941

1583248333.539000034

1583248333.540999889

1583248333.546000004

1583248333.548000097

1583248333.549999952

1583248333.552000046

1583248333.553999901

1583248333.558000088

1583248333.559000015

1583248333.561000109

1583248333.565000057

1583248333.569000006

1583248333.571000099

1583248333.572999954

1583248333.575000048

1583248333.576999903

1583248333.581000090

1583248333.582999945

1583248333.586999893

1583248333.588999987

1583248333.592000008

1583248333.595000029

1583248333.596999884

1583248333.598000050

1583248333.599999905

1583248333.604000092

1583248333.608000040

1583248333.609999895

1583248333.611999989

1583248333.615999937

1583248333.618000031

1583248333.619999886

1583248333.621999979

1583248333.624000072

1583248333.628999949

1583248333.631999969

1583248333.634000063

1583248333.635999918

1583248333.638000011

1583248333.641000032

1583248333.642999887

1583248333.645999908

1583248333.653000116

1583248333.654999971

1583248333.657000065

1583248333.658999920

1583248333.661000013

1583248333.664999962

1583248333.667000055

1583248333.668999910

1583248333.673000097

1583248333.676000118

1583248333.677999973

1583248333.680000067

1583248333.681999922

1583248333.684000015

1583248333.687999964

1583248333.690000057

1583248333.694000006

1583248333.696000099

1583248333.700000048

1583248333.701999903

1583248333.703999996

1583248333.706000090

1583248333.707999945

1583248333.709000111

1583248333.714999914

1583248333.717000008

1583248333.719000101

1583248333.720999956

1583248333.723999977

1583248333.726000071

1583248333.727999926

1583248333.730000019

1583248333.736000061

1583248333.737999916

1583248333.740000010

1583248333.742000103

1583248333.743999958

1583248333.747999907

1583248333.750000000

1583248333.750999928

1583248333.756000042

1583248333.759999990

1583248333.762000084

1583248333.763999939

1583248333.766000032

1583248333.767999887

1583248333.769000053

1583248333.773000002

1583248333.776999950

1583248333.779000044

1583248333.782999992

1583248333.785000086

1583248333.786999941

1583248333.789000034

1583248333.790999889

1583248333.792999983

1583248333.798000097

1583248333.799999952

1583248333.802000046

1583248333.803999901

1583248333.806999922

1583248333.809000015

1583248333.811000109

1583248333.812999964

1583248333.819999933

1583248333.822000027

1583248333.823999882

1583248333.825999975

1583248333.828000069

1583248333.832000017

1583248333.834000111

1583248333.835999966

1583248333.839999914

1583248333.844000101

1583248333.851000071

1583248333.851999998

1583248333.855999947

1583248333.858000040

1583248333.859999895

1583248333.861999989

1583248333.868000031

1583248333.869999886

1583248333.871999979

1583248333.874000072

1583248333.875999928

1583248333.880000114

1583248333.881999969

1583248333.884000063

1583248333.888000011

1583248333.891999960

1583248333.892999887

1583248333.894999981

1583248333.897000074

1583248333.898999929

1583248333.903000116

1583248333.904999971

1583248333.908999920

1583248333.911000013

1583248333.914999962

1583248333.917000055

1583248333.918999910

1583248333.921000004

1583248333.923000097

1583248333.924000025

1583248333.930000067

1583248333.931999922

1583248333.934000015

1583248333.936000109

1583248333.938999891

1583248333.941999912

1583248333.943000078

1583248333.946000099

1583248333.951999903

1583248333.953999996

1583248333.956000090

1583248333.957999945

1583248333.960000038

1583248333.963999987

1583248333.964999914

1583248333.967000008

1583248333.970999956

1583248333.973999977

1583248333.976000071

1583248333.977999926

1583248333.980000019

1583248333.982000113

1583248333.986999989

1583248333.989000082

1583248333.993000031

1583248333.994999886

1583248333.999000072

1583248334.000999928

1583248334.003000021

1583248334.005000114

1583248334.006999969

1583248334.010999918

1583248334.015000105

1583248334.016999960

1583248334.019000053

1583248334.023000002

1583248334.025000095

1583248334.026999950

1583248334.029000044

1583248334.030999899

1583248334.036000013

1583248334.038000107

1583248334.039999962

1583248334.042000055

1583248334.043999910

1583248334.048000097

1583248334.049999952

1583248334.052000046

1583248334.055999994

1583248334.059999943

1583248334.062000036

1583248334.063999891

1583248334.065999985

1583248334.066999912

1583248334.071000099

1583248334.072999954

1583248334.076999903

1583248334.078999996

1583248334.082999945

1583248334.085000038

1583248334.086999893

1583248334.088999987

1583248334.091000080

1583248334.092000008

1583248334.098000050

1583248334.099999905

1583248334.101999998

1583248334.105999947

1583248334.108000040

1583248334.109999895

1583248334.111999989

1583248334.114000082

1583248334.119999886

1583248334.121999979

1583248334.124000072

1583248334.125999928

1583248334.130000114

1583248334.131999969

1583248334.134000063

1583248334.135999918

1583248334.141999960

1583248334.144000053

1583248334.145999908

1583248334.148000002

1583248334.150000095

1583248334.151999950

1583248334.155999899

1583248334.157999992

1583248334.161999941

1583248334.164000034

1583248334.167000055

1583248334.170000076

1583248334.171999931

1583248334.174000025

1583248334.176000118

1583248334.178999901

1583248334.183000088

1583248334.184999943

1583248334.187000036

1583248334.190999985

1583248334.193000078

1583248334.194999933

1583248334.197000027

1583248334.203000069

1583248334.207000017

1583248334.209000111

1583248334.210999966

1583248334.214999914

1583248334.217000008

1583248334.221999884

1583248334.227999926

1583248334.230000019

1583248334.233000040

1583248334.233999968

1583248334.237999916

1583248334.240000010

1583248334.242000103

1583248334.243999958

1583248334.250000000

1583248334.252000093

1583248334.253999949

1583248334.256000042

1583248334.257999897

1583248334.259000063

1583248334.263000011

1583248334.265000105

1583248334.269000053

1583248334.270999908

1583248334.273999929

1583248334.276000023

1583248334.278000116

1583248334.279999971

1583248334.282000065

1583248334.285000086

1583248334.289000034

1583248334.290999889

1583248334.292999983

1583248334.296999931

1583248334.299000025

1583248334.301000118

1583248334.302999973

1583248334.305000067

1583248334.309999943

1583248334.312000036

1583248334.313999891

1583248334.315999985

1583248334.318000078

1583248334.322000027

1583248334.323999882

1583248334.325999975

1583248334.331000090

1583248334.334000111

1583248334.335999966

1583248334.338000059

1583248334.339999914

1583248334.342000008

1583248334.345999956

1583248334.348000050

1583248334.351000071

1583248334.352999926

1583248334.355000019

1583248334.358000040

1583248334.361000061

1583248334.361999989

1583248334.364000082

1583248334.367000103

1583248334.372999907

1583248334.375000000

1583248334.377000093

1583248334.378999949

1583248334.381999969

1583248334.384000063

1583248334.385999918

1583248334.388000011

1583248334.394000053

1583248334.395999908

1583248334.398000002

1583248334.400000095

1583248334.401999950

1583248334.404999971

1583248334.407000065

1583248334.408999920

1583248334.413000107

1583248334.417000055

1583248334.418999910

1583248334.421000004

1583248334.423000097

1583248334.424999952

1583248334.428999901

1583248334.430999994

1583248334.434000015

1583248334.436000109

1583248334.437999964

1583248334.440999985

1583248334.443000078

1583248334.444999933

1583248334.447000027

1583248334.448999882

1583248334.454999924

1583248334.457000017

1583248334.459000111

1583248334.460999966

1583248334.464999914

1583248334.467000008

1583248334.469000101

1583248334.470999956

1583248334.476999998

1583248334.479000092

1583248334.480999947

1583248334.483000040

1583248334.484999895

1583248334.489000082

1583248334.490999937

1583248334.493000031

1583248334.496999979

1583248334.500999928

1583248334.503000021

1583248334.505000114

1583248334.506999969

1583248334.509000063

1583248334.509999990

1583248334.513999939

1583248334.517999887

1583248334.519999981

1583248334.522000074

1583248334.526000023

1583248334.526999950

1583248334.529000044

1583248334.530999899

1583248334.532999992

1583248334.539000034

1583248334.540999889

1583248334.542999983

1583248334.549999952

1583248334.552000046

1583248334.553999901

1583248334.555999994

1583248334.558000088

1583248334.562999964

1583248334.565000057

1583248334.566999912

1583248334.569000006

1583248334.572000027

1583248334.573999882

1583248334.576999903

1583248334.578999996

1583248334.584000111

1583248334.585999966

1583248334.588000059

1583248334.589999914

1583248334.592000008

1583248334.595999956

1583248334.598000050

1583248334.599999905

1583248334.604000092

1583248334.608000040

1583248334.609999895

1583248334.611999989

1583248334.614000082

1583248334.615999937

1583248334.618000031

1583248334.621000051

1583248334.625000000

1583248334.628000021

1583248334.631999969

1583248334.634000063

1583248334.635999918

1583248334.638000011

1583248334.640000105

1583248334.641000032

1583248334.647000074

1583248334.648999929

1583248334.651999950

1583248334.654000044

1583248334.657999992

1583248334.660000086

1583248334.661999941

1583248334.664000034

1583248334.670000076

1583248334.673000097

1583248334.674999952

1583248334.676000118

1583248334.680000067

1583248334.681999922

1583248334.684000015

1583248334.686000109

1583248334.691999912

1583248334.694000006

1583248334.696000099

1583248334.697999954

1583248334.700000048

1583248334.701999903

1583248334.704999924

1583248334.707000017

1583248334.710999966

1583248334.713000059

1583248334.716000080

1583248334.717999935

1583248334.720000029

1583248334.721999884

1583248334.723999977

1583248334.727999926

1583248334.732000113

1583248334.733999968

1583248334.736000061

1583248334.740000010

1583248334.742000103

1583248334.743999958

1583248334.746000051

1583248334.747999907

1583248334.753999949

1583248334.756000042

1583248334.757999897

1583248334.759999990

1583248334.763999939

1583248334.766000032

1583248334.766999960

1583248334.769000053

1583248334.776000023

1583248334.778000116

1583248334.779999971

1583248334.782000065

1583248334.783999920

1583248334.786999941

1583248334.789000034

1583248334.790999889

1583248334.795000076

1583248334.799000025

1583248334.801000118

1583248334.802999973

1583248334.805000067

1583248334.806999922

1583248334.809000015

1583248334.812000036

1583248334.815999985

1583248334.818000078

1583248334.819999933

1583248334.825000048

1583248334.826999903

1583248334.828000069

1583248334.829999924

1583248334.832000017

1583248334.838000059

1583248334.839999914

1583248334.842000008

1583248334.844000101

1583248334.848000050

1583248334.849999905

1583248334.851999998

1583248334.854000092

1583248334.859999895

1583248334.861999989

1583248334.864000082

1583248334.865999937

1583248334.868000031

1583248334.869999886

1583248334.871999979

1583248334.874000072

1583248334.878000021

1583248334.880000114

1583248334.884000063

1583248334.884999990

1583248334.887000084

1583248334.888999939

1583248334.891000032

1583248334.898000002

1583248334.901999950

1583248334.904000044

1583248334.907999992

1583248334.908999920

1583248334.911000013

1583248334.913000107

1583248334.914999962

1583248334.918999910

1583248334.923000097

1583248334.924999952

1583248334.927000046

1583248334.928999901

1583248334.931999922

1583248334.934000015

1583248334.936000109

1583248334.937999964

1583248334.944000006

1583248334.947000027

1583248334.948999882

1583248334.951999903

1583248334.956000090

1583248334.957000017

1583248334.959000111

1583248334.963000059

1583248334.967000008

1583248334.969000101

1583248334.970999956

1583248334.973000050

1583248334.974999905

1583248334.977999926

1583248334.980999947

1583248334.984999895

1583248334.986999989

1583248334.992000103

1583248334.993000031

1583248334.994999886

1583248334.996999979

1583248334.999000072

1583248335.003000021

1583248335.006999969

1583248335.009000063

1583248335.010999918

1583248335.015000105

1583248335.016999960

1583248335.019000053

1583248335.020999908

1583248335.023000002

1583248335.029000044

1583248335.030999899

1583248335.033999920

1583248335.035000086

1583248335.039000034

1583248335.040999889

1583248335.042999983

1583248335.045000076

1583248335.051000118

1583248335.052999973

1583248335.055000067

1583248335.058000088

1583248335.059000015

1583248335.062999964

1583248335.065000057

1583248335.066999912

1583248335.071000099

1583248335.075000048

1583248335.076999903

1583248335.078999996

1583248335.081000090

1583248335.082999945

1583248335.085000038

1583248335.088000059

1583248335.092000008

1583248335.094000101

1583248335.095999956

1583248335.099999905

1583248335.101000071

1583248335.104000092

1583248335.105999947

1583248335.107000113

1583248335.112999916

1583248335.115000010

1583248335.117000103

1583248335.118999958

1583248335.121999979

1583248335.125000000

1583248335.125999928

1583248335.128999949

1583248335.134000063

1583248335.135999918

1583248335.138000011

1583248335.140000105

1583248335.141999960

1583248335.145999908

1583248335.148000002

1583248335.150000095

1583248335.154000044

1583248335.157999992

1583248335.161000013

1583248335.163000107

1583248335.164999962

1583248335.167000055

1583248335.168999910

1583248335.171000004

1583248335.174999952

1583248335.177000046

1583248335.178999901

1583248335.183000088

1583248335.184999943

1583248335.187000036

1583248335.188999891

1583248335.190999985

1583248335.196000099

1583248335.198999882

1583248335.200999975

1583248335.201999903

1583248335.206000090

1583248335.207999945

1583248335.210000038

1583248335.211999893

1583248335.217999935

1583248335.220999956

1583248335.223000050

1583248335.224999905

1583248335.226999998

1583248335.230000019

1583248335.232000113

1583248335.233999968

1583248335.237999916

1583248335.244999886

1583248335.246999979

1583248335.249000072

1583248335.250999928

1583248335.255000114

1583248335.256000042

1583248335.257999897

1583248335.262000084

1583248335.266000032

1583248335.267999887

1583248335.269999981

1583248335.272000074

1583248335.273999929

1583248335.276999950

1583248335.279000044

1583248335.282999992

1583248335.285000086

1583248335.289000034

1583248335.290999889

1583248335.292999983

1583248335.295000076

1583248335.296999931

1583248335.298000097

1583248335.303999901

1583248335.305999994

1583248335.308000088

1583248335.309999943

1583248335.312999964

1583248335.315999985

1583248335.318000078

1583248335.319999933

1583248335.325000048

1583248335.328000069

1583248335.329999924

1583248335.332000017

1583248335.334000111

1583248335.335999966

1583248335.338999987

1583248335.341000080

1583248335.345000029

1583248335.346999884

1583248335.351000071

1583248335.352999926

1583248335.355000019

1583248335.357000113

1583248335.358000040

1583248335.361999989

1583248335.365999937

1583248335.368999958

1583248335.371000051

1583248335.374000072

1583248335.375999928

1583248335.378000021

1583248335.380000114

1583248335.381999969

1583248335.387000084

1583248335.388999939

1583248335.391000032

1583248335.392999887

1583248335.397000074

1583248335.398999929

1583248335.401000023

1583248335.401999950

1583248335.405999899

1583248335.410000086

1583248335.411999941

1583248335.414000034

1583248335.415999889

1583248335.417000055

1583248335.421000004

1583248335.423000097

1583248335.427000046

1583248335.428999901

1583248335.433000088

1583248335.434999943

1583248335.437000036

1583248335.438999891

1583248335.440999985

1583248335.444999933

1583248335.448999882

1583248335.450999975

1583248335.453000069

1583248335.457000017

1583248335.459000111

1583248335.460999966

1583248335.463000059

1583248335.463999987

1583248335.469000101

1583248335.470999956

1583248335.473000050

1583248335.474999905

1583248335.476999998

1583248335.480000019

1583248335.482000113

1583248335.483999968

1583248335.487999916

1583248335.492000103

1583248335.494999886

1583248335.496999979

1583248335.499000072

1583248335.500000000

1583248335.502000093

1583248335.506000042

1583248335.509999990

1583248335.512000084

1583248335.513999939

1583248335.516999960

1583248335.519000053

1583248335.520999908

1583248335.523000002

1583248335.525000095

1583248335.530999899

1583248335.532999992

1583248335.535000086

1583248335.536999941

1583248335.540999889

1583248335.542999983

1583248335.545000076

1583248335.546999931

1583248335.552999973

1583248335.555000067

1583248335.556999922

1583248335.559000015

1583248335.561000109

1583248335.565000057

1583248335.566999912

1583248335.569000006

1583248335.572999954

1583248335.576999903

1583248335.578999996

1583248335.579999924

1583248335.582000017

1583248335.584000111

1583248335.588000059

1583248335.595999956

1583248335.601000071

1583248335.602999926

1583248335.605000019

1583248335.607000113

1583248335.608999968

1583248335.612999916

1583248335.614000082

1583248335.615999937

1583248335.619999886

1583248335.624000072

1583248335.627000093

1583248335.628999949

1583248335.630000114

1583248335.631999969

1583248335.635999918

1583248335.638000011

1583248335.641999960

1583248335.644000053

1583248335.648000002

1583248335.650000095

1583248335.651000023

1583248335.653000116

1583248335.654999971

1583248335.657999992

1583248335.664999962

1583248335.667999983

1583248335.671999931

1583248335.674000025

1583248335.676000118

1583248335.677999973

1583248335.680000067

1583248335.680999994

1583248335.687000036

1583248335.688999891

1583248335.690999985

1583248335.693000078

1583248335.696000099

1583248335.698999882

1583248335.700000048

1583248335.701999903

1583248335.707999945

1583248335.710000038

1583248335.711999893

1583248335.713999987

1583248335.716000080

1583248335.717999935

1583248335.720999956

1583248335.723000050

1583248335.726999998

1583248335.729000092

1583248335.733000040

1583248335.734999895

1583248335.736999989

1583248335.739000082

1583248335.740000010

1583248335.743999958

1583248335.747999907

1583248335.750000000

1583248335.752000093

1583248335.756000042

1583248335.757999897

1583248335.759999990

1583248335.762000084

1583248335.763999939

1583248335.767999887

1583248335.769999981

1583248335.772000074

1583248335.773999929

1583248335.776000023

1583248335.779000044

1583248335.780999899

1583248335.782999992

1583248335.786999941

1583248335.790999889

1583248335.792999983

1583248335.795000076

1583248335.796999931

1583248335.799000025

1583248335.801000118

1583248335.803999901

1583248335.808000088

1583248335.809999943

1583248335.812000036

1583248335.815000057

1583248335.816999912

1583248335.819000006

1583248335.821000099

1583248335.822999954

1583248335.829999924

1583248335.832000017

1583248335.834000111

1583248335.835999966

1583248335.839999914

1583248335.842000008

1583248335.844000101

1583248335.845999956

1583248335.851999998

1583248335.854000092

1583248335.855999947

1583248335.858000040

1583248335.859999895

1583248335.864000082

1583248335.865999937

1583248335.868000031

1583248335.871999979

1583248335.875999928

1583248335.878000021

1583248335.880000114

1583248335.881999969

1583248335.884000063

1583248335.887000084

1583248335.890000105

1583248335.894000053

1583248335.895999908

1583248335.898999929

1583248335.901000023

1583248335.903000116

1583248335.904999971

1583248335.907000065

1583248335.911000013

1583248335.914999962

1583248335.917000055

1583248335.918999910

1583248335.923000097

1583248335.924999952

1583248335.927000046

1583248335.928999901

1583248335.930999994

1583248335.937000036

1583248335.938999891

1583248335.947000027

1583248335.948999882

1583248335.950999975

1583248335.953000069

1583248335.954999924

1583248335.959000111

1583248335.963000059

1583248335.966000080

1583248335.967999935

1583248335.970999956

1583248335.973000050

1583248335.974999905

1583248335.976999998

1583248335.979000092

1583248335.983999968

1583248335.986000061

1583248335.987999916

1583248335.990000010

1583248335.993999958

1583248335.997999907

1583248336.000000000

1583248336.002000093

1583248336.006999969

1583248336.009999990

1583248336.012000084

1583248336.013999939

1583248336.015000105

1583248336.019000053

1583248336.020999908

1583248336.023000002

1583248336.026999950

1583248336.030999899

1583248336.032999992

1583248336.035000086

1583248336.036999941

1583248336.039000034

1583248336.040999889

1583248336.043999910

1583248336.048000097

1583248336.049999952

1583248336.052000046

1583248336.055999994

1583248336.056999922

1583248336.059000015

1583248336.061000109

1583248336.062999964

1583248336.069000006

1583248336.071000099

1583248336.072999954

1583248336.075000048

1583248336.078999996

1583248336.081000090

1583248336.082999945

1583248336.085000038

1583248336.091000080

1583248336.092999935

1583248336.095000029

1583248336.096999884

1583248336.098999977

1583248336.102999926

1583248336.105000019

1583248336.107000113

1583248336.111000061

1583248336.115000010

1583248336.117000103

1583248336.118999958

1583248336.121000051

1583248336.124000072

1583248336.127000093

1583248336.128999949

1583248336.132999897

1583248336.134999990

1583248336.138000011

1583248336.140000105

1583248336.141999960

1583248336.144000053

1583248336.145999908

1583248336.150000095

1583248336.154000044

1583248336.155999899

1583248336.157999992

1583248336.161999941

1583248336.164000034

1583248336.167000055

1583248336.168999910

1583248336.171000004

1583248336.177000046

1583248336.178999901

1583248336.180999994

1583248336.183000088

1583248336.187000036

1583248336.188999891

1583248336.190999985

1583248336.191999912

1583248336.197999954

1583248336.200000048

1583248336.201999903

1583248336.203999996

1583248336.206000090

1583248336.210000038

1583248336.211999893

1583248336.213999987

1583248336.217999935

1583248336.221999884

1583248336.223999977

1583248336.226000071

1583248336.227999926

1583248336.230000019

1583248336.230999947

1583248336.234999895

1583248336.239000082

1583248336.240999937

1583248336.243000031

1583248336.246000051

1583248336.247999907

1583248336.250000000

1583248336.252000093

1583248336.253999949

1583248336.259999990

1583248336.262000084

1583248336.265000105

1583248336.269000053

1583248336.270999908

1583248336.273000002

1583248336.275000095

1583248336.276999950

1583248336.282999992

1583248336.285000086

1583248336.286999941

1583248336.289000034

1583248336.292999983

1583248336.299000025

1583248336.301000118

1583248336.305000067

1583248336.309000015

1583248336.311000109

1583248336.312999964

1583248336.316999912

1583248336.319000006

1583248336.321000099

1583248336.322000027

1583248336.323999882

1583248336.329999924

1583248336.332999945

1583248336.335000038

1583248336.336999893

1583248336.338999987

1583248336.342999935

1583248336.344000101

1583248336.345999956

1583248336.349999905

1583248336.354000092

1583248336.355999947

1583248336.358000040

1583248336.359999895

1583248336.361999989

1583248336.362999916

1583248336.365999937

1583248336.369999886

1583248336.371999979

1583248336.374000072

1583248336.377000093

1583248336.378999949

1583248336.381000042

1583248336.382999897

1583248336.384999990

1583248336.391000032

1583248336.392999887

1583248336.394999981

1583248336.397000074

1583248336.401000023

1583248336.403000116

1583248336.404999971

1583248336.407000065

1583248336.413000107

1583248336.414999962

1583248336.417000055

1583248336.418999910

1583248336.421000004

1583248336.423000097

1583248336.426000118

1583248336.427999973

1583248336.431999922

1583248336.434000015

1583248336.437000036

1583248336.438999891

1583248336.440999985

1583248336.443000078

1583248336.444999933

1583248336.448999882

1583248336.453000069

1583248336.454999924

1583248336.457000017

1583248336.460999966

1583248336.463000059

1583248336.464999914

1583248336.467000008

1583248336.469000101

1583248336.474999905

1583248336.476000071

1583248336.477999926

1583248336.480000019

1583248336.483999968

1583248336.486000061

1583248336.487999916

1583248336.490000010

1583248336.496000051

1583248336.497999907

1583248336.500999928

1583248336.506000042

1583248336.509000063

1583248336.510999918

1583248336.515000105

1583248336.516999960

1583248336.520999908

1583248336.523000002

1583248336.523999929

1583248336.526000023

1583248336.528000116

1583248336.529999971

1583248336.535000086

1583248336.536999941

1583248336.539000034

1583248336.540999889

1583248336.545000076

1583248336.546999931

1583248336.549000025

1583248336.551000118

1583248336.556999922

1583248336.559000015

1583248336.561000109

1583248336.563999891

1583248336.565000057

1583248336.569000006

1583248336.571000099

1583248336.572999954

1583248336.576999903

1583248336.581000090

1583248336.582999945

1583248336.585000038

1583248336.586999893

1583248336.588000059

1583248336.592000008

1583248336.594000101

1583248336.598000050

1583248336.599999905

1583248336.604000092

1583248336.605999947

1583248336.608000040

1583248336.608999968

1583248336.611000061

1583248336.612999916

1583248336.618000031

1583248336.619999886

1583248336.624000072

1583248336.628000021

1583248336.630000114

1583248336.631999969

1583248336.634000063

1583248336.635999918

1583248336.644000053

1583248336.645999908

1583248336.648000002

1583248336.651999950

1583248336.654000044

1583248336.655999899

1583248336.657999992

1583248336.660000086

1583248336.665999889

1583248336.668999910

1583248336.671000004

1583248336.673000097

1583248336.676000118

1583248336.677999973

1583248336.680000067

1583248336.681999922

1583248336.687999964

1583248336.690000057

1583248336.691999912

1583248336.694000006

1583248336.696000099

1583248336.700000048

1583248336.701999903

1583248336.703000069

1583248336.707000017

1583248336.709000111

1583248336.711999893

1583248336.713999987

1583248336.716000080

1583248336.719000101

1583248336.720000029

1583248336.723999977

1583248336.727999926

1583248336.730000019

1583248336.732000113

1583248336.736000061

1583248336.737999916

1583248336.739000082

1583248336.740999937

1583248336.743000031

1583248336.750000000

1583248336.752000093

1583248336.753999949

1583248336.756000042

1583248336.759999990

1583248336.762000084

1583248336.763999939

1583248336.766000032

1583248336.770999908

1583248336.773000002

1583248336.775000095

1583248336.776999950

1583248336.779000044

1583248336.782999992

1583248336.785000086

1583248336.786999941

1583248336.790999889

1583248336.795000076

1583248336.796999931

1583248336.799000025

1583248336.801000118

1583248336.802999973

1583248336.803999901

1583248336.808000088

1583248336.812000036

1583248336.813999891

1583248336.815999985

1583248336.819999933

1583248336.822000027

1583248336.823999882

1583248336.825999975

1583248336.826999903

1583248336.832999945

1583248336.835999966

1583248336.838000059

1583248336.839999914

1583248336.844000101

1583248336.845999956

1583248336.848000050

1583248336.849999905

1583248336.855999947

1583248336.858000040

1583248336.859999895

1583248336.862999916

1583248336.864000082

1583248336.868000031

1583248336.869999886

1583248336.871999979

1583248336.875999928

1583248336.880000114

1583248336.881999969

1583248336.884000063

1583248336.885999918

1583248336.888000011

1583248336.891000032

1583248336.892999887

1583248336.897000074

1583248336.898999929

1583248336.903000116

1583248336.904999971

1583248336.907000065

1583248336.908999920

1583248336.911000013

1583248336.913000107

1583248336.917999983

1583248336.920000076

1583248336.921999931

1583248336.924000025

1583248336.927000046

1583248336.928999901

1583248336.930999994

1583248336.933000088

1583248336.938999891

1583248336.940999985

1583248336.943000078

1583248336.944999933

1583248336.947000027

1583248336.950999975

1583248336.953000069

1583248336.954999924

1583248336.959000111

1583248336.961999893

1583248336.963999987

1583248336.966000080

1583248336.967999935

1583248336.970000029

1583248336.973999977

1583248336.976000071

1583248336.980000019

1583248336.982000113

1583248336.986000061

1583248336.987999916

1583248336.993999958

1583248336.997999907

1583248337.000000000

1583248337.002000093

1583248337.006999969

1583248337.010999918

1583248337.013000011

1583248337.015000105

1583248337.016999960

1583248337.019000053

1583248337.023000002

1583248337.025000095

1583248337.029000044

1583248337.030999899

1583248337.035000086

1583248337.036999941

1583248337.039000034

1583248337.040999889

1583248337.042999983

1583248337.043999910

1583248337.049999952

1583248337.052000046

1583248337.053999901

1583248337.055999994

1583248337.059000015

1583248337.062000036

1583248337.065999985

1583248337.069000006

1583248337.075000048

1583248337.076999903

1583248337.078999996

1583248337.082000017

1583248337.085000038

1583248337.086999893

1583248337.088000059

1583248337.089999914

1583248337.095999956

1583248337.098000050

1583248337.099999905

1583248337.101999998

1583248337.105999947

1583248337.108000040

1583248337.109999895

1583248337.111999989

1583248337.118000031

1583248337.119999886

1583248337.121999979

1583248337.124000072

1583248337.125999928

1583248337.128000021

1583248337.131000042

1583248337.132999897

1583248337.137000084

1583248337.138999939

1583248337.141999960

1583248337.144000053

1583248337.145999908

1583248337.148999929

1583248337.150000095

1583248337.154000044

1583248337.157999992

1583248337.161000013

1583248337.163000107

1583248337.165999889

1583248337.167999983

1583248337.170000076

1583248337.173000097

1583248337.174999952

1583248337.180999994

1583248337.183000088

1583248337.184999943

1583248337.186000109

1583248337.190000057

1583248337.191999912

1583248337.194000006

1583248337.196000099

1583248337.201999903

1583248337.203999996

1583248337.206000090

1583248337.207999945

1583248337.210000038

1583248337.211999893

1583248337.214999914

1583248337.217000008

1583248337.220999956

1583248337.223000050

1583248337.226999998

1583248337.229000092

1583248337.230999947

1583248337.233000040

1583248337.233999968

1583248337.237999916

1583248337.242000103

1583248337.243999958

1583248337.246000051

1583248337.250000000

1583248337.252000093

1583248337.253999949

1583248337.256000042

1583248337.257999897

1583248337.263000011

1583248337.266000032

1583248337.267999887

1583248337.269000053

1583248337.273000002

1583248337.275000095

1583248337.276999950

1583248337.279000044

1583248337.285000086

1583248337.286999941

1583248337.289000034

1583248337.290999889

1583248337.292999983

1583248337.296999931

1583248337.299000025

1583248337.301000118

1583248337.305000067

1583248337.309000015

1583248337.311000109

1583248337.312000036

1583248337.313999891

1583248337.315999985

1583248337.318000078

1583248337.322000027

1583248337.325000048

1583248337.326999903

1583248337.328999996

1583248337.332999945

1583248337.335000038

1583248337.336999893

1583248337.339999914

1583248337.342000008

1583248337.351000071

1583248337.354000092

1583248337.358000040

1583248337.359999895

1583248337.361999989

1583248337.364000082

1583248337.365999937

1583248337.368999958

1583248337.374000072

1583248337.375999928

1583248337.378000021

1583248337.381000042

1583248337.382999897

1583248337.384999990

1583248337.387000084

1583248337.388999939

1583248337.394999981

1583248337.397000074

1583248337.398999929

1583248337.401000023

1583248337.404999971

1583248337.407000065

1583248337.407999992

1583248337.410000086

1583248337.414000034

1583248337.417000055

1583248337.420000076

1583248337.421999931

1583248337.423000097

1583248337.424999952

1583248337.428999901

1583248337.430999994

1583248337.434999943

1583248337.437000036

1583248337.440999985

1583248337.443000078

1583248337.444999933

1583248337.447000027

1583248337.448999882

1583248337.450999975

1583248337.456000090

1583248337.457999945

1583248337.460999966

1583248337.463999987

1583248337.466000080

1583248337.467999935

1583248337.470000029

1583248337.471999884

1583248337.477999926

1583248337.480000019

1583248337.483000040

1583248337.483999968

1583248337.487999916

1583248337.490000010

1583248337.492000103

1583248337.493999958

1583248337.500000000

1583248337.502000093

1583248337.503999949

1583248337.506999969

1583248337.509000063

1583248337.513000011

1583248337.515000105

1583248337.516999960

1583248337.520999908

1583248337.525000095

1583248337.526999950

1583248337.529000044

1583248337.529999971

1583248337.532000065

1583248337.533999920

1583248337.538000107

1583248337.542000055

1583248337.543999910

1583248337.546000004

1583248337.549000025

1583248337.552000046

1583248337.553999901

1583248337.555999994

1583248337.556999922

1583248337.562999964

1583248337.565000057

1583248337.565999985

1583248337.568000078

1583248337.572000027

1583248337.573999882

1583248337.575999975

1583248337.578000069

1583248337.584000111

1583248337.585999966

1583248337.588000059

1583248337.589999914

1583248337.592000008

1583248337.594000101

1583248337.596999884

1583248337.598999977

1583248337.602999926

1583248337.605000019

1583248337.608999968

1583248337.611000061

1583248337.611999989

1583248337.614000082

1583248337.615999937

1583248337.619999886

1583248337.625000000

1583248337.627000093

1583248337.628999949

1583248337.631999969

1583248337.634000063

1583248337.635999918

1583248337.638000011

1583248337.640000105

1583248337.645999908

1583248337.648000002

1583248337.650000095

1583248337.651999950

1583248337.655999899

1583248337.657999992

1583248337.660000086

1583248337.661999941

1583248337.668999910

1583248337.671000004

1583248337.673000097

1583248337.676000118

1583248337.680000067

1583248337.681999922

1583248337.684000015

1583248337.686000109

1583248337.691999912

1583248337.694000006

1583248337.696000099

1583248337.701999903

1583248337.704999924

1583248337.707000017

1583248337.709000111

1583248337.710999966

1583248337.717000008

1583248337.719000101

1583248337.720999956

1583248337.723000050

1583248337.724999905

1583248337.727999926

1583248337.730000019

1583248337.732000113

1583248337.736000061

1583248337.740000010

1583248337.742000103

1583248337.743999958

1583248337.746000051

1583248337.747999907

1583248337.749000072

1583248337.753000021

1583248337.756999969

1583248337.759000063

1583248337.763000011

1583248337.765000105

1583248337.766999960

1583248337.769999981

1583248337.772000074

1583248337.775000095

1583248337.779000044

1583248337.780999899

1583248337.782999992

1583248337.786999941

1583248337.789000034

1583248337.789999962

1583248337.792000055

1583248337.793999910

1583248337.799999952

1583248337.802000046

1583248337.803999901

1583248337.805999994

1583248337.808000088

1583248337.811000109

1583248337.812999964

1583248337.815000057

1583248337.819000006

1583248337.822999954

1583248337.825000048

1583248337.826999903

1583248337.828999996

1583248337.831000090

1583248337.832000017

1583248337.835999966

1583248337.839999914

1583248337.842000008

1583248337.845000029

1583248337.848000050

1583248337.849999905

1583248337.851999998

1583248337.854000092

1583248337.855999947

1583248337.861000061

1583248337.862999916

1583248337.865999937

1583248337.867000103

1583248337.871000051

1583248337.872999907

1583248337.875000000

1583248337.877000093

1583248337.882999897

1583248337.884999990

1583248337.887000084

1583248337.888999939

1583248337.891000032

1583248337.894999981

1583248337.897000074

1583248337.898999929

1583248337.903000116

1583248337.907000065

1583248337.908999920

1583248337.911000013

1583248337.911999941

1583248337.914000034

1583248337.915999889

1583248337.918999910

1583248337.923000097

1583248337.924999952

1583248337.927000046

1583248337.930999994

1583248337.933000088

1583248337.934999943

1583248337.937000036

1583248337.938999891

1583248337.944000006

1583248337.946000099

1583248337.947999954

1583248337.950000048

1583248337.951999903

1583248337.954999924

1583248337.957999945

1583248337.960000038

1583248337.966000080

1583248337.967999935

1583248337.970000029

1583248337.971999884

1583248337.973999977

1583248337.977999926

1583248337.980000019

1583248337.982000113

1583248337.986000061

1583248337.990000010

1583248337.992000103

1583248337.993999958

1583248337.996000051

1583248337.997999907

1583248337.999000072

1583248338.003000021

1583248338.006999969

1583248338.009000063

1583248338.010999918

1583248338.015000105

1583248338.016999960

1583248338.019000053

1583248338.022000074

1583248338.023000002

1583248338.029000044

1583248338.030999899

1583248338.032999992

1583248338.035000086

1583248338.039000034

1583248338.040999889

1583248338.046999931

1583248338.048000097

1583248338.053999901

1583248338.055999994

1583248338.059000015

1583248338.059999943

1583248338.063999891

1583248338.065999985

1583248338.068000078

1583248338.069999933

1583248338.075999975

1583248338.078000069

1583248338.079999924

1583248338.082000017

1583248338.084000111

1583248338.086999893

1583248338.088999987

1583248338.091000080

1583248338.095000029

1583248338.098000050

1583248338.099999905

1583248338.101999998

1583248338.104000092

1583248338.105999947

1583248338.109999895

1583248338.111999989

1583248338.115999937

1583248338.118000031

1583248338.121999979

1583248338.124000072

1583248338.125999928

1583248338.128000021

1583248338.130000114

1583248338.131000042

1583248338.137000084

1583248338.138999939

1583248338.141000032

1583248338.142999887

1583248338.145999908

1583248338.148000002

1583248338.150000095

1583248338.151999950

1583248338.157000065

1583248338.158999920

1583248338.161000013

1583248338.163000107

1583248338.164999962

1583248338.168999910

1583248338.171000004

1583248338.173000097

1583248338.177000046

1583248338.178999901

1583248338.181999922

1583248338.184999943

1583248338.187000036

1583248338.187999964

1583248338.190000057

1583248338.191999912

1583248338.197000027

1583248338.198999882

1583248338.200999975

1583248338.203000069

1583248338.206000090

1583248338.207999945

1583248338.210000038

1583248338.211999893

1583248338.217999935

1583248338.220000029

1583248338.221999884

1583248338.223999977

1583248338.226000071

1583248338.227999926

1583248338.230999947

1583248338.233000040

1583248338.236999989

1583248338.239000082

1583248338.242000103

1583248338.243999958

1583248338.246000051

1583248338.247999907

1583248338.250000000

1583248338.253999949

1583248338.257999897

1583248338.259999990

1583248338.262000084

1583248338.265000105

1583248338.266999960

1583248338.269000053

1583248338.270999908

1583248338.273000002

1583248338.279000044

1583248338.280999899

1583248338.282999992

1583248338.285000086

1583248338.286999941

1583248338.289999962

1583248338.292000055

1583248338.293999910

1583248338.298000097

1583248338.302000046

1583248338.303999901

1583248338.305999994

1583248338.308000088

1583248338.309999943

1583248338.312999964

1583248338.315000057

1583248338.319000006

1583248338.321000099

1583248338.325000048

1583248338.326999903

1583248338.328999996

1583248338.331000090

1583248338.332000017

1583248338.334000111

1583248338.339999914

1583248338.342000008

1583248338.344000101

1583248338.345999956

1583248338.348999977

1583248338.351000071

1583248338.352999926

1583248338.355999947

1583248338.361999989

1583248338.364000082

1583248338.365999937

1583248338.368000031

1583248338.369999886

1583248338.374000072

1583248338.375999928

1583248338.377000093

1583248338.381999969

1583248338.384999990

1583248338.391999960

1583248338.392999887

1583248338.397000074

1583248338.398999929

1583248338.401000023

1583248338.403000116

1583248338.408999920

1583248338.411000013

1583248338.413000107

1583248338.414999962

1583248338.417000055

1583248338.421000004

1583248338.423000097

1583248338.424999952

1583248338.428999901

1583248338.433000088

1583248338.434999943

1583248338.436000109

1583248338.437999964

1583248338.440000057

1583248338.441999912

1583248338.446000099

1583248338.450000048

1583248338.451999903

1583248338.453999996

1583248338.456000090

1583248338.457999945

1583248338.460000038

1583248338.461999893

1583248338.463999987

1583248338.470000029

1583248338.471999884

1583248338.473999977

1583248338.476000071

1583248338.480000019

1583248338.482000113

1583248338.483999968

1583248338.484999895

1583248338.489000082

1583248338.493000031

1583248338.494999886

1583248338.496999979

1583248338.497999907

1583248338.500000000

1583248338.503999949

1583248338.506000042

1583248338.509999990

1583248338.512000084

1583248338.516000032

1583248338.517999887

1583248338.519999981

1583248338.522000074

1583248338.523000002

1583248338.526000023

1583248338.532000065

1583248338.533999920

1583248338.536000013

1583248338.538000107

1583248338.540999889

1583248338.542999983

1583248338.545000076

1583248338.546999931

1583248338.552999973

1583248338.555999994

1583248338.558000088

1583248338.559999943

1583248338.561000109

1583248338.565000057

1583248338.566999912

1583248338.569000006

1583248338.572999954

1583248338.575999975

1583248338.578000069

1583248338.579999924

1583248338.582000017

1583248338.584000111

1583248338.588000059

1583248338.589999914

1583248338.594000101

1583248338.595999956

1583248338.599999905

1583248338.601999998

1583248338.604000092

1583248338.605999947

1583248338.608000040

1583248338.608999968

1583248338.615000010

1583248338.617000103

1583248338.619999886

1583248338.624000072

1583248338.625999928

1583248338.627000093

1583248338.630000114

1583248338.631999969

1583248338.638000011

1583248338.640000105

1583248338.641999960

1583248338.644000053

1583248338.648000002

1583248338.648999929

1583248338.651000023

1583248338.653000116

1583248338.660000086

1583248338.661999941

1583248338.664000034

1583248338.665999889

1583248338.667999983

1583248338.671000004

1583248338.673000097

1583248338.676000118

1583248338.680000067

1583248338.683000088

1583248338.684999943

1583248338.687000036

1583248338.688999891

1583248338.690999985

1583248338.694999933

1583248338.697999954

1583248338.701999903

1583248338.703999996

1583248338.707999945

1583248338.710000038

1583248338.711999893

1583248338.713999987

1583248338.716000080

1583248338.717000008

1583248338.723000050

1583248338.726000071

1583248338.726999998

1583248338.729000092

1583248338.733000040

1583248338.739000082

1583248338.740999937

1583248338.743999958

1583248338.747999907

1583248338.750000000

1583248338.752000093

1583248338.755000114

1583248338.756999969

1583248338.759000063

1583248338.760999918

1583248338.763000011

1583248338.769000053

1583248338.770999908

1583248338.773000002

1583248338.775000095

1583248338.779000044

1583248338.780999899

1583248338.782000065

1583248338.783999920

1583248338.788000107

1583248338.792000055

1583248338.793999910

1583248338.796000004

1583248338.798000097

1583248338.799999952

1583248338.802999973

1583248338.805000067

1583248338.809000015

1583248338.811000109

1583248338.815000057

1583248338.816999912

1583248338.819000006

1583248338.821000099

1583248338.822999954

1583248338.825000048

1583248338.829999924

1583248338.832000017

1583248338.834000111

1583248338.835999966

1583248338.838999987

1583248338.841000080

1583248338.842999935

1583248338.845000029

1583248338.851000071

1583248338.854000092

1583248338.855999947

1583248338.858000040

1583248338.858999968

1583248338.862999916

1583248338.868000031

1583248338.871999979

1583248338.875999928

1583248338.878000021

1583248338.880000114

1583248338.881999969

1583248338.884000063

1583248338.888000011

1583248338.890000105

1583248338.894000053

1583248338.895999908

1583248338.898999929

1583248338.901000023

1583248338.903000116

1583248338.904999971

1583248338.907000065

1583248338.908999920

1583248338.914000034

1583248338.915999889

1583248338.917999983

1583248338.920000076

1583248338.923000097

1583248338.924999952

1583248338.927000046

1583248338.928999901

1583248338.934999943

1583248338.937000036

1583248338.938999891

1583248338.940999985

1583248338.943000078

1583248338.944000006

1583248338.947999954

1583248338.950000048

1583248338.954999924

1583248338.957999945

1583248338.960000038

1583248338.961999893

1583248338.963999987

1583248338.966000080

1583248338.970000029

1583248338.971999884

1583248338.976000071

1583248338.977999926

1583248338.982000113

1583248338.983999968

1583248338.986000061

1583248338.987999916

1583248338.990000010

1583248338.992000103

1583248338.996999979

1583248338.999000072

1583248339.000999928

1583248339.003000021

1583248339.006000042

1583248339.007999897

1583248339.009999990

1583248339.012000084

1583248339.017999887

1583248339.019999981

1583248339.022000074

1583248339.023999929

1583248339.026000023

1583248339.029999971

1583248339.032000065

1583248339.033999920

1583248339.039000034

1583248339.042999983

1583248339.045000076

1583248339.046999931

1583248339.049000025

1583248339.051000118

1583248339.052999973

1583248339.055999994

1583248339.059999943

1583248339.062000036

1583248339.063999891

1583248339.066999912

1583248339.069000006

1583248339.071000099

1583248339.072999954

1583248339.075000048

1583248339.081000090

1583248339.082999945

1583248339.086999893

1583248339.092999935

1583248339.095000029

1583248339.096999884

1583248339.098999977

1583248339.101000071

1583248339.105999947

1583248339.108000040

1583248339.109999895

1583248339.111999989

1583248339.115999937

1583248339.118000031

1583248339.119999886

1583248339.121999979

1583248339.128000021

1583248339.130000114

1583248339.131999969

1583248339.134000063

1583248339.135999918

1583248339.140000105

1583248339.141999960

1583248339.144000053

1583248339.148000002

1583248339.151000023

1583248339.154000044

1583248339.155999899

1583248339.157999992

1583248339.158999920

1583248339.163000107

1583248339.164999962

1583248339.168999910

1583248339.171000004

1583248339.174999952

1583248339.177000046

1583248339.178999901

1583248339.180999994

1583248339.183000088

1583248339.186000109

1583248339.190000057

1583248339.191999912

1583248339.194000006

1583248339.197999954

1583248339.200000048

1583248339.200999975

1583248339.203999996

1583248339.206000090

1583248339.211999893

1583248339.213999987

1583248339.216000080

1583248339.217999935

1583248339.220000029

1583248339.223000050

1583248339.224999905

1583248339.227999926

1583248339.232000113

1583248339.234999895

1583248339.236999989

1583248339.239000082

1583248339.240999937

1583248339.243000031

1583248339.246999979

1583248339.249000072

1583248339.253999949

1583248339.255000114

1583248339.259000063

1583248339.260999918

1583248339.263000011

1583248339.265000105

1583248339.266999960

1583248339.269999981

1583248339.273999929

1583248339.276000023

1583248339.278000116

1583248339.282000065

1583248339.283999920

1583248339.286000013

1583248339.288000107

1583248339.289000034

1583248339.295000076

1583248339.296999931

1583248339.299000025

1583248339.301000118

1583248339.302999973

1583248339.305999994

1583248339.308000088

1583248339.309999943

1583248339.313999891

1583248339.318000078

1583248339.319999933

1583248339.322000027

1583248339.323999882

1583248339.325999975

1583248339.326999903

1583248339.331000090

1583248339.335000038

1583248339.336999893

1583248339.338999987

1583248339.342000008

1583248339.344000101

1583248339.345999956

1583248339.348000050

1583248339.349999905

1583248339.355000019

1583248339.357000113

1583248339.358999968

1583248339.361000061

1583248339.365000010

1583248339.367000103

1583248339.368999958

1583248339.371000051

1583248339.377000093

1583248339.380000114

1583248339.381999969

1583248339.384000063

1583248339.385999918

1583248339.387000084

1583248339.391000032

1583248339.392999887

1583248339.397000074

1583248339.398999929

1583248339.401999950

1583248339.404000044

1583248339.405999899

1583248339.407999992

1583248339.410000086

1583248339.411999941

1583248339.417000055

1583248339.418999910

1583248339.421000004

1583248339.423000097

1583248339.426000118

1583248339.427999973

1583248339.430000067

1583248339.431999922

1583248339.440000057

1583248339.441999912

1583248339.444000006

1583248339.446000099

1583248339.450000048

1583248339.453000069

1583248339.453999996

1583248339.456000090

1583248339.463000059

1583248339.464999914

1583248339.467000008

1583248339.469000101

1583248339.473000050

1583248339.474999905

1583248339.476999998

1583248339.479000092

1583248339.484999895

1583248339.486999989

1583248339.489000082

1583248339.490999937

1583248339.493000031

1583248339.496999979

1583248339.499000072

1583248339.500999928

1583248339.505000114

1583248339.509000063

1583248339.510999918

1583248339.512000084

1583248339.513999939

1583248339.516000032

1583248339.517999887

1583248339.522000074

1583248339.526000023

1583248339.528000116

1583248339.529999971

1583248339.532999992

1583248339.535000086

1583248339.536999941

1583248339.539000034

1583248339.540999889

1583248339.546999931

1583248339.549999952

1583248339.552000046

1583248339.555000067

1583248339.558000088

1583248339.559999943

1583248339.562000036

1583248339.563999891

1583248339.569999933

1583248339.572000027

1583248339.573999882

1583248339.575999975

1583248339.578000069

1583248339.581000090

1583248339.582999945

1583248339.585000038

1583248339.588999987

1583248339.592999935

1583248339.595000029

1583248339.596999884

1583248339.598999977

1583248339.601000071

1583248339.601999998

1583248339.605999947

1583248339.609999895

1583248339.611999989

1583248339.614000082

1583248339.618000031

1583248339.619999886

1583248339.621999979

1583248339.624000072

1583248339.625999928

1583248339.631999969

1583248339.634000063

1583248339.635999918

1583248339.638000011

1583248339.641000032

1583248339.642999887

1583248339.644999981

1583248339.647000074

1583248339.651999950

1583248339.654000044

1583248339.655999899

1583248339.657999992

1583248339.660000086

1583248339.664000034

1583248339.665999889

1583248339.667999983

1583248339.671999931

1583248339.676000118

1583248339.677999973

1583248339.680999994

1583248339.683000088

1583248339.684000015

1583248339.687999964

1583248339.690000057

1583248339.694000006

1583248339.696000099

1583248339.700000048

1583248339.701999903

1583248339.703999996

1583248339.706000090

1583248339.707000017

1583248339.709000111

1583248339.714999914

1583248339.717000008

1583248339.720000029

1583248339.721999884

1583248339.724999905

1583248339.726999998

1583248339.729000092

1583248339.730999947

1583248339.736999989

1583248339.739000082

1583248339.740999937

1583248339.743000031

1583248339.744999886

1583248339.749000072

1583248339.750999928

1583248339.753000021

1583248339.756999969

1583248339.759999990

1583248339.762000084

1583248339.763999939

1583248339.766000032

1583248339.767999887

1583248339.772000074

1583248339.773999929

1583248339.776999950

1583248339.779000044

1583248339.780999899

1583248339.783999920

1583248339.790999889

1583248339.792000055

1583248339.796000004

1583248339.798000097

1583248339.802000046

1583248339.803999901

1583248339.808000088

1583248339.809999943

1583248339.812000036

1583248339.813999891

1583248339.815999985

1583248339.816999912

1583248339.822999954

1583248339.825000048

1583248339.826999903

1583248339.828999996

1583248339.832000017

1583248339.834000111

1583248339.835999966

1583248339.838000059

1583248339.844000101

1583248339.845999956

1583248339.848000050

1583248339.849999905

1583248339.851999998

1583248339.855999947

1583248339.858000040

1583248339.859999895

1583248339.864000082

1583248339.867000103

1583248339.868999958

1583248339.871000051

1583248339.872999907

1583248339.875000000

1583248339.878999949

1583248339.881000042

1583248339.884999990

1583248339.887000084

1583248339.891999960

1583248339.894000053

1583248339.894999981

1583248339.897000074

1583248339.898999929

1583248339.901000023

1583248339.905999899

1583248339.907999992

1583248339.910000086

1583248339.911999941

1583248339.915999889

1583248339.917999983

1583248339.920000076

1583248339.921999931

1583248339.927999973

1583248339.930000067

1583248339.931999922

1583248339.934000015

1583248339.936000109

1583248339.940000057

1583248339.941999912

1583248339.944000006

1583248339.947000027

1583248339.948999882

1583248339.950999975

1583248339.953999996

1583248339.954999924

1583248339.957000017

1583248339.959000111

1583248339.963000059

1583248339.967000008

1583248339.969000101

1583248339.970999956

1583248339.974999905

1583248339.976999998

1583248339.979000092

1583248339.980999947

1583248339.983000040

1583248339.987999916

1583248339.990000010

1583248339.992000103

1583248339.993999958

1583248339.996000051

1583248339.999000072

1583248340.000999928

1583248340.003000021

1583248340.007999897

1583248340.010999918

1583248340.013000011

1583248340.015000105

1583248340.016999960

1583248340.019000053

1583248340.019999981

1583248340.023999929

1583248340.028000116

1583248340.029999971

1583248340.032000065

1583248340.036000013

1583248340.038000107

1583248340.039999962

1583248340.042000055

1583248340.042999983

1583248340.049000025

1583248340.051000118

1583248340.052999973

1583248340.055000067

1583248340.059000015

1583248340.062000036

1583248340.063999891

1583248340.065999985

1583248340.072000027

1583248340.073999882

1583248340.075999975

1583248340.078000069

1583248340.079999924

1583248340.082000017

1583248340.085000038

1583248340.086999893

1583248340.091000080

1583248340.095000029

1583248340.096999884

1583248340.098999977

1583248340.101000071

1583248340.102999926

1583248340.104000092

1583248340.108000040

1583248340.111999989

1583248340.114000082

1583248340.117000103

1583248340.119999886

1583248340.121999979

1583248340.124000072

1583248340.125999928

1583248340.128000021

1583248340.135999918

1583248340.138000011

1583248340.140000105

1583248340.142999887

1583248340.144999981

1583248340.147000074

1583248340.148999929

1583248340.151000023

1583248340.157000065

1583248340.158999920

1583248340.161000013

1583248340.163000107

1583248340.165999889

1583248340.167999983

1583248340.170000076

1583248340.171999931

1583248340.177999973

1583248340.180000067

1583248340.181999922

1583248340.184000015

1583248340.186000109

1583248340.190000057

1583248340.191999912

1583248340.194000006

1583248340.197999954

1583248340.201999903

1583248340.203999996

1583248340.206000090

1583248340.207999945

1583248340.209000111

1583248340.210999966

1583248340.214999914

1583248340.219000101

1583248340.220999956

1583248340.223000050

1583248340.226000071

1583248340.227999926

1583248340.230999947

1583248340.233000040

1583248340.234999895

1583248340.240999937

1583248340.243000031

1583248340.244999886

1583248340.246999979

1583248340.249000072

1583248340.250999928

1583248340.253000021

1583248340.255000114

1583248340.259000063

1583248340.262000084

1583248340.263999939

1583248340.266000032

1583248340.267999887

1583248340.269999981

1583248340.273000002

1583248340.275000095

1583248340.279000044

1583248340.280999899

1583248340.282999992

1583248340.286999941

1583248340.289000034

1583248340.290999889

1583248340.292999983

1583248340.295000076

1583248340.299999952

1583248340.302000046

1583248340.303999901

1583248340.305999994

1583248340.309999943

1583248340.312000036

1583248340.313999891

1583248340.315999985

1583248340.319000006

1583248340.322999954

1583248340.325000048

1583248340.325999975

1583248340.328000069

1583248340.329999924

1583248340.334000111

1583248340.335999966

1583248340.339999914

1583248340.342000008

1583248340.345000029

1583248340.348000050

1583248340.349999905

1583248340.351999998

1583248340.354000092

1583248340.357000113

1583248340.361999989

1583248340.364000082

1583248340.365999937

1583248340.368999958

1583248340.371000051

1583248340.372999907

1583248340.375000000

1583248340.377000093

1583248340.382999897

1583248340.384999990

1583248340.387000084

1583248340.388999939

1583248340.392999887

1583248340.394999981

1583248340.397000074

1583248340.398999929

1583248340.403000116

1583248340.407000065

1583248340.408999920

1583248340.410000086

1583248340.411999941

1583248340.414000034

1583248340.417999983

1583248340.420000076

1583248340.424000025

1583248340.426000118

1583248340.430000067

1583248340.431999922

1583248340.434000015

1583248340.436000109

1583248340.437000036

1583248340.438999891

1583248340.444999933

1583248340.447999954

1583248340.450000048

1583248340.453000069

1583248340.454999924

1583248340.457000017

1583248340.459000111

1583248340.460999966

1583248340.467000008

1583248340.469000101

1583248340.470999956

1583248340.473000050

1583248340.479000092

1583248340.480999947

1583248340.483999968

1583248340.484999895

1583248340.490999937

1583248340.493000031

1583248340.494999886

1583248340.496999979

1583248340.500999928

1583248340.503000021

1583248340.505000114

1583248340.506999969

1583248340.513000011

1583248340.515000105

1583248340.516999960

1583248340.519000053

1583248340.520999908

1583248340.523999929

1583248340.526000023

1583248340.528000116

1583248340.532000065

1583248340.533999920

1583248340.536999941

1583248340.539000034

1583248340.540999889

1583248340.543999910

1583248340.545000076

1583248340.548000097

1583248340.552999973

1583248340.555000067

1583248340.556999922

1583248340.559999943

1583248340.562000036

1583248340.563999891

1583248340.565999985

1583248340.568000078

1583248340.575000048

1583248340.576999903

1583248340.578999996

1583248340.581000090

1583248340.584000111

1583248340.585999966

1583248340.588000059

1583248340.589999914

1583248340.594000101

1583248340.596999884

1583248340.598999977

1583248340.601000071

1583248340.602999926

1583248340.605000019

1583248340.608999968

1583248340.611000061

1583248340.615000010

1583248340.618000031

1583248340.621000051

1583248340.622999907

1583248340.625000000

1583248340.627000093

1583248340.628999949

1583248340.631999969

1583248340.637000084

1583248340.638999939

1583248340.641000032

1583248340.644999981

1583248340.647000074

1583248340.648999929

1583248340.651000023

1583248340.653000116

1583248340.657999992

1583248340.660000086

1583248340.661999941

1583248340.664000034

1583248340.667999983

1583248340.670000076

1583248340.671999931

1583248340.674000025

1583248340.680000067

1583248340.681999922

1583248340.684000015

1583248340.686000109

1583248340.687999964

1583248340.691999912

1583248340.694000006

1583248340.696000099

1583248340.700000048

1583248340.703999996

1583248340.706000090

1583248340.707999945

1583248340.710000038

1583248340.711999893

1583248340.713000059

1583248340.717000008

1583248340.720999956

1583248340.723000050

1583248340.724999905

1583248340.729000092

1583248340.730999947

1583248340.733000040

1583248340.734999895

1583248340.736000061

1583248340.743000031

1583248340.744999886

1583248340.747999907

1583248340.750999928

1583248340.753999949

1583248340.756000042

1583248340.757999897

1583248340.759000063

1583248340.765000105

1583248340.766999960

1583248340.769000053

1583248340.770999908

1583248340.773000002

1583248340.776000023

1583248340.778000116

1583248340.779999971

1583248340.783999920

1583248340.788000107

1583248340.789999962

1583248340.792000055

1583248340.793999910

1583248340.795000076

1583248340.796999931

1583248340.801000118

1583248340.805000067

1583248340.806999922

1583248340.809000015

1583248340.812000036

1583248340.813999891

1583248340.815999985

1583248340.818000078

1583248340.819999933

1583248340.828000069

1583248340.829999924

1583248340.832000017

1583248340.835999966

1583248340.838000059

1583248340.839999914

1583248340.842000008

1583248340.844000101

1583248340.848000050

1583248340.849999905

1583248340.851999998

1583248340.854000092

1583248340.855999947

1583248340.858999968

1583248340.861000061

1583248340.862999916

1583248340.868000031

1583248340.871000051

1583248340.872999907

1583248340.875000000

1583248340.877000093

1583248340.878999949

1583248340.881999969

1583248340.884000063

1583248340.888999939

1583248340.891000032

1583248340.894999981

1583248340.897000074

1583248340.898999929

1583248340.901000023

1583248340.903000116

1583248340.904000044

1583248340.910000086

1583248340.913000107

1583248340.914999962

1583248340.917000055

1583248340.920000076

1583248340.921999931

1583248340.924000025

1583248340.926000118

1583248340.931999922

1583248340.934000015

1583248340.938999891

1583248340.940999985

1583248340.944000006

1583248340.947000027

1583248340.948999882

1583248340.950999975

1583248340.957000017

1583248340.959000111

1583248340.960999966

1583248340.963000059

1583248340.967000008

1583248340.969000101

1583248340.970999956

1583248340.973000050

1583248340.979000092

1583248340.980999947

1583248340.983000040

1583248340.984999895

1583248340.986999989

1583248340.990999937

1583248340.993000031

1583248340.994999886

1583248340.999000072

1583248341.003000021

1583248341.005000114

1583248341.006999969

1583248341.009000063

1583248341.009999990

1583248341.012000084

1583248341.016000032

1583248341.019999981

1583248341.022000074

1583248341.023999929

1583248341.026999950

1583248341.029000044

1583248341.030999899

1583248341.032999992

1583248341.035000086

1583248341.040999889

1583248341.042999983

1583248341.046000004

1583248341.049000025

1583248341.052999973

1583248341.058000088

1583248341.059000015

1583248341.062999964

1583248341.066999912

1583248341.069000006

1583248341.071000099

1583248341.075000048

1583248341.076999903

1583248341.078999996

1583248341.081000090

1583248341.082000017

1583248341.089999914

1583248341.092000008

1583248341.094000101

1583248341.095999956

1583248341.099999905

1583248341.101999998

1583248341.102999926

1583248341.105999947

1583248341.111999989

1583248341.114000082

1583248341.115999937

1583248341.118000031

1583248341.119999886

1583248341.124000072

1583248341.125999928

1583248341.128000021

1583248341.131999969

1583248341.135999918

1583248341.138000011

1583248341.140000105

1583248341.141999960

1583248341.144000053

1583248341.147000074

1583248341.148999929

1583248341.153000116

1583248341.154999971

1583248341.158999920

1583248341.161000013

1583248341.163000107

1583248341.164999962

1583248341.167000055

1583248341.167999983

1583248341.178999901

1583248341.183000088

1583248341.184999943

1583248341.187000036

1583248341.188999891

1583248341.190999985

1583248341.194999933

1583248341.197000027

1583248341.200999975

1583248341.203000069

1583248341.207000017

1583248341.209000111

1583248341.210999966

1583248341.213000059

1583248341.214999914

1583248341.216000080

1583248341.221999884

1583248341.223999977

1583248341.226000071

1583248341.227999926

1583248341.230999947

1583248341.233000040

1583248341.234999895

1583248341.236999989

1583248341.243000031

1583248341.246000051

1583248341.247999907

1583248341.250000000

1583248341.250999928

1583248341.256000042

1583248341.257999897

1583248341.259999990

1583248341.263999939

1583248341.266999960

1583248341.269000053

1583248341.270999908

1583248341.273000002

1583248341.275000095

1583248341.279000044

1583248341.280999899

1583248341.285000086

1583248341.286999941

1583248341.290999889

1583248341.292999983

1583248341.295000076

1583248341.296999931

1583248341.298000097

1583248341.299999952

1583248341.305999994

1583248341.308000088

1583248341.309999943

1583248341.312000036

1583248341.315000057

1583248341.316999912

1583248341.319000006

1583248341.321000099

1583248341.326999903

1583248341.328999996

1583248341.331000090

1583248341.332999945

1583248341.335000038

1583248341.335999966

1583248341.339999914

1583248341.342000008

1583248341.346999884

1583248341.349999905

1583248341.351999998

1583248341.354000092

1583248341.355999947

1583248341.358000040

1583248341.361999989

1583248341.364000082

1583248341.368000031

1583248341.369999886

1583248341.374000072

1583248341.375999928

1583248341.378000021

1583248341.380000114

1583248341.381000042

1583248341.382999897

1583248341.388999939

1583248341.391000032

1583248341.392999887

1583248341.394999981

1583248341.398000002

1583248341.400000095

1583248341.401999950

1583248341.404000044

1583248341.410000086

1583248341.411999941

1583248341.414000034

1583248341.415999889

1583248341.417999983

1583248341.421000004

1583248341.423000097

1583248341.427000046

1583248341.430999994

1583248341.434000015

1583248341.437000036

1583248341.438999891

1583248341.440999985

1583248341.443000078

1583248341.444999933

1583248341.447000027

1583248341.450999975

1583248341.453000069

1583248341.454999924

1583248341.457999945

1583248341.460000038

1583248341.461999893

1583248341.463999987

1583248341.466000080

1583248341.471999884

1583248341.473999977

1583248341.476000071

1583248341.477999926

1583248341.482000113

1583248341.483999968

1583248341.486000061

1583248341.487999916

1583248341.493999958

1583248341.496000051

1583248341.497999907

1583248341.500000000

1583248341.502000093

1583248341.506000042

1583248341.507999897

1583248341.509999990

1583248341.513999939

1583248341.517999887

1583248341.519000053

1583248341.520999908

1583248341.523000002

1583248341.529999971

1583248341.532999992

1583248341.535000086

1583248341.539000034

1583248341.542000055

1583248341.545000076

1583248341.546999931

1583248341.548000097

1583248341.549999952

1583248341.555999994

1583248341.558000088

1583248341.562000036

1583248341.565999985

1583248341.568000078

1583248341.569999933

1583248341.572000027

1583248341.572999954

1583248341.576999903

1583248341.578999996

1583248341.582999945

1583248341.585000038

1583248341.588999987

1583248341.589999914

1583248341.592000008

1583248341.595000029

1583248341.596999884

1583248341.598999977

1583248341.604000092

1583248341.605999947

1583248341.608000040

1583248341.609999895

1583248341.612999916

1583248341.615999937

1583248341.618000031

1583248341.619999886

1583248341.625999928

1583248341.628000021

1583248341.630000114

1583248341.631999969

1583248341.634000063

1583248341.638000011

1583248341.640000105

1583248341.641000032

1583248341.645999908

1583248341.648999929

1583248341.651000023

1583248341.653000116

1583248341.654999971

1583248341.657000065

1583248341.661000013

1583248341.661999941

1583248341.667000055

1583248341.668999910

1583248341.671999931

1583248341.674000025

1583248341.676000118

1583248341.678999901

1583248341.680000067

1583248341.681999922

1583248341.687999964

1583248341.690000057

1583248341.693000078

1583248341.694000006

1583248341.697999954

1583248341.700000048

1583248341.701999903

1583248341.703999996

1583248341.710000038

1583248341.711999893

1583248341.713999987

1583248341.716000080

1583248341.717999935

1583248341.720999956

1583248341.723000050

1583248341.724999905

1583248341.729000092

1583248341.733000040

1583248341.734999895

1583248341.736999989

1583248341.739000082

1583248341.740999937

1583248341.743999958

1583248341.746000051

1583248341.750000000

1583248341.752000093

1583248341.756000042

1583248341.757999897

1583248341.759999990

1583248341.762000084

1583248341.763999939

1583248341.766000032

1583248341.772000074

1583248341.773999929

1583248341.776000023

1583248341.778000116

1583248341.780999899

1583248341.782999992

1583248341.785000086

1583248341.786999941

1583248341.792999983

1583248341.795000076

1583248341.796999931

1583248341.799000025

1583248341.801000118

1583248341.803999901

1583248341.805999994

1583248341.808000088

1583248341.812000036

1583248341.813999891

1583248341.816999912

1583248341.819000006

1583248341.821000099

1583248341.822999954

1583248341.825000048

1583248341.828000069

1583248341.832999945

1583248341.835000038

1583248341.836999893

1583248341.839999914

1583248341.842999935

1583248341.845000029

1583248341.846999884

1583248341.848999977

1583248341.854000092

1583248341.855999947

1583248341.858000040

1583248341.859999895

1583248341.864000082

1583248341.865000010

1583248341.868000031

1583248341.869999886

1583248341.875999928

1583248341.882999897

1583248341.884000063

1583248341.888000011

1583248341.890000105

1583248341.891999960

1583248341.894000053

1583248341.895999908

1583248341.901999950

1583248341.904000044

1583248341.905999899

1583248341.907999992

1583248341.911999941

1583248341.914000034

1583248341.915999889

1583248341.917999983

1583248341.924000025

1583248341.926000118

1583248341.927999973

1583248341.930000067

1583248341.931999922

1583248341.936000109

1583248341.937999964

1583248341.940999985

1583248341.944999933

1583248341.948999882

1583248341.950999975

1583248341.953000069

1583248341.954999924

1583248341.957000017

1583248341.960000038

1583248341.961999893

1583248341.966000080

1583248341.967999935

1583248341.971999884

1583248341.973000050

1583248341.974999905

1583248341.977999926

1583248341.979000092

1583248341.980999947

1583248341.986999989

1583248341.989000082

1583248341.990999937

1583248341.993000031

1583248341.996000051

1583248341.997999907

1583248342.000000000

1583248342.002000093

1583248342.007999897

1583248342.009999990

1583248342.012000084

1583248342.013999939

1583248342.016000032

1583248342.019000053

1583248342.020999908

1583248342.023000002

1583248342.028000116

1583248342.030999899

1583248342.032999992

1583248342.035000086

1583248342.038000107

1583248342.039000034

1583248342.042000055

1583248342.045000076

1583248342.049000025

1583248342.051000118

1583248342.052999973

1583248342.055999994

1583248342.058000088

1583248342.059999943

1583248342.062000036

1583248342.063999891

1583248342.069999933

1583248342.073999882

1583248342.075000048

1583248342.076999903

1583248342.081000090

1583248342.082999945

1583248342.085000038

1583248342.086999893

1583248342.092999935

1583248342.095000029

1583248342.096999884

1583248342.098999977

1583248342.101000071

1583248342.104000092

1583248342.107000113

1583248342.108999968

1583248342.114000082

1583248342.117000103

1583248342.118999958

1583248342.121000051

1583248342.122999907

1583248342.125000000

1583248342.125999928

1583248342.130000114

1583248342.134000063

1583248342.135999918

1583248342.138000011

1583248342.141000032

1583248342.144000053

1583248342.145999908

1583248342.148000002

1583248342.151999950

1583248342.155999899

1583248342.157999992

1583248342.160000086

1583248342.164000034

1583248342.164999962

1583248342.167000055

1583248342.170000076

1583248342.171999931

1583248342.177999973

1583248342.180000067

1583248342.181999922

1583248342.184000015

1583248342.187000036

1583248342.188999891

1583248342.190999985

1583248342.193000078

1583248342.200000048

1583248342.201999903

1583248342.203999996

1583248342.206000090

1583248342.207999945

1583248342.211999893

1583248342.213000059

1583248342.216000080

1583248342.220000029

1583248342.223999977

1583248342.224999905

1583248342.226999998

1583248342.234999895

1583248342.236999989

1583248342.239000082

1583248342.242000103

1583248342.247999907

1583248342.250000000

1583248342.252000093

1583248342.253999949

1583248342.256000042

1583248342.259000063

1583248342.260999918

1583248342.263000011

1583248342.266999960

1583248342.270999908

1583248342.272000074

1583248342.275000095

1583248342.278000116

1583248342.279000044

1583248342.280999899

1583248342.285000086

1583248342.289000034

1583248342.290999889

1583248342.292999983

1583248342.296000004

1583248342.298000097

1583248342.299999952

1583248342.302000046

1583248342.303999901

1583248342.309999943

1583248342.312000036

1583248342.313999891

1583248342.315999985

1583248342.319000006

1583248342.321000099

1583248342.322999954

1583248342.325000048

1583248342.328999996

1583248342.332999945

1583248342.334000111

1583248342.335999966

1583248342.338000059

1583248342.339999914

1583248342.342999935

1583248342.345000029

1583248342.348999977

1583248342.351000071

1583248342.354000092

1583248342.355999947

1583248342.358000040

1583248342.361000061

1583248342.362999916

1583248342.364000082

1583248342.369999886

1583248342.371999979

1583248342.374000072

1583248342.375999928

1583248342.378999949

1583248342.381000042

1583248342.382999897

1583248342.384999990

1583248342.391000032

1583248342.392999887

1583248342.394999981

1583248342.397000074

1583248342.398999929

1583248342.401999950

1583248342.404000044

1583248342.405999899

1583248342.411000013

1583248342.414999962

1583248342.415999889

1583248342.418999910

1583248342.421000004

1583248342.421999931

1583248342.424000025

1583248342.427999973

1583248342.431999922

1583248342.434000015

1583248342.436000109

1583248342.438999891

1583248342.441999912

1583248342.444000006

1583248342.444999933

1583248342.447999954

1583248342.453999996

1583248342.456000090

1583248342.457999945

1583248342.460000038

1583248342.463000059

1583248342.464999914

1583248342.467000008

1583248342.469000101

1583248342.474999905

1583248342.476999998

1583248342.479000092

1583248342.480999947

1583248342.483000040

1583248342.486000061

1583248342.489000082

1583248342.490999937

1583248342.494999886

1583248342.497999907

1583248342.500999928

1583248342.503000021

1583248342.505000114

1583248342.506000042

1583248342.507999897

1583248342.512000084

1583248342.516000032

1583248342.517999887

1583248342.519999981

1583248342.523000002

1583248342.525000095

1583248342.526999950

1583248342.529000044

1583248342.530999899

1583248342.536999941

1583248342.539000034

1583248342.540999889

1583248342.542999983

1583248342.546999931

1583248342.549000025

1583248342.551000118

1583248342.552999973

1583248342.559000015

1583248342.561000109

1583248342.562999964

1583248342.565000057

1583248342.566999912

1583248342.569999933

1583248342.572000027

1583248342.573999882

1583248342.582999945

1583248342.585000038

1583248342.586999893

1583248342.588999987

1583248342.591000080

1583248342.594000101

1583248342.595999956

1583248342.598000050

1583248342.601999998

1583248342.605999947

1583248342.607000113

1583248342.608999968

1583248342.611999989

1583248342.614000082

1583248342.618999958

1583248342.621000051

1583248342.625000000

1583248342.627000093

1583248342.631000042

1583248342.632999897

1583248342.634999990

1583248342.637000084

1583248342.638000011

1583248342.640000105

1583248342.644999981

1583248342.647000074

1583248342.648999929

1583248342.651000023

1583248342.654999971

1583248342.655999899

1583248342.657999992

1583248342.660000086

1583248342.667000055

1583248342.668999910

1583248342.671000004

1583248342.673000097

1583248342.674999952

1583248342.677999973

1583248342.680000067

1583248342.681999922

1583248342.686000109

1583248342.690000057

1583248342.691999912

1583248342.694000006

1583248342.696000099

1583248342.697000027

1583248342.701999903

1583248342.703999996

1583248342.707999945

1583248342.710000038

1583248342.713999987

1583248342.714999914

1583248342.717000008

1583248342.719000101

1583248342.720999956

1583248342.723000050

1583248342.729000092

1583248342.730999947

1583248342.733000040

1583248342.734999895

1583248342.737999916

1583248342.740999937

1583248342.743000031

1583248342.744999886

1583248342.750999928

1583248342.753000021

1583248342.755000114

1583248342.757999897

1583248342.760999918

1583248342.763000011

1583248342.765000105

1583248342.766999960

1583248342.773000002

1583248342.775000095

1583248342.776999950

1583248342.779000044

1583248342.780999899

1583248342.783999920

1583248342.786999941

1583248342.789999962

1583248342.793999910

1583248342.798000097

1583248342.799000025

1583248342.801000118

1583248342.802999973

1583248342.805000067

1583248342.806999922

1583248342.811000109

1583248342.815000057

1583248342.816999912

1583248342.819000006

1583248342.822000027

1583248342.823999882

1583248342.825999975

1583248342.828000069

1583248342.829999924

1583248342.835999966

1583248342.838000059

1583248342.841000080

1583248342.842000008

1583248342.845999956

1583248342.848000050

1583248342.849999905

1583248342.851999998

