nSeg: 25

breaks: 
0.000000000000000
0.325719995498657
0.651439990997314
0.977159986495972
1.302879981994629
1.628599977493286
1.954319972991943
2.280039968490601
2.605759963989258
2.931479959487915
3.257199954986572
3.582919950485230
3.908639945983887
4.234359941482544
4.560079936981201
4.885799932479858
5.211519927978515
5.537239923477173
5.862959918975830
6.188679914474488
6.514399909973145
6.840119905471802
7.165839900970459
7.491559896469116
7.817279891967774
8.142999887466431

coefs_q:
q1:
-0.000091063452614
0.000044947452773
-0.000000000000000
-2.272303104000001
q2:
-0.000172014382152
0.000076805911549
0.000000000000000
1.275237679000000
q3:
-0.347969468250361
0.195658443203217
-0.000000000000000
-2.765015602000000
q4:
0.452580458139410
-0.257124752169824
0.000000000000000
1.616750360000000
q5:
0.000528423164453
-0.000188935210656
0.000000000000000
-0.970457494000000
q6:
-0.058417315908710
0.018319738606053
0.000000000000000
-0.409921914000000
q7:
-0.015132093669162
0.004926177246794
0.000000000000000
-1.249645114000000

q1:
0.000071063360321
-0.000044036109354
0.000000296842774
-2.272301482226367
q2:
0.000242948490097
-0.000091279659791
-0.000004714389212
1.275239883346111
q3:
0.223975131053651
-0.144363397693315
0.016707821992589
-2.756282214075142
q4:
-0.280241406913586
0.185118762194023
-0.023453790730794
1.605110814172432
q5:
-0.000803198648866
0.000327418761585
0.000045106861585
-0.970459278197980
q6:
0.080204381570362
-0.038763325018433
-0.006658884874217
-0.409997022826697
q7:
0.018440906199436
-0.009860299198620
-0.001607142179939
-1.249645394960562

q1:
-0.000029075890933
0.000025404162857
-0.000005771954755
-2.272303601763523
q2:
-0.000426136673645
0.000146119883511
0.000013148168211
1.275237059112653
q3:
-0.115462069896750
0.074496138342504
-0.006049341408661
-2.758416303546509
q4:
0.134541219842831
-0.088721927201269
0.007944585929131
1.607427105349344
q5:
0.001093238289255
-0.000457434819295
0.000002758031853
-0.970437604942289
q6:
-0.055577438863231
0.039609187393779
-0.006383370585127
-0.413506887081093
q7:
-0.010205763676574
0.008159416454194
-0.002161153699797
-1.250577728782610

q1:
-0.000003292114467
-0.000003007634334
0.000001523042415
-2.272303791356803
q2:
0.000797446049414
-0.000270283822754
-0.000027294509521
1.275242118195047
q3:
0.053212165700354
-0.038328776318602
0.005731091586962
-2.756473135073633
q4:
-0.060085898546188
0.042746369363504
-0.007030572562835
1.605251305938272
q5:
-0.001748967692594
0.000610833892670
0.000052723177343
-0.970447458669870
q6:
0.022793822356515
-0.014698862015297
0.001730420485022
-0.413304377877257
q7:
0.003533845042477
-0.001813247442188
-0.000094079557773
-1.250768676903971

q1:
0.000024041227026
-0.000006224556862
-0.000001484066860
-2.272303728126808
q2:
-0.001499284089163
0.000508948548123
0.000050443363752
1.275232109633797
q3:
-0.017635402133753
0.013668022798578
-0.002301408938573
-2.756833997500469
q4:
0.024630686631795
-0.015967166448488
0.001691949290102
1.605420045334062
q5:
0.003210942841799
-0.001098187354207
-0.000106017589955
-0.970425918852440
q6:
-0.012327696530366
0.007574349130787
-0.000590175819650
-0.413512518178827
q7:
-0.003370957463168
0.001639884531798
-0.000150547324164
-1.250869575989162

q1:
-0.000053526013984
0.000017267568214
0.000002112862748
-2.272304041114801
q2:
0.002819115698494
-0.000956091872197
-0.000095200157752
1.275250725757175
q3:
0.004893995366607
-0.003564586512292
0.000989482283116
-2.756742946522212
q4:
-0.013553827219576
0.008100954968024
-0.000870233077906
1.605128291432567
q5:
-0.005986282125054
0.002039417509725
0.000200559892063
-0.970466001615025
q6:
0.008137708956965
-0.004471782644352
0.000420392122346
-0.413327166406753
q7:
0.004395734926119
-0.001654080217389
-0.000155171142811
-1.250861120581328

q1:
0.000104480993332
-0.000035035910887
-0.000003674641747
-2.272303370622796
q2:
-0.005297354473637
0.001798635185673
0.000179233046521
1.275215701573631
q3:
-0.003982755724951
0.001217629934053
0.000225031597017
-2.756629711153514
q4:
0.011357615135423
-0.005143302654826
0.000093133420235
1.605235921292562
q5:
0.011203935654822
-0.003810137850754
-0.000376199129446
-0.970391172905478
q6:
-0.008303462627809
0.003480060930144
0.000097368530058
-0.413383450414612
q7:
-0.007172786088971
0.002641256063657
0.000166371769392
-1.250935247668337

q1:
-0.000198463555858
0.000067058735146
0.000006755832426
-2.272304674083407
q2:
0.010004443209150
-0.003377727640251
-0.000335108940676
1.275281845380782
q3:
0.007913714268298
-0.002674159596357
-0.000249389238032
-2.756564862433418
q4:
-0.015587412720733
0.005954904397531
0.000357488336216
1.605113068250542
q5:
-0.021080213284590
0.007137899762413
0.000707719465440
-0.970530767470613
q6:
0.012453897002050
-0.004633750499116
-0.000278411231154
-0.413269464565443
q7:
0.012610384528233
-0.004367703494181
-0.000395966679907
-1.250848705301737

q1:
0.000374348293769
-0.000126871910416
-0.000012726514754
-2.272302217338060
q2:
-0.019257205068329
0.006398213950902
0.000648723846833
1.275160060035291
q3:
-0.015746942898390
0.005058805331186
0.000527337559983
-2.756656332009356
q4:
0.031352764196899
-0.009276491606168
-0.000724419034430
1.605322635309109
q5:
0.040020070310210
-0.013460841166089
-0.001351788980104
-0.970271428490436
q6:
-0.021609362693696
0.007535699327230
0.000666811528076
-0.413421392979525
q7:
-0.023171657464954
0.007954659681136
0.000772376673162
-1.251005290309105

q1:
-0.000702891625036
0.000238926263268
0.000023771828553
-2.272306886633980
q2:
0.039842520903207
-0.012419156293617
-0.001312417465934
1.275384704387495
q3:
0.030439819354861
-0.010328477178757
-0.001189099930488
-2.756492024811698
q4:
-0.075978377941263
0.021360175033085
0.003211478276993
1.605185952494093
q5:
-0.078225110708658
0.025645170197803
0.002616890617260
-0.970756876410908
q6:
0.039549798058107
-0.013580105230728
-0.001301972335603
-0.413151460277629
q7:
0.042075248977308
-0.014687756814408
-0.001420727694780
-1.250710511827578

q1:
0.001316452823766
-0.000447911307560
-0.000044298779134
-2.272298084817697
q2:
-0.122927372920959
0.026513360894126
0.003278346793102
1.275016461030884
q3:
0.106203734588759
0.019416096290979
0.001770919325839
-2.756923220767197
q4:
-0.025459788984369
-0.052882855729985
-0.007056089137707
1.605872603200075
q5:
0.172544423061382
-0.050793277925916
-0.005574350918741
-0.969886924442561
q6:
-0.066537825732647
0.025066374905650
0.002439335371209
-0.413649586159230
q7:
-0.115891871879279
0.026426492908073
0.002402813372809
-1.251277561904409

q1:
-0.002456365275393
0.000838473715934
0.000082915206764
-2.272314541931278
q2:
0.174631240398194
-0.093606349169303
-0.018575181045881
1.274649205691835
q3:
-0.194400186792523
0.123194136147552
0.048221923593779
-2.750616415994612
q4:
0.112907293645578
-0.077761142790141
-0.049609451747609
1.597083957494532
q5:
-0.180354260534905
0.117810228182700
0.016254409817233
-0.971128859854929
q6:
0.003981300259305
-0.039951725988734
-0.002409121116570
-0.412494998983635
q7:
0.123112656345603
-0.086818407052477
-0.017268040630462
-1.251696087857868

q1:
0.004561998315291
-0.001561788143398
-0.000152682765294
-2.272283462239253
q2:
-0.015764040573595
0.077036311339971
-0.023972373693063
1.264702564399114
q3:
-0.115929163628647
-0.066765947753444
0.066601712863505
-2.728557316636345
q4:
0.171331489659477
0.032567346743868
-0.064329974792368
1.576576926526188
q5:
0.048778104056359
-0.058424738606079
0.035597451214816
-0.959568034688127
q6:
-0.033968718776966
-0.036061358681115
-0.027168102713072
-0.417380736047316
q7:
0.002282639627135
0.033482354559676
-0.034640659408333
-1.262277127081502

q1:
-0.008533944352785
0.002896014068767
0.000281901297111
-2.272341241694110
q2:
-0.028019679475240
0.061632321665955
0.021194772825432
1.264522581564187
q3:
0.198193963609458
-0.180047287719302
-0.013790293083687
-2.717953379664221
q4:
-0.300001965073419
0.199985622865858
0.011417177422111
1.564999216221005
q5:
-0.064068799859438
-0.010760727105068
0.013062361634808
-0.952486104767193
q6:
0.294432726661009
-0.069254231462501
-0.061471496260589
-0.431229656176360
q7:
-0.010236394865508
0.035712858666902
-0.012102394867644
-1.269929141132684

q1:
0.016048623214423
-0.005443014879758
-0.000547707795580
-2.272237078123730
q2:
-0.119778126370243
0.034252612048308
0.052426413003230
1.276996662663516
q3:
0.073273487497094
0.013619923084899
-0.067999013543258
-2.734698058494909
q4:
0.100388252298819
-0.093164293274049
0.046211020415915
1.579568095251592
q5:
0.184434112831855
-0.073366194710530
-0.014339458960284
-0.951587087143786
q6:
-0.460390519060630
0.218453647745543
-0.012874263060474
-0.448424929760881
q7:
-0.078969609992875
0.025710263198355
0.007904344109821
-1.270435967250145

q1:
-0.030549009792534
0.010239057563727
0.001014459205854
-2.272438357355995
q2:
0.083215865606422
-0.082789780298151
0.036616886779374
1.293567827409500
q3:
-0.035952977273807
0.085219843138071
-0.035804925334024
-2.752869615617775
q4:
-0.147676627231096
0.004931089986619
0.017471701838302
1.588204915911040
q5:
-0.270420780250294
0.106855440493642
-0.003431341974556
-0.957667964217727
q6:
0.696285507623105
-0.231421545642616
-0.017098166705136
-0.445351432807010
q7:
0.132000713095243
-0.051455679835875
-0.000481452881463
-1.267862607506254

q1:
0.062144113246953
-0.019612212432611
-0.002038564755847
-2.272077305487714
q2:
-0.169893244375180
-0.001474566185929
0.009170304221882
1.299586893078551
q3:
0.062957229466731
0.050088032350708
0.008267555261114
-2.756733142094010
q4:
0.256780205547324
-0.139372601084289
-0.026318586551264
1.589315726600043
q5:
0.570943929476365
-0.157388925483966
-0.019891108478135
-0.956793822824448
q6:
-1.502385225236719
0.448960791583718
0.053758715503582
-0.451411588248612
q7:
-0.309797961283254
0.077530135189731
0.008011518599025
-1.268917020780695

q1:
-0.169087525370727
0.041112528428586
0.004964518073582
-2.272674534942611
q2:
0.136122692048151
-0.167487446565337
-0.045864001810905
1.296546439253848
q3:
-0.077680877013923
0.111607317846243
0.060934963999419
-2.746550619507538
q4:
-0.142724769602720
0.111542741100767
-0.035383328419825
1.574830204410526
q5:
-0.692283327399235
0.400514636933116
0.059299797160690
-0.960240715579095
q6:
1.941409065162833
-1.019109934820341
-0.131950260865014
-0.438187065763634
q7:
0.330814074545736
-0.225192036474293
-0.040084915222706
-1.268787684182334

q1:
0.138883058548969
-0.124113035579311
-0.022070406741939
-2.272538839777519
q2:
0.031432880807281
-0.034473798641771
-0.111646817690668
1.268542246625430
q3:
-0.012034566922747
0.035700673112323
0.108916122151360
-2.717546471534771
q4:
0.057118239289538
-0.027922192836868
-0.008146443815713
1.570206999989868
q5:
0.404471973989880
-0.275956929919706
0.099870732928421
-0.922356662300136
q6:
-1.361462556575644
0.877957321077329
-0.177926489578012
-0.522198015019478
q7:
-0.138552905913709
0.098066240141496
-0.081492329031988
-1.294303688403054

q1:
0.086464728617534
0.011597932036920
-0.058718825761297
-2.288095849608152
q2:
0.219218034700172
-0.003758845256598
-0.124099954289146
1.229605418307710
q3:
-0.332141518218404
0.023940975860607
0.128342599786355
-2.678698578676942
q4:
0.069961905214168
0.027891465095971
-0.008156452455339
1.566564999142990
q5:
-0.268811851340197
0.119276898722245
0.048836913872054
-0.905126759662296
q6:
0.776148052642282
-0.452409412320901
-0.039317026653405
-0.534054412982745
q7:
0.172069493598713
-0.037322115530122
-0.061706753037001
-1.315231119485418

q1:
-0.109919703753285
0.096087805085207
-0.023643427950609
-2.303003337337821
q2:
-0.042049579537109
0.210452246570696
-0.056775780543516
1.196360261909267
q3:
0.307898657757423
-0.300614425596441
0.038224524983801
-2.645832586527663
q4:
-0.226010840727079
0.096255439450280
0.032280676734638
1.569285041193056
q5:
0.086502625991686
-0.143395286303300
0.040981072777718
-0.885854366637844
q6:
-0.308070522053566
0.306011408317906
-0.087001783858272
-0.568037282689279
q7:
-0.141295811467208
0.130817308511165
-0.031253499200070
-1.333343709719731

q1:
0.027741715669165
-0.011321331149994
0.003966707558006
-2.304308652500586
q2:
-0.162484461777174
0.169363079998053
0.066937665916778
1.198741775559841
q3:
0.006608778894226
0.000251822659931
-0.059609580692644
-2.654635349646122
q4:
0.071915627021983
-0.124593310622535
0.023050465463969
1.582201374267299
q5:
0.075776637423426
-0.058868381457398
-0.024900248174838
-0.884730069660328
q6:
0.007554215246961
0.004977221148237
0.014293431131573
-0.574555602318578
q7:
-0.002613234336122
-0.007251304714068
0.008994419000508
-1.334527459378799

q1:
-0.019938319794355
0.015786763358662
0.005421188116913
-2.303259072006106
q2:
-0.116164978191320
0.010589765522064
0.125551905949561
1.232898096649963
q3:
0.049259649970023
0.006709656954967
-0.057342087583815
-2.673796287135517
q4:
0.066774023712548
-0.054320237492885
-0.035225254622834
1.578976001903781
q5:
0.018796700502161
0.015177516543988
-0.039131236497767
-0.896467535380816
q6:
-0.062814015980017
0.012358898016945
0.019940151788021
-0.569110845756183
q7:
0.002971993491978
-0.009804852742664
0.003438887470477
-1.332457418633706

q1:
-0.012657296029334
-0.003696164942342
0.009359337778653
-2.300507413532844
q2:
-0.064683635364512
-0.102922002998671
0.095477449974299
1.270902080819810
q3:
0.017499261779259
0.054844215854471
-0.037292760409400
-2.690059645694889
q4:
0.082785535786573
0.010928666616350
-0.049358756893419
1.564046902375721
q5:
0.010147773838785
0.033544900152848
-0.023261371150590
-0.906953572038170
q6:
0.059963376907919
-0.049020444989846
0.007998752873034
-0.563475390759850
q7:
0.010240874874638
-0.006900739622177
-0.002002457999402
-1.332274832994992

q1:
0.023696185358206
-0.016064368159441
0.002922937025689
-2.298288424592632
q2:
0.315382755859093
-0.166128263257968
0.007842398460274
1.288846380161738
q3:
-0.159832873647990
0.071943794258381
0.004004629673841
-2.695783309655876
q4:
-0.138013652611166
0.091823379647619
-0.015890360846841
1.551990030459358
q5:
-0.094674729899962
0.043460898700119
0.001820957305169
-0.910620694979655
q6:
-0.004356299818566
0.009573367579750
-0.004849949003418
-0.563998647162092
q7:
0.003817009162490
0.003106233532031
-0.003238404506004
-1.333305305677680

coefs_qdot:
qdot1:
-0.000273190357843
0.000089894905546
-0.000000000000000
qdot2:
-0.000516043146456
0.000153611823099
0.000000000000000
qdot3:
-1.043908404751082
0.391316886406435
-0.000000000000000
qdot4:
1.357741374418229
-0.514249504339647
0.000000000000000
qdot5:
0.001585269493358
-0.000377870421312
0.000000000000000
qdot6:
-0.175251947726130
0.036639477212105
0.000000000000000
qdot7:
-0.045396281007486
0.009852354493587
0.000000000000000

qdot1:
0.000213190080962
-0.000088072218708
0.000000296842774
qdot2:
0.000728845470290
-0.000182559319583
-0.000004714389212
qdot3:
0.671925393160953
-0.288726795386631
0.016707821992589
qdot4:
-0.840724220740757
0.370237524388046
-0.023453790730794
qdot5:
-0.002409595946598
0.000654837523169
0.000045106861585
qdot6:
0.240613144711085
-0.077526650036867
-0.006658884874217
qdot7:
0.055322718598309
-0.019720598397241
-0.001607142179939

qdot1:
-0.000087227672798
0.000050808325715
-0.000005771954755
qdot2:
-0.001278410020935
0.000292239767021
0.000013148168211
qdot3:
-0.346386209690251
0.148992276685007
-0.006049341408661
qdot4:
0.403623659528494
-0.177443854402537
0.007944585929131
qdot5:
0.003279714867764
-0.000914869638589
0.000002758031853
qdot6:
-0.166732316589693
0.079218374787558
-0.006383370585127
qdot7:
-0.030617291029722
0.016318832908388
-0.002161153699797

qdot1:
-0.000009876343400
-0.000006015268668
0.000001523042415
qdot2:
0.002392338148243
-0.000540567645507
-0.000027294509521
qdot3:
0.159636497101062
-0.076657552637204
0.005731091586962
qdot4:
-0.180257695638565
0.085492738727008
-0.007030572562835
qdot5:
-0.005246903077781
0.001221667785340
0.000052723177343
qdot6:
0.068381467069545
-0.029397724030593
0.001730420485022
qdot7:
0.010601535127432
-0.003626494884376
-0.000094079557773

qdot1:
0.000072123681077
-0.000012449113723
-0.000001484066860
qdot2:
-0.004497852267490
0.001017897096247
0.000050443363752
qdot3:
-0.052906206401260
0.027336045597155
-0.002301408938573
qdot4:
0.073892059895385
-0.031934332896976
0.001691949290102
qdot5:
0.009632828525396
-0.002196374708413
-0.000106017589955
qdot6:
-0.036983089591099
0.015148698261574
-0.000590175819650
qdot7:
-0.010112872389503
0.003279769063597
-0.000150547324164

qdot1:
-0.000160578041951
0.000034535136428
0.000002112862748
qdot2:
0.008457347095481
-0.001912183744394
-0.000095200157752
qdot3:
0.014681986099822
-0.007129173024584
0.000989482283116
qdot4:
-0.040661481658728
0.016201909936047
-0.000870233077906
qdot5:
-0.017958846375162
0.004078835019450
0.000200559892063
qdot6:
0.024413126870894
-0.008943565288704
0.000420392122346
qdot7:
0.013187204778356
-0.003308160434778
-0.000155171142811

qdot1:
0.000313442979996
-0.000070071821775
-0.000003674641747
qdot2:
-0.015892063420912
0.003597270371347
0.000179233046521
qdot3:
-0.011948267174854
0.002435259868107
0.000225031597017
qdot4:
0.034072845406270
-0.010286605309652
0.000093133420235
qdot5:
0.033611806964465
-0.007620275701508
-0.000376199129446
qdot6:
-0.024910387883427
0.006960121860288
0.000097368530058
qdot7:
-0.021518358266914
0.005282512127314
0.000166371769392

qdot1:
-0.000595390667574
0.000134117470292
0.000006755832426
qdot2:
0.030013329627450
-0.006755455280501
-0.000335108940676
qdot3:
0.023741142804895
-0.005348319192714
-0.000249389238032
qdot4:
-0.046762238162199
0.011909808795061
0.000357488336216
qdot5:
-0.063240639853771
0.014275799524826
0.000707719465440
qdot6:
0.037361691006151
-0.009267500998232
-0.000278411231154
qdot7:
0.037831153584698
-0.008735406988362
-0.000395966679907

qdot1:
0.001123044881307
-0.000253743820833
-0.000012726514754
qdot2:
-0.057771615204988
0.012796427901804
0.000648723846833
qdot3:
-0.047240828695171
0.010117610662373
0.000527337559983
qdot4:
0.094058292590696
-0.018552983212336
-0.000724419034430
qdot5:
0.120060210930629
-0.026921682332179
-0.001351788980104
qdot6:
-0.064828088081087
0.015071398654460
0.000666811528076
qdot7:
-0.069514972394863
0.015909319362272
0.000772376673162

qdot1:
-0.002108674875107
0.000477852526536
0.000023771828553
qdot2:
0.119527562709620
-0.024838312587233
-0.001312417465934
qdot3:
0.091319458064584
-0.020656954357515
-0.001189099930488
qdot4:
-0.227935133823788
0.042720350066170
0.003211478276993
qdot5:
-0.234675332125975
0.051290340395606
0.002616890617260
qdot6:
0.118649394174321
-0.027160210461457
-0.001301972335603
qdot7:
0.126225746931923
-0.029375513628816
-0.001420727694780

qdot1:
0.003949358471298
-0.000895822615120
-0.000044298779134
qdot2:
-0.368782118762876
0.053026721788252
0.003278346793102
qdot3:
0.318611203766276
0.038832192581958
0.001770919325839
qdot4:
-0.076379366953107
-0.105765711459970
-0.007056089137707
qdot5:
0.517633269184146
-0.101586555851831
-0.005574350918741
qdot6:
-0.199613477197940
0.050132749811300
0.002439335371209
qdot7:
-0.347675615637838
0.052852985816145
0.002402813372809

qdot1:
-0.007369095826178
0.001676947431867
0.000082915206764
qdot2:
0.523893721194581
-0.187212698338606
-0.018575181045881
qdot3:
-0.583200560377571
0.246388272295104
0.048221923593779
qdot4:
0.338721880936733
-0.155522285580282
-0.049609451747609
qdot5:
-0.541062781604714
0.235620456365400
0.016254409817233
qdot6:
0.011943900777915
-0.079903451977468
-0.002409121116570
qdot7:
0.369337969036809
-0.173636814104954
-0.017268040630462

qdot1:
0.013685994945873
-0.003123576286796
-0.000152682765294
qdot2:
-0.047292121720784
0.154072622679941
-0.023972373693063
qdot3:
-0.347787490885941
-0.133531895506889
0.066601712863505
qdot4:
0.513994468978432
0.065134693487736
-0.064329974792368
qdot5:
0.146334312169076
-0.116849477212157
0.035597451214816
qdot6:
-0.101906156330897
-0.072122717362231
-0.027168102713072
qdot7:
0.006847918881405
0.066964709119352
-0.034640659408333

qdot1:
-0.025601833058354
0.005792028137533
0.000281901297111
qdot2:
-0.084059038425720
0.123264643331909
0.021194772825432
qdot3:
0.594581890828374
-0.360094575438605
-0.013790293083687
qdot4:
-0.900005895220256
0.399971245731715
0.011417177422111
qdot5:
-0.192206399578315
-0.021521454210136
0.013062361634808
qdot6:
0.883298179983027
-0.138508462925001
-0.061471496260589
qdot7:
-0.030709184596525
0.071425717333805
-0.012102394867644

qdot1:
0.048145869643270
-0.010886029759516
-0.000547707795580
qdot2:
-0.359334379110728
0.068505224096616
0.052426413003230
qdot3:
0.219820462491281
0.027239846169797
-0.067999013543258
qdot4:
0.301164756896457
-0.186328586548098
0.046211020415915
qdot5:
0.553302338495565
-0.146732389421060
-0.014339458960284
qdot6:
-1.381171557181891
0.436907295491086
-0.012874263060474
qdot7:
-0.236908829978625
0.051420526396709
0.007904344109821

qdot1:
-0.091647029377601
0.020478115127454
0.001014459205854
qdot2:
0.249647596819266
-0.165579560596303
0.036616886779374
qdot3:
-0.107858931821420
0.170439686276143
-0.035804925334024
qdot4:
-0.443029881693287
0.009862179973238
0.017471701838302
qdot5:
-0.811262340750882
0.213710880987283
-0.003431341974556
qdot6:
2.088856522869315
-0.462843091285231
-0.017098166705136
qdot7:
0.396002139285728
-0.102911359671750
-0.000481452881463

qdot1:
0.186432339740860
-0.039224424865221
-0.002038564755847
qdot2:
-0.509679733125541
-0.002949132371859
0.009170304221882
qdot3:
0.188871688400194
0.100176064701417
0.008267555261114
qdot4:
0.770340616641973
-0.278745202168578
-0.026318586551264
qdot5:
1.712831788429096
-0.314777850967931
-0.019891108478135
qdot6:
-4.507155675710156
0.897921583167436
0.053758715503582
qdot7:
-0.929393883849762
0.155060270379461
0.008011518599025

qdot1:
-0.507262576112181
0.082225056857173
0.004964518073582
qdot2:
0.408368076144454
-0.334974893130675
-0.045864001810905
qdot3:
-0.233042631041770
0.223214635692487
0.060934963999419
qdot4:
-0.428174308808161
0.223085482201534
-0.035383328419825
qdot5:
-2.076849982197705
0.801029273866233
0.059299797160690
qdot6:
5.824227195488499
-2.038219869640682
-0.131950260865014
qdot7:
0.992442223637209
-0.450384072948586
-0.040084915222706

qdot1:
0.416649175646907
-0.248226071158621
-0.022070406741939
qdot2:
0.094298642421844
-0.068947597283541
-0.111646817690668
qdot3:
-0.036103700768240
0.071401346224646
0.108916122151360
qdot4:
0.171354717868613
-0.055844385673735
-0.008146443815713
qdot5:
1.213415921969639
-0.551913859839413
0.099870732928421
qdot6:
-4.084387669726930
1.755914642154659
-0.177926489578012
qdot7:
-0.415658717741127
0.196132480282992
-0.081492329031988

qdot1:
0.259394185852603
0.023195864073839
-0.058718825761297
qdot2:
0.657654104100516
-0.007517690513196
-0.124099954289146
qdot3:
-0.996424554655213
0.047881951721214
0.128342599786355
qdot4:
0.209885715642505
0.055782930191942
-0.008156452455339
qdot5:
-0.806435554020592
0.238553797444489
0.048836913872054
qdot6:
2.328444157926846
-0.904818824641801
-0.039317026653405
qdot7:
0.516208480796140
-0.074644231060244
-0.061706753037001

qdot1:
-0.329759111259856
0.192175610170415
-0.023643427950609
qdot2:
-0.126148738611328
0.420904493141391
-0.056775780543516
qdot3:
0.923695973272269
-0.601228851192881
0.038224524983801
qdot4:
-0.678032522181237
0.192510878900560
0.032280676734638
qdot5:
0.259507877975059
-0.286790572606599
0.040981072777718
qdot6:
-0.924211566160697
0.612022816635812
-0.087001783858272
qdot7:
-0.423887434401623
0.261634617022331
-0.031253499200070

qdot1:
0.083225147007496
-0.022642662299989
0.003966707558006
qdot2:
-0.487453385331523
0.338726159996105
0.066937665916778
qdot3:
0.019826336682677
0.000503645319862
-0.059609580692644
qdot4:
0.215746881065950
-0.249186621245071
0.023050465463969
qdot5:
0.227329912270278
-0.117736762914795
-0.024900248174838
qdot6:
0.022662645740884
0.009954442296474
0.014293431131573
qdot7:
-0.007839703008365
-0.014502609428137
0.008994419000508

qdot1:
-0.059814959383066
0.031573526717325
0.005421188116913
qdot2:
-0.348494934573959
0.021179531044127
0.125551905949561
qdot3:
0.147778949910069
0.013419313909934
-0.057342087583815
qdot4:
0.200322071137643
-0.108640474985770
-0.035225254622834
qdot5:
0.056390101506483
0.030355033087975
-0.039131236497767
qdot6:
-0.188442047940052
0.024717796033891
0.019940151788021
qdot7:
0.008915980475933
-0.019609705485328
0.003438887470477

qdot1:
-0.037971888088001
-0.007392329884684
0.009359337778653
qdot2:
-0.194050906093535
-0.205844005997342
0.095477449974299
qdot3:
0.052497785337776
0.109688431708942
-0.037292760409400
qdot4:
0.248356607359718
0.021857333232700
-0.049358756893419
qdot5:
0.030443321516354
0.067089800305696
-0.023261371150590
qdot6:
0.179890130723758
-0.098040889979692
0.007998752873034
qdot7:
0.030722624623913
-0.013801479244354
-0.002002457999402

qdot1:
0.071088556074619
-0.032128736318883
0.002922937025689
qdot2:
0.946148267577279
-0.332256526515935
0.007842398460274
qdot3:
-0.479498620943969
0.143887588516761
0.004004629673841
qdot4:
-0.414040957833499
0.183646759295238
-0.015890360846841
qdot5:
-0.284024189699886
0.086921797400238
0.001820957305169
qdot6:
-0.013068899455697
0.019146735159499
-0.004849949003418
qdot7:
0.011451027487469
0.006212467064061
-0.003238404506004

coefs_qdotdot:
qdotdot1:
-0.000546380715687
0.000089894905546
qdotdot2:
-0.001032086292912
0.000153611823099
qdotdot3:
-2.087816809502163
0.391316886406435
qdotdot4:
2.715482748836459
-0.514249504339647
qdotdot5:
0.003170538986716
-0.000377870421312
qdotdot6:
-0.350503895452260
0.036639477212105
qdotdot7:
-0.090792562014972
0.009852354493587

qdotdot1:
0.000426380161925
-0.000088072218708
qdotdot2:
0.001457690940581
-0.000182559319583
qdotdot3:
1.343850786321906
-0.288726795386631
qdotdot4:
-1.681448441481515
0.370237524388046
qdotdot5:
-0.004819191893195
0.000654837523169
qdotdot6:
0.481226289422169
-0.077526650036867
qdotdot7:
0.110645437196618
-0.019720598397241

qdotdot1:
-0.000174455345596
0.000050808325715
qdotdot2:
-0.002556820041870
0.000292239767021
qdotdot3:
-0.692772419380502
0.148992276685007
qdotdot4:
0.807247319056988
-0.177443854402537
qdotdot5:
0.006559429735527
-0.000914869638589
qdotdot6:
-0.333464633179386
0.079218374787558
qdotdot7:
-0.061234582059443
0.016318832908388

qdotdot1:
-0.000019752686800
-0.000006015268668
qdotdot2:
0.004784676296486
-0.000540567645507
qdotdot3:
0.319272994202125
-0.076657552637204
qdotdot4:
-0.360515391277130
0.085492738727008
qdotdot5:
-0.010493806155562
0.001221667785340
qdotdot6:
0.136762934139090
-0.029397724030593
qdotdot7:
0.021203070254865
-0.003626494884376

qdotdot1:
0.000144247362153
-0.000012449113723
qdotdot2:
-0.008995704534980
0.001017897096247
qdotdot3:
-0.105812412802520
0.027336045597155
qdotdot4:
0.147784119790771
-0.031934332896976
qdotdot5:
0.019265657050792
-0.002196374708413
qdotdot6:
-0.073966179182197
0.015148698261574
qdotdot7:
-0.020225744779005
0.003279769063597

qdotdot1:
-0.000321156083902
0.000034535136428
qdotdot2:
0.016914694190962
-0.001912183744394
qdotdot3:
0.029363972199644
-0.007129173024584
qdotdot4:
-0.081322963317455
0.016201909936047
qdotdot5:
-0.035917692750324
0.004078835019450
qdotdot6:
0.048826253741787
-0.008943565288704
qdotdot7:
0.026374409556712
-0.003308160434778

qdotdot1:
0.000626885959991
-0.000070071821775
qdotdot2:
-0.031784126841825
0.003597270371347
qdotdot3:
-0.023896534349708
0.002435259868107
qdotdot4:
0.068145690812539
-0.010286605309652
qdotdot5:
0.067223613928930
-0.007620275701508
qdotdot6:
-0.049820775766855
0.006960121860288
qdotdot7:
-0.043036716533828
0.005282512127314

qdotdot1:
-0.001190781335148
0.000134117470292
qdotdot2:
0.060026659254899
-0.006755455280501
qdotdot3:
0.047482285609789
-0.005348319192714
qdotdot4:
-0.093524476324398
0.011909808795061
qdotdot5:
-0.126481279707541
0.014275799524826
qdotdot6:
0.074723382012303
-0.009267500998232
qdotdot7:
0.075662307169397
-0.008735406988362

qdotdot1:
0.002246089762615
-0.000253743820833
qdotdot2:
-0.115543230409976
0.012796427901804
qdotdot3:
-0.094481657390341
0.010117610662373
qdotdot4:
0.188116585181393
-0.018552983212336
qdotdot5:
0.240120421861257
-0.026921682332179
qdotdot6:
-0.129656176162174
0.015071398654460
qdotdot7:
-0.139029944789727
0.015909319362272

qdotdot1:
-0.004217349750214
0.000477852526536
qdotdot2:
0.239055125419239
-0.024838312587233
qdotdot3:
0.182638916129169
-0.020656954357515
qdotdot4:
-0.455870267647576
0.042720350066170
qdotdot5:
-0.469350664251949
0.051290340395606
qdotdot6:
0.237298788348642
-0.027160210461457
qdotdot7:
0.252451493863846
-0.029375513628816

qdotdot1:
0.007898716942596
-0.000895822615120
qdotdot2:
-0.737564237525751
0.053026721788252
qdotdot3:
0.637222407532553
0.038832192581958
qdotdot4:
-0.152758733906214
-0.105765711459970
qdotdot5:
1.035266538368293
-0.101586555851831
qdotdot6:
-0.399226954395879
0.050132749811300
qdotdot7:
-0.695351231275675
0.052852985816145

qdotdot1:
-0.014738191652355
0.001676947431867
qdotdot2:
1.047787442389162
-0.187212698338606
qdotdot3:
-1.166401120755141
0.246388272295104
qdotdot4:
0.677443761873466
-0.155522285580282
qdotdot5:
-1.082125563209428
0.235620456365400
qdotdot6:
0.023887801555830
-0.079903451977468
qdotdot7:
0.738675938073618
-0.173636814104954

qdotdot1:
0.027371989891747
-0.003123576286796
qdotdot2:
-0.094584243441569
0.154072622679941
qdotdot3:
-0.695574981771882
-0.133531895506889
qdotdot4:
1.027988937956864
0.065134693487736
qdotdot5:
0.292668624338152
-0.116849477212157
qdotdot6:
-0.203812312661795
-0.072122717362231
qdotdot7:
0.013695837762811
0.066964709119352

qdotdot1:
-0.051203666116709
0.005792028137533
qdotdot2:
-0.168118076851439
0.123264643331909
qdotdot3:
1.189163781656748
-0.360094575438605
qdotdot4:
-1.800011790440512
0.399971245731715
qdotdot5:
-0.384412799156631
-0.021521454210136
qdotdot6:
1.766596359966055
-0.138508462925001
qdotdot7:
-0.061418369193051
0.071425717333805

qdotdot1:
0.096291739286540
-0.010886029759516
qdotdot2:
-0.718668758221456
0.068505224096616
qdotdot3:
0.439640924982562
0.027239846169797
qdotdot4:
0.602329513792913
-0.186328586548098
qdotdot5:
1.106604676991129
-0.146732389421060
qdotdot6:
-2.762343114363782
0.436907295491086
qdotdot7:
-0.473817659957250
0.051420526396709

qdotdot1:
-0.183294058755202
0.020478115127454
qdotdot2:
0.499295193638531
-0.165579560596303
qdotdot3:
-0.215717863642841
0.170439686276143
qdotdot4:
-0.886059763386574
0.009862179973238
qdotdot5:
-1.622524681501764
0.213710880987283
qdotdot6:
4.177713045738630
-0.462843091285231
qdotdot7:
0.792004278571456
-0.102911359671750

qdotdot1:
0.372864679481720
-0.039224424865221
qdotdot2:
-1.019359466251082
-0.002949132371859
qdotdot3:
0.377743376800388
0.100176064701417
qdotdot4:
1.540681233283945
-0.278745202168578
qdotdot5:
3.425663576858192
-0.314777850967931
qdotdot6:
-9.014311351420313
0.897921583167436
qdotdot7:
-1.858787767699523
0.155060270379461

qdotdot1:
-1.014525152224363
0.082225056857173
qdotdot2:
0.816736152288909
-0.334974893130675
qdotdot3:
-0.466085262083539
0.223214635692487
qdotdot4:
-0.856348617616321
0.223085482201534
qdotdot5:
-4.153699964395410
0.801029273866233
qdotdot6:
11.648454390976998
-2.038219869640682
qdotdot7:
1.984884447274418
-0.450384072948586

qdotdot1:
0.833298351293815
-0.248226071158621
qdotdot2:
0.188597284843688
-0.068947597283541
qdotdot3:
-0.072207401536479
0.071401346224646
qdotdot4:
0.342709435737226
-0.055844385673735
qdotdot5:
2.426831843939279
-0.551913859839413
qdotdot6:
-8.168775339453861
1.755914642154659
qdotdot7:
-0.831317435482253
0.196132480282992

qdotdot1:
0.518788371705206
0.023195864073839
qdotdot2:
1.315308208201032
-0.007517690513196
qdotdot3:
-1.992849109310426
0.047881951721214
qdotdot4:
0.419771431285010
0.055782930191942
qdotdot5:
-1.612871108041184
0.238553797444489
qdotdot6:
4.656888315853692
-0.904818824641801
qdotdot7:
1.032416961592279
-0.074644231060244

qdotdot1:
-0.659518222519713
0.192175610170415
qdotdot2:
-0.252297477222656
0.420904493141391
qdotdot3:
1.847391946544539
-0.601228851192881
qdotdot4:
-1.356065044362473
0.192510878900560
qdotdot5:
0.519015755950117
-0.286790572606599
qdotdot6:
-1.848423132321393
0.612022816635812
qdotdot7:
-0.847774868803245
0.261634617022331

qdotdot1:
0.166450294014993
-0.022642662299989
qdotdot2:
-0.974906770663045
0.338726159996105
qdotdot3:
0.039652673365353
0.000503645319862
qdotdot4:
0.431493762131900
-0.249186621245071
qdotdot5:
0.454659824540557
-0.117736762914795
qdotdot6:
0.045325291481768
0.009954442296474
qdotdot7:
-0.015679406016730
-0.014502609428137

qdotdot1:
-0.119629918766132
0.031573526717325
qdotdot2:
-0.696989869147918
0.021179531044127
qdotdot3:
0.295557899820137
0.013419313909934
qdotdot4:
0.400644142275286
-0.108640474985770
qdotdot5:
0.112780203012966
0.030355033087975
qdotdot6:
-0.376884095880103
0.024717796033891
qdotdot7:
0.017831960951865
-0.019609705485328

qdotdot1:
-0.075943776176003
-0.007392329884684
qdotdot2:
-0.388101812187071
-0.205844005997342
qdotdot3:
0.104995570675552
0.109688431708942
qdotdot4:
0.496713214719437
0.021857333232700
qdotdot5:
0.060886643032708
0.067089800305696
qdotdot6:
0.359780261447516
-0.098040889979692
qdotdot7:
0.061445249247825
-0.013801479244354

qdotdot1:
0.142177112149238
-0.032128736318883
qdotdot2:
1.892296535154558
-0.332256526515935
qdotdot3:
-0.958997241887939
0.143887588516761
qdotdot4:
-0.828081915666997
0.183646759295238
qdotdot5:
-0.568048379399772
0.086921797400238
qdotdot6:
-0.026137798911394
0.019146735159499
qdotdot7:
0.022902054974937
0.006212467064061

