0.000000000

0.003000021

0.004999876

0.006999969

0.008999825

0.010999918

0.019999981

0.021999836

0.026000023

0.027999878

0.036000013

0.038999796

0.040999889

0.042999983

0.044999838

0.046000004

0.049999952

0.051999807

0.053999901

0.054999828

0.056999922

0.059000015

0.062999964

0.064999819

0.065999985

0.087999821

0.089999914

0.092000008

0.098999977

0.100999832

0.101999998

0.103999853

0.105999947

0.106999874

0.110999823

0.112999916

0.113999844

0.115999937

0.117999792

0.118999958

0.122999907

0.125000000

0.126999855

0.128000021

0.129999876

0.131999969

0.135999918

0.138000011

0.138999939

0.140999794

0.142999887

0.146999836

0.149999857

0.151000023

0.152999878

0.154999971

0.158999920

0.161000013

0.161999941

0.163999796

0.164999962

0.166999817

0.171000004

0.171999931

0.174000025

0.175999880

0.176999807

0.178999901

0.182999849

0.184999943

0.186999798

0.188999891

0.190999985

0.194999933

0.195999861

0.197999954

0.199999809

0.200999975

0.202999830

0.207000017

0.207999945

0.209999800

0.211999893

0.212999821

0.214999914

0.218999863

0.220999956

0.221999884

0.223999977

0.225999832

0.226999998

0.230999947

0.231999874

0.233999968

0.235999823

0.236999989

0.238999844

0.242999792

0.243999958

0.245999813

0.250000000

0.251999855

0.254999876

0.256999969

0.258999825

0.260999918

0.261999846

0.263999939

0.266999960

0.268999815

0.270999908

0.271999836

0.273999929

0.276000023

0.278999805

0.280999899

0.282999992

0.284999847

0.286000013

0.289999962

0.291999817

0.292999983

0.294999838

0.296999931

0.297999859

0.301999807

0.303999901

0.304999828

0.306999922

0.309000015

0.310999870

0.313999891

0.315999985

0.317999840

0.319999933

0.322000027

0.322999954

0.326999903

0.327999830

0.329999924

0.332000017

0.333999872

0.334999800

0.338999987

0.339999914

0.342000008

0.343999863

0.344999790

0.349999905

0.351999998

0.353999853

0.355000019

0.356999874

0.358999968

0.362999916

0.363999844

0.365999937

0.367999792

0.369999886

0.370999813

0.375000000

0.375999928

0.378999949

0.380999804

0.381999969

0.383999825

0.386999846

0.388999939

0.390999794

0.392999887

0.393999815

0.395999908

0.402999878

0.404999971

0.406999826

0.411000013

0.411999941

0.413999796

0.415999889

0.416999817

0.418999910

0.422999859

0.424000025

0.425999880

0.427999973

0.428999901

0.430999994

0.434999943

0.435999870

0.437999964

0.439999819

0.440999985

0.442999840

0.447000027

0.449999809

0.451999903

0.452999830

0.454999924

0.458999872

0.460999966

0.462999821

0.464999914

0.465999842

0.469999790

0.471999884

0.472999811

0.475999832

0.476999998

0.478999853

0.482999802

0.483999968

0.485999823

0.487999916

0.490000010

0.490999937

0.494999886

0.496999979

0.497999907

0.500000000

0.501999855

0.503999949

0.506999969

0.508999825

0.510999918

0.513000011

0.513999939

0.517999887

0.519999981

0.521999836

0.523000002

0.524999857

0.526999950

0.530999899

0.531999826

0.533999920

0.534999847

0.536999941

0.538999796

0.542999983

0.543999910

0.546000004

0.549000025

0.550999880

0.554999828

0.556999922

0.557999849

0.559999943

0.561999798

0.562999964

0.566999912

0.569000006

0.570999861

0.572000027

0.573999882

0.575999975

0.578999996

0.580999851

0.582999945

0.583999872

0.585999966

0.587999821

0.590999842

0.592999935

0.594999790

0.596999884

0.597999811

0.601999998

0.603999853

0.605999947

0.606999874

0.608999968

0.610999823

0.613999844

0.615999937

0.617999792

0.618999958

0.620999813

0.622999907

0.625999928

0.628000021

0.629999876

0.630999804

0.632999897

0.634999990

0.638999939

0.639999866

0.641999960

0.643999815

0.644999981

0.649999857

0.651999950

0.653999805

0.654999971

0.656999826

0.658999920

0.661999941

0.666999817

0.668999910

0.669999838

0.671999931

0.674999952

0.676999807

0.678999901

0.679999828

0.681999922

0.684000015

0.686999798

0.688999891

0.689999819

0.691999912

0.694000006

0.694999933

0.698999882

0.700999975

0.702999830

0.703999996

0.705999851

0.707999945

0.713999987

0.715999842

0.717999935

0.718999863

0.722999811

0.724999905

0.726999998

0.727999926

0.730000019

0.731999874

0.734999895

0.736999989

0.738999844

0.740000010

0.741999865

0.743999958

0.748999834

0.750000000

0.751999855

0.753999949

0.754999876

0.758999825

0.760999918

0.761999846

0.763999939

0.765999794

0.767999887

0.770999908

0.773000002

0.774999857

0.776000023

0.777999878

0.779999971

0.782999992

0.784999847

0.786000013

0.787999868

0.789999962

0.790999889

0.794999838

0.796999931

0.799000025

0.799999952

0.801999807

0.803999901

0.806999922

0.809000015

0.809999943

0.811999798

0.813999891

0.815999985

0.819000006

0.820999861

0.822000027

0.823999882

0.825999975

0.827999830

0.830999851

0.832999945

0.833999872

0.835999966

0.837999821

0.839999914

0.842999935

0.844999790

0.845999956

0.849999905

0.850999832

0.855000019

0.856999874

0.857999802

0.859999895

0.861999989

0.862999916

0.866999865

0.868999958

0.869999886

0.871999979

0.873999834

0.875999928

0.878999949

0.880999804

0.882999897

0.883999825

0.885999918

0.889999866

0.891999960

0.893999815

0.894999981

0.896999836

0.898999929

0.901999950

0.903999805

0.904999971

0.906999826

0.908999920

0.911000013

0.913999796

0.915999889

0.916999817

0.918999910

0.921000004

0.922999859

0.926999807

0.927999973

0.929999828

0.931999922

0.934000015

0.934999943

0.938999891

0.939999819

0.941999912

0.944000006

0.944999933

0.947000027

0.949999809

0.951999903

0.953999996

0.955999851

0.957000017

0.960999966

0.962999821

0.963999987

0.965999842

0.967999935

0.969999790

0.972999811

0.974999905

0.975999832

0.977999926

0.980000019

0.980999947

0.984999895

0.986999989

0.988999844

0.990000010

0.991999865

0.993999958

0.996999979

0.998999834

1.000000000

1.001999855

1.003999949

1.009999990

1.011999846

1.013999939

1.015999794

1.017999887

1.020999908

1.023000002

1.023999929

1.026000023

1.027999878

1.029999971

1.032999992

1.034999847

1.036000013

1.037999868

1.039999962

1.041999817

1.044999838

1.047999859

1.050999880

1.053999901

1.059000015

1.060999870

1.062999964

1.063999891

1.065999985

1.069999933

1.070999861

1.072999954

1.074999809

1.076999903

1.077999830

1.082000017

1.083999872

1.084999800

1.086999893

1.088999987

1.089999914

1.093999863

1.095999956

1.097999811

1.099999905

1.100999832

1.102999926

1.106999874

1.107999802

1.109999895

1.111999989

1.112999916

1.115000010

1.118999958

1.119999886

1.121999979

1.123999834

1.125999928

1.126999855

1.130999804

1.132999897

1.134999990

1.135999918

1.138000011

1.139999866

1.142999887

1.144999981

1.146999836

1.149999857

1.151000023

1.154999971

1.156999826

1.157999992

1.159999847

1.161999941

1.162999868

1.166999817

1.168999910

1.169999838

1.171999931

1.174000025

1.174999952

1.178999901

1.180999994

1.182999849

1.184000015

1.185999870

1.187999964

1.190999985

1.192999840

1.194000006

1.195999861

1.197999954

1.198999882

1.202999830

1.204999924

1.205999851

1.207999945

1.208999872

1.210999966

1.214999914

1.215999842

1.217999935

1.218999863

1.220999956

1.222999811

1.226999998

1.227999926

1.230000019

1.230999947

1.232999802

1.234999895

1.237999916

1.240000010

1.240999937

1.242999792

1.244999886

1.246999979

1.250999928

1.253000021

1.254999876

1.255999804

1.257999897

1.259999990

1.263000011

1.264999866

1.265999794

1.267999887

1.269999981

1.270999908

1.274999857

1.276999950

1.278999805

1.279999971

1.281999826

1.282999992

1.286999941

1.288999796

1.289999962

1.291999817

1.293999910

1.294999838

1.299000025

1.299999952

1.301999807

1.303999901

1.304999828

1.311999798

1.313999891

1.314999819

1.316999912

1.319000006

1.322999954

1.323999882

1.325999975

1.327999830

1.328999996

1.330999851

1.334999800

1.335999966

1.337999821

1.339999914

1.342000008

1.342999935

1.346999884

1.349999905

1.351999998

1.352999926

1.355000019

1.358999968

1.360999823

1.361999989

1.363999844

1.365999937

1.366999865

1.370999813

1.372999907

1.375000000

1.376999855

1.378000021

1.379999876

1.382999897

1.384999990

1.386999846

1.388999939

1.389999866

1.391999960

1.394999981

1.396999836

1.398000002

1.399999857

1.401999950

1.403999805

1.406999826

1.408999920

1.409999847

1.411999941

1.413999796

1.414999962

1.418999910

1.421000004

1.421999931

1.424000025

1.425999880

1.426999807

1.430999994

1.432999849

1.434999943

1.435999870

1.437999964

1.439999819

1.442999840

1.444999933

1.445999861

1.447999954

1.449999809

1.453999996

1.455999851

1.457000017

1.459999800

1.460999966

1.462999821

1.465999842

1.467999935

1.469999790

1.470999956

1.472999811

1.474999905

1.477999926

1.480000019

1.481999874

1.482999802

1.484999895

1.486999989

1.490000010

1.491999865

1.493999958

1.494999886

1.496999979

1.498999834

1.501999855

1.503999949

1.505999804

1.506999969

1.508999825

1.510999918

1.513999939

1.515999794

1.517999887

1.518999815

1.520999908

1.524999857

1.526999950

1.527999878

1.529999971

1.531999826

1.533999920

1.536999941

1.538999796

1.539999962

1.541999817

1.543999910

1.544999838

1.549999952

1.551999807

1.553999901

1.554999828

1.556999922

1.559000015

1.561999798

1.563999891

1.565999985

1.567999840

1.569000006

1.570999861

1.573999882

1.575999975

1.577999830

1.579999924

1.580999851

1.584999800

1.586999893

1.587999821

1.589999914

1.592000008

1.593999863

1.596999884

1.598999977

1.599999905

1.601999998

1.603999853

1.605999947

1.611999989

1.612999916

1.615000010

1.616999865

1.617999792

1.621999979

1.623999834

1.625999928

1.628000021

1.628999949

1.632999897

1.634999990

1.635999918

1.638000011

1.639999866

1.641999960

1.644999981

1.648000002

1.649999857

1.651999950

1.652999878

1.656999826

1.658999920

1.661000013

1.661999941

1.663999796

1.665999889

1.669999838

1.671000004

1.672999859

1.674999952

1.676999807

1.678999901

1.681999922

1.684000015

1.685999870

1.686999798

1.688999891

1.690999985

1.694000006

1.695999861

1.697999954

1.698999882

1.700999975

1.702999830

1.705999851

1.707999945

1.709999800

1.710999966

1.712999821

1.714999914

1.717999935

1.719999790

1.720999956

1.722999811

1.724999905

1.726999998

1.730000019

1.731999874

1.732999802

1.734999895

1.736999989

1.738999844

1.741999865

1.743999958

1.745999813

1.748999834

1.750000000

1.753999949

1.755999804

1.756999969

1.758999825

1.760999918

1.761999846

1.765999794

1.766999960

1.768999815

1.770999908

1.771999836

1.773999929

1.777999878

1.778999805

1.780999899

1.781999826

1.783999920

1.786000013

1.789999962

1.790999889

1.792999983

1.794999838

1.796000004

1.797999859

1.801999807

1.802999973

1.804999828

1.806999922

1.807999849

1.809999943

1.813999891

1.814999819

1.816999912

1.819000006

1.820999861

1.822000027

1.825999975

1.826999903

1.828999996

1.830999851

1.832000017

1.833999872

1.837999821

1.838999987

1.840999842

1.842999935

1.843999863

1.848999977

1.850999832

1.852999926

1.855000019

1.855999947

1.857999802

1.861999989

1.862999916

1.865000010

1.866999865

1.868999958

1.869999886

1.873999834

1.875000000

1.876999855

1.878999949

1.879999876

1.881999969

1.885999918

1.888000011

1.888999939

1.890999794

1.892999887

1.893999815

1.898000002

1.899999857

1.901000023

1.902999878

1.904999971

1.906999826

1.913999796

1.915999889

1.917999983

1.921999931

1.922999859

1.924999952

1.926999807

1.927999973

1.929999828

1.934000015

1.934999943

1.936999798

1.938999891

1.939999819

1.941999912

1.947000027

1.948999882

1.950999975

1.951999903

1.953999996

1.957999945

1.959999800

1.960999966

1.962999821

1.964999914

1.965999842

1.969999790

1.970999956

1.972999811

1.974999905

1.975999832

1.977999926

1.981999874

1.983999968

1.984999895

1.986999989

1.988999844

1.990999937

1.993999958

1.995999813

1.996999979

1.998999834

2.000999928

2.001999855

2.005999804

2.007999897

2.008999825

2.010999918

2.013000011

2.016999960

2.018999815

2.020999908

2.021999836

2.023999929

2.026000023

2.028999805

2.030999899

2.031999826

2.033999920

2.036000013

2.036999941

2.040999889

2.042999983

2.044999838

2.046999931

2.047999859

2.049999952

2.053999901

2.054999828

2.056999922

2.059000015

2.059999943

2.064999819

2.066999912

2.069000006

2.069999933

2.072000027

2.073999882

2.077999830

2.079999924

2.080999851

2.082999945

2.084999800

2.085999966

2.089999914

2.092000008

2.092999935

2.094999790

2.096999884

2.097999811

2.101999998

2.103999853

2.105000019

2.106999874

2.108999968

2.110999823

2.113999844

2.115999937

2.116999865

2.118999958

2.120999813

2.121999979

2.125999928

2.128000021

2.128999949

2.130999804

2.132999897

2.133999825

2.138000011

2.139999866

2.141999960

2.143999815

2.144999981

2.149999857

2.151999950

2.152999878

2.154999971

2.156999826

2.157999992

2.161999941

2.162999868

2.164999962

2.166999817

2.167999983

2.169999838

2.174000025

2.174999952

2.176999807

2.178999901

2.179999828

2.181999922

2.185999870

2.186999798

2.188999891

2.189999819

2.191999912

2.194000006

2.197999954

2.198999882

2.200999975

2.202999830

2.203999996

2.205999851

2.209999800

2.210999966

2.217000008

2.217999935

2.221999884

2.223999977

2.224999905

2.226999998

2.228999853

2.230000019

2.233999968

2.235999823

2.237999916

2.238999844

2.240999937

2.241999865

2.247999907

2.248999834

2.250999928

2.253000021

2.253999949

2.257999897

2.258999825

2.260999918

2.263000011

2.263999939

2.265999794

2.269999981

2.270999908

2.273000002

2.273999929

2.276000023

2.277999878

2.281999826

2.282999992

2.284999847

2.286999941

2.287999868

2.289999962

2.293999910

2.294999838

2.296999931

2.299000025

2.300999880

2.301999807

2.305999994

2.306999922

2.309000015

2.310999870

2.311999798

2.313999891

2.317999840

2.319000006

2.320999861

2.322999954

2.323999882

2.325999975

2.329999924

2.330999851

2.332999945

2.334999800

2.335999966

2.337999821

2.342000008

2.342999935

2.344999790

2.347999811

2.349999905

2.353999853

2.355000019

2.356999874

2.358999968

2.360999823

2.362999916

2.365999937

2.367999792

2.368999958

2.370999813

2.372999907

2.373999834

2.378000021

2.379999876

2.380999804

2.382999897

2.384999990

2.385999918

2.389999866

2.390999794

2.392999887

2.394999981

2.396999836

2.398000002

2.401999950

2.402999878

2.404999971

2.406999826

2.408999920

2.409999847

2.413999796

2.414999962

2.416999817

2.418999910

2.421000004

2.421999931

2.425999880

2.427999973

2.428999901

2.430999994

2.432999849

2.434999943

2.437999964

2.439999819

2.440999985

2.442999840

2.444999933

2.447999954

2.449999809

2.451999903

2.452999830

2.454999924

2.457000017

2.460999966

2.462999821

2.464999914

2.467000008

2.467999935

2.469999790

2.472999811

2.474999905

2.476999998

2.477999926

2.480000019

2.481999874

2.484999895

2.486999989

2.488999844

2.490999937

2.491999865

2.493999958

2.496999979

2.498999834

2.500000000

2.501999855

2.503999949

2.504999876

2.508999825

2.510999918

2.516999960

2.519999981

2.521999836

2.523999929

2.524999857

2.526999950

2.528999805

2.531999826

2.533999920

2.536000013

2.536999941

2.538999796

2.540999889

2.543999910

2.546000004

2.547999859

2.549999952

2.551999807

2.555999994

2.556999922

2.559000015

2.560999870

2.562999964

2.563999891

2.567999840

2.569000006

2.570999861

2.572000027

2.573999882

2.575999975

2.579999924

2.580999851

2.582999945

2.584999800

2.586999893

2.587999821

2.592000008

2.593999863

2.594999790

2.596999884

2.598999977

2.599999905

2.603999853

2.605999947

2.606999874

2.608999968

2.610999823

2.611999989

2.615999937

2.617999792

2.618999958

2.620999813

2.622999907

2.625000000

2.628000021

2.629999876

2.630999804

2.632999897

2.634999990

2.635999918

2.639999866

2.641999960

2.642999887

2.645999908

2.648000002

2.651999950

2.652999878

2.654999971

2.656999826

2.658999920

2.659999847

2.663999796

2.665999889

2.666999817

2.668999910

2.671000004

2.671999931

2.675999880

2.677999973

2.679999828

2.680999994

2.682999849

2.684999943

2.687999964

2.689999819

2.690999985

2.692999840

2.694999933

2.695999861

2.699999809

2.701999903

2.702999830

2.704999924

2.707000017

2.707999945

2.711999893

2.712999821

2.714999914

2.717000008

2.718999863

2.719999790

2.723999977

2.724999905

2.726999998

2.728999853

2.730000019

2.731999874

2.735999823

2.736999989

2.738999844

2.740000010

2.741999865

2.746999979

2.748999834

2.750999928

2.751999855

2.753999949

2.755999804

2.759999990

2.760999918

2.763000011

2.764999866

2.765999794

2.767999887

2.771999836

2.773000002

2.774999857

2.776999950

2.778999805

2.779999971

2.783999920

2.786000013

2.786999941

2.788999796

2.790999889

2.791999817

2.796000004

2.796999931

2.799000025

2.799999952

2.801999807

2.803999901

2.807999849

2.809000015

2.814999819

2.816999912

2.819999933

2.822000027

2.822999954

2.824999809

2.826999903

2.827999830

2.832000017

2.833999872

2.834999800

2.836999893

2.838999987

2.840999842

2.845999956

2.846999884

2.848999977

2.850999832

2.851999998

2.855999947

2.857999802

2.858999968

2.860999823

2.862999916

2.863999844

2.867999792

2.869999886

2.870999813

2.872999907

2.875000000

2.876999855

2.879999876

2.881999969

2.882999897

2.884999990

2.886999846

2.888000011

2.891999960

2.893999815

2.894999981

2.896999836

2.898999929

2.899999857

2.903999805

2.904999971

2.906999826

2.908999920

2.909999847

2.911999941

2.915999889

2.916999817

2.918999910

2.921000004

2.921999931

2.924000025

2.927999973

2.928999901

2.930999994

2.931999922

2.934000015

2.935999870

2.939999819

2.940999985

2.942999840

2.945999861

2.947999954

2.950999975

2.952999830

2.954999924

2.957000017

2.957999945

2.959999800

2.963999987

2.964999914

2.967000008

2.968999863

2.969999790

2.971999884

2.975999832

2.977999926

2.978999853

2.980999947

2.982999802

2.983999968

2.987999916

2.990000010

2.990999937

2.992999792

2.994999886

2.998999834

3.000999928

3.001999855

3.003999949

3.005999804

3.006999969

3.010999918

3.013000011

3.014999866

3.015999794

3.017999887

3.019999981

3.023000002

3.024999857

3.026999950

3.027999878

3.029999971

3.031999826

3.036000013

3.036999941

3.038999796

3.040999889

3.041999817

3.043999910

3.047999859

3.049999952

3.050999880

3.052999973

3.054999828

3.055999994

3.059999943

3.061999798

3.062999964

3.064999819

3.066999912

3.069000006

3.072000027

3.073999882

3.074999809

3.077999830

3.079999924

3.083999872

3.084999800

3.086999893

3.088999987

3.090999842

3.092000008

3.095999956

3.096999884

3.098999977

3.100999832

3.101999998

3.103999853

3.107999802

3.108999968

3.110999823

3.116999865

3.119999886

3.121999979

3.122999907

3.125000000

3.126999855

3.128999949

3.131999969

3.133999825

3.135999918

3.138000011

3.139999866

3.142999887

3.144999981

3.146999836

3.148999929

3.149999857

3.153999805

3.155999899

3.157999992

3.159999847

3.161000013

3.162999868

3.166999817

3.167999983

3.169999838

3.171999931

3.172999859

3.174999952

3.178999901

3.180999994

3.181999922

3.184000015

3.185999870

3.186999798

3.190999985

3.192999840

3.194000006

3.195999861

3.197999954

3.199999809

3.202999830

3.204999924

3.205999851

3.207999945

3.209999800

3.210999966

3.214999914

3.217000008

3.217999935

3.219999790

3.221999884

3.223999977

3.226999998

3.228999853

3.230000019

3.231999874

3.233999968

3.234999895

3.238999844

3.240999937

3.241999865

3.244999886

3.246999979

3.250999928

3.251999855

3.253999949

3.255999804

3.257999897

3.258999825

3.263000011

3.263999939

3.265999794

3.267999887

3.268999815

3.270999908

3.274999857

3.276999950

3.278999805

3.280999899

3.281999826

3.286000013

3.287999868

3.288999796

3.290999889

3.292999983

3.293999910

3.297999859

3.299999952

3.300999880

3.302999973

3.304999828

3.306999922

3.309999943

3.311999798

3.312999964

3.314999819

3.316999912

3.319000006

3.322000027

3.323999882

3.324999809

3.326999903

3.328999996

3.329999924

3.333999872

3.335999966

3.336999893

3.338999987

3.340999842

3.342000008

3.346999884

3.348999977

3.350999832

3.352999926

3.353999853

3.357999802

3.359999895

3.360999823

3.362999916

3.365000010

3.366999865

3.369999886

3.371999979

3.372999907

3.375000000

3.376999855

3.378999949

3.382999897

3.383999825

3.385999918

3.388000011

3.388999939

3.390999794

3.394999981

3.395999908

3.398000002

3.399999857

3.401999950

3.403999805

3.406999826

3.408999920

3.409999847

3.411999941

3.417999983

3.419999838

3.421999931

3.424000025

3.424999952

3.426999807

3.430999994

3.431999922

3.434000015

3.434999943

3.436999798

3.438999891

3.442999840

3.445999861

3.447999954

3.449999809

3.450999975

3.454999924

3.457000017

3.457999945

3.460999966

3.461999893

3.465999842

3.467999935

3.468999863

3.470999956

3.472999811

3.473999977

3.478999853

3.480000019

3.481999874

3.483999968

3.484999895

3.486999989

3.490999937

3.491999865

3.493999958

3.494999886

3.496999979

3.498999834

3.503000021

3.503999949

3.505999804

3.507999897

3.508999825

3.510999918

3.514999866

3.515999794

3.517999887

3.519999981

3.521999836

3.523000002

3.526000023

3.527999878

3.529999971

3.531999826

3.532999992

3.534999847

3.538999796

3.539999962

3.541999817

3.544999838

3.546999931

3.550999880

3.552999973

3.553999901

3.555999994

3.557999849

3.559999943

3.562999964

3.564999819

3.566999912

3.567999840

3.569999933

3.572000027

3.574999809

3.576999903

3.578999996

3.579999924

3.582000017

3.583999872

3.586999893

3.588999987

3.589999914

3.592000008

3.593999863

3.594999790

3.599999905

3.601999998

3.602999926

3.605000019

3.606999874

3.608999968

3.611999989

3.613999844

3.615000010

3.616999865

3.618999958

3.619999886

3.623999834

3.625999928

3.626999855

3.628999949

3.630999804

3.631999969

3.635999918

3.638000011

3.638999939

3.640999794

3.642999887

3.648000002

3.649999857

3.651000023

3.652999878

3.654999971

3.655999899

3.659999847

3.661999941

3.662999868

3.664999962

3.666999817

3.667999983

3.671999931

3.674000025

3.674999952

3.676999807

3.678999901

3.680999994

3.684000015

3.685999870

3.686999798

3.688999891

3.690999985

3.691999912

3.695999861

3.697999954

3.698999882

3.700999975

3.702999830

3.703999996

3.707999945

3.709999800

3.710999966

3.712999821

3.714999914

3.715999842

3.722999811

3.724999905

3.725999832

3.744999886

3.746999979

3.747999907

3.750000000

3.751999855

3.754999876

3.756999969

3.758999825

3.760999918

3.761999846

3.763999939

3.767999887

3.769999981

3.770999908

3.773000002

3.774999857

3.776999950

3.779999971

3.781999826

3.782999992

3.784999847

3.786999941

3.787999868

3.791999817

3.793999910

3.794999838

3.796999931

3.799000025

3.799999952

3.803999901

3.805999994

3.806999922

3.809000015

3.810999870

3.811999798

3.815999985

3.817999840

3.819000006

3.820999861

3.822999954

3.823999882

3.827999830

3.829999924

3.832000017

3.832999945

3.834999800

3.836999893

3.839999914

3.842000008

3.842999935

3.844999790

3.846999884

3.849999905

3.851999998

3.853999853

3.855999947

3.856999874

3.858999968

3.862999916

3.863999844

3.865999937

3.867999792

