1583076136.950000048

1583076136.951999903

1583076136.953000069

1583076136.954999924

1583076136.957000017

1583076136.957999945

1583076136.961999893

1583076136.963000059

1583076136.964999914

1583076136.967000008

1583076136.967999935

1583076136.999000072

1583076137.006000042

1583076137.010999918

1583076137.013000011

1583076137.015000105

1583076137.071000099

1583076137.072999954

1583076137.075000048

1583076137.076999903

1583076137.078999996

1583076137.082999945

1583076137.084000111

1583076137.088000059

1583076137.088999987

1583076137.091000080

1583076137.095000029

1583076137.096999884

1583076137.098999977

1583076137.101000071

1583076137.101999998

1583076137.104000092

1583076137.108000040

1583076137.111000061

1583076137.112999916

1583076137.115000010

1583076137.118000031

1583076137.119999886

1583076137.121999979

1583076137.122999907

1583076137.125000000

1583076137.127000093

1583076137.130000114

1583076137.131999969

1583076137.134000063

1583076137.135999918

1583076137.137000084

1583076137.138999939

1583076137.141999960

1583076137.144000053

1583076137.145999908

1583076137.147000074

1583076137.148999929

1583076137.151000023

1583076137.154000044

1583076137.155999899

1583076137.157999992

1583076137.158999920

1583076137.161000013

1583076137.163000107

1583076137.170000076

1583076137.171999931

1583076137.174000025

1583076137.174999952

1583076137.178999901

1583076137.184999943

1583076137.186000109

1583076137.190999985

1583076137.193000078

1583076137.194000006

1583076137.196000099

1583076137.197999954

1583076137.198999882

1583076137.203000069

1583076137.204999924

1583076137.207000017

1583076137.207999945

1583076137.210000038

1583076137.213000059

1583076137.216000080

1583076137.217000008

1583076137.219000101

1583076137.220999956

1583076137.221999884

1583076137.226000071

1583076137.227999926

1583076137.230000019

1583076137.230999947

1583076137.233000040

1583076137.233999968

1583076137.237999916

1583076137.240000010

1583076137.240999937

1583076137.243000031

1583076137.244999886

1583076137.246000051

1583076137.250000000

1583076137.252000093

1583076137.253000021

1583076137.255000114

1583076137.256999969

1583076137.259000063

1583076137.262000084

1583076137.263999939

1583076137.265000105

1583076137.266999960

1583076137.269000053

1583076137.269999981

1583076137.273999929

1583076137.276000023

1583076137.276999950

1583076137.279000044

1583076137.280999899

1583076137.282000065

1583076137.286000013

1583076137.286999941

1583076137.289000034

1583076137.290999889

1583076137.292999983

1583076137.293999910

1583076137.298000097

1583076137.299000025

1583076137.301000118

1583076137.302999973

1583076137.303999901

1583076137.305999994

1583076137.309999943

1583076137.312000036

1583076137.313999891

1583076137.315999985

1583076137.318000078

1583076137.321000099

1583076137.322999954

1583076137.325000048

1583076137.326999903

1583076137.328000069

1583076137.329999924

1583076137.332999945

1583076137.338999987

1583076137.341000080

1583076137.342000008

1583076137.345999956

1583076137.346999884

1583076137.348999977

1583076137.351000071

1583076137.351999998

1583076137.354000092

1583076137.358000040

1583076137.359999895

1583076137.361000061

1583076137.362999916

1583076137.365000010

1583076137.365999937

1583076137.369999886

1583076137.371999979

1583076137.372999907

1583076137.375000000

1583076137.377000093

1583076137.378000021

1583076137.381999969

1583076137.384000063

1583076137.384999990

1583076137.387000084

1583076137.388999939

1583076137.390000105

1583076137.394000053

1583076137.395999908

1583076137.397000074

1583076137.398999929

1583076137.401000023

1583076137.401999950

1583076137.405999899

1583076137.407000065

1583076137.408999920

1583076137.411000013

1583076137.413000107

1583076137.415999889

1583076137.417999983

1583076137.420000076

1583076137.421999931

1583076137.424000025

1583076137.424999952

1583076137.428999901

1583076137.430000067

1583076137.431999922

1583076137.434000015

1583076137.436000109

1583076137.437000036

1583076137.440999985

1583076137.441999912

1583076137.444000006

1583076137.446000099

1583076137.447999954

1583076137.448999882

1583076137.453000069

1583076137.454999924

1583076137.456000090

1583076137.457999945

1583076137.460000038

1583076137.463999987

1583076137.464999914

1583076137.467000008

1583076137.469000101

1583076137.470000029

1583076137.471999884

1583076137.473999977

1583076137.476999998

1583076137.479000092

1583076137.480000019

1583076137.482000113

1583076137.483999968

1583076137.484999895

1583076137.489000082

1583076137.490999937

1583076137.492000103

1583076137.493999958

1583076137.496000051

1583076137.496999979

1583076137.500999928

1583076137.503000021

1583076137.503999949

1583076137.506000042

1583076137.507999897

1583076137.509000063

1583076137.512000084

1583076137.513999939

1583076137.516000032

1583076137.516999960

1583076137.519000053

1583076137.523000002

1583076137.523999929

1583076137.526000023

1583076137.528000116

1583076137.529000044

1583076137.532000065

1583076137.536000013

1583076137.536999941

1583076137.539000034

1583076137.540999889

1583076137.542000055

1583076137.543999910

1583076137.548000097

1583076137.549000025

1583076137.551000118

1583076137.552999973

1583076137.553999901

1583076137.555999994

1583076137.559999943

1583076137.561000109

1583076137.562999964

1583076137.565000057

1583076137.566999912

1583076137.568000078

1583076137.572000027

1583076137.572999954

1583076137.575000048

1583076137.576999903

1583076137.578999996

1583076137.579999924

1583076137.584000111

1583076137.585000038

1583076137.586999893

1583076137.588999987

1583076137.589999914

1583076137.592000008

1583076137.595999956

1583076137.596999884

1583076137.598999977

1583076137.601000071

1583076137.601999998

1583076137.604000092

1583076137.608000040

1583076137.609999895

1583076137.611999989

1583076137.612999916

1583076137.615000010

1583076137.618999958

1583076137.619999886

1583076137.621999979

1583076137.624000072

1583076137.625999928

1583076137.627000093

1583076137.632999897

1583076137.634999990

1583076137.637000084

1583076137.638999939

1583076137.641000032

1583076137.644000053

1583076137.645999908

1583076137.648000002

1583076137.648999929

1583076137.651000023

1583076137.654999971

1583076137.655999899

1583076137.657999992

1583076137.660000086

1583076137.661000013

1583076137.663000107

1583076137.664999962

1583076137.667999983

1583076137.668999910

1583076137.671000004

1583076137.673000097

1583076137.674999952

1583076137.676000118

1583076137.680000067

1583076137.680999994

1583076137.683000088

1583076137.684999943

1583076137.686000109

1583076137.687999964

1583076137.691999912

1583076137.693000078

1583076137.694999933

1583076137.697000027

1583076137.697999954

1583076137.700000048

1583076137.703000069

1583076137.704999924

1583076137.707000017

1583076137.709000111

1583076137.710000038

1583076137.713999987

1583076137.714999914

1583076137.717000008

1583076137.719000101

1583076137.720999956

1583076137.721999884

1583076137.726000071

1583076137.726999998

1583076137.729000092

1583076137.730999947

1583076137.732000113

1583076137.733999968

1583076137.737999916

1583076137.739000082

1583076137.740999937

1583076137.743000031

1583076137.743999958

1583076137.746000051

1583076137.750000000

1583076137.750999928

1583076137.753000021

1583076137.756000042

1583076137.756999969

1583076137.759000063

1583076137.762000084

1583076137.763999939

1583076137.766000032

1583076137.767999887

1583076137.769000053

1583076137.770999908

1583076137.775000095

1583076137.776000023

1583076137.778000116

1583076137.779999971

1583076137.780999899

1583076137.782999992

1583076137.786999941

1583076137.788000107

1583076137.789999962

1583076137.792000055

1583076137.792999983

1583076137.795000076

1583076137.796000004

1583076137.799999952

1583076137.802000046

1583076137.802999973

1583076137.805000067

1583076137.806999922

1583076137.808000088

1583076137.811000109

1583076137.812999964

1583076137.815000057

1583076137.816999912

1583076137.818000078

1583076137.822000027

1583076137.822999954

1583076137.825000048

1583076137.826999903

1583076137.828999996

1583076137.829999924

1583076137.834000111

1583076137.835000038

1583076137.836999893

1583076137.838999987

1583076137.841000080

1583076137.842000008

1583076137.845999956

1583076137.846999884

1583076137.848999977

1583076137.851000071

1583076137.851999998

1583076137.854000092

1583076137.858000040

1583076137.858999968

1583076137.861000061

1583076137.862999916

1583076137.864000082

1583076137.865999937

1583076137.869999886

1583076137.871000051

1583076137.872999907

1583076137.875000000

1583076137.875999928

1583076137.878000021

1583076137.881999969

1583076137.882999897

1583076137.884999990

1583076137.887000084

1583076137.888000011

1583076137.890000105

1583076137.891999960

1583076137.894999981

1583076137.897000074

1583076137.898000002

1583076137.900000095

1583076137.901999950

1583076137.903000116

1583076137.907000065

1583076137.908999920

1583076137.911000013

1583076137.911999941

1583076137.914000034

1583076137.920000076

1583076137.921999931

1583076137.924000025

1583076137.926000118

1583076137.928999901

1583076137.930999994

1583076137.931999922

1583076137.934000015

1583076137.936000109

1583076137.937000036

1583076137.940999985

1583076137.941999912

1583076137.944000006

1583076137.946000099

1583076137.947000027

1583076137.948999882

1583076137.950999975

1583076137.953999996

1583076137.956000090

1583076137.957000017

1583076137.959000111

1583076137.960999966

1583076137.961999893

1583076137.966000080

1583076137.967000008

1583076137.969000101

1583076137.970999956

1583076137.973000050

1583076137.973999977

1583076137.979000092

1583076137.980000019

1583076137.982000113

1583076137.983999968

1583076137.984999895

1583076137.986999989

1583076137.990000010

1583076137.992000103

1583076137.993999958

1583076137.994999886

1583076137.996999979

1583076137.999000072

1583076138.002000093

1583076138.003999949

1583076138.006000042

1583076138.006999969

1583076138.009000063

1583076138.010999918

1583076138.013999939

1583076138.016000032

1583076138.016999960

1583076138.019000053

1583076138.020999908

1583076138.023000002

1583076138.026000023

1583076138.028000116

1583076138.029000044

1583076138.030999899

1583076138.032999992

1583076138.033999920

1583076138.038000107

1583076138.039000034

1583076138.040999889

1583076138.042999983

1583076138.045000076

1583076138.046000004

1583076138.049999952

1583076138.058000088

1583076138.058000088

1583076138.062000036

1583076138.062999964

1583076138.065000057

1583076138.066999912

1583076138.069000006

1583076138.069999933

1583076138.073999882

1583076138.075000048

1583076138.076999903

1583076138.078999996

1583076138.079999924

1583076138.082000017

1583076138.085000038

1583076138.086999893

1583076138.088999987

1583076138.089999914

1583076138.092000008

1583076138.094000101

1583076138.096999884

1583076138.098999977

1583076138.101000071

1583076138.101999998

1583076138.104000092

1583076138.105999947

1583076138.108000040

1583076138.109999895

1583076138.111999989

1583076138.112999916

1583076138.115000010

1583076138.117000103

1583076138.121000051

1583076138.121999979

1583076138.124000072

1583076138.125999928

1583076138.128000021

1583076138.128999949

1583076138.132999897

1583076138.134000063

1583076138.135999918

1583076138.138000011

1583076138.138999939

1583076138.141000032

1583076138.144000053

1583076138.145999908

1583076138.148000002

1583076138.150000095

1583076138.151000023

1583076138.153000116

1583076138.155999899

1583076138.157999992

1583076138.160000086

1583076138.161000013

1583076138.163000107

1583076138.164000034

1583076138.167999983

1583076138.170000076

1583076138.171000004

1583076138.173000097

1583076138.174999952

1583076138.176000118

1583076138.180000067

1583076138.181999922

1583076138.183000088

1583076138.184999943

1583076138.187000036

1583076138.187999964

1583076138.191999912

1583076138.193000078

1583076138.194999933

1583076138.197000027

1583076138.197999954

1583076138.200000048

1583076138.203000069

1583076138.210999966

1583076138.213000059

1583076138.216000080

1583076138.217999935

1583076138.220000029

1583076138.220999956

1583076138.223000050

1583076138.224999905

1583076138.227999926

1583076138.229000092

1583076138.230999947

1583076138.233000040

1583076138.233999968

1583076138.236000061

1583076138.239000082

1583076138.240999937

1583076138.243000031

1583076138.244999886

1583076138.246000051

1583076138.247999907

1583076138.252000093

1583076138.253000021

1583076138.255000114

1583076138.256999969

1583076138.257999897

1583076138.259999990

1583076138.262000084

1583076138.265000105

1583076138.266000032

1583076138.267999887

1583076138.269999981

1583076138.270999908

1583076138.273000002

1583076138.276999950

1583076138.278000116

1583076138.279999971

1583076138.282000065

1583076138.282999992

1583076138.285000086

1583076138.288000107

1583076138.289999962

1583076138.292000055

1583076138.292999983

1583076138.295000076

1583076138.296000004

1583076138.299999952

1583076138.301000118

1583076138.302999973

1583076138.305000067

1583076138.306999922

1583076138.308000088

1583076138.312000036

1583076138.313999891

1583076138.315000057

1583076138.316999912

1583076138.319000006

1583076138.319999933

1583076138.323999882

1583076138.325000048

1583076138.326999903

1583076138.328999996

1583076138.331000090

1583076138.332000017

1583076138.335999966

1583076138.338000059

1583076138.339999914

1583076138.342000008

1583076138.342999935

1583076138.346999884

1583076138.348000050

1583076138.349999905

1583076138.351999998

1583076138.354000092

1583076138.355000019

1583076138.358999968

1583076138.359999895

1583076138.361999989

1583076138.364000082

1583076138.365000010

1583076138.367000103

1583076138.369999886

1583076138.371999979

1583076138.374000072

1583076138.375999928

1583076138.378000021

1583076138.378999949

1583076138.382999897

1583076138.384000063

1583076138.385999918

1583076138.388000011

1583076138.388999939

1583076138.391000032

1583076138.394000053

1583076138.395999908

1583076138.398000002

1583076138.398999929

1583076138.401000023

1583076138.403000116

1583076138.404999971

1583076138.407000065

1583076138.408999920

1583076138.411000013

1583076138.411999941

1583076138.414000034

1583076138.417999983

1583076138.418999910

1583076138.421000004

1583076138.423000097

1583076138.424999952

1583076138.427000046

1583076138.430999994

1583076138.431999922

1583076138.434000015

1583076138.436000109

1583076138.437000036

1583076138.438999891

1583076138.443000078

1583076138.444000006

1583076138.446000099

1583076138.447999954

1583076138.448999882

1583076138.450999975

1583076138.454999924

1583076138.456000090

1583076138.457999945

1583076138.460000038

1583076138.461999893

1583076138.463999987

1583076138.467000008

1583076138.469000101

1583076138.470999956

1583076138.471999884

1583076138.473999977

1583076138.476000071

1583076138.479000092

1583076138.480000019

1583076138.482000113

1583076138.483999968

1583076138.484999895

1583076138.486999989

1583076138.489000082

1583076138.492000103

1583076138.493000031

1583076138.499000072

1583076138.503000021

1583076138.503999949

1583076138.506000042

1583076138.507999897

1583076138.509999990

1583076138.512000084

1583076138.515000105

1583076138.516999960

1583076138.517999887

1583076138.519999981

1583076138.522000074

1583076138.523000002

1583076138.526999950

1583076138.528000116

1583076138.530999899

1583076138.532000065

1583076138.533999920

1583076138.536000013

1583076138.539000034

1583076138.540999889

1583076138.542000055

1583076138.543999910

1583076138.546000004

1583076138.546999931

1583076138.551000118

1583076138.552000046

1583076138.553999901

1583076138.555999994

1583076138.556999922

1583076138.559000015

1583076138.562000036

1583076138.563999891

1583076138.565999985

1583076138.566999912

1583076138.569000006

1583076138.571000099

1583076138.573999882

1583076138.575999975

1583076138.578000069

1583076138.578999996

1583076138.581000090

1583076138.582000017

1583076138.585999966

1583076138.586999893

1583076138.588999987

1583076138.591000080

1583076138.592000008

1583076138.594000101

1583076138.598000050

1583076138.598999977

1583076138.601000071

1583076138.602999926

1583076138.605000019

1583076138.605999947

1583076138.609999895

1583076138.611999989

1583076138.612999916

1583076138.615000010

1583076138.617000103

1583076138.618999958

1583076138.621999979

1583076138.624000072

1583076138.625999928

1583076138.627000093

1583076138.628999949

1583076138.631000042

1583076138.634000063

1583076138.635999918

1583076138.637000084

1583076138.638999939

1583076138.641000032

1583076138.644999981

1583076138.645999908

1583076138.648999929

1583076138.651000023

1583076138.651999950

1583076138.654000044

1583076138.657999992

1583076138.660000086

1583076138.661000013

1583076138.663000107

1583076138.664999962

1583076138.665999889

1583076138.670000076

1583076138.671999931

1583076138.673000097

1583076138.674999952

1583076138.677000046

1583076138.677999973

1583076138.681999922

1583076138.683000088

1583076138.684999943

1583076138.687000036

1583076138.687999964

1583076138.690000057

1583076138.694000006

1583076138.694999933

1583076138.697000027

1583076138.698999882

1583076138.700000048

1583076138.701999903

1583076138.704999924

1583076138.706000090

1583076138.707999945

1583076138.710000038

1583076138.711999893

1583076138.713000059

1583076138.717000008

1583076138.717999935

1583076138.720000029

1583076138.721999884

1583076138.723000050

1583076138.724999905

1583076138.729000092

1583076138.730000019

1583076138.732000113

1583076138.733999968

1583076138.734999895

1583076138.736999989

1583076138.740999937

1583076138.742000103

1583076138.743999958

1583076138.746000051

1583076138.746999979

1583076138.749000072

1583076138.753000021

1583076138.755000114

1583076138.756999969

1583076138.757999897

1583076138.759999990

1583076138.760999918

1583076138.765000105

1583076138.766000032

1583076138.767999887

1583076138.769999981

1583076138.770999908

1583076138.773000002

1583076138.775000095

1583076138.778000116

1583076138.779000044

1583076138.780999899

1583076138.782999992

1583076138.789000034

1583076138.790999889

1583076138.792999983

1583076138.795000076

1583076138.796000004

1583076138.798000097

1583076138.801000118

1583076138.802999973

1583076138.805000067

1583076138.805999994

1583076138.808000088

1583076138.812000036

1583076138.812999964

1583076138.815000057

1583076138.816999912

1583076138.819000006

1583076138.819999933

1583076138.823999882

1583076138.825000048

1583076138.826999903

1583076138.828999996

1583076138.829999924

1583076138.832000017

1583076138.835999966

1583076138.836999893

1583076138.838999987

1583076138.841000080

1583076138.842000008

1583076138.844000101

1583076138.848000050

1583076138.848999977

1583076138.851000071

1583076138.852999926

1583076138.854000092

1583076138.855999947

1583076138.859999895

1583076138.861000061

1583076138.862999916

1583076138.865000010

1583076138.867000103

1583076138.868000031

1583076138.872999907

1583076138.874000072

1583076138.875999928

1583076138.878000021

1583076138.878999949

1583076138.881000042

1583076138.884999990

1583076138.885999918

1583076138.888000011

1583076138.890000105

1583076138.891000032

1583076138.892999887

1583076138.897000074

1583076138.898000002

1583076138.900000095

1583076138.901999950

1583076138.904000044

1583076138.904999971

1583076138.908999920

1583076138.911000013

1583076138.911999941

1583076138.914000034

1583076138.915999889

1583076138.917999983

1583076138.921000004

1583076138.921999931

1583076138.924000025

1583076138.926000118

1583076138.927999973

1583076138.928999901

1583076138.933000088

1583076138.934000015

1583076138.936000109

1583076138.937999964

1583076138.940000057

1583076138.940999985

1583076138.944999933

1583076138.947000027

1583076138.947999954

1583076138.950000048

1583076138.951999903

1583076138.953000069

1583076138.957000017

1583076138.957999945

1583076138.960000038

1583076138.961999893

1583076138.963000059

1583076138.964999914

1583076138.969000101

1583076138.970000029

1583076138.971999884

1583076138.973999977

1583076138.974999905

1583076138.976999998

1583076138.980999947

1583076138.982000113

1583076138.983999968

1583076138.986000061

1583076138.986999989

1583076138.989000082

1583076138.993000031

1583076138.993999958

1583076138.996000051

1583076138.997999907

1583076138.999000072

1583076139.000999928

1583076139.005000114

1583076139.006000042

1583076139.007999897

1583076139.009999990

1583076139.012000084

1583076139.013000011

1583076139.016999960

1583076139.017999887

1583076139.019999981

1583076139.022000074

1583076139.023000002

1583076139.025000095

1583076139.029000044

1583076139.029999971

1583076139.032000065

1583076139.033999920

1583076139.035000086

1583076139.036999941

1583076139.039999962

1583076139.042000055

1583076139.042999983

1583076139.045000076

1583076139.046999931

1583076139.048000097

1583076139.052000046

1583076139.053999901

1583076139.055999994

1583076139.056999922

1583076139.059000015

1583076139.061000109

1583076139.063999891

1583076139.065000057

1583076139.066999912

1583076139.069000006

1583076139.071000099

1583076139.072999954

1583076139.078999996

1583076139.079999924

1583076139.082000017

1583076139.084000111

1583076139.086999893

1583076139.088999987

1583076139.089999914

1583076139.092000008

1583076139.095000029

1583076139.095999956

1583076139.099999905

1583076139.101000071

1583076139.102999926

1583076139.105000019

1583076139.107000113

1583076139.108000040

1583076139.111999989

1583076139.114000082

1583076139.115000010

1583076139.117000103

1583076139.118999958

1583076139.119999886

1583076139.124000072

1583076139.125000000

1583076139.127000093

1583076139.128999949

1583076139.130000114

1583076139.131999969

1583076139.135999918

1583076139.137000084

1583076139.138999939

1583076139.141000032

1583076139.142999887

1583076139.144000053

1583076139.148000002

1583076139.150000095

1583076139.151000023

1583076139.153000116

1583076139.154999971

1583076139.155999899

1583076139.160000086

1583076139.161000013

1583076139.163000107

1583076139.164999962

1583076139.165999889

1583076139.167999983

1583076139.171999931

1583076139.174000025

1583076139.176000118

1583076139.177000046

1583076139.178999901

1583076139.181999922

1583076139.184000015

1583076139.186000109

1583076139.187999964

1583076139.188999891

1583076139.190999985

1583076139.193000078

1583076139.196000099

1583076139.197000027

1583076139.200000048

1583076139.201999903

1583076139.203000069

1583076139.207000017

1583076139.209000111

1583076139.210999966

1583076139.211999893

1583076139.213999987

1583076139.217999935

1583076139.219000101

1583076139.220999956

1583076139.223000050

1583076139.223999977

1583076139.226000071

1583076139.227999926

1583076139.230999947

1583076139.233000040

1583076139.234999895

1583076139.236000061

1583076139.237999916

1583076139.240000010

1583076139.243000031

1583076139.243999958

1583076139.246000051

1583076139.247999907

1583076139.250000000

1583076139.250999928

1583076139.255000114

1583076139.256000042

1583076139.257999897

1583076139.259999990

1583076139.262000084

1583076139.263999939

1583076139.266999960

1583076139.267999887

1583076139.269999981

1583076139.272000074

1583076139.273999929

1583076139.275000095

1583076139.279000044

1583076139.279999971

1583076139.282000065

1583076139.283999920

1583076139.285000086

1583076139.286999941

1583076139.290999889

1583076139.292000055

1583076139.293999910

1583076139.296000004

1583076139.298000097

1583076139.299000025

1583076139.302000046

1583076139.303999901

1583076139.305999994

1583076139.306999922

1583076139.309000015

1583076139.311000109

1583076139.313999891

1583076139.315000057

1583076139.318000078

1583076139.319999933

1583076139.321000099

1583076139.322999954

1583076139.326999903

1583076139.328000069

1583076139.329999924

1583076139.332000017

1583076139.334000111

1583076139.335000038

1583076139.338999987

1583076139.339999914

1583076139.342000008

1583076139.344000101

1583076139.345000029

1583076139.346999884

1583076139.351000071

1583076139.351999998

1583076139.354000092

1583076139.355999947

1583076139.357000113

1583076139.358999968

1583076139.361999989

1583076139.368000031

1583076139.369999886

1583076139.371000051

1583076139.375000000

1583076139.377000093

1583076139.378000021

1583076139.380000114

1583076139.381999969

1583076139.384000063

1583076139.387000084

1583076139.388000011

1583076139.390000105

1583076139.391999960

1583076139.394000053

1583076139.395999908

1583076139.400000095

1583076139.401999950

1583076139.403000116

1583076139.404999971

1583076139.408999920

1583076139.411000013

1583076139.411999941

1583076139.414000034

1583076139.415999889

1583076139.417000055

1583076139.421000004

1583076139.421999931

1583076139.424000025

1583076139.426000118

1583076139.427000046

1583076139.428999901

1583076139.433000088

1583076139.434000015

1583076139.436000109

1583076139.437999964

1583076139.438999891

1583076139.440999985

1583076139.444999933

1583076139.446000099

1583076139.447999954

1583076139.450000048

1583076139.450999975

1583076139.453000069

1583076139.456000090

1583076139.457999945

1583076139.460000038

1583076139.461999893

1583076139.463000059

1583076139.464999914

1583076139.469000101

1583076139.470000029

1583076139.471999884

1583076139.473999977

1583076139.474999905

1583076139.476999998

1583076139.480000019

1583076139.482000113

1583076139.483999968

1583076139.486000061

1583076139.486999989

1583076139.489000082

1583076139.492000103

1583076139.493999958

1583076139.496000051

1583076139.497999907

1583076139.500000000

1583076139.500999928

1583076139.505000114

1583076139.506999969

1583076139.507999897

1583076139.509999990

1583076139.512000084

1583076139.513000011

1583076139.516999960

1583076139.519000053

1583076139.519999981

1583076139.522000074

1583076139.523999929

1583076139.525000095

1583076139.529000044

1583076139.529999971

1583076139.532000065

1583076139.533999920

1583076139.536000013

1583076139.536999941

1583076139.542000055

1583076139.542999983

1583076139.545000076

1583076139.546999931

1583076139.548000097

1583076139.549999952

1583076139.553999901

1583076139.555000067

1583076139.556999922

1583076139.559000015

1583076139.559999943

1583076139.562000036

1583076139.565000057

1583076139.566999912

1583076139.569000006

1583076139.569999933

1583076139.572000027

1583076139.573999882

1583076139.576999903

1583076139.578999996

1583076139.579999924

1583076139.582000017

1583076139.584000111

1583076139.585000038

1583076139.588999987

1583076139.591000080

1583076139.592000008

1583076139.594000101

1583076139.595999956

1583076139.596999884

1583076139.599999905

1583076139.601999998

1583076139.602999926

1583076139.605000019

1583076139.607000113

1583076139.608000040

1583076139.611999989

1583076139.612999916

1583076139.615000010

1583076139.617000103

1583076139.618000031

1583076139.619999886

1583076139.622999907

1583076139.625000000

1583076139.627000093

1583076139.628999949

1583076139.630000114

1583076139.631999969

1583076139.634999990

1583076139.637000084

1583076139.638999939

1583076139.641000032

1583076139.641999960

1583076139.644000053

1583076139.648000002

1583076139.648999929

1583076139.651000023

1583076139.653000116

1583076139.654000044

1583076139.661000013

1583076139.661999941

1583076139.664000034

1583076139.665999889

1583076139.667000055

1583076139.668999910

1583076139.673000097

1583076139.674000025

1583076139.676000118

1583076139.677999973

1583076139.680000067

1583076139.680999994

1583076139.684999943

1583076139.686000109

1583076139.687999964

1583076139.690000057

1583076139.691999912

1583076139.693000078

1583076139.697000027

1583076139.700000048

1583076139.701999903

1583076139.703000069

1583076139.704999924

1583076139.709000111

1583076139.710999966

1583076139.711999893

1583076139.713999987

1583076139.716000080

1583076139.717000008

1583076139.720999956

1583076139.721999884

1583076139.723999977

1583076139.726000071

1583076139.726999998

1583076139.729000092

1583076139.733000040

1583076139.733999968

1583076139.736000061

1583076139.737999916

1583076139.740000010

1583076139.742000103

1583076139.744999886

1583076139.746000051

1583076139.747999907

1583076139.750000000

1583076139.752000093

1583076139.753000021

1583076139.756999969

1583076139.759000063

1583076139.760999918

1583076139.762000084

1583076139.765000105

1583076139.767999887

1583076139.769999981

1583076139.772000074

1583076139.773999929

1583076139.775000095

1583076139.776999950

1583076139.779999971

1583076139.782000065

1583076139.783999920

1583076139.786000013

1583076139.786999941

1583076139.789000034

1583076139.792999983

1583076139.793999910

1583076139.796000004

1583076139.798000097

1583076139.801000118

1583076139.802999973

1583076139.805999994

1583076139.808000088

1583076139.809999943

1583076139.811000109

1583076139.812999964

1583076139.815999985

1583076139.818000078

1583076139.819999933

1583076139.822000027

1583076139.822999954

1583076139.825000048

1583076139.828000069

1583076139.829999924

1583076139.832000017

1583076139.834000111

1583076139.835000038

1583076139.836999893

1583076139.839999914

1583076139.842000008

1583076139.844000101

1583076139.845999956

1583076139.846999884

1583076139.848999977

1583076139.851999998

1583076139.854000092

1583076139.855999947

1583076139.858000040

1583076139.858999968

1583076139.861000061

1583076139.864000082

1583076139.865999937

1583076139.868000031

1583076139.869999886

1583076139.871000051

1583076139.872999907

1583076139.875999928

1583076139.878000021

1583076139.880000114

1583076139.881999969

1583076139.882999897

1583076139.884999990

1583076139.888999939

1583076139.890000105

1583076139.891999960

1583076139.894000053

1583076139.894999981

1583076139.897000074

1583076139.900000095

1583076139.901999950

1583076139.903000116

1583076139.904999971

1583076139.905999899

1583076139.907999992

1583076139.911999941

1583076139.913000107

1583076139.914999962

1583076139.917000055

1583076139.917999983

1583076139.920000076

1583076139.924000025

1583076139.924999952

1583076139.927000046

1583076139.928999901

1583076139.930000067

1583076139.931999922

1583076139.934999943

1583076139.937000036

1583076139.938999891

1583076139.940999985

1583076139.941999912

1583076139.944000006

1583076139.947000027

1583076139.953000069

1583076139.954999924

1583076139.957000017

1583076139.960000038

1583076139.961999893

1583076139.963000059

1583076139.964999914

1583076139.967000008

1583076139.967999935

1583076139.971999884

1583076139.973999977

1583076139.974999905

1583076139.976999998

1583076139.979000092

1583076139.980000019

1583076139.983999968

1583076139.984999895

1583076139.987999916

1583076139.990000010

1583076139.990999937

1583076139.993000031

1583076139.994999886

1583076139.997999907

1583076140.000999928

1583076140.003000021

1583076140.006000042

1583076140.010999918

1583076140.013000011

1583076140.015000105

1583076140.016000032

1583076140.017999887

1583076140.020999908

1583076140.023000002

1583076140.025000095

1583076140.026999950

1583076140.028000116

1583076140.029999971

1583076140.032999992

1583076140.035000086

1583076140.036000013

1583076140.038000107

1583076140.039999962

1583076140.040999889

1583076140.045000076

1583076140.046999931

1583076140.048000097

1583076140.049999952

1583076140.051000118

1583076140.052999973

1583076140.055999994

1583076140.059000015

1583076140.059999943

1583076140.062000036

1583076140.063999891

1583076140.065000057

1583076140.069000006

1583076140.069999933

1583076140.072000027

1583076140.073999882

1583076140.075000048

1583076140.076999903

1583076140.079999924

1583076140.082000017

1583076140.084000111

1583076140.085000038

1583076140.086999893

1583076140.088999987

1583076140.091000080

1583076140.094000101

1583076140.095999956

1583076140.096999884

1583076140.099999905

1583076140.101999998

1583076140.105000019

1583076140.107000113

1583076140.108999968

1583076140.111000061

1583076140.111999989

1583076140.114000082

1583076140.117000103

1583076140.118999958

1583076140.119999886

1583076140.121999979

1583076140.122999907

1583076140.125000000

1583076140.128999949

1583076140.130000114

1583076140.131999969

1583076140.134000063

1583076140.134999990

1583076140.137000084

1583076140.140000105

1583076140.141999960

1583076140.144000053

1583076140.145999908

1583076140.147000074

1583076140.148999929

1583076140.151999950

1583076140.154000044

1583076140.155999899

1583076140.157999992

1583076140.158999920

1583076140.161000013

1583076140.163000107

1583076140.165999889

1583076140.167000055

1583076140.168999910

1583076140.171000004

1583076140.171999931

1583076140.174000025

1583076140.177999973

1583076140.180000067

1583076140.181999922

1583076140.183000088

1583076140.184999943

1583076140.187999964

1583076140.190000057

1583076140.191999912

1583076140.194000006

1583076140.194999933

1583076140.197000027

1583076140.200000048

1583076140.201999903

1583076140.203000069

1583076140.204999924

1583076140.207000017

1583076140.209000111

1583076140.213000059

1583076140.214999914

1583076140.217000008

1583076140.217999935

1583076140.220000029

1583076140.221999884

1583076140.224999905

1583076140.226999998

1583076140.227999926

1583076140.230000019

1583076140.232000113

1583076140.233000040

1583076140.236999989

1583076140.239000082

1583076140.240000010

1583076140.242000103

1583076140.249000072

1583076140.250000000

1583076140.252000093

1583076140.253999949

1583076140.255000114

1583076140.256999969

1583076140.260999918

1583076140.262000084

1583076140.263999939

1583076140.266000032

1583076140.266999960

1583076140.269000053

1583076140.272000074

1583076140.273999929

1583076140.276000023

1583076140.278000116

1583076140.279000044

1583076140.280999899

1583076140.282999992

1583076140.286000013

1583076140.288000107

1583076140.289000034

1583076140.290999889

1583076140.292999983

1583076140.293999910

1583076140.298000097

1583076140.301000118

1583076140.302999973

1583076140.303999901

1583076140.305999994

1583076140.309000015

1583076140.311000109

1583076140.312999964

1583076140.313999891

1583076140.315999985

1583076140.318000078

1583076140.321000099

1583076140.322999954

1583076140.323999882

1583076140.325999975

1583076140.328000069

1583076140.328999996

1583076140.332000017

1583076140.334000111

1583076140.335999966

1583076140.338000059

1583076140.338999987

1583076140.341000080

1583076140.345000029

1583076140.345999956

1583076140.348000050

1583076140.349999905

1583076140.351000071

1583076140.352999926

1583076140.355999947

1583076140.358000040

1583076140.359999895

1583076140.361999989

1583076140.362999916

1583076140.365000010

1583076140.368000031

1583076140.369999886

1583076140.371999979

1583076140.374000072

1583076140.375000000

1583076140.377000093

1583076140.380000114

1583076140.381999969

1583076140.384000063

1583076140.385999918

1583076140.387000084

1583076140.388999939

1583076140.392999887

1583076140.394000053

1583076140.395999908

1583076140.398000002

1583076140.401000023

1583076140.404000044

1583076140.405999899

1583076140.407999992

1583076140.410000086

1583076140.411000013

1583076140.413000107

1583076140.415999889

1583076140.417999983

1583076140.420000076

1583076140.421999931

1583076140.423000097

1583076140.424999952

1583076140.427999973

1583076140.430999994

1583076140.431999922

1583076140.434000015

1583076140.436000109

1583076140.437000036

1583076140.438999891

1583076140.443000078

1583076140.444000006

1583076140.446000099

1583076140.447999954

1583076140.450000048

1583076140.453000069

1583076140.454999924

1583076140.457000017

1583076140.459000111

1583076140.460000038

1583076140.461999893

1583076140.464999914

1583076140.467000008

1583076140.469000101

1583076140.470000029

1583076140.471999884

1583076140.473999977

1583076140.476999998

1583076140.479000092

1583076140.480999947

1583076140.483000040

1583076140.483999968

1583076140.486000061

1583076140.489000082

1583076140.490999937

1583076140.493000031

1583076140.494999886

1583076140.496000051

1583076140.497999907

1583076140.500000000

1583076140.502000093

1583076140.503999949

1583076140.506000042

1583076140.506999969

1583076140.509000063

1583076140.513000011

1583076140.513999939

1583076140.516000032

1583076140.517999887

1583076140.519000053

1583076140.520999908

1583076140.523999929

1583076140.526000023

1583076140.528000116

1583076140.529000044

1583076140.530999899

1583076140.532999992

1583076140.539000034

1583076140.540999889

1583076140.542999983

1583076140.543999910

1583076140.546000004

1583076140.549000025

1583076140.551000118

1583076140.552000046

1583076140.553999901

1583076140.555999994

1583076140.556999922

1583076140.559999943

1583076140.562000036

1583076140.563999891

1583076140.565999985

1583076140.566999912

1583076140.569000006

1583076140.571000099

1583076140.573999882

1583076140.575999975

1583076140.576999903

1583076140.578999996

1583076140.581000090

1583076140.582000017

1583076140.585999966

1583076140.586999893

1583076140.588999987

1583076140.591000080

1583076140.592000008

1583076140.594000101

1583076140.598000050

1583076140.599999905

1583076140.601000071

1583076140.602999926

1583076140.605000019

1583076140.608000040

1583076140.609999895

1583076140.611999989

1583076140.612999916

1583076140.615000010

1583076140.615999937

1583076140.619999886

1583076140.621999979

1583076140.622999907

1583076140.625000000

1583076140.625999928

1583076140.628000021

1583076140.631000042

1583076140.632999897

1583076140.634999990

1583076140.638000011

1583076140.638999939

1583076140.641000032

1583076140.644000053

1583076140.645999908

1583076140.648000002

1583076140.648999929

1583076140.651000023

1583076140.653000116

1583076140.654999971

1583076140.657999992

1583076140.658999920

1583076140.661000013

1583076140.663000107

1583076140.664000034

1583076140.665999889

1583076140.670000076

1583076140.671000004

1583076140.673000097

1583076140.674999952

1583076140.677000046

1583076140.677999973

1583076140.681999922

1583076140.683000088

1583076140.684999943

1583076140.687000036

1583076140.687999964

1583076140.690000057

1583076140.694000006

1583076140.694999933

1583076140.697000027

1583076140.700000048

1583076140.701999903

1583076140.706000090

1583076140.707999945

1583076140.710000038

1583076140.710999966

1583076140.713000059

1583076140.714999914

1583076140.717999935

1583076140.719000101

1583076140.720999956

1583076140.723000050

1583076140.723999977

1583076140.726000071

1583076140.729000092

1583076140.730999947

1583076140.733000040

1583076140.734999895

1583076140.736000061

1583076140.737999916

1583076140.742000103

1583076140.743000031

1583076140.744999886

1583076140.746999979

1583076140.749000072

1583076140.750000000

1583076140.753999949

1583076140.755000114

1583076140.756999969

1583076140.759000063

1583076140.760999918

1583076140.763999939

1583076140.766000032

1583076140.767999887

1583076140.769999981

1583076140.770999908

1583076140.773000002

1583076140.776000023

1583076140.778000116

1583076140.779999971

1583076140.782000065

1583076140.782999992

1583076140.785000086

1583076140.788000107

1583076140.789999962

1583076140.792000055

1583076140.793999910

1583076140.795000076

1583076140.796999931

1583076140.799999952

1583076140.802000046

1583076140.802999973

1583076140.805000067

1583076140.805999994

1583076140.808000088

1583076140.811000109

1583076140.812999964

1583076140.815000057

1583076140.816999912

1583076140.818000078

1583076140.819999933

1583076140.822999954

1583076140.825000048

1583076140.831000090

1583076140.832000017

1583076140.835000038

1583076140.836999893

1583076140.838999987

1583076140.841000080

1583076140.842000008

1583076140.844000101

1583076140.848000050

1583076140.849999905

1583076140.851999998

1583076140.854000092

1583076140.855000019

1583076140.857000113

1583076140.859999895

1583076140.861999989

1583076140.864000082

1583076140.865999937

1583076140.867000103

1583076140.868999958

1583076140.871999979

1583076140.874000072

1583076140.875999928

1583076140.877000093

1583076140.878999949

1583076140.881000042

1583076140.884000063

1583076140.885999918

1583076140.888000011

1583076140.888999939

1583076140.891000032

1583076140.892999887

1583076140.895999908

1583076140.898000002

1583076140.900000095

1583076140.901999950

1583076140.904000044

1583076140.905999899

1583076140.908999920

1583076140.910000086

1583076140.911999941

1583076140.914000034

1583076140.914999962

1583076140.917000055

1583076140.921000004

1583076140.921999931

1583076140.924000025

1583076140.926000118

1583076140.927999973

1583076140.928999901

1583076140.933000088

1583076140.934000015

1583076140.936000109

1583076140.937999964

1583076140.938999891

1583076140.940999985

1583076140.944999933

1583076140.946000099

1583076140.947999954

1583076140.950000048

1583076140.950999975

1583076140.953000069

1583076140.957000017

1583076140.957999945

1583076140.960000038

1583076140.961999893

1583076140.963999987

1583076140.964999914

1583076140.969000101

1583076140.970000029

1583076140.971999884

1583076140.973999977

1583076140.974999905

1583076140.976999998

1583076140.980000019

1583076140.982000113

1583076140.983999968

1583076140.984999895

1583076140.986999989

1583076140.989000082

1583076140.992000103

1583076140.993999958

1583076140.996000051

1583076140.997999907

1583076140.999000072

1583076141.000999928

1583076141.003999949

1583076141.006000042

1583076141.007999897

1583076141.009999990

1583076141.013000011

1583076141.016000032

1583076141.017999887

1583076141.019999981

1583076141.020999908

1583076141.023000002

1583076141.025000095

1583076141.028000116

1583076141.029999971

1583076141.030999899

1583076141.032999992

1583076141.035000086

1583076141.036000013

1583076141.039000034

1583076141.040999889

1583076141.042999983

1583076141.045000076

1583076141.046000004

1583076141.048000097

1583076141.051000118

1583076141.052999973

1583076141.055999994

1583076141.058000088

1583076141.059000015

1583076141.061000109

1583076141.063999891

1583076141.065999985

1583076141.068000078

1583076141.069000006

1583076141.071000099

1583076141.072999954

1583076141.075000048

1583076141.078000069

1583076141.078999996

1583076141.081000090

1583076141.082999945

1583076141.084000111

1583076141.085999966

1583076141.089999914

1583076141.091000080

1583076141.092999935

1583076141.095000029

1583076141.095999956

1583076141.098000050

1583076141.101000071

1583076141.102999926

1583076141.104000092

1583076141.105999947

1583076141.108000040

1583076141.108999968

1583076141.112999916

1583076141.114000082

1583076141.119999886

1583076141.122999907

1583076141.125000000

1583076141.127000093

1583076141.128999949

1583076141.130000114

1583076141.131999969

1583076141.134999990

1583076141.137000084

1583076141.138999939

1583076141.140000105

1583076141.141999960

1583076141.144000053

1583076141.147000074

1583076141.148999929

1583076141.151000023

1583076141.153000116

1583076141.154000044

1583076141.155999899

1583076141.158999920

1583076141.161000013

1583076141.163000107

1583076141.164999962

1583076141.165999889

1583076141.167999983

1583076141.171000004

1583076141.173000097

1583076141.174999952

1583076141.177000046

1583076141.177999973

1583076141.180000067

1583076141.183000088

1583076141.184999943

1583076141.187000036

1583076141.187999964

1583076141.190000057

1583076141.191999912

1583076141.194999933

1583076141.197000027

1583076141.198999882

1583076141.200999975

1583076141.201999903

1583076141.203999996

1583076141.207999945

1583076141.210000038

1583076141.211999893

1583076141.213999987

1583076141.214999914

1583076141.219000101

1583076141.220999956

1583076141.221999884

1583076141.223999977

1583076141.226000071

1583076141.226999998

1583076141.230000019

1583076141.232000113

1583076141.233999968

1583076141.236000061

1583076141.236999989

1583076141.239000082

1583076141.242000103

1583076141.243999958

1583076141.246000051

1583076141.247999907

1583076141.249000072

1583076141.252000093

1583076141.256000042

1583076141.256999969

1583076141.259000063

1583076141.260999918

1583076141.262000084

1583076141.265000105

1583076141.269000053

1583076141.269999981

1583076141.272000074

1583076141.273999929

1583076141.275000095

1583076141.276999950

1583076141.280999899

1583076141.282000065

1583076141.283999920

1583076141.286000013

1583076141.286999941

1583076141.289000034

1583076141.292999983

1583076141.293999910

1583076141.296000004

1583076141.299000025

1583076141.301000118

1583076141.303999901

1583076141.305999994

1583076141.308000088

1583076141.309999943

1583076141.311000109

1583076141.312999964

1583076141.316999912

1583076141.318000078

1583076141.319999933

1583076141.322000027

1583076141.322999954

1583076141.325000048

1583076141.328999996

1583076141.329999924

1583076141.332000017

1583076141.334000111

1583076141.335000038

1583076141.336999893

1583076141.341000080

1583076141.342000008

1583076141.344000101

1583076141.345999956

1583076141.346999884

1583076141.348999977

1583076141.351999998

1583076141.354000092

1583076141.355999947

1583076141.358000040

1583076141.358999968

1583076141.361000061

1583076141.364000082

1583076141.365999937

1583076141.368000031

1583076141.368999958

1583076141.371000051

1583076141.372999907

1583076141.375999928

1583076141.378000021

1583076141.378999949

1583076141.381000042

1583076141.381999969

1583076141.384000063

1583076141.387000084

1583076141.388999939

1583076141.391000032

1583076141.392999887

1583076141.394000053

1583076141.395999908

1583076141.398999929

1583076141.400000095

1583076141.401999950

1583076141.404000044

1583076141.405999899

1583076141.407000065

1583076141.410000086

1583076141.415999889

1583076141.417999983

1583076141.420000076

1583076141.423000097

1583076141.424999952

1583076141.426000118

1583076141.427999973

1583076141.430000067

1583076141.430999994

1583076141.434999943

1583076141.437000036

1583076141.438999891

1583076141.440000057

1583076141.441999912

1583076141.443000078

1583076141.447000027

1583076141.447999954

1583076141.450000048

1583076141.451999903

1583076141.453000069

1583076141.454999924

1583076141.457999945

1583076141.460000038

1583076141.461999893

1583076141.463000059

1583076141.464999914

1583076141.467000008

1583076141.470000029

1583076141.471999884

1583076141.474999905

1583076141.476999998

1583076141.477999926

1583076141.480000019

1583076141.483000040

1583076141.484999895

1583076141.486999989

1583076141.489000082

1583076141.490000010

1583076141.492000103

1583076141.494999886

1583076141.496999979

1583076141.500000000

1583076141.502000093

1583076141.503999949

1583076141.506999969

1583076141.509000063

1583076141.510999918

1583076141.513000011

1583076141.513999939

1583076141.516000032

1583076141.519000053

1583076141.520999908

1583076141.523000002

1583076141.525000095

1583076141.526000023

1583076141.528000116

1583076141.530999899

1583076141.532999992

1583076141.535000086

1583076141.536999941

1583076141.538000107

1583076141.539999962

1583076141.542999983

1583076141.545000076

1583076141.546999931

1583076141.548000097

1583076141.549999952

1583076141.552000046

1583076141.555000067

1583076141.556999922

1583076141.559000015

1583076141.559999943

1583076141.562000036

1583076141.563999891

1583076141.566999912

1583076141.569000006

1583076141.571000099

1583076141.572000027

1583076141.573999882

1583076141.575999975

1583076141.578999996

1583076141.581000090

1583076141.582999945

1583076141.585000038

1583076141.585999966

1583076141.588000059

1583076141.591000080

1583076141.592999935

1583076141.595000029

1583076141.596999884

1583076141.599999905

1583076141.602999926

1583076141.605000019

1583076141.607000113

1583076141.608999968

1583076141.609999895

1583076141.611999989

1583076141.615000010

1583076141.617000103

1583076141.618999958

1583076141.619999886

1583076141.621999979

1583076141.624000072

1583076141.625999928

1583076141.628999949

1583076141.631000042

1583076141.631999969

1583076141.634000063

1583076141.634999990

1583076141.637000084

1583076141.641000032

1583076141.641999960

1583076141.644000053

1583076141.645999908

1583076141.648000002

1583076141.650000095

1583076141.653000116

1583076141.654000044

1583076141.655999899

1583076141.657999992

1583076141.658999920

1583076141.663000107

1583076141.664999962

1583076141.667000055

1583076141.667999983

1583076141.670000076

1583076141.671999931

1583076141.674999952

1583076141.677000046

1583076141.678999901

1583076141.680999994

1583076141.681999922

1583076141.684999943

1583076141.687999964

1583076141.690000057

1583076141.691999912

1583076141.694000006

1583076141.694999933

1583076141.697000027

1583076141.700000048

1583076141.701999903

1583076141.703000069

1583076141.704999924

1583076141.710999966

1583076141.713000059

1583076141.714999914

1583076141.717000008

1583076141.717999935

1583076141.720000029

1583076141.723000050

1583076141.724999905

1583076141.726999998

1583076141.729000092

1583076141.730000019

1583076141.732000113

1583076141.736000061

1583076141.736999989

1583076141.739000082

1583076141.740999937

1583076141.742000103

1583076141.743999958

1583076141.746999979

1583076141.749000072

1583076141.750999928

1583076141.753000021

1583076141.753999949

1583076141.756000042

1583076141.759000063

1583076141.760999918

1583076141.763000011

1583076141.765000105

1583076141.766999960

1583076141.767999887

1583076141.772000074

1583076141.773000002

1583076141.775000095

1583076141.776999950

1583076141.778000116

1583076141.779999971

1583076141.782999992

1583076141.785000086

1583076141.786999941

1583076141.789000034

1583076141.789999962

1583076141.792000055

1583076141.795000076

1583076141.796999931

1583076141.799000025

1583076141.801000118

1583076141.802000046

1583076141.803999901

1583076141.808000088

1583076141.809999943

1583076141.811000109

1583076141.812999964

1583076141.815000057

1583076141.815999985

1583076141.819999933

1583076141.821000099

1583076141.822999954

1583076141.825000048

1583076141.825999975

1583076141.828000069

1583076141.832000017

1583076141.834000111

1583076141.835000038

1583076141.836999893

1583076141.838999987

1583076141.842000008

1583076141.844000101

1583076141.845999956

1583076141.846999884

1583076141.848999977

1583076141.851000071

1583076141.854000092

1583076141.855999947

1583076141.858000040

1583076141.858999968

1583076141.861000061

1583076141.862999916

1583076141.865999937

1583076141.868000031

1583076141.869999886

1583076141.871999979

1583076141.872999907

1583076141.875000000

1583076141.878000021

1583076141.880000114

1583076141.881999969

1583076141.884000063

1583076141.884999990

1583076141.887000084

1583076141.890000105

1583076141.892999887

1583076141.894999981

1583076141.897000074

1583076141.900000095

1583076141.903000116

1583076141.904999971

1583076141.907000065

1583076141.908999920

1583076141.910000086

1583076141.911999941

1583076141.914999962

1583076141.917000055

1583076141.918999910

1583076141.921000004

1583076141.921999931

1583076141.924000025

1583076141.927000046

1583076141.928999901

1583076141.930999994

1583076141.933000088

1583076141.934000015

1583076141.936000109

1583076141.938999891

1583076141.940999985

1583076141.943000078

1583076141.944000006

1583076141.946000099

1583076141.947999954

1583076141.950999975

1583076141.953000069

1583076141.954999924

1583076141.956000090

1583076141.957999945

1583076141.960000038

1583076141.960999966

1583076141.964999914

1583076141.966000080

1583076141.967999935

1583076141.970000029

1583076141.970999956

1583076141.973000050

1583076141.976000071

1583076141.977999926

1583076141.980000019

1583076141.982000113

1583076141.983000040

1583076141.984999895

1583076141.987999916

1583076141.990000010

1583076141.992000103

1583076141.993999958

1583076141.994999886

1583076141.996999979

1583076142.000000000

1583076142.005000114

1583076142.006999969

1583076142.007999897

1583076142.012000084

1583076142.013999939

1583076142.016000032

1583076142.016999960

1583076142.019000053

1583076142.020999908

1583076142.023999929

1583076142.026000023

1583076142.026999950

1583076142.029000044

1583076142.032000065

1583076142.035000086

1583076142.036999941

1583076142.039000034

1583076142.040999889

1583076142.042000055

1583076142.043999910

1583076142.046999931

1583076142.049000025

1583076142.051000118

1583076142.052999973

1583076142.053999901

1583076142.055999994

1583076142.059000015

1583076142.061000109

1583076142.062999964

1583076142.065000057

1583076142.065999985

1583076142.068000078

1583076142.071000099

1583076142.072999954

1583076142.075000048

1583076142.076999903

1583076142.078000069

1583076142.079999924

1583076142.082999945

1583076142.085000038

1583076142.086999893

1583076142.088000059

1583076142.089999914

1583076142.092000008

1583076142.095000029

1583076142.096999884

1583076142.099999905

1583076142.102999926

1583076142.104000092

1583076142.105999947

1583076142.109999895

1583076142.111999989

1583076142.112999916

1583076142.115000010

1583076142.117000103

1583076142.119999886

1583076142.121999979

1583076142.124000072

1583076142.125000000

1583076142.127000093

1583076142.128999949

1583076142.130000114

1583076142.134000063

1583076142.134999990

1583076142.137000084

1583076142.138999939

1583076142.140000105

1583076142.141999960

1583076142.145999908

1583076142.148000002

1583076142.148999929

1583076142.151000023

1583076142.153000116

1583076142.155999899

1583076142.157999992

1583076142.160000086

1583076142.161999941

1583076142.163000107

1583076142.164999962

1583076142.167999983

1583076142.170000076

1583076142.171999931

1583076142.174000025

1583076142.174999952

1583076142.177000046

1583076142.180000067

1583076142.181999922

1583076142.184000015

1583076142.186000109

1583076142.187999964

1583076142.188999891

1583076142.193000078

1583076142.194000006

1583076142.196000099

1583076142.197999954

1583076142.200999975

1583076142.203999996

1583076142.206000090

1583076142.207999945

1583076142.210000038

1583076142.211999893

1583076142.213999987

1583076142.217000008

1583076142.219000101

1583076142.220999956

1583076142.221999884

1583076142.223999977

1583076142.226000071

1583076142.229000092

1583076142.230000019

1583076142.232000113

1583076142.233999968

1583076142.234999895

1583076142.236999989

1583076142.240000010

1583076142.242000103

1583076142.243999958

1583076142.246000051

1583076142.246999979

1583076142.249000072

1583076142.252000093

1583076142.253999949

1583076142.256000042

1583076142.256999969

1583076142.259000063

1583076142.260999918

1583076142.263999939

1583076142.266000032

1583076142.266999960

1583076142.269000053

1583076142.270999908

1583076142.273000002

1583076142.276000023

1583076142.278000116

1583076142.279999971

1583076142.280999899

1583076142.282999992

1583076142.285000086

1583076142.288000107

1583076142.289999962

1583076142.292000055

1583076142.292999983

1583076142.299000025

1583076142.301000118

1583076142.302999973

1583076142.305000067

1583076142.306999922

1583076142.308000088

1583076142.312000036

1583076142.313999891

1583076142.315999985

1583076142.318000078

1583076142.319000006

1583076142.321000099

1583076142.323999882

1583076142.325999975

1583076142.328000069

1583076142.328999996

1583076142.332000017

1583076142.334000111

1583076142.336999893

1583076142.338999987

1583076142.339999914

1583076142.342000008

1583076142.344000101

1583076142.345000029

1583076142.348000050

1583076142.349999905

1583076142.351999998

1583076142.354000092

1583076142.355000019

1583076142.357000113

1583076142.359999895

1583076142.361999989

1583076142.364000082

1583076142.365999937

1583076142.367000103

1583076142.368999958

1583076142.371999979

1583076142.374000072

1583076142.375999928

1583076142.378000021

1583076142.378999949

1583076142.381000042

1583076142.384000063

1583076142.385999918

1583076142.388000011

1583076142.388999939

1583076142.391000032

1583076142.392999887

1583076142.395999908

1583076142.398999929

1583076142.401000023

1583076142.403000116

1583076142.404999971

1583076142.407999992

1583076142.410000086

1583076142.411999941

1583076142.414000034

1583076142.414999962

1583076142.417000055

1583076142.420000076

1583076142.421999931

1583076142.424000025

1583076142.426000118

1583076142.427000046

1583076142.428999901

1583076142.431999922

1583076142.434000015

1583076142.436000109

1583076142.437999964

1583076142.438999891

1583076142.440999985

1583076142.444000006

1583076142.446000099

1583076142.447999954

1583076142.450000048

1583076142.450999975

1583076142.575000048

1583076142.582000017

1583076142.584000111

1583076142.588999987

1583076142.591000080

1583076142.592999935

1583076142.595000029

1583076142.595999956

1583076142.598000050

1583076142.601999998

1583076142.602999926

1583076142.605000019

1583076142.607000113

1583076142.608000040

1583076142.609999895

1583076142.612999916

1583076142.615000010

1583076142.617000103

1583076142.618999958

1583076142.619999886

1583076142.621999979

1583076142.625000000

1583076142.627000093

1583076142.628999949

1583076142.630000114

1583076142.631999969

1583076142.634000063

1583076142.637000084

1583076142.638999939

1583076142.641000032

1583076142.641999960

1583076142.644000053

1583076142.645999908

1583076142.648999929

1583076142.651000023

1583076142.653000116

1583076142.654999971

1583076142.655999899

1583076142.657999992

1583076142.661000013

1583076142.663000107

1583076142.664999962

1583076142.667000055

1583076142.667999983

1583076142.670000076

1583076142.673000097

1583076142.674999952

1583076142.677000046

1583076142.677999973

1583076142.680000067

1583076142.681999922

1583076142.683000088

1583076142.687000036

1583076142.687999964

1583076142.690000057

1583076142.691999912

1583076142.693000078

1583076142.694999933

1583076142.698999882

1583076142.701999903

1583076142.703999996

1583076142.704999924

1583076142.707000017

1583076142.710999966

1583076142.711999893

1583076142.713999987

1583076142.716000080

1583076142.717999935

1583076142.720999956

1583076142.723000050

1583076142.724999905

1583076142.726999998

1583076142.727999926

1583076142.730999947

1583076142.733999968

1583076142.736000061

1583076142.737999916

1583076142.740000010

1583076142.740999937

1583076142.743000031

1583076142.746000051

1583076142.747999907

1583076142.750000000

1583076142.752000093

1583076142.753000021

1583076142.755000114

1583076142.757999897

1583076142.759999990

1583076142.762000084

1583076142.763999939

1583076142.765000105

1583076142.766999960

1583076142.770999908

1583076142.772000074

1583076142.773999929

1583076142.776000023

1583076142.776999950

1583076142.779000044

1583076142.782000065

1583076142.783999920

1583076142.786000013

1583076142.788000107

1583076142.789000034

1583076142.790999889

1583076142.793999910

1583076142.796000004

1583076142.798000097

1583076142.799999952

1583076142.802999973

1583076142.805999994

1583076142.808000088

1583076142.809999943

1583076142.811000109

1583076142.812999964

1583076142.815000057

1583076142.818000078

1583076142.819999933

1583076142.822000027

1583076142.822999954

1583076142.825000048

1583076142.826999903

1583076142.829999924

1583076142.832000017

1583076142.834000111

1583076142.835000038

1583076142.836999893

1583076142.838999987

1583076142.842000008

1583076142.844000101

1583076142.845999956

1583076142.848000050

1583076142.848999977

1583076142.851000071

1583076142.854000092

1583076142.855999947

1583076142.858000040

1583076142.859999895

1583076142.861000061

1583076142.862999916

1583076142.865999937

1583076142.868000031

1583076142.868999958

1583076142.871000051

1583076142.872999907

1583076142.874000072

1583076142.875999928

1583076142.880000114

1583076142.884999990

1583076142.887000084

1583076142.890000105

1583076142.891999960

1583076142.894000053

1583076142.894999981

1583076142.897000074

1583076142.898999929

1583076142.901000023

1583076142.903000116

1583076142.904999971

1583076142.907000065

1583076142.907999992

1583076142.910000086

1583076142.913000107

1583076142.914999962

1583076142.917000055

1583076142.917999983

1583076142.920000076

1583076142.921999931

1583076142.924999952

1583076142.927000046

1583076142.928999901

1583076142.930000067

1583076142.931999922

1583076142.934000015

1583076142.937000036

1583076142.940000057

1583076142.941999912

1583076142.944000006

1583076142.944999933

1583076142.947000027

1583076142.950000048

1583076142.951999903

1583076142.953999996

1583076142.956000090

1583076142.957000017

1583076142.959000111

1583076142.961999893

1583076142.963999987

1583076142.966000080

1583076142.967000008

1583076142.969000101

1583076142.970999956

1583076142.971999884

1583076142.976000071

1583076142.976999998

1583076142.979000092

1583076142.980999947

1583076142.982000113

1583076142.983999968

1583076142.986999989

1583076142.989000082

1583076142.990999937

1583076142.992000103

1583076142.993999958

1583076142.994999886

1583076142.999000072

1583076143.000999928

1583076143.002000093

1583076143.003999949

1583076143.006000042

1583076143.006999969

1583076143.010999918

1583076143.012000084

1583076143.013999939

1583076143.016000032

1583076143.017999887

1583076143.019000053

1583076143.022000074

1583076143.023999929

1583076143.026000023

1583076143.028000116

1583076143.029000044

1583076143.030999899

1583076143.033999920

1583076143.036000013

1583076143.039000034

1583076143.039999962

1583076143.040999889

1583076143.042999983

1583076143.043999910

1583076143.046999931

1583076143.049000025

1583076143.051000118

1583076143.052999973

1583076143.055000067

1583076143.058000088

1583076143.059999943

1583076143.062000036

1583076143.062999964

1583076143.065000057

1583076143.066999912

1583076143.069999933

1583076143.072000027

1583076143.073999882

1583076143.075999975

1583076143.076999903

1583076143.078999996

1583076143.082000017

1583076143.084000111

1583076143.085999966

1583076143.086999893

1583076143.088999987

1583076143.091000080

1583076143.092000008

1583076143.095000029

1583076143.096999884

1583076143.098999977

1583076143.101999998

1583076143.104000092

1583076143.107000113

1583076143.108999968

1583076143.111000061

1583076143.112999916

1583076143.114000082

1583076143.115999937

1583076143.118999958

1583076143.121000051

1583076143.122999907

1583076143.125000000

1583076143.125999928

1583076143.128000021

1583076143.131000042

1583076143.132999897

1583076143.134999990

1583076143.137000084

1583076143.138000011

1583076143.140000105

1583076143.144000053

1583076143.144999981

1583076143.147000074

1583076143.150000095

1583076143.151000023

1583076143.153000116

1583076143.157000065

1583076143.157999992

1583076143.160000086

1583076143.161999941

1583076143.163000107

1583076143.164999962

1583076143.167999983

1583076143.174000025

1583076143.174999952

1583076143.177000046

1583076143.180999994

1583076143.181999922

1583076143.184000015

1583076143.186000109

1583076143.187000036

1583076143.188999891

1583076143.193000078

1583076143.194000006

1583076143.196000099

1583076143.197999954

1583076143.198999882

1583076143.201999903

1583076143.203999996

1583076143.206000090

1583076143.207999945

1583076143.209000111

1583076143.210999966

1583076143.213999987

1583076143.216000080

1583076143.217999935

1583076143.220000029

1583076143.221999884

1583076143.223000050

1583076143.226999998

1583076143.227999926

1583076143.230000019

1583076143.232000113

1583076143.233999968

1583076143.234999895

1583076143.237999916

1583076143.240000010

1583076143.242000103

1583076143.243000031

1583076143.244999886

1583076143.246000051

1583076143.247999907

1583076143.250999928

1583076143.253000021

1583076143.255000114

1583076143.256000042

1583076143.257999897

1583076143.259999990

1583076143.263000011

1583076143.265000105

1583076143.266000032

1583076143.267999887

1583076143.269999981

1583076143.270999908

1583076143.275000095

1583076143.276000023

1583076143.278000116

1583076143.279999971

1583076143.280999899

1583076143.282999992

1583076143.286000013

1583076143.288000107

1583076143.289999962

1583076143.290999889

1583076143.293999910

1583076143.296000004

1583076143.299999952

1583076143.302999973

1583076143.303999901

1583076143.305999994

1583076143.308000088

1583076143.311000109

1583076143.312999964

1583076143.315000057

1583076143.316999912

1583076143.319000006

1583076143.322000027

1583076143.323999882

1583076143.325999975

1583076143.328000069

1583076143.328999996

1583076143.331000090

1583076143.334000111

1583076143.335999966

1583076143.338000059

1583076143.338999987

1583076143.341000080

1583076143.342999935

1583076143.345999956

1583076143.348000050

1583076143.348999977

1583076143.351000071

1583076143.352999926

1583076143.355000019

1583076143.358999968

1583076143.361000061

1583076143.362999916

1583076143.364000082

1583076143.365999937

1583076143.368000031

1583076143.371000051

1583076143.372999907

1583076143.375000000

1583076143.375999928

1583076143.378000021

1583076143.380000114

1583076143.382999897

1583076143.384999990

1583076143.385999918

1583076143.388000011

1583076143.390000105

1583076143.391000032

1583076143.392999887

1583076143.397000074

1583076143.398000002

1583076143.400000095

1583076143.403000116

1583076143.404999971

1583076143.407999992

1583076143.410000086

1583076143.411999941

1583076143.414000034

1583076143.414999962

1583076143.417000055

1583076143.420000076

1583076143.421999931

1583076143.424000025

1583076143.426000118

1583076143.427000046

1583076143.428999901

1583076143.431999922

1583076143.434000015

1583076143.436000109

1583076143.437999964

1583076143.438999891

1583076143.440999985

1583076143.444000006

1583076143.446000099

1583076143.447999954

1583076143.450000048

1583076143.450999975

1583076143.453000069

1583076143.457000017

1583076143.457999945

1583076143.463000059

1583076143.464999914

1583076143.469000101

1583076143.470000029

1583076143.471999884

1583076143.473999977

1583076143.474999905

1583076143.476999998

1583076143.480000019

1583076143.482000113

1583076143.483999968

1583076143.484999895

1583076143.486999989

1583076143.489000082

1583076143.492000103

1583076143.493999958

1583076143.496000051

1583076143.497999907

1583076143.499000072

1583076143.500999928

1583076143.503000021

1583076143.505000114

1583076143.506999969

1583076143.509000063

1583076143.509999990

1583076143.512000084

1583076143.515000105

1583076143.516999960

1583076143.519000053

1583076143.520999908

1583076143.522000074

1583076143.523999929

1583076143.526999950

1583076143.529000044

1583076143.530999899

1583076143.532999992

1583076143.533999920

1583076143.536000013

1583076143.539000034

1583076143.540999889

1583076143.542999983

1583076143.543999910

1583076143.546000004

1583076143.546999931

1583076143.551000118

1583076143.552999973

1583076143.553999901

1583076143.555999994

1583076143.558000088

1583076143.559000015

1583076143.562999964

1583076143.563999891

1583076143.565999985

1583076143.569000006

1583076143.569999933

1583076143.572000027

1583076143.575000048

1583076143.576999903

1583076143.578000069

1583076143.579999924

1583076143.582000017

1583076143.582999945

1583076143.586999893

1583076143.588999987

1583076143.591000080

1583076143.592000008

1583076143.594000101

1583076143.595000029

1583076143.596999884

1583076143.599999905

1583076143.604000092

1583076143.605000019

1583076143.607000113

1583076143.608000040

1583076143.611999989

1583076143.614000082

1583076143.615000010

1583076143.617000103

1583076143.618999958

1583076143.619999886

1583076143.624000072

1583076143.625000000

1583076143.627000093

1583076143.628999949

1583076143.630000114

1583076143.631999969

1583076143.634999990

1583076143.637000084

1583076143.638999939

1583076143.640000105

1583076143.641999960

1583076143.644000053

1583076143.644999981

1583076143.648999929

1583076143.650000095

1583076143.651999950

1583076143.654000044

1583076143.655999899

1583076143.658999920

1583076143.661000013

1583076143.661999941

1583076143.664000034

1583076143.665999889

1583076143.667000055

1583076143.668999910

1583076143.671999931

1583076143.674000025

1583076143.676000118

1583076143.677000046

1583076143.678999901

1583076143.680999994

1583076143.684000015

1583076143.686000109

1583076143.687999964

1583076143.690000057

1583076143.690999985

1583076143.693000078

1583076143.696000099

1583076143.697999954

1583076143.700000048

1583076143.703000069

1583076143.704999924

1583076143.707999945

1583076143.710000038

1583076143.711999893

1583076143.713999987

1583076143.714999914

1583076143.717000008

1583076143.720000029

1583076143.721999884

1583076143.723000050

1583076143.724999905

1583076143.726000071

1583076143.727999926

1583076143.729000092

1583076143.733000040

1583076143.733999968

1583076143.736000061

1583076143.737999916

1583076143.740000010

1583076143.743000031

1583076143.744999886

1583076143.750000000

1583076143.752000093

1583076143.755000114

1583076143.756999969

1583076143.759000063

1583076143.760999918

1583076143.762000084

1583076143.763999939

1583076143.766999960

1583076143.769000053

1583076143.770999908

1583076143.773000002

1583076143.775000095

1583076143.778000116

1583076143.782000065

1583076143.782999992

1583076143.785000086

1583076143.786999941

1583076143.789000034

1583076143.792000055

1583076143.793999910

1583076143.796000004

1583076143.798000097

1583076143.799000025

1583076143.801000118

1583076143.803999901

1583076143.805999994

1583076143.808000088

1583076143.809999943

1583076143.812000036

1583076143.815000057

1583076143.816999912

1583076143.819000006

1583076143.821000099

1583076143.822999954

1583076143.823999882

1583076143.828000069

1583076143.829999924

1583076143.831000090

1583076143.832999945

1583076143.835000038

1583076143.836999893

1583076143.839999914

1583076143.842000008

1583076143.844000101

1583076143.845999956

1583076143.851000071

1583076143.871999979

1583076143.877000093

1583076143.878999949

1583076143.880000114

1583076143.881999969

1583076143.882999897

1583076143.887000084

1583076143.890000105

1583076143.891999960

1583076143.892999887

1583076143.894999981

1583076143.898000002

1583076143.901000023

1583076143.901999950

1583076143.904000044

1583076143.904999971

1583076143.905999899

1583076143.913000107

1583076143.914999962

1583076143.917000055

1583076143.917999983

