nSeg: 35

breaks: 
0.000000000000000
0.324942854472569
0.649885708945138
0.974828563417707
1.299771417890276
1.624714272362845
1.949657126835414
2.274599981307984
2.599542835780552
2.924485690253122
3.249428544725691
3.574371399198260
3.899314253670829
4.224257108143398
4.549199962615967
4.874142817088535
5.199085671561105
5.524028526033674
5.848971380506243
6.173914234978812
6.498857089451382
6.823799943923950
7.148742798396519
7.473685652869088
7.798628507341657
8.123571361814227
8.448514216286796
8.773457070759365
9.098399925231934
9.423342779704504
9.748285634177071
10.073228488649640
10.398171343122209
10.723114197594779
11.048057052067348
11.372999906539917

coefs_q:
q1:
0.002815669351139
-0.001253847957500
-0.000000000000000
-1.525973438999999
q2:
-0.000908669512759
0.000010361452178
-0.000000000000000
1.397160530000000
q3:
-0.050287672131333
0.029841865092120
0.000000000000000
-2.579769611000000
q4:
0.091827735937450
-0.055131308334249
0.000000000000000
1.505893350000000
q5:
0.043106499110348
-0.027616101657901
-0.000000000000000
-1.199531436000000
q6:
0.040392740374717
-0.023517245560858
-0.000000000000000
-0.592517197000000
q7:
0.005082780063001
-0.002126318380412
-0.000000000000000
-0.312165916000000

q1:
-0.001960517613991
0.001490946951130
0.000077043623783
-1.526009224448634
q2:
0.006177720919708
-0.000875435543566
-0.000281099644586
1.397130447574215
q3:
0.025058943244505
-0.019179994089288
0.003464498797679
-2.578344043412496
q4:
-0.037906148194520
0.034384991571557
-0.006741367388661
1.503222764681613
q5:
-0.011998019288230
0.014405344943806
-0.004292740996421
-1.200968376183945
q6:
-0.022936785558845
0.015858751511132
-0.002488572917479
-0.593614456862674
q7:
-0.001917974253354
0.002828520806571
0.000228175660774
-0.312216039118037

q1:
-0.000325468814292
-0.000420221618072
0.000424968169863
-1.525894029176567
q2:
-0.003324824717175
0.005146783265788
0.001106844276718
1.397158628618373
q3:
-0.009870181072277
0.005248179554519
-0.001062544785232
-2.578383680940328
q4:
0.004938241426417
-0.002567004417606
0.003597660180715
1.503362282439755
q5:
0.000211255044982
0.002709333037203
0.001268551320107
-1.201253894454851
q6:
0.009248137458333
-0.006500682204617
0.000552264835332
-0.593535570812486
q7:
-0.007458240525851
0.000958824720502
0.001458846527214
-0.311909043347693

q1:
0.001380440751856
-0.000737497914745
0.000048775480190
-1.525811475948803
q2:
-0.005704454441780
0.001905649163128
0.003398481801145
1.397947652778004
q3:
0.009867187677759
-0.004373554880841
-0.000778341747175
-2.578513449346669
q4:
-0.018466127071953
0.002246934377918
0.003493655708388
1.504429703071707
q5:
-0.010760287511817
0.002915270489217
0.003096226045259
-1.200548366929162
q6:
0.000130395854043
0.002514666348179
-0.000742962535032
-0.593725205631407
q7:
0.007913466374131
-0.006311681176938
-0.000280525929322
-0.311589653726881

q1:
-0.001672494938592
0.000608195160269
0.000006759474060
-1.525826134580561
q2:
-0.001696920393200
-0.003655215965433
0.002829972570313
1.399057458622759
q3:
-0.008292765924226
0.005245261508041
-0.000495086907470
-2.578889616821918
q4:
0.016175126785872
-0.015754373747523
-0.000895490196987
1.505168617326919
q5:
0.003851148598674
-0.007574165127889
0.001582351522682
-1.199603638913346
q6:
-0.008932768621182
0.002641779951251
0.000932587844439
-0.593696633878940
q7:
-0.003010917832213
0.001402591880210
-0.001875699418261
-0.312075734332100

q1:
0.002997552643718
-0.001022200678042
-0.000127768660653
-1.525817103448256
q2:
0.016808959251442
-0.005309422434570
-0.000083022620699
1.399532870188100
q3:
0.003453620954877
-0.002838763584632
0.000286887397045
-2.578781180810362
q4:
0.043964775957801
0.000013601860247
-0.006010341545640
1.503769132524103
q5:
0.020598655895490
-0.003819955471936
-0.002120086549230
-1.199757071983681
q6:
0.011875106753600
-0.006066138051079
-0.000180132851255
-0.593421139706372
q7:
0.018964363220766
-0.001532536824734
-0.001917924099459
-0.312640437433607

q1:
-0.014139771383174
0.001899899259402
0.000157433221741
-1.525863706850549
q2:
-0.060961758244164
0.011076431165059
0.001790925657955
1.399521997766458
q3:
0.058635070070802
0.000527924769401
-0.000464003163802
-2.578869203964126
q4:
-0.088789388550757
0.042871721248172
0.007924937760188
1.503325983528176
q5:
-0.006666728837320
0.016260202663001
0.001922282883379
-1.200142579577464
q6:
-0.088811013335278
0.005510055205965
-0.000360827998269
-0.593712747963939
q7:
-0.055955254233330
0.016954466129897
0.003093321630435
-0.312774802761722

q1:
-0.001200681286016
-0.011883953765112
-0.003086813948554
-1.526097079597299
q2:
-0.053350991237043
-0.048350832047517
-0.010321124563546
1.399181883753892
q3:
-0.077182913788897
0.057687065892418
0.018452542074943
-2.576952465592463
q4:
0.161337113770005
-0.043682710839500
0.007661412487434
1.507381502955441
q5:
0.086492149267119
0.009761284967821
0.010377779351761
-1.198029803110505
q6:
0.104235265348606
-0.081065457339334
-0.024912016038309
-0.596295309174356
q7:
0.007880711196886
-0.037592313970053
-0.003612799556916
-0.311899290130480

q1:
-0.003853702677030
-0.013054412178281
-0.011190357764082
-1.528396114362763
q2:
-0.017352833552975
-0.100358902192034
-0.058643290095203
1.388892373669147
q3:
0.040672571086602
-0.017553043076806
0.031493806010115
-2.567513537468449
q4:
-0.026898289145161
0.113593316002874
0.030378364087126
1.510794139931451
q5:
-0.114388293354381
0.094076302584796
0.044119061452654
-1.190659397299166
q6:
-0.023120412354099
0.020546056637911
-0.044577362853199
-0.609373504770182
q7:
0.081407780906059
-0.029909971595282
-0.025547184911938
-0.316772148105480

q1:
0.034287661833122
-0.016811111622769
-0.020894946318313
-1.533542949202004
q2:
0.065869026681401
-0.117274939995707
-0.129361852005520
1.358644597939102
q3:
-0.053311630463049
0.022095740966051
0.032969923229253
-2.557737761741634
q4:
-0.065751853104853
0.087372095437102
0.095680638530686
1.531736566424637
q5:
0.025696325888628
-0.017432673097658
0.069023861195342
-1.170314572847343
q6:
0.043615633686578
-0.001992381722860
-0.038548478765346
-0.622482447990774
q7:
-0.029293772995407
0.049448658516395
-0.019198228211146
-0.325438550541315

q1:
0.010351114949690
0.016613480504965
-0.020959165137865
-1.540931251610959
q2:
0.086799827961192
-0.053063931342155
-0.184712251085681
1.306486546334094
q3:
-0.001484192432595
-0.029873959171699
0.030442446802799
-2.546520501919188
q4:
-0.099020819477895
0.023275310932847
0.131634722596523
1.569796791283642
q5:
-0.047407317889709
0.007616839353466
0.065834276159476
-1.148844799526964
q6:
-0.011810692970458
0.040525383806379
-0.026027455076930
-0.633722418763541
q7:
-0.011570562199842
0.020892251870197
0.003658547996072
-0.327460769593126

q1:
-0.042709403684561
0.026704043021143
-0.006883445394609
-1.545632453763635
q2:
-0.094177867865118
0.031551020254158
-0.191702717822629
1.243840817177333
q3:
0.077907323426686
-0.031320792348601
0.010557649565054
-2.539833696409310
q4:
-0.008769893188539
-0.073253012267234
0.115394825664950
1.611630737717214
q5:
0.012199326640488
-0.038597168240446
0.055767439658442
-1.128274722186558
q6:
-0.093606539209946
0.029011982945020
-0.003431784632225
-0.638306090927218
q7:
-0.033829073651313
0.009612937342990
0.013570991255231
-0.324462968648973

q1:
-0.016895843975041
-0.014930303617104
-0.003057652904845
-1.546514917941181
q2:
-0.009734026883905
-0.060256255382538
-0.201030278863551
1.181648548957123
q3:
-0.005269323234305
0.044625491827155
0.014880916591514
-2.537037157179054
q4:
0.162921678868581
-0.081802154645544
0.065010757127591
1.641091937841114
q5:
0.115814346061328
-0.026704916176835
0.034547993944882
-1.113810324359261
q6:
0.032899528443531
-0.062238345199515
-0.014228453626940
-0.639569553917189
q7:
-0.017513605284270
-0.023364609926271
0.009102483512247
-0.320198838743021

q1:
0.024616865375052
-0.031400854927023
-0.018112631813194
-1.549664635940324
q2:
0.073360385827949
-0.069745262826044
-0.243273343276015
1.109628892671339
q3:
-0.062210582924359
0.039488805028474
0.042213256313735
-2.527670590126972
q4:
-0.204697289501793
0.077018551515516
0.063456359471855
1.659169250581882
q5:
-0.200435742337650
0.086194216417291
0.053878616975591
-1.101430322953449
q6:
0.072198818749373
-0.030166945149788
-0.044254892441409
-0.649635818365116
q7:
0.047501606670181
-0.040437372605800
-0.011629514812733
-0.320308963049588

q1:
0.023600742354700
-0.007403631417614
-0.030721872372363
-1.558021150107803
q2:
-0.026845387630238
0.001768536702384
-0.265361894700337
1.025731701455026
q3:
-0.011957670844000
-0.021155848153058
0.048170419651756
-2.511918602115765
q4:
0.042414268406977
-0.122526213145015
0.048668970001594
1.680897996959083
q5:
0.010135762522605
-0.109196270343283
0.046404263914148
-1.081698742984246
q6:
-0.008465758028892
0.040214525612118
-0.040990002965437
-0.664724249651139
q7:
0.034417694589378
0.005868550384526
-0.022862406581069
-0.326727805288630

q1:
0.001739425873205
0.015603046347610
-0.028057531080005
-1.567975994652207
q2:
0.277066081270932
-0.024401113955592
-0.272716188957065
0.938769920134509
q3:
-0.026948600717909
-0.032812527243736
0.030633781699074
-2.498910037086010
q4:
0.007102179584092
-0.081179572805429
-0.017523769557721
1.685230584923964
q5:
0.104802936347899
-0.099315639524229
-0.021350191269728
-1.077802051152046
q6:
0.012836884256316
0.031961862874572
-0.017536801265051
-0.674087952901577
q7:
-0.077168560969022
0.039419902157239
-0.008146247537502
-0.332356261478160

q1:
0.000831602858072
0.017298688372758
-0.017366347482869
-1.575385916901344
q2:
0.019904030163511
0.245690816021524
-0.200809681502377
0.857082424705812
q3:
0.049374731362017
-0.059082792967692
0.000773054036902
-2.493345020141584
q4:
-0.079712056948803
-0.074256165284334
-0.068031501979660
1.671208459887220
q5:
-0.099802223763661
0.002849256357751
-0.052696253176488
-1.091630378094279
q6:
-0.043798598945232
0.044475624312915
0.007301014010362
-0.675971192744769
q7:
0.028183477312657
-0.035806215273205
-0.006972005806234
-0.333488718233612

q1:
-0.019965276976726
0.018109358592227
-0.005860755630768
-1.579173923650208
q2:
-0.251106933647746
0.265093833152042
-0.034833859579148
0.818455628428851
q3:
0.022641239486210
-0.010950894524921
-0.021983892286187
-2.497638199319894
q4:
-0.054750637890611
-0.151961755246806
-0.141539398809897
1.638526637670587
q5:
-0.023282192587981
-0.094440802059671
-0.082458271482425
-1.111877018456647
q6:
0.003301824647439
0.001779499023427
0.022331285821254
-0.670405425291676
q7:
-0.002154675990557
-0.008332156572392
-0.021314454345514
-0.338567947623807

q1:
0.003353626835040
-0.001353363681232
-0.000416014814862
-1.579851214974811
q2:
0.225907400416809
0.020307621759985
0.057905303850590
0.826511820890286
q3:
0.009024226093196
0.011120432437417
-0.021928802152960
-2.505161168151217
q4:
0.088790118202141
-0.205334240927913
-0.257640179698530
1.574610609572596
q5:
0.315344976165581
-0.117136948413427
-0.151208949664039
-1.149441859125713
q6:
-0.023456208601626
0.004998212001147
0.024533654588369
-0.662847854371148
q7:
-0.196140178305085
-0.010432596272897
-0.027411926698535
-0.346447628807718

q1:
0.015827935703904
0.001915847548609
-0.000233239701402
-1.580014231784926
q2:
-0.145760948782187
0.240528608373731
0.142662173020104
0.855222861379423
q3:
0.066087740926681
0.019917505795804
-0.011843245906514
-2.510802971689883
q4:
0.030230168704973
-0.118779097555232
-0.362958493077878
1.472257862091363
q5:
-0.109657574760478
0.190270341683057
-0.127444776097740
-1.200124873905219
q6:
-0.066180694441572
-0.017867570133202
0.020351848621709
-0.655152851106981
q7:
0.080207486202185
-0.201635644518536
-0.096321986204279
-0.363186067495241

q1:
0.019638189044352
0.017345371372714
0.006025555755514
-1.579344674325432
q2:
-0.102849519704810
0.098436672069990
0.252806518814582
0.921975754717234
q3:
-0.021358783846343
0.084341723342881
0.022035045614920
-2.510280831308062
q4:
0.078316691408810
-0.089309865624688
-0.430575514757798
1.342812660428392
q5:
-0.109163995397715
0.083373005611430
-0.038526325720441
-1.225209258895327
q6:
0.032165744913657
-0.082382401421665
-0.012223663296123
-0.652696922754894
q7:
0.129118041142429
-0.123447095968715
-0.201955299837972
-0.413023564106376

q1:
0.002480573717591
0.036489238986945
0.023518727715200
-1.574881465754622
q2:
-0.013730037696530
-0.001823977472051
0.284200123575522
1.010988374890767
q3:
-0.064759514497241
0.063520570769602
0.070081841532693
-2.494948059028073
q4:
0.084561213616904
-0.012964517847010
-0.463808844862514
1.196157233391158
q5:
0.082311465215367
-0.023043175199061
-0.018922578416400
-1.232670354900280
q6:
0.036851561537104
-0.051026314516225
-0.055573872264501
-0.664263888799316
q7:
-0.015232474111858
0.002420858589467
-0.241281910878059
-0.487251967635193

q1:
-0.007823384467699
0.038907373100515
0.048018318064460
-1.563301294093706
q2:
-0.061451397410194
-0.015208410395429
0.278665570843380
1.102673506540670
q3:
-0.065985835382256
0.000391146284628
0.090849497306538
-2.467690364594715
q4:
-0.049925272179164
0.069468168544015
-0.445448387316908
1.046978264680608
q5:
-0.071220578457915
0.057196392189642
-0.007824734598059
-1.238428083037375
q6:
0.118305989177130
-0.015102359723310
-0.077061912434383
-0.686445602952221
q7:
0.077759102500074
-0.012428192266293
-0.244533722448666
-0.565921813708288

q1:
-0.043962798243860
0.031280914458804
0.070825500574527
-1.543858359021680
q2:
0.023977111252640
-0.075112987852820
0.249316277876640
1.189509670400134
q3:
0.009306725511609
-0.063933730826974
0.070201788504784
-2.440392144658444
q4:
0.161644231169509
0.020799587187362
-0.416116525102722
0.907855052251435
q5:
0.064702993270051
-0.012231461994266
0.006786298170786
-1.237375009543221
q6:
-0.074606558065252
0.100225697749942
-0.049401691993775
-0.709021865696024
q7:
0.019826462418462
0.063373601916504
-0.227979375614652
-0.644025649327027

q1:
-0.003962397579508
-0.011575276997081
0.077228706660541
-1.519049598416079
q2:
-0.045083495967337
-0.051739414935502
0.208096496017898
1.263414849025242
q3:
0.069201852069665
-0.054861268966369
0.031600202174867
-2.424011886907352
q4:
-0.122534618552214
0.178375000843094
-0.351396165929707
0.780383161499536
q5:
-0.085524712754026
0.050842863984003
0.019332797348520
-1.234241383318958
q6:
-0.014752895494679
0.027497093929653
-0.007899083484202
-0.717051728212736
q7:
-0.038357552755361
0.082701003793549
-0.180513476269272
-0.710734189151412

q1:
-0.033644504138921
-0.015437935337202
0.068450956336165
-1.495312840679217
q2:
-0.010721351848945
-0.095688094543190
0.160190980260110
1.324024448757925
q3:
-0.038943878119309
0.012598673072547
0.017867273627707
-2.417161993982945
q4:
0.205806662444732
0.058924754670903
-0.274287306007346
0.680829557434313
q5:
0.076411014002254
-0.032529068886716
0.025283734203658
-1.225525294448471
q6:
-0.061610245405027
0.013115550008323
0.005297704964682
-0.717221291822408
q7:
0.042235002270132
0.045308965744821
-0.138917551366527
-0.761974579910124

q1:
-0.006529156520109
-0.048235558973848
0.047760709340490
-1.475854593687000
q2:
0.001047469206108
-0.106139574563992
0.094608521348878
1.365606012342657
q3:
0.012487268649703
-0.025364931688413
0.013718969112133
-2.411362049421603
q4:
-0.104627898368498
0.259550967763694
-0.170800895679235
0.604984826687913
q5:
-0.132062541310862
0.041958570122392
0.028347783251431
-1.218122536979455
q6:
0.098738027599442
-0.046943877011671
-0.005694568173817
-0.716228846372387
q7:
0.047515320065941
0.086480852333758
-0.096093391689653
-0.800881685135014

q1:
0.086978853415060
-0.054600367244675
0.014344909932712
-1.465652197338260
q2:
0.122791886436596
-0.105118471662577
0.025961728777718
1.385177263618154
q3:
0.021151026710801
-0.013191985529612
0.001190174371645
-2.409153958820696
q4:
-0.196777562101999
0.157556703903718
-0.035264738225219
0.573299941696087
q5:
0.120218090193184
-0.086779767304968
0.013783455498048
-1.209011880258920
q6:
-0.103427170136765
0.049308772587790
-0.004926112254784
-0.719648255340308
q7:
-0.178801657270324
0.132800143533972
-0.024839598960806
-0.821344966521459

q1:
-0.051441948303565
0.030189103477647
0.006412644202971
-1.463771811000496
q2:
-0.018005279596175
0.014582566591760
-0.003457266648251
1.386727099647816
q3:
-0.011874224580356
0.007426639453688
-0.000683233639288
-2.409434441513180
q4:
0.049988318471540
-0.034267684273012
0.004797147738707
0.571725549850092
q5:
-0.047686149818368
0.030412260854874
-0.004532762947347
-1.209571249588436
q6:
0.089890750097318
-0.051514987094991
-0.005643005894332
-0.719591140902583
q7:
0.064041354394163
-0.041500819159564
0.004827464112832
-0.821529022396352

q1:
0.018048419557206
-0.019957977086525
0.009737175616972
-1.460265439582163
q2:
0.003407153515671
-0.002969494250913
0.000316318227380
1.386525666028280
q3:
0.006546623759888
-0.004148693835680
0.000381911366634
-2.409279695330302
q4:
-0.022583651153896
0.014462356410266
-0.001638452030779
0.571381197541834
q5:
0.026107893097653
-0.016073560067487
0.000126495415935
-1.209469085781409
q6:
-0.043824084286710
0.036113083686918
-0.010647744352062
-0.723779999071446
q7:
-0.032549262939085
0.020928522343823
-0.001857356737532
-0.822145094893324

q1:
0.001664541239950
-0.002363862177614
0.002483853449405
-1.458589492367199
q2:
-0.000206804059325
0.000351896316111
-0.000534251517416
1.386431808342641
q3:
-0.003236420543733
0.002233141999408
-0.000240533514935
-2.409369032865662
q4:
0.005829949052833
-0.007552831800813
0.000606748618865
0.571600997979597
q5:
-0.015511647499872
0.009377159854761
-0.002049451983878
-1.210229392449228
q6:
0.014209619575962
-0.006607885441392
-0.001060241012382
-0.724930409555221
q7:
0.016206415504275
-0.010801428887391
0.001433369917711
-0.821655597702687

q1:
0.001149499803423
-0.000741219831923
0.001474879237855
-1.457974866639232
q2:
-0.000140764353911
0.000150297812050
-0.000371067123912
1.386288267656607
q3:
0.001699122732096
-0.000921813189855
0.000185573411593
-2.409322441484985
q4:
-0.001610829172810
-0.001869630940841
-0.002455013320569
0.571200694940732
q5:
0.007217429666359
-0.005744037193781
-0.000868894735771
-1.210437437936453
q6:
-0.009676142625449
0.007244057596556
-0.000853521416347
-0.725485107435714
q7:
-0.008036166561170
0.004997047856792
-0.000452722222818
-0.821774291693700

q1:
-0.003534395613851
0.000379345410096
0.001357290730266
-1.457534439623070
q2:
0.001200272267072
0.000013076699147
-0.000317979743896
1.386178732042474
q3:
-0.001756952561783
0.000734540182144
0.000124720385902
-2.409301176076470
q4:
0.019070734874520
-0.003439913229283
-0.004180311759158
0.570150277995576
q5:
0.004989651132318
0.001291719399444
-0.002315643588882
-1.211078649501951
q6:
-0.000102365294566
-0.002188522618436
0.000789238550329
-0.725329557240259
q7:
0.004564207390238
-0.002836836847419
0.000249222908830
-0.821669493999184

q1:
0.006894717062975
-0.003066084388704
0.000484254097335
-1.457174608614166
q2:
-0.002594645505950
0.001183136388966
0.000070721151513
1.386117968903212
q3:
0.001924623589746
-0.000978187359652
0.000045548976559
-2.409243371631197
q4:
-0.041950389512636
0.015150783851766
-0.000374948030729
0.569083019786744
q5:
-0.019353667546905
0.006155773844718
0.000104366124541
-1.211523516423155
q6:
0.013150537729448
-0.002288311231481
-0.000665476619862
-0.725307693385117
q7:
-0.002623163577410
0.001612482885948
-0.000148622162295
-0.821731448276180

q1:
-0.009631886910472
0.003655082740968
0.000675644903199
-1.457104437108934
q2:
0.002705928390853
-0.001346198162177
0.000017735393471
1.386176851734178
q3:
-0.001903883536909
0.000897990689460
0.000019489641628
-2.409265821651192
q4:
0.064866859605524
-0.025743654091650
-0.003817025523535
0.569121603216125
q5:
0.032472628103510
-0.012710734086896
-0.002025621367506
-1.211503653142376
q6:
-0.027961156490230
0.010531208571487
0.002012993970924
-0.725314357925399
q7:
0.001722202495451
-0.000944651895828
0.000068384745940
-0.821699484166075

coefs_qdot:
qdot1:
0.008447008053418
-0.002507695915001
-0.000000000000000
qdot2:
-0.002726008538277
0.000020722904356
-0.000000000000000
qdot3:
-0.150863016393999
0.059683730184240
0.000000000000000
qdot4:
0.275483207812351
-0.110262616668497
0.000000000000000
qdot5:
0.129319497331044
-0.055232203315802
-0.000000000000000
qdot6:
0.121178221124150
-0.047034491121715
-0.000000000000000
qdot7:
0.015248340189002
-0.004252636760824
-0.000000000000000

qdot1:
-0.005881552841974
0.002981893902260
0.000077043623783
qdot2:
0.018533162759124
-0.001750871087133
-0.000281099644586
qdot3:
0.075176829733516
-0.038359988178576
0.003464498797679
qdot4:
-0.113718444583561
0.068769983143114
-0.006741367388661
qdot5:
-0.035994057864691
0.028810689887612
-0.004292740996421
qdot6:
-0.068810356676535
0.031717503022264
-0.002488572917479
qdot7:
-0.005753922760062
0.005657041613142
0.000228175660774

qdot1:
-0.000976406442875
-0.000840443236145
0.000424968169863
qdot2:
-0.009974474151526
0.010293566531576
0.001106844276718
qdot3:
-0.029610543216831
0.010496359109038
-0.001062544785232
qdot4:
0.014814724279251
-0.005134008835212
0.003597660180715
qdot5:
0.000633765134946
0.005418666074406
0.001268551320107
qdot6:
0.027744412374998
-0.013001364409234
0.000552264835332
qdot7:
-0.022374721577554
0.001917649441003
0.001458846527214

qdot1:
0.004141322255567
-0.001474995829491
0.000048775480190
qdot2:
-0.017113363325339
0.003811298326257
0.003398481801145
qdot3:
0.029601563033276
-0.008747109761683
-0.000778341747175
qdot4:
-0.055398381215860
0.004493868755836
0.003493655708388
qdot5:
-0.032280862535451
0.005830540978435
0.003096226045259
qdot6:
0.000391187562130
0.005029332696357
-0.000742962535032
qdot7:
0.023740399122393
-0.012623362353876
-0.000280525929322

qdot1:
-0.005017484815777
0.001216390320539
0.000006759474060
qdot2:
-0.005090761179599
-0.007310431930867
0.002829972570313
qdot3:
-0.024878297772679
0.010490523016082
-0.000495086907470
qdot4:
0.048525380357615
-0.031508747495046
-0.000895490196987
qdot5:
0.011553445796021
-0.015148330255777
0.001582351522682
qdot6:
-0.026798305863547
0.005283559902503
0.000932587844439
qdot7:
-0.009032753496638
0.002805183760421
-0.001875699418261

qdot1:
0.008992657931153
-0.002044401356084
-0.000127768660653
qdot2:
0.050426877754325
-0.010618844869141
-0.000083022620699
qdot3:
0.010360862864632
-0.005677527169264
0.000286887397045
qdot4:
0.131894327873402
0.000027203720495
-0.006010341545640
qdot5:
0.061795967686471
-0.007639910943871
-0.002120086549230
qdot6:
0.035625320260801
-0.012132276102157
-0.000180132851255
qdot7:
0.056893089662298
-0.003065073649468
-0.001917924099459

qdot1:
-0.042419314149521
0.003799798518805
0.000157433221741
qdot2:
-0.182885274732492
0.022152862330118
0.001790925657955
qdot3:
0.175905210212407
0.001055849538801
-0.000464003163802
qdot4:
-0.266368165652272
0.085743442496343
0.007924937760188
qdot5:
-0.020000186511960
0.032520405326002
0.001922282883379
qdot6:
-0.266433040005833
0.011020110411931
-0.000360827998269
qdot7:
-0.167865762699990
0.033908932259794
0.003093321630435

qdot1:
-0.003602043858047
-0.023767907530224
-0.003086813948554
qdot2:
-0.160052973711130
-0.096701664095033
-0.010321124563546
qdot3:
-0.231548741366691
0.115374131784835
0.018452542074943
qdot4:
0.484011341310016
-0.087365421678999
0.007661412487434
qdot5:
0.259476447801357
0.019522569935642
0.010377779351761
qdot6:
0.312705796045818
-0.162130914678669
-0.024912016038309
qdot7:
0.023642133590659
-0.075184627940106
-0.003612799556916

qdot1:
-0.011561108031090
-0.026108824356562
-0.011190357764082
qdot2:
-0.052058500658926
-0.200717804384068
-0.058643290095203
qdot3:
0.122017713259806
-0.035106086153611
0.031493806010115
qdot4:
-0.080694867435483
0.227186632005747
0.030378364087126
qdot5:
-0.343164880063143
0.188152605169592
0.044119061452654
qdot6:
-0.069361237062296
0.041092113275821
-0.044577362853199
qdot7:
0.244223342718177
-0.059819943190565
-0.025547184911938

qdot1:
0.102862985499365
-0.033622223245538
-0.020894946318313
qdot2:
0.197607080044203
-0.234549879991415
-0.129361852005520
qdot3:
-0.159934891389148
0.044191481932102
0.032969923229253
qdot4:
-0.197255559314558
0.174744190874204
0.095680638530686
qdot5:
0.077088977665884
-0.034865346195317
0.069023861195342
qdot6:
0.130846901059734
-0.003984763445721
-0.038548478765346
qdot7:
-0.087881318986222
0.098897317032789
-0.019198228211146

qdot1:
0.031053344849070
0.033226961009930
-0.020959165137865
qdot2:
0.260399483883576
-0.106127862684310
-0.184712251085681
qdot3:
-0.004452577297784
-0.059747918343398
0.030442446802799
qdot4:
-0.297062458433686
0.046550621865693
0.131634722596523
qdot5:
-0.142221953669128
0.015233678706932
0.065834276159476
qdot6:
-0.035432078911375
0.081050767612759
-0.026027455076930
qdot7:
-0.034711686599526
0.041784503740394
0.003658547996072

qdot1:
-0.128128211053683
0.053408086042286
-0.006883445394609
qdot2:
-0.282533603595354
0.063102040508316
-0.191702717822629
qdot3:
0.233721970280059
-0.062641584697202
0.010557649565054
qdot4:
-0.026309679565617
-0.146506024534468
0.115394825664950
qdot5:
0.036597979921465
-0.077194336480891
0.055767439658442
qdot6:
-0.280819617629839
0.058023965890040
-0.003431784632225
qdot7:
-0.101487220953938
0.019225874685980
0.013570991255231

qdot1:
-0.050687531925122
-0.029860607234209
-0.003057652904845
qdot2:
-0.029202080651714
-0.120512510765075
-0.201030278863551
qdot3:
-0.015807969702914
0.089250983654309
0.014880916591514
qdot4:
0.488765036605744
-0.163604309291089
0.065010757127591
qdot5:
0.347443038183984
-0.053409832353670
0.034547993944882
qdot6:
0.098698585330593
-0.124476690399031
-0.014228453626940
qdot7:
-0.052540815852809
-0.046729219852542
0.009102483512247

qdot1:
0.073850596125156
-0.062801709854046
-0.018112631813194
qdot2:
0.220081157483846
-0.139490525652087
-0.243273343276015
qdot3:
-0.186631748773077
0.078977610056947
0.042213256313735
qdot4:
-0.614091868505378
0.154037103031032
0.063456359471855
qdot5:
-0.601307227012950
0.172388432834581
0.053878616975591
qdot6:
0.216596456248118
-0.060333890299576
-0.044254892441409
qdot7:
0.142504820010544
-0.080874745211600
-0.011629514812733

qdot1:
0.070802227064101
-0.014807262835228
-0.030721872372363
qdot2:
-0.080536162890714
0.003537073404769
-0.265361894700337
qdot3:
-0.035873012531999
-0.042311696306115
0.048170419651756
qdot4:
0.127242805220930
-0.245052426290031
0.048668970001594
qdot5:
0.030407287567815
-0.218392540686565
0.046404263914148
qdot6:
-0.025397274086675
0.080429051224237
-0.040990002965437
qdot7:
0.103253083768135
0.011737100769051
-0.022862406581069

qdot1:
0.005218277619616
0.031206092695219
-0.028057531080005
qdot2:
0.831198243812796
-0.048802227911184
-0.272716188957065
qdot3:
-0.080845802153726
-0.065625054487471
0.030633781699074
qdot4:
0.021306538752277
-0.162359145610859
-0.017523769557721
qdot5:
0.314408809043696
-0.198631279048457
-0.021350191269728
qdot6:
0.038510652768947
0.063923725749144
-0.017536801265051
qdot7:
-0.231505682907067
0.078839804314477
-0.008146247537502

qdot1:
0.002494808574216
0.034597376745516
-0.017366347482869
qdot2:
0.059712090490533
0.491381632043049
-0.200809681502377
qdot3:
0.148124194086052
-0.118165585935384
0.000773054036902
qdot4:
-0.239136170846408
-0.148512330568668
-0.068031501979660
qdot5:
-0.299406671290982
0.005698512715501
-0.052696253176488
qdot6:
-0.131395796835695
0.088951248625831
0.007301014010362
qdot7:
0.084550431937972
-0.071612430546410
-0.006972005806234

qdot1:
-0.059895830930179
0.036218717184453
-0.005860755630768
qdot2:
-0.753320800943238
0.530187666304085
-0.034833859579148
qdot3:
0.067923718458630
-0.021901789049843
-0.021983892286187
qdot4:
-0.164251913671834
-0.303923510493611
-0.141539398809897
qdot5:
-0.069846577763943
-0.188881604119343
-0.082458271482425
qdot6:
0.009905473942317
0.003558998046854
0.022331285821254
qdot7:
-0.006464027971671
-0.016664313144784
-0.021314454345514

qdot1:
0.010060880505120
-0.002706727362464
-0.000416014814862
qdot2:
0.677722201250427
0.040615243519969
0.057905303850590
qdot3:
0.027072678279587
0.022240864874834
-0.021928802152960
qdot4:
0.266370354606424
-0.410668481855827
-0.257640179698530
qdot5:
0.946034928496742
-0.234273896826854
-0.151208949664039
qdot6:
-0.070368625804877
0.009996424002294
0.024533654588369
qdot7:
-0.588420534915254
-0.020865192545794
-0.027411926698535

qdot1:
0.047483807111713
0.003831695097218
-0.000233239701402
qdot2:
-0.437282846346561
0.481057216747463
0.142662173020104
qdot3:
0.198263222780043
0.039835011591607
-0.011843245906514
qdot4:
0.090690506114919
-0.237558195110463
-0.362958493077878
qdot5:
-0.328972724281435
0.380540683366114
-0.127444776097740
qdot6:
-0.198542083324715
-0.035735140266404
0.020351848621709
qdot7:
0.240622458606554
-0.403271289037072
-0.096321986204279

qdot1:
0.058914567133055
0.034690742745428
0.006025555755514
qdot2:
-0.308548559114429
0.196873344139980
0.252806518814582
qdot3:
-0.064076351539028
0.168683446685763
0.022035045614920
qdot4:
0.234950074226429
-0.178619731249376
-0.430575514757798
qdot5:
-0.327491986193144
0.166746011222861
-0.038526325720441
qdot6:
0.096497234740971
-0.164764802843331
-0.012223663296123
qdot7:
0.387354123427287
-0.246894191937429
-0.201955299837972

qdot1:
0.007441721152772
0.072978477973889
0.023518727715200
qdot2:
-0.041190113089589
-0.003647954944101
0.284200123575522
qdot3:
-0.194278543491723
0.127041141539204
0.070081841532693
qdot4:
0.253683640850713
-0.025929035694020
-0.463808844862514
qdot5:
0.246934395646101
-0.046086350398122
-0.018922578416400
qdot6:
0.110554684611313
-0.102052629032450
-0.055573872264501
qdot7:
-0.045697422335574
0.004841717178935
-0.241281910878059

qdot1:
-0.023470153403096
0.077814746201031
0.048018318064460
qdot2:
-0.184354192230583
-0.030416820790859
0.278665570843380
qdot3:
-0.197957506146768
0.000782292569257
0.090849497306538
qdot4:
-0.149775816537492
0.138936337088029
-0.445448387316908
qdot5:
-0.213661735373746
0.114392784379284
-0.007824734598059
qdot6:
0.354917967531390
-0.030204719446620
-0.077061912434383
qdot7:
0.233277307500221
-0.024856384532585
-0.244533722448666

qdot1:
-0.131888394731581
0.062561828917609
0.070825500574527
qdot2:
0.071931333757920
-0.150225975705640
0.249316277876640
qdot3:
0.027920176534826
-0.127867461653947
0.070201788504784
qdot4:
0.484932693508527
0.041599174374724
-0.416116525102722
qdot5:
0.194108979810152
-0.024462923988531
0.006786298170786
qdot6:
-0.223819674195755
0.200451395499885
-0.049401691993775
qdot7:
0.059479387255385
0.126747203833009
-0.227979375614652

qdot1:
-0.011887192738523
-0.023150553994162
0.077228706660541
qdot2:
-0.135250487902011
-0.103478829871005
0.208096496017898
qdot3:
0.207605556208995
-0.109722537932738
0.031600202174867
qdot4:
-0.367603855656642
0.356750001686189
-0.351396165929707
qdot5:
-0.256574138262077
0.101685727968007
0.019332797348520
qdot6:
-0.044258686484038
0.054994187859307
-0.007899083484202
qdot7:
-0.115072658266082
0.165402007587098
-0.180513476269272

qdot1:
-0.100933512416764
-0.030875870674404
0.068450956336165
qdot2:
-0.032164055546835
-0.191376189086379
0.160190980260110
qdot3:
-0.116831634357928
0.025197346145095
0.017867273627707
qdot4:
0.617419987334197
0.117849509341806
-0.274287306007346
qdot5:
0.229233042006762
-0.065058137773431
0.025283734203658
qdot6:
-0.184830736215080
0.026231100016647
0.005297704964682
qdot7:
0.126705006810396
0.090617931489643
-0.138917551366527

qdot1:
-0.019587469560328
-0.096471117947696
0.047760709340490
qdot2:
0.003142407618325
-0.212279149127985
0.094608521348878
qdot3:
0.037461805949109
-0.050729863376826
0.013718969112133
qdot4:
-0.313883695105493
0.519101935527388
-0.170800895679235
qdot5:
-0.396187623932587
0.083917140244784
0.028347783251431
qdot6:
0.296214082798325
-0.093887754023342
-0.005694568173817
qdot7:
0.142545960197824
0.172961704667516
-0.096093391689653

qdot1:
0.260936560245181
-0.109200734489351
0.014344909932712
qdot2:
0.368375659309788
-0.210236943325155
0.025961728777718
qdot3:
0.063453080132404
-0.026383971059224
0.001190174371645
qdot4:
-0.590332686305996
0.315113407807436
-0.035264738225219
qdot5:
0.360654270579552
-0.173559534609935
0.013783455498048
qdot6:
-0.310281510410296
0.098617545175581
-0.004926112254784
qdot7:
-0.536404971810973
0.265600287067944
-0.024839598960806

qdot1:
-0.154325844910695
0.060378206955295
0.006412644202971
qdot2:
-0.054015838788525
0.029165133183520
-0.003457266648251
qdot3:
-0.035622673741069
0.014853278907376
-0.000683233639288
qdot4:
0.149964955414619
-0.068535368546024
0.004797147738707
qdot5:
-0.143058449455103
0.060824521709749
-0.004532762947347
qdot6:
0.269672250291955
-0.103029974189982
-0.005643005894332
qdot7:
0.192124063182490
-0.083001638319128
0.004827464112832

qdot1:
0.054145258671618
-0.039915954173050
0.009737175616972
qdot2:
0.010221460547012
-0.005938988501827
0.000316318227380
qdot3:
0.019639871279665
-0.008297387671360
0.000381911366634
qdot4:
-0.067750953461688
0.028924712820531
-0.001638452030779
qdot5:
0.078323679292958
-0.032147120134973
0.000126495415935
qdot6:
-0.131472252860129
0.072226167373836
-0.010647744352062
qdot7:
-0.097647788817256
0.041857044687645
-0.001857356737532

qdot1:
0.004993623719851
-0.004727724355227
0.002483853449405
qdot2:
-0.000620412177976
0.000703792632222
-0.000534251517416
qdot3:
-0.009709261631200
0.004466283998816
-0.000240533514935
qdot4:
0.017489847158500
-0.015105663601627
0.000606748618865
qdot5:
-0.046534942499617
0.018754319709522
-0.002049451983878
qdot6:
0.042628858727887
-0.013215770882783
-0.001060241012382
qdot7:
0.048619246512825
-0.021602857774782
0.001433369917711

qdot1:
0.003448499410269
-0.001482439663847
0.001474879237855
qdot2:
-0.000422293061733
0.000300595624100
-0.000371067123912
qdot3:
0.005097368196287
-0.001843626379710
0.000185573411593
qdot4:
-0.004832487518430
-0.003739261881683
-0.002455013320569
qdot5:
0.021652288999078
-0.011488074387563
-0.000868894735771
qdot6:
-0.029028427876347
0.014488115193111
-0.000853521416347
qdot7:
-0.024108499683509
0.009994095713584
-0.000452722222818

qdot1:
-0.010603186841554
0.000758690820193
0.001357290730266
qdot2:
0.003600816801215
0.000026153398293
-0.000317979743896
qdot3:
-0.005270857685349
0.001469080364289
0.000124720385902
qdot4:
0.057212204623561
-0.006879826458566
-0.004180311759158
qdot5:
0.014968953396955
0.002583438798888
-0.002315643588882
qdot6:
-0.000307095883697
-0.004377045236871
0.000789238550329
qdot7:
0.013692622170714
-0.005673673694837
0.000249222908830

qdot1:
0.020684151188925
-0.006132168777408
0.000484254097335
qdot2:
-0.007783936517849
0.002366272777933
0.000070721151513
qdot3:
0.005773870769238
-0.001956374719303
0.000045548976559
qdot4:
-0.125851168537907
0.030301567703531
-0.000374948030729
qdot5:
-0.058061002640714
0.012311547689435
0.000104366124541
qdot6:
0.039451613188343
-0.004576622462962
-0.000665476619862
qdot7:
-0.007869490732229
0.003224965771895
-0.000148622162295

qdot1:
-0.028895660731417
0.007310165481935
0.000675644903199
qdot2:
0.008117785172558
-0.002692396324354
0.000017735393471
qdot3:
-0.005711650610728
0.001795981378921
0.000019489641628
qdot4:
0.194600578816573
-0.051487308183301
-0.003817025523535
qdot5:
0.097417884310529
-0.025421468173791
-0.002025621367506
qdot6:
-0.083883469470690
0.021062417142974
0.002012993970924
qdot7:
0.005166607486352
-0.001889303791656
0.000068384745940

coefs_qdotdot:
qdotdot1:
0.016894016106836
-0.002507695915001
qdotdot2:
-0.005452017076554
0.000020722904356
qdotdot3:
-0.301726032787997
0.059683730184240
qdotdot4:
0.550966415624703
-0.110262616668497
qdotdot5:
0.258638994662088
-0.055232203315802
qdotdot6:
0.242356442248301
-0.047034491121715
qdotdot7:
0.030496680378005
-0.004252636760824

qdotdot1:
-0.011763105683948
0.002981893902260
qdotdot2:
0.037066325518248
-0.001750871087133
qdotdot3:
0.150353659467031
-0.038359988178576
qdotdot4:
-0.227436889167122
0.068769983143114
qdotdot5:
-0.071988115729381
0.028810689887612
qdotdot6:
-0.137620713353071
0.031717503022264
qdotdot7:
-0.011507845520124
0.005657041613142

qdotdot1:
-0.001952812885749
-0.000840443236145
qdotdot2:
-0.019948948303051
0.010293566531576
qdotdot3:
-0.059221086433662
0.010496359109038
qdotdot4:
0.029629448558502
-0.005134008835212
qdotdot5:
0.001267530269892
0.005418666074406
qdotdot6:
0.055488824749995
-0.013001364409234
qdotdot7:
-0.044749443155109
0.001917649441003

qdotdot1:
0.008282644511134
-0.001474995829491
qdotdot2:
-0.034226726650678
0.003811298326257
qdotdot3:
0.059203126066552
-0.008747109761683
qdotdot4:
-0.110796762431719
0.004493868755836
qdotdot5:
-0.064561725070901
0.005830540978435
qdotdot6:
0.000782375124260
0.005029332696357
qdotdot7:
0.047480798244785
-0.012623362353876

qdotdot1:
-0.010034969631555
0.001216390320539
qdotdot2:
-0.010181522359198
-0.007310431930867
qdotdot3:
-0.049756595545359
0.010490523016082
qdotdot4:
0.097050760715231
-0.031508747495046
qdotdot5:
0.023106891592042
-0.015148330255777
qdotdot6:
-0.053596611727095
0.005283559902503
qdotdot7:
-0.018065506993275
0.002805183760421

qdotdot1:
0.017985315862307
-0.002044401356084
qdotdot2:
0.100853755508650
-0.010618844869141
qdotdot3:
0.020721725729265
-0.005677527169264
qdotdot4:
0.263788655746805
0.000027203720495
qdotdot5:
0.123591935372942
-0.007639910943871
qdotdot6:
0.071250640521601
-0.012132276102157
qdotdot7:
0.113786179324596
-0.003065073649468

qdotdot1:
-0.084838628299042
0.003799798518805
qdotdot2:
-0.365770549464984
0.022152862330118
qdotdot3:
0.351810420424815
0.001055849538801
qdotdot4:
-0.532736331304544
0.085743442496343
qdotdot5:
-0.040000373023921
0.032520405326002
qdotdot6:
-0.532866080011666
0.011020110411931
qdotdot7:
-0.335731525399981
0.033908932259794

qdotdot1:
-0.007204087716095
-0.023767907530224
qdotdot2:
-0.320105947422259
-0.096701664095033
qdotdot3:
-0.463097482733383
0.115374131784835
qdotdot4:
0.968022682620032
-0.087365421678999
qdotdot5:
0.518952895602714
0.019522569935642
qdotdot6:
0.625411592091636
-0.162130914678669
qdotdot7:
0.047284267181319
-0.075184627940106

qdotdot1:
-0.023122216062180
-0.026108824356562
qdotdot2:
-0.104117001317851
-0.200717804384068
qdotdot3:
0.244035426519612
-0.035106086153611
qdotdot4:
-0.161389734870966
0.227186632005747
qdotdot5:
-0.686329760126287
0.188152605169592
qdotdot6:
-0.138722474124592
0.041092113275821
qdotdot7:
0.488446685436354
-0.059819943190565

qdotdot1:
0.205725970998730
-0.033622223245538
qdotdot2:
0.395214160088405
-0.234549879991415
qdotdot3:
-0.319869782778297
0.044191481932102
qdotdot4:
-0.394511118629115
0.174744190874204
qdotdot5:
0.154177955331768
-0.034865346195317
qdotdot6:
0.261693802119468
-0.003984763445721
qdotdot7:
-0.175762637972445
0.098897317032789

qdotdot1:
0.062106689698141
0.033226961009930
qdotdot2:
0.520798967767152
-0.106127862684310
qdotdot3:
-0.008905154595568
-0.059747918343398
qdotdot4:
-0.594124916867373
0.046550621865693
qdotdot5:
-0.284443907338255
0.015233678706932
qdotdot6:
-0.070864157822751
0.081050767612759
qdotdot7:
-0.069423373199051
0.041784503740394

qdotdot1:
-0.256256422107366
0.053408086042286
qdotdot2:
-0.565067207190707
0.063102040508316
qdotdot3:
0.467443940560118
-0.062641584697202
qdotdot4:
-0.052619359131234
-0.146506024534468
qdotdot5:
0.073195959842929
-0.077194336480891
qdotdot6:
-0.561639235259678
0.058023965890040
qdotdot7:
-0.202974441907876
0.019225874685980

qdotdot1:
-0.101375063850244
-0.029860607234209
qdotdot2:
-0.058404161303427
-0.120512510765075
qdotdot3:
-0.031615939405829
0.089250983654309
qdotdot4:
0.977530073211489
-0.163604309291089
qdotdot5:
0.694886076367969
-0.053409832353670
qdotdot6:
0.197397170661186
-0.124476690399031
qdotdot7:
-0.105081631705618
-0.046729219852542

qdotdot1:
0.147701192250311
-0.062801709854046
qdotdot2:
0.440162314967691
-0.139490525652087
qdotdot3:
-0.373263497546155
0.078977610056947
qdotdot4:
-1.228183737010757
0.154037103031032
qdotdot5:
-1.202614454025900
0.172388432834581
qdotdot6:
0.433192912496237
-0.060333890299576
qdotdot7:
0.285009640021088
-0.080874745211600

qdotdot1:
0.141604454128202
-0.014807262835228
qdotdot2:
-0.161072325781429
0.003537073404769
qdotdot3:
-0.071746025063999
-0.042311696306115
qdotdot4:
0.254485610441860
-0.245052426290031
qdotdot5:
0.060814575135629
-0.218392540686565
qdotdot6:
-0.050794548173351
0.080429051224237
qdotdot7:
0.206506167536270
0.011737100769051

qdotdot1:
0.010436555239233
0.031206092695219
qdotdot2:
1.662396487625593
-0.048802227911184
qdotdot3:
-0.161691604307452
-0.065625054487471
qdotdot4:
0.042613077504555
-0.162359145610859
qdotdot5:
0.628817618087391
-0.198631279048457
qdotdot6:
0.077021305537893
0.063923725749144
qdotdot7:
-0.463011365814134
0.078839804314477

qdotdot1:
0.004989617148432
0.034597376745516
qdotdot2:
0.119424180981065
0.491381632043049
qdotdot3:
0.296248388172103
-0.118165585935384
qdotdot4:
-0.478272341692816
-0.148512330568668
qdotdot5:
-0.598813342581964
0.005698512715501
qdotdot6:
-0.262791593671391
0.088951248625831
qdotdot7:
0.169100863875944
-0.071612430546410

qdotdot1:
-0.119791661860357
0.036218717184453
qdotdot2:
-1.506641601886477
0.530187666304085
qdotdot3:
0.135847436917261
-0.021901789049843
qdotdot4:
-0.328503827343668
-0.303923510493611
qdotdot5:
-0.139693155527885
-0.188881604119343
qdotdot6:
0.019810947884634
0.003558998046854
qdotdot7:
-0.012928055943342
-0.016664313144784

qdotdot1:
0.020121761010240
-0.002706727362464
qdotdot2:
1.355444402500854
0.040615243519969
qdotdot3:
0.054145356559174
0.022240864874834
qdotdot4:
0.532740709212847
-0.410668481855827
qdotdot5:
1.892069856993483
-0.234273896826854
qdotdot6:
-0.140737251609753
0.009996424002294
qdotdot7:
-1.176841069830509
-0.020865192545794

qdotdot1:
0.094967614223427
0.003831695097218
qdotdot2:
-0.874565692693122
0.481057216747463
qdotdot3:
0.396526445560085
0.039835011591607
qdotdot4:
0.181381012229838
-0.237558195110463
qdotdot5:
-0.657945448562869
0.380540683366114
qdotdot6:
-0.397084166649430
-0.035735140266404
qdotdot7:
0.481244917213108
-0.403271289037072

qdotdot1:
0.117829134266110
0.034690742745428
qdotdot2:
-0.617097118228857
0.196873344139980
qdotdot3:
-0.128152703078057
0.168683446685763
qdotdot4:
0.469900148452858
-0.178619731249376
qdotdot5:
-0.654983972386288
0.166746011222861
qdotdot6:
0.192994469481941
-0.164764802843331
qdotdot7:
0.774708246854574
-0.246894191937429

qdotdot1:
0.014883442305544
0.072978477973889
qdotdot2:
-0.082380226179177
-0.003647954944101
qdotdot3:
-0.388557086983445
0.127041141539204
qdotdot4:
0.507367281701426
-0.025929035694020
qdotdot5:
0.493868791292203
-0.046086350398122
qdotdot6:
0.221109369222626
-0.102052629032450
qdotdot7:
-0.091394844671148
0.004841717178935

qdotdot1:
-0.046940306806192
0.077814746201031
qdotdot2:
-0.368708384461166
-0.030416820790859
qdotdot3:
-0.395915012293535
0.000782292569257
qdotdot4:
-0.299551633074985
0.138936337088029
qdotdot5:
-0.427323470747491
0.114392784379284
qdotdot6:
0.709835935062780
-0.030204719446620
qdotdot7:
0.466554615000441
-0.024856384532585

qdotdot1:
-0.263776789463163
0.062561828917609
qdotdot2:
0.143862667515839
-0.150225975705640
qdotdot3:
0.055840353069653
-0.127867461653947
qdotdot4:
0.969865387017054
0.041599174374724
qdotdot5:
0.388217959620303
-0.024462923988531
qdotdot6:
-0.447639348391510
0.200451395499885
qdotdot7:
0.118958774510771
0.126747203833009

qdotdot1:
-0.023774385477047
-0.023150553994162
qdotdot2:
-0.270500975804023
-0.103478829871005
qdotdot3:
0.415211112417991
-0.109722537932738
qdotdot4:
-0.735207711313284
0.356750001686189
qdotdot5:
-0.513148276524154
0.101685727968007
qdotdot6:
-0.088517372968077
0.054994187859307
qdotdot7:
-0.230145316532165
0.165402007587098

qdotdot1:
-0.201867024833528
-0.030875870674404
qdotdot2:
-0.064328111093669
-0.191376189086379
qdotdot3:
-0.233663268715855
0.025197346145095
qdotdot4:
1.234839974668394
0.117849509341806
qdotdot5:
0.458466084013525
-0.065058137773431
qdotdot6:
-0.369661472430160
0.026231100016647
qdotdot7:
0.253410013620792
0.090617931489643

qdotdot1:
-0.039174939120655
-0.096471117947696
qdotdot2:
0.006284815236651
-0.212279149127985
qdotdot3:
0.074923611898219
-0.050729863376826
qdotdot4:
-0.627767390210985
0.519101935527388
qdotdot5:
-0.792375247865175
0.083917140244784
qdotdot6:
0.592428165596649
-0.093887754023342
qdotdot7:
0.285091920395647
0.172961704667516

qdotdot1:
0.521873120490363
-0.109200734489351
qdotdot2:
0.736751318619576
-0.210236943325155
qdotdot3:
0.126906160264808
-0.026383971059224
qdotdot4:
-1.180665372611991
0.315113407807436
qdotdot5:
0.721308541159104
-0.173559534609935
qdotdot6:
-0.620563020820591
0.098617545175581
qdotdot7:
-1.072809943621947
0.265600287067944

qdotdot1:
-0.308651689821390
0.060378206955295
qdotdot2:
-0.108031677577050
0.029165133183520
qdotdot3:
-0.071245347482138
0.014853278907376
qdotdot4:
0.299929910829237
-0.068535368546024
qdotdot5:
-0.286116898910206
0.060824521709749
qdotdot6:
0.539344500583911
-0.103029974189982
qdotdot7:
0.384248126364979
-0.083001638319128

qdotdot1:
0.108290517343237
-0.039915954173050
qdotdot2:
0.020442921094023
-0.005938988501827
qdotdot3:
0.039279742559331
-0.008297387671360
qdotdot4:
-0.135501906923376
0.028924712820531
qdotdot5:
0.156647358585916
-0.032147120134973
qdotdot6:
-0.262944505720258
0.072226167373836
qdotdot7:
-0.195295577634512
0.041857044687645

qdotdot1:
0.009987247439702
-0.004727724355227
qdotdot2:
-0.001240824355952
0.000703792632222
qdotdot3:
-0.019418523262400
0.004466283998816
qdotdot4:
0.034979694317000
-0.015105663601627
qdotdot5:
-0.093069884999234
0.018754319709522
qdotdot6:
0.085257717455773
-0.013215770882783
qdotdot7:
0.097238493025650
-0.021602857774782

qdotdot1:
0.006896998820538
-0.001482439663847
qdotdot2:
-0.000844586123466
0.000300595624100
qdotdot3:
0.010194736392574
-0.001843626379710
qdotdot4:
-0.009664975036860
-0.003739261881683
qdotdot5:
0.043304577998155
-0.011488074387563
qdotdot6:
-0.058056855752694
0.014488115193111
qdotdot7:
-0.048216999367017
0.009994095713584

qdotdot1:
-0.021206373683107
0.000758690820193
qdotdot2:
0.007201633602430
0.000026153398293
qdotdot3:
-0.010541715370698
0.001469080364289
qdotdot4:
0.114424409247122
-0.006879826458566
qdotdot5:
0.029937906793911
0.002583438798888
qdotdot6:
-0.000614191767394
-0.004377045236871
qdotdot7:
0.027385244341429
-0.005673673694837

qdotdot1:
0.041368302377851
-0.006132168777408
qdotdot2:
-0.015567873035698
0.002366272777933
qdotdot3:
0.011547741538477
-0.001956374719303
qdotdot4:
-0.251702337075814
0.030301567703531
qdotdot5:
-0.116122005281429
0.012311547689435
qdotdot6:
0.078903226376685
-0.004576622462962
qdotdot7:
-0.015738981464457
0.003224965771895

qdotdot1:
-0.057791321462835
0.007310165481935
qdotdot2:
0.016235570345115
-0.002692396324354
qdotdot3:
-0.011423301221456
0.001795981378921
qdotdot4:
0.389201157633147
-0.051487308183301
qdotdot5:
0.194835768621057
-0.025421468173791
qdotdot6:
-0.167766938941379
0.021062417142974
qdotdot7:
0.010333214972703
-0.001889303791656

