nSeg: 42

breaks: 
0.000000000000000
0.329047619047617
0.658095238095233
0.987142857142850
1.316190476190467
1.645238095238084
1.974285714285700
2.303333333333317
2.632380952380934
2.961428571428550
3.290476190476167
3.619523809523783
3.948571428571400
4.277619047619017
4.606666666666634
4.935714285714250
5.264761904761867
5.593809523809484
5.922857142857101
6.251904761904717
6.580952380952334
6.909999999999950
7.239047619047566
7.568095238095184
7.897142857142801
8.226190476190416
8.555238095238034
8.884285714285650
9.213333333333267
9.542380952380885
9.871428571428501
10.200476190476119
10.529523809523734
10.858571428571350
11.187619047618968
11.516666666666584
11.845714285714202
12.174761904761818
12.503809523809434
12.832857142857051
13.161904761904669
13.490952380952283
13.819999999999901

coefs_q:
q1:
0.099538940815719
-0.139456596759733
0.000000000000000
-1.467751753624498
q2:
0.307595516923015
-0.469650964120057
0.000000000000000
1.336417132542166
q3:
-0.131635195823301
0.190742124561337
-0.000000000000000
-2.706130683282221
q4:
-0.215592403574726
0.293463747598381
-0.000000000000000
1.493269357550579
q5:
-0.093589540769975
0.134336708783659
-0.000000000000000
-0.993658558346606
q6:
0.147021373075453
-0.217567643869420
0.000000000000000
-0.506853510446785
q7:
0.066393173423940
-0.088479185396199
-0.000000000000000
-0.456405194784581

q1:
0.105540671216178
-0.041197442325931
-0.059443781432473
-1.479304795689055
q2:
0.234320889057088
-0.166010246700341
-0.209162807941377
1.296525555625859
q3:
-0.147981325845441
0.060799381255766
0.082769133580770
-2.690168322729181
q4:
-0.142825423929602
0.080643246355331
0.123099015629530
1.517362505339470
q5:
-0.119531299187029
0.041950462109299
0.058006873850968
-0.982447900697939
q6:
0.184647394024375
-0.072436545590652
-0.095425188055671
-0.525172173073390
q7:
0.110292762705462
-0.022939638487710
-0.036662098716086
-0.463619669566824

q1:
0.019360628759715
0.062986277403181
-0.052274217128482
-1.499565102182456
q2:
-0.028793748692357
0.065297945211726
-0.242301950955012
1.218074807262820
q3:
-0.032239105464525
-0.085279327543090
0.074714065540513
-2.661622539709881
q4:
0.038985157116625
-0.060345850695175
0.129777825344372
1.561510969695497
q5:
-0.034716975642637
-0.076044006088181
0.046788474379822
-0.963077314676680
q6:
0.046126585832150
0.109836810510552
-0.083118719932028
-0.557836090646610
q7:
0.045545486391447
0.085935074411538
-0.015933600514484
-0.474237600944386

q1:
-0.045230690963433
0.082097983793128
-0.004534586420554
-1.509256381138192
q2:
-0.035886149631706
0.036874401859699
-0.208682383418652
1.144390060440236
q3:
0.062412298090361
-0.117103930223070
0.008120336437458
-2.647420020993217
q4:
0.008903909727842
-0.021861931312906
0.102727550407428
1.599069182543182
q5:
0.057307253174424
-0.110314620615413
-0.014532388025979
-0.957151993889860
q6:
-0.093338665636688
0.155370340239145
0.004147061576562
-0.571650478992309
q7:
-0.077225362527232
0.130894975977952
0.055413811304153
-0.468553485189630

q1:
-0.023314044898370
0.037448830284939
0.034802008116562
-1.503470958260813
q2:
0.021183006990054
0.001449645580401
-0.196071946856220
1.078437589618898
q3:
0.034970924482849
-0.055494075965300
-0.048672626551191
-2.655203612050396
q4:
-0.030926629318830
-0.013072500424422
0.091232458821478
1.630821613454978
q5:
0.034736795551112
-0.053744174981803
-0.068515544101063
-0.971836191768931
q6:
-0.073565940480800
0.063231743160643
0.076077556638111
-0.556788942335258
q7:
-0.053546707283769
0.054662510968927
0.116471060580482
-0.438898686761801

q1:
0.056533873102081
0.014434537392406
0.051874106718964
-1.488795371779402
q2:
0.006431216359804
0.022360299623440
-0.188237341077242
1.014832220640673
q3:
-0.075477791363180
-0.020972777654373
-0.073833862670807
-2.675981796614603
q4:
0.016106678681464
-0.043601501652009
0.072584013376329
1.658324231234791
q5:
-0.075282841981463
-0.019453995373491
-0.092601227775114
-0.998962516495239
q6:
0.055172647507405
-0.009388349513975
0.093794597118991
-0.527530470626219
q7:
0.108719587064336
0.001804261350235
0.135051317567407
-0.396563419238091

q1:
0.003747983394442
0.070241546411745
0.079736570484997
-1.468149340993369
q2:
0.012707990911935
0.028708828915760
-0.171433165924581
0.955543296973021
q3:
-0.009748279478982
-0.095480140271455
-0.112152418045449
-2.705236453675538
q4:
-0.001130404439675
-0.027701908839307
0.049121795924186
1.678060820280601
q5:
-0.010600482400275
-0.093768915100906
-0.129856956888356
-1.034221142841011
q6:
0.008214346205601
0.045074935382621
0.105537183231008
-0.495718457940583
q7:
0.020216474045653
0.109126025152315
0.171552664221341
-0.348056427143648

q1:
-0.117545986962627
0.073941341448258
0.127179606442740
-1.434173467554757
q2:
0.036801961150663
0.041253431373113
-0.148412250753338
0.902694738327900
q3:
0.147400572366848
-0.105103084728565
-0.178153850652598
-2.752825097151761
q4:
-0.053982998438235
-0.028817779507615
0.030524127044319
1.691184607261000
q5:
0.145474788818758
-0.104233105584607
-0.195009050361541
-1.087480505547913
q6:
-0.110186584796938
0.053183668565578
0.137868942911105
-0.455818680052997
q7:
-0.208619051136653
0.129082573103095
0.249934636313953
-0.279071854469869

q1:
-0.058499067959610
-0.042093339967705
0.137659115501341
-1.388507301116498
q2:
0.006597975200393
0.077582224451838
-0.109309661146176
0.859637780371733
q3:
0.077110455233633
0.040402337422137
-0.199443477504380
-2.817574550029301
q4:
-0.015659797572984
-0.082106710823072
-0.005975312393064
1.696185091275919
q5:
0.078413778241513
0.039371293092195
-0.216351675329282
-1.157750536501596
q6:
-0.039871655339583
-0.055586231569684
0.137078385274992
-0.408620503012974
q7:
-0.110523885745599
-0.076854233090371
0.267120247241950
-0.190287805462236

q1:
0.020872726239590
-0.099840277053549
0.090956196757681
-1.349852573069488
q2:
-0.015096563579893
0.084095368542512
-0.056110034118035
0.832304769716131
q3:
-0.016246488082408
0.116521372517051
-0.147808104376771
-2.876079300762459
q4:
0.015651633420478
-0.097565168141546
-0.065095916376184
1.684771135851040
q5:
-0.007894390980699
0.116776894184887
-0.164971486087157
-1.221884089880640
q6:
0.027232096431504
-0.094945251340615
0.087546359231652
-0.370954135500502
q7:
0.019020026259212
-0.185957097447812
0.180642804669624
-0.114651318740283

q1:
0.025374344547609
-0.079235914437039
0.032031602319589
-1.329989965584356
q2:
-0.010885207596549
0.069192903637218
-0.005670893129372
0.822409256989725
q3:
-0.023644502201407
0.100483767852846
-0.076403079616962
-2.912677974071878
q4:
0.012209833783778
-0.082114770007903
-0.124219172214883
1.653345487827052
q5:
-0.017291420698607
0.108984002516798
-0.090685400553413
-1.263805109038078
q6:
0.022064935979198
-0.068063281863231
0.033908789496482
-0.351456967348947
q7:
0.031505917079088
-0.167181614383361
0.064443352348034
-0.074667621426758

q1:
0.038695966330475
-0.054187811462185
-0.011871157012013
-1.327125095089234
q2:
-0.015020132534498
0.058447648709768
0.036328926714326
0.827647135775568
q3:
-0.054333396181539
0.077143266394029
-0.017955326919539
-2.927780990141354
q4:
0.029930683718649
-0.070061919801346
-0.174292549671164
1.604015703781096
q5:
-0.060020575210135
0.091914900084316
-0.024580094983237
-1.282461008872588
q6:
0.039099048471009
-0.046282037918051
-0.003716265726788
-0.346882629344925
q7:
0.091987131193652
-0.136080773381005
-0.035344414292525
-0.070441380067181

q1:
0.002365497400922
-0.015989364698816
-0.034962789739276
-1.335519700265025
q2:
-0.008412616650484
0.043620632164999
0.069914251516452
0.845394227479228
q3:
-0.005093650705211
0.023508442449110
0.015163878228370
-2.927272388637772
q4:
0.019194212510785
-0.040516059159079
-0.210677970367189
1.540145720713511
q5:
-0.016663728749462
0.032666017984025
0.016412959485917
-1.282735527976381
q6:
0.010189045900620
-0.007685691498813
-0.021474218596813
-0.351723549885005
q7:
0.019095111720530
-0.045276333874129
-0.095019538632190
-0.093527955684994

q1:
-0.046257628083077
-0.013654280835906
-0.044716960722368
-1.348671053850157
q2:
0.035463518086769
0.035316177728593
0.095888220867152
0.872822538977198
q3:
0.112948384455567
0.018480281538680
0.028980167883400
-2.919918906882744
q4:
-0.075328808323300
-0.021568629380575
-0.231106789310475
1.467119695315823
q5:
0.091820850495703
0.016216537175628
0.032497647874164
-1.274391731242952
q6:
-0.099599719603540
0.002372352383085
-0.023222560182036
-0.359258735520256
q7:
-0.182713864699124
-0.026426730732863
-0.118613261319538
-0.129015786198500

q1:
-0.005428197606167
-0.059317167986486
-0.068728042215831
-1.366511453331310
q2:
0.076815397695926
0.070323736297104
0.130648783053703
0.909461544838718
q3:
0.124310304389624
0.129976472479818
0.077829509324724
-2.904358164061755
q4:
-0.176436023395910
-0.095928924454004
-0.269769079643663
1.386055549727536
q5:
0.104008657838541
0.106856833879243
0.072994647587933
-1.258671376355394
q6:
-0.171169964232747
-0.095946799396980
-0.054013009175655
-0.370191618255469
q7:
-0.233066615819221
-0.206791417171568
-0.195353137606186
-0.177415983235458

q1:
0.117253876340971
-0.064675574480574
-0.109527558903801
-1.395742049365433
q2:
-0.016860526756848
0.146151507451225
0.201879446591843
0.962802014306499
q3:
-0.128636556918927
0.252688501527289
0.203744507914681
-2.860246920414488
q4:
-0.002754426372659
-0.270096484691965
-0.390208869034074
1.280616384831512
q5:
-0.110393740945284
0.209528237545574
0.177100402042480
-1.219377531492882
q6:
0.040234487306906
-0.264916006946734
-0.172754056405896
-0.404451084635140
q7:
0.176889002353077
-0.436861462215970
-0.407145585061799
-0.272389664800563

q1:
0.080151592543413
0.051070752021727
-0.114004193341450
-1.434607032312292
q2:
-0.222482196535009
0.129507758895536
0.292584471851657
1.044453444762440
q3:
-0.313132255473863
0.125705843197320
0.328254266107397
-2.770429003950681
q4:
0.431118689149725
-0.272815497011261
-0.568852763965944
1.122876977037947
q5:
-0.261432845629606
0.100553844698159
0.279132172914107
-1.142349924893121
q6:
0.347504681094867
-0.225198820190917
-0.334025173335474
-0.488545046195323
q7:
0.572707824443378
-0.262246747036005
-0.637185476772804
-0.447357980004773

q1:
-0.080122198160225
0.130191824089581
-0.054360174249587
-1.463734750001108
q2:
-0.200313905446442
-0.090113952255450
0.305546910131800
1.146823457591262
q3:
-0.116604486097096
-0.183400426134734
0.309270000959895
-2.659963139913986
q4:
0.425579322913382
0.152760237563679
-0.608356661241315
0.921518318002600
q5:
-0.094614501814848
-0.157517721487637
0.260388344884808
-1.048928952118066
q6:
0.245392090224653
0.117837943575586
-0.369352014164613
-0.610457572549975
q7:
0.298281033117223
0.303097691093097
-0.623743570894971
-0.665012690922172

q1:
-0.071951039743282
0.051099768477131
0.005293392637840
-1.470380156901506
q2:
0.115950639152301
-0.287852393203294
0.181177984078471
1.230469558516726
q3:
0.169822623653777
-0.298505711696295
0.150699933702162
-2.582210014312340
q4:
-0.218436930065386
0.572867826325315
-0.369590474504510
0.753041724743651
q5:
0.143739887241035
-0.250915751136293
0.125994283178554
-0.983674406413497
q6:
-0.162511385266933
0.360074992640206
-0.212095900390752
-0.710490860337514
q7:
-0.305526851973301
0.597543682355954
-0.327389671345785
-0.826810147830745

q1:
0.006009809276334
-0.019926186469451
0.015550985574653
-1.465669069385773
q2:
0.183365835229293
-0.173392547982953
0.029406434383379
1.263050236806004
q3:
0.154014365797314
-0.130866521775211
0.009416022593206
-2.558892241655578
q4:
-0.374139343704976
0.357239371075057
-0.063540915740867
0.685672397808133
q5:
0.128684423817676
-0.109023948159787
0.007556982124464
-0.964262536297601
q6:
-0.218159241667577
0.199653039469563
-0.027918724110824
-0.747084104110032
q7:
-0.333502691929927
0.295945032765170
-0.033389336989265
-0.880724419644037

q1:
0.014850692265375
-0.013993646169527
0.004389745406304
-1.462495399359150
q2:
0.061967074225156
0.007615726507678
-0.025142034016343
1.260485467426026
q3:
0.039217408907907
0.021167659318994
-0.026680126910244
-2.564476113845540
q4:
-0.129530427173539
-0.012089609639425
0.050029791474381
0.690114181397371
q5:
0.032497188751820
0.018005961637376
-0.022392269631244
-0.968995598484416
q6:
-0.068571253574529
-0.015701297662287
0.032610158550522
-0.742426098600040
q7:
-0.095909314383724
-0.033269767411371
0.053043333658103
-0.871550060018129

q1:
-0.014858028935600
0.000666108623865
0.000004350909136
-1.462037006875722
q2:
-0.061959386494372
0.068786081207081
-0.000002201096868
1.255244799215498
q3:
-0.039185063109774
0.059880844398085
-0.000011309734768
-2.569566085178551
q4:
0.129528830263224
-0.139954645606445
-0.000000008704140
0.700652646196020
q5:
-0.032535783512811
0.050085329390958
0.000013007559508
-0.973256404613337
q6:
0.068561908383756
-0.083390920833714
0.000004099988267
-0.735838790940992
q7:
0.095919454364516
-0.127945962038732
-0.000004318270478
-0.861115410366813

q1:
-0.006060800983653
-0.014000888511134
-0.004383426663294
-1.462492797428313
q2:
-0.183346829241568
0.007623315396209
0.025140128928310
1.260484292783554
q3:
-0.153904538299484
0.021199589242580
0.026668013906042
-2.564482404352334
q4:
0.374141418823383
-0.012091186018035
-0.050030327586290
0.690114118776486
q5:
-0.128808097606208
0.017967863094740
0.022405748515516
-0.968988413277510
q6:
0.218114907367723
-0.015710522700607
-0.032604994050883
-0.742423733356101
q7:
0.333548227176492
-0.033259757801760
-0.053048676560848
-0.871552540596763

q1:
0.071938087424742
-0.019983764910712
-0.015565995955911
-1.465666989101859
q2:
-0.115958979769030
-0.173366197469395
-0.029397171791961
1.263049934087191
q3:
-0.169838842448771
-0.130726176421624
-0.009371448827634
-2.558895147992888
q4:
0.218440407301327
0.357239843134760
0.063540016255451
0.685672062032441
q5:
-0.143715146619277
-0.109184130399387
-0.007608747059489
-0.964259447009782
q6:
0.162506841201672
0.199600050143816
0.027903417122097
-0.747082617803433
q7:
0.305528362118175
0.295999992168176
0.033405371985434
-0.880725952255249

q1:
0.080247169837842
0.051029404247140
-0.005350502250449
-1.470389711349192
q2:
0.200259193548520
-0.287834276069965
-0.181154089513721
1.230474859514110
q3:
0.116311661619162
-0.298381376610339
-0.150568267468151
-2.582183636062016
q4:
-0.425584244947871
0.572871730913640
0.369591015144708
0.753041267988063
q5:
0.094949612978773
-0.251051510847844
-0.126143427107982
-0.983704812131450
q6:
-0.245280268359358
0.360017517672895
0.212044245389404
-0.710500309927467
q7:
-0.298399293103002
0.597600132487687
0.327442365384099
-0.826800399780159

q1:
-0.080083351254097
0.130244824758494
0.054297351198547
-1.463766262395126
q2:
0.222476069390273
-0.090149843581358
-0.305528864122798
1.146836633415284
q3:
0.313049068691496
-0.183565150640568
-0.309151624768328
-2.659890407538408
q4:
-0.431120298902515
0.152759283400819
0.608358172711987
0.921518286546164
q5:
0.261516460997237
-0.157322678607370
-0.260517981828720
-1.049011193388862
q6:
-0.347451771549642
0.117890852763874
0.369298856804548
-0.610486258193970
q7:
-0.572753202435051
0.303037401724584
0.623795001641562
-0.664983705255585

q1:
-0.117351287110019
0.051191116591950
0.113998415709574
-1.434651046759820
q2:
0.016907785186182
0.129465819202468
-0.292592035954137
1.044468454254793
q3:
0.128874372703176
0.125459001453465
-0.328271314810370
-2.770338118953145
q4:
0.002756686635106
-0.272818040230090
0.568853124631498
1.122877282267630
q5:
0.110117883319288
0.100831427891330
-0.279106293373855
-1.142450726199311
q6:
-0.040324123250294
-0.225093681722985
0.334024021180384
-0.488583609545327
q7:
-0.176793016419258
-0.262351830964871
0.637182491829639
-0.447320215514770

q1:
0.005362099608954
-0.064651368255225
0.109569351947991
-1.395778403205361
q2:
-0.076800308018149
0.146156218579114
-0.201899260665056
0.962811677604866
q3:
-0.124196125026380
0.252676417936170
-0.203846755382639
-2.860179898779704
q4:
0.176437168478473
-0.270096796708865
0.390208290191110
1.280616613902908
q5:
-0.104131644614541
0.209533509853654
-0.176981449573006
-1.219449590529167
q6:
0.171114869844700
-0.264899351960061
0.172792980097059
-0.404481836949275
q7:
0.233116983876296
-0.436871794315879
0.407104622749166
-0.272360840514140

q1:
0.046266268137513
-0.059358209926957
0.068764295508045
-1.366533789262103
q2:
-0.035474523535272
0.070343343092627
-0.130660595372117
0.909465736044531
q3:
-0.112990028580643
0.130077100231558
-0.077902621547449
-2.904322027191377
q4:
0.075328350236170
-0.095928106110830
0.269768667406154
1.386055595344810
q5:
-0.091769417824570
0.106740700669872
-0.072912173634075
-1.258708105139352
q6:
0.099610050154047
-0.095984530441936
0.054044997840022
-0.370209722381618
q7:
0.182700714246961
-0.206752028803708
0.195321736189340
-0.177399961730676

q1:
-0.002337378799826
-0.013686793808356
0.044729010945616
-1.348685596611121
q2:
0.008405520581915
0.035324920574237
-0.095890704803639
0.872824574152898
q3:
0.005037232538157
0.018539800589810
-0.029000584181941
-2.919897415858478
q4:
-0.019194662394906
-0.021568263234839
0.231106766826223
1.467119677571096
q5:
0.016722521931801
0.016151175360190
-0.032474894426088
-1.274412063803446
q6:
-0.010165314480119
0.002344819067272
0.023233073763882
-0.359270031036937
q7:
-0.019114870890718
-0.026400323739923
0.118603509709508
-0.129006301092509

q1:
-0.038658250198294
-0.015994120595041
0.034962576730022
-1.335532796409693
q2:
0.015015145492840
0.043622370177242
-0.069913286751605
0.845396139119968
q3:
0.054282597264024
0.023512268709620
-0.015163450902938
-2.927253181277425
q4:
-0.029930719643115
-0.040516137113239
0.210678042711688
1.540145719185938
q5:
0.060068890562693
0.032658693438582
-0.016414123311826
-1.282753355835119
q6:
-0.039070990220305
-0.007689798512388
0.021474321003608
-0.351733521555536
q7:
-0.092013021180919
-0.045269432004903
0.095020747223949
-0.093519524131365

q1:
-0.025324063253119
-0.054155336147928
0.011880065011264
-1.327137432552710
q2:
0.010867015959713
0.058444463799459
-0.036328438047843
0.827649375376421
q3:
0.023577223440945
0.077096946865963
0.017941771936456
-2.927763037692977
q4:
-0.012209753061738
-0.070062033218085
0.174292559045524
1.604015716338156
q5:
0.017371879013285
0.091955269694040
0.024589804557051
-1.282478291411921
q6:
-0.022025655785906
-0.046258447429860
0.003722779124516
-0.346892012370293
q7:
-0.031558825403485
-0.136099428627781
0.035341755463385
-0.070432725924023

q1:
-0.020847427295786
-0.079153804302079
-0.031984990251095
-1.329994064354443
q2:
0.015073079798674
0.069171760982547
0.005663376868522
0.822410664438469
q3:
0.016206742533357
0.100371034576953
0.076337188687434
-2.912671893905765
q4:
-0.015651575439027
-0.082114803740458
0.124219133170118
1.653345494064692
q5:
0.007961050255437
0.109103795977154
0.090747811404096
-1.263811959284730
q6:
-0.027207768715949
-0.068000916212805
-0.033873992435999
-0.351460253533253
q7:
-0.019066142222658
-0.167252497704650
-0.064475473629809
-0.074663746964008

q1:
0.058387668270499
-0.099733193246918
-0.090847330873169
-1.349831542674075
q2:
-0.006575367852565
0.084051044040952
0.056080976045302
0.832300578141633
q3:
-0.076958533030130
0.116369404706310
0.147655114184926
-2.876108523749813
q4:
0.015659874773234
-0.097565144638126
0.065095873965547
1.684771127654482
q5:
-0.078565814959673
0.116962489872164
0.165134384509752
-1.221855058814131
q6:
0.039790136512242
-0.094858870759548
-0.087462617577853
-0.370938352602731
q7:
0.110612763988945
-0.186073503813016
-0.180736553176812
-0.114667331373669

q1:
0.117408164008855
-0.042096223568469
-0.137515962787185
-1.388442823256488
q2:
-0.036745682621963
0.077560216632206
0.109258776581088
0.859620033616705
q3:
-0.147202285452201
0.040400338529425
0.199239824935351
-2.817665155489817
q4:
0.053983051036102
-0.082106611111977
0.005975310525870
1.696185074419406
q5:
-0.145710548612640
0.039406806819116
0.216587329278168
-1.157653225793239
q6:
0.110077068738842
-0.055580321716750
-0.136964275673626
-0.408570716747370
q7:
0.208766195143375
-0.076882903932500
-0.267261733058789
-0.190344102964409

q1:
-0.003712968257678
0.073802406903128
-0.127083118651828
-1.434067108033686
q2:
-0.012704332878294
0.041286978501097
0.148365163170189
0.902659870311161
q3:
0.009701205516522
-0.104909346109818
0.178013289583898
-2.752975866110835
q4:
0.001130269157179
-0.028817627874912
-0.030524046207434
1.691184602459936
q5:
0.010630199141537
-0.104430320454217
0.195191496934428
-1.087310207670832
q6:
-0.008192553562677
0.053081470424020
-0.137786516741853
-0.455734608122860
q7:
-0.020227440455293
0.129199154416172
-0.250047195399638
-0.279172569538877

q1:
-0.056446105569256
0.070137176808763
-0.079720141344725
-1.468025027686457
q2:
-0.006456836687957
0.028745987045525
0.171409343738149
0.955496697448926
q3:
0.075353010560174
-0.095332870378509
0.112124065015596
-2.705414174479341
q4:
-0.016107509221618
-0.027701890749753
-0.049121659240598
1.678060853676672
q5:
0.075415410339845
-0.093936795301643
0.129919269797619
-1.034011105557029
q6:
-0.055107682861753
0.044994249692863
-0.105514934551011
-0.495617552706053
q7:
-0.108798343530434
0.109231781052447
-0.171592063776393
-0.348181947678330

q1:
0.023348982886595
0.014416806882541
-0.051897854330110
-1.488673825971359
q2:
-0.021189039404637
0.022372166829270
0.188229650560759
1.014780892911213
q3:
-0.035014302668841
-0.020948684239823
0.073861896329279
-2.676157347195103
q4:
0.030926402417845
-0.043602303424236
-0.072584134561658
1.658324281975420
q5:
-0.034679335557662
-0.019491011666168
0.092596119981068
-0.998745429097940
q6:
0.073592565850517
-0.009404905817810
-0.093804345685458
-0.527428666065124
q7:
0.053508688189584
0.001832273367405
-0.135046701107765
-0.396693259501506

q1:
0.045224766967177
0.037465588560594
-0.034826075639060
-1.503357901544269
q2:
0.035891611959531
0.001455557931264
0.196070106660535
1.078384801318041
q3:
-0.062400320829402
-0.055512803017208
0.048702425998513
-2.655368874996028
q4:
-0.008900217358586
-0.013073526180335
-0.091233181350590
1.630821529426366
q5:
-0.057308762057803
-0.053724470052375
0.068504740044157
-0.971622745806500
q6:
0.093337531610612
0.063241469900343
-0.076089552456396
-0.556691189530929
q7:
0.077226607499036
0.054652992708837
-0.116460358794107
-0.439025329560564

q1:
-0.019370402591506
0.082108894238193
0.004519623224732
-1.509149640377737
q2:
0.028790168390331
0.036885706308458
0.208686208369892
1.144337501376418
q3:
0.032246571005135
-0.117110834007374
-0.008098970755766
-2.647577079412376
q4:
-0.038980089322326
-0.021859312172882
-0.102727748637291
1.599068881254229
q5:
0.034702097158304
-0.110296405169434
0.014534061578315
-0.956940023234514
q6:
-0.046130963509682
0.155378947533104
-0.004153024624724
-0.571555660648269
q7:
-0.045532938327041
0.130886686682886
-0.055408969051402
-0.468677592801013

q1:
-0.105533965176628
0.062987539680006
0.052263259337815
-1.499462451936492
q2:
-0.234337607912102
0.065305715390914
0.242312052367161
1.218024603194630
q3:
0.147965031272639
-0.085278861772306
-0.074694818271841
-2.661773049318220
q4:
0.142817513186379
-0.060338228918207
-0.129774653824883
1.561511067308949
q5:
0.119519845191038
-0.076040477831736
-0.046779646113975
-0.962863351186147
q6:
-0.184649470483125
0.109841096411405
0.083116999358921
-0.557742458459992
q7:
-0.110296908970794
0.085939171848621
0.015937063446346
-0.474360565678560

q1:
-0.099530438530460
-0.041189560230063
0.059435832575867
-1.479205375493938
q2:
-0.307607944667200
-0.166018980419458
0.209172592303007
1.296478921060195
q3:
0.131622936463219
0.060783761955397
-0.082754872544929
-2.690313029162239
q4:
0.215575487594884
0.080643059098631
-0.123093397798848
1.517364189927349
q5:
0.093582426717300
0.041942683635415
-0.057999444109050
-0.982231058343683
q6:
-0.147027213537596
-0.072434309451221
0.095425613544391
-0.525078716970246
q7:
-0.066407999024027
-0.022939634006832
0.036666911374286
-0.463741198910408

coefs_qdot:
qdot1:
0.298616822447156
-0.278913193519465
0.000000000000000
qdot2:
0.922786550769044
-0.939301928240114
0.000000000000000
qdot3:
-0.394905587469902
0.381484249122675
-0.000000000000000
qdot4:
-0.646777210724179
0.586927495196763
-0.000000000000000
qdot5:
-0.280768622309924
0.268673417567319
-0.000000000000000
qdot6:
0.441064119226360
-0.435135287738840
0.000000000000000
qdot7:
0.199179520271819
-0.176958370792398
-0.000000000000000

qdot1:
0.316622013648534
-0.082394884651862
-0.059443781432473
qdot2:
0.702962667171263
-0.332020493400681
-0.209162807941377
qdot3:
-0.443943977536323
0.121598762511532
0.082769133580770
qdot4:
-0.428476271788806
0.161286492710663
0.123099015629530
qdot5:
-0.358593897561086
0.083900924218599
0.058006873850968
qdot6:
0.553942182073127
-0.144873091181304
-0.095425188055671
qdot7:
0.330878288116387
-0.045879276975421
-0.036662098716086

qdot1:
0.058081886279145
0.125972554806362
-0.052274217128482
qdot2:
-0.086381246077071
0.130595890423451
-0.242301950955012
qdot3:
-0.096717316393574
-0.170558655086179
0.074714065540513
qdot4:
0.116955471349876
-0.120691701390349
0.129777825344372
qdot5:
-0.104150926927912
-0.152088012176362
0.046788474379822
qdot6:
0.138379757496450
0.219673621021103
-0.083118719932028
qdot7:
0.136636459174340
0.171870148823076
-0.015933600514484

qdot1:
-0.135692072890299
0.164195967586256
-0.004534586420554
qdot2:
-0.107658448895119
0.073748803719398
-0.208682383418652
qdot3:
0.187236894271084
-0.234207860446140
0.008120336437458
qdot4:
0.026711729183527
-0.043723862625812
0.102727550407428
qdot5:
0.171921759523272
-0.220629241230826
-0.014532388025979
qdot6:
-0.280015996910065
0.310740680478290
0.004147061576562
qdot7:
-0.231676087581697
0.261789951955903
0.055413811304153

qdot1:
-0.069942134695111
0.074897660569879
0.034802008116562
qdot2:
0.063549020970163
0.002899291160801
-0.196071946856220
qdot3:
0.104912773448546
-0.110988151930599
-0.048672626551191
qdot4:
-0.092779887956489
-0.026145000848844
0.091232458821478
qdot5:
0.104210386653337
-0.107488349963607
-0.068515544101063
qdot6:
-0.220697821442400
0.126463486321286
0.076077556638111
qdot7:
-0.160640121851308
0.109325021937855
0.116471060580482

qdot1:
0.169601619306244
0.028869074784811
0.051874106718964
qdot2:
0.019293649079411
0.044720599246880
-0.188237341077242
qdot3:
-0.226433374089541
-0.041945555308747
-0.073833862670807
qdot4:
0.048320036044393
-0.087203003304019
0.072584013376329
qdot5:
-0.225848525944389
-0.038907990746983
-0.092601227775114
qdot6:
0.165517942522216
-0.018776699027949
0.093794597118991
qdot7:
0.326158761193008
0.003608522700470
0.135051317567407

qdot1:
0.011243950183325
0.140483092823491
0.079736570484997
qdot2:
0.038123972735804
0.057417657831521
-0.171433165924581
qdot3:
-0.029244838436947
-0.190960280542911
-0.112152418045449
qdot4:
-0.003391213319025
-0.055403817678614
0.049121795924186
qdot5:
-0.031801447200826
-0.187537830201813
-0.129856956888356
qdot6:
0.024643038616802
0.090149870765242
0.105537183231008
qdot7:
0.060649422136959
0.218252050304630
0.171552664221341

qdot1:
-0.352637960887880
0.147882682896517
0.127179606442740
qdot2:
0.110405883451989
0.082506862746226
-0.148412250753338
qdot3:
0.442201717100545
-0.210206169457130
-0.178153850652598
qdot4:
-0.161948995314706
-0.057635559015229
0.030524127044319
qdot5:
0.436424366456273
-0.208466211169213
-0.195009050361541
qdot6:
-0.330559754390814
0.106367337131157
0.137868942911105
qdot7:
-0.625857153409961
0.258165146206190
0.249934636313953

qdot1:
-0.175497203878831
-0.084186679935410
0.137659115501341
qdot2:
0.019793925601179
0.155164448903677
-0.109309661146176
qdot3:
0.231331365700898
0.080804674844274
-0.199443477504380
qdot4:
-0.046979392718951
-0.164213421646145
-0.005975312393064
qdot5:
0.235241334724538
0.078742586184389
-0.216351675329282
qdot6:
-0.119614966018749
-0.111172463139368
0.137078385274992
qdot7:
-0.331571657236796
-0.153708466180743
0.267120247241950

qdot1:
0.062618178718771
-0.199680554107097
0.090956196757681
qdot2:
-0.045289690739678
0.168190737085024
-0.056110034118035
qdot3:
-0.048739464247224
0.233042745034102
-0.147808104376771
qdot4:
0.046954900261433
-0.195130336283092
-0.065095916376184
qdot5:
-0.023683172942097
0.233553788369775
-0.164971486087157
qdot6:
0.081696289294511
-0.189890502681230
0.087546359231652
qdot7:
0.057060078777636
-0.371914194895624
0.180642804669624

qdot1:
0.076123033642826
-0.158471828874078
0.032031602319589
qdot2:
-0.032655622789647
0.138385807274436
-0.005670893129372
qdot3:
-0.070933506604220
0.200967535705691
-0.076403079616962
qdot4:
0.036629501351334
-0.164229540015807
-0.124219172214883
qdot5:
-0.051874262095820
0.217968005033595
-0.090685400553413
qdot6:
0.066194807937595
-0.136126563726462
0.033908789496482
qdot7:
0.094517751237265
-0.334363228766723
0.064443352348034

qdot1:
0.116087898991425
-0.108375622924370
-0.011871157012013
qdot2:
-0.045060397603494
0.116895297419535
0.036328926714326
qdot3:
-0.163000188544617
0.154286532788058
-0.017955326919539
qdot4:
0.089792051155948
-0.140123839602691
-0.174292549671164
qdot5:
-0.180061725630406
0.183829800168632
-0.024580094983237
qdot6:
0.117297145413026
-0.092564075836102
-0.003716265726788
qdot7:
0.275961393580955
-0.272161546762009
-0.035344414292525

qdot1:
0.007096492202767
-0.031978729397633
-0.034962789739276
qdot2:
-0.025237849951452
0.087241264329998
0.069914251516452
qdot3:
-0.015280952115632
0.047016884898220
0.015163878228370
qdot4:
0.057582637532356
-0.081032118318158
-0.210677970367189
qdot5:
-0.049991186248387
0.065332035968051
0.016412959485917
qdot6:
0.030567137701861
-0.015371382997626
-0.021474218596813
qdot7:
0.057285335161591
-0.090552667748258
-0.095019538632190

qdot1:
-0.138772884249231
-0.027308561671812
-0.044716960722368
qdot2:
0.106390554260308
0.070632355457186
0.095888220867152
qdot3:
0.338845153366702
0.036960563077361
0.028980167883400
qdot4:
-0.225986424969900
-0.043137258761151
-0.231106789310475
qdot5:
0.275462551487110
0.032433074351256
0.032497647874164
qdot6:
-0.298799158810620
0.004744704766170
-0.023222560182036
qdot7:
-0.548141594097372
-0.052853461465726
-0.118613261319538

qdot1:
-0.016284592818502
-0.118634335972972
-0.068728042215831
qdot2:
0.230446193087779
0.140647472594207
0.130648783053703
qdot3:
0.372930913168871
0.259952944959637
0.077829509324724
qdot4:
-0.529308070187730
-0.191857848908008
-0.269769079643663
qdot5:
0.312025973515624
0.213713667758486
0.072994647587933
qdot6:
-0.513509892698241
-0.191893598793961
-0.054013009175655
qdot7:
-0.699199847457664
-0.413582834343137
-0.195353137606186

qdot1:
0.351761629022913
-0.129351148961148
-0.109527558903801
qdot2:
-0.050581580270544
0.292303014902449
0.201879446591843
qdot3:
-0.385909670756782
0.505377003054578
0.203744507914681
qdot4:
-0.008263279117977
-0.540192969383930
-0.390208869034074
qdot5:
-0.331181222835852
0.419056475091148
0.177100402042480
qdot6:
0.120703461920719
-0.529832013893468
-0.172754056405896
qdot7:
0.530667007059230
-0.873722924431939
-0.407145585061799

qdot1:
0.240454777630239
0.102141504043453
-0.114004193341450
qdot2:
-0.667446589605028
0.259015517791073
0.292584471851657
qdot3:
-0.939396766421590
0.251411686394640
0.328254266107397
qdot4:
1.293356067449175
-0.545630994022523
-0.568852763965944
qdot5:
-0.784298536888818
0.201107689396317
0.279132172914107
qdot6:
1.042514043284601
-0.450397640381833
-0.334025173335474
qdot7:
1.718123473330134
-0.524493494072010
-0.637185476772804

qdot1:
-0.240366594480675
0.260383648179162
-0.054360174249587
qdot2:
-0.600941716339327
-0.180227904510900
0.305546910131800
qdot3:
-0.349813458291287
-0.366800852269469
0.309270000959895
qdot4:
1.276737968740147
0.305520475127357
-0.608356661241315
qdot5:
-0.283843505444544
-0.315035442975273
0.260388344884808
qdot6:
0.736176270673959
0.235675887151171
-0.369352014164613
qdot7:
0.894843099351670
0.606195382186194
-0.623743570894971

qdot1:
-0.215853119229846
0.102199536954262
0.005293392637840
qdot2:
0.347851917456902
-0.575704786406588
0.181177984078471
qdot3:
0.509467870961332
-0.597011423392591
0.150699933702162
qdot4:
-0.655310790196159
1.145735652650629
-0.369590474504510
qdot5:
0.431219661723105
-0.501831502272586
0.125994283178554
qdot6:
-0.487534155800799
0.720149985280411
-0.212095900390752
qdot7:
-0.916580555919903
1.195087364711908
-0.327389671345785

qdot1:
0.018029427829003
-0.039852372938902
0.015550985574653
qdot2:
0.550097505687880
-0.346785095965906
0.029406434383379
qdot3:
0.462043097391941
-0.261733043550422
0.009416022593206
qdot4:
-1.122418031114927
0.714478742150114
-0.063540915740867
qdot5:
0.386053271453029
-0.218047896319574
0.007556982124464
qdot6:
-0.654477725002731
0.399306078939127
-0.027918724110824
qdot7:
-1.000508075789780
0.591890065530339
-0.033389336989265

qdot1:
0.044552076796125
-0.027987292339053
0.004389745406304
qdot2:
0.185901222675469
0.015231453015355
-0.025142034016343
qdot3:
0.117652226723722
0.042335318637987
-0.026680126910244
qdot4:
-0.388591281520616
-0.024179219278849
0.050029791474381
qdot5:
0.097491566255461
0.036011923274752
-0.022392269631244
qdot6:
-0.205713760723586
-0.031402595324573
0.032610158550522
qdot7:
-0.287727943151172
-0.066539534822742
0.053043333658103

qdot1:
-0.044574086806800
0.001332217247730
0.000004350909136
qdot2:
-0.185878159483115
0.137572162414163
-0.000002201096868
qdot3:
-0.117555189329321
0.119761688796170
-0.000011309734768
qdot4:
0.388586490789672
-0.279909291212890
-0.000000008704140
qdot5:
-0.097607350538434
0.100170658781916
0.000013007559508
qdot6:
0.205685725151268
-0.166781841667427
0.000004099988267
qdot7:
0.287758363093549
-0.255891924077463
-0.000004318270478

qdot1:
-0.018182402950960
-0.028001777022269
-0.004383426663294
qdot2:
-0.550040487724703
0.015246630792419
0.025140128928310
qdot3:
-0.461713614898452
0.042399178485160
0.026668013906042
qdot4:
1.122424256470149
-0.024182372036070
-0.050030327586290
qdot5:
-0.386424292818623
0.035935726189481
0.022405748515516
qdot6:
0.654344722103169
-0.031421045401213
-0.032604994050883
qdot7:
1.000644681529476
-0.066519515603520
-0.053048676560848

qdot1:
0.215814262274226
-0.039967529821425
-0.015565995955911
qdot2:
-0.347876939307091
-0.346732394938789
-0.029397171791961
qdot3:
-0.509516527346314
-0.261452352843248
-0.009371448827634
qdot4:
0.655321221903982
0.714479686269520
0.063540016255451
qdot5:
-0.431145439857831
-0.218368260798774
-0.007608747059489
qdot6:
0.487520523605017
0.399200100287632
0.027903417122097
qdot7:
0.916585086354526
0.591999984336351
0.033405371985434

qdot1:
0.240741509513525
0.102058808494279
-0.005350502250449
qdot2:
0.600777580645559
-0.575668552139931
-0.181154089513721
qdot3:
0.348934984857485
-0.596762753220677
-0.150568267468151
qdot4:
-1.276752734843612
1.145743461827280
0.369591015144708
qdot5:
0.284848838936320
-0.502103021695688
-0.126143427107982
qdot6:
-0.735840805078074
0.720035035345789
0.212044245389404
qdot7:
-0.895197879309007
1.195200264975374
0.327442365384099

qdot1:
-0.240250053762290
0.260489649516988
0.054297351198547
qdot2:
0.667428208170819
-0.180299687162715
-0.305528864122798
qdot3:
0.939147206074488
-0.367130301281135
-0.309151624768328
qdot4:
-1.293360896707544
0.305518566801638
0.608358172711987
qdot5:
0.784549382991711
-0.314645357214740
-0.260517981828720
qdot6:
-1.042355314648925
0.235781705527748
0.369298856804548
qdot7:
-1.718259607305152
0.606074803449168
0.623795001641562

qdot1:
-0.352053861330058
0.102382233183900
0.113998415709574
qdot2:
0.050723355558547
0.258931638404936
-0.292592035954137
qdot3:
0.386623118109527
0.250918002906930
-0.328271314810370
qdot4:
0.008270059905317
-0.545636080460181
0.568853124631498
qdot5:
0.330353649957863
0.201662855782660
-0.279106293373855
qdot6:
-0.120972369750882
-0.450187363445970
0.334024021180384
qdot7:
-0.530379049257773
-0.524703661929741
0.637182491829639

qdot1:
0.016086298826863
-0.129302736510450
0.109569351947991
qdot2:
-0.230400924054446
0.292312437158227
-0.201899260665056
qdot3:
-0.372588375079139
0.505352835872340
-0.203846755382639
qdot4:
0.529311505435420
-0.540193593417729
0.390208290191110
qdot5:
-0.312394933843624
0.419067019707309
-0.176981449573006
qdot6:
0.513344609534099
-0.529798703920121
0.172792980097059
qdot7:
0.699350951628888
-0.873743588631758
0.407104622749166

qdot1:
0.138798804412538
-0.118716419853915
0.068764295508045
qdot2:
-0.106423570605816
0.140686686185254
-0.130660595372117
qdot3:
-0.338970085741928
0.260154200463117
-0.077902621547449
qdot4:
0.225985050708511
-0.191856212221659
0.269768667406154
qdot5:
-0.275308253473709
0.213481401339743
-0.072912173634075
qdot6:
0.298830150462140
-0.191969060883873
0.054044997840022
qdot7:
0.548102142740883
-0.413504057607416
0.195321736189340

qdot1:
-0.007012136399479
-0.027373587616711
0.044729010945616
qdot2:
0.025216561745745
0.070649841148475
-0.095890704803639
qdot3:
0.015111697614471
0.037079601179621
-0.029000584181941
qdot4:
-0.057583987184718
-0.043136526469678
0.231106766826223
qdot5:
0.050167565795404
0.032302350720380
-0.032474894426088
qdot6:
-0.030495943440358
0.004689638134544
0.023233073763882
qdot7:
-0.057344612672154
-0.052800647479846
0.118603509709508

qdot1:
-0.115974750594882
-0.031988241190082
0.034962576730022
qdot2:
0.045045436478519
0.087244740354484
-0.069913286751605
qdot3:
0.162847791792072
0.047024537419239
-0.015163450902938
qdot4:
-0.089792158929345
-0.081032274226478
0.210678042711688
qdot5:
0.180206671688078
0.065317386877165
-0.016414123311826
qdot6:
-0.117212970660914
-0.015379597024777
0.021474321003608
qdot7:
-0.276039063542757
-0.090538864009806
0.095020747223949

qdot1:
-0.075972189759357
-0.108310672295857
0.011880065011264
qdot2:
0.032601047879138
0.116888927598919
-0.036328438047843
qdot3:
0.070731670322836
0.154193893731926
0.017941771936456
qdot4:
-0.036629259185213
-0.140124066436171
0.174292559045524
qdot5:
0.052115637039854
0.183910539388080
0.024589804557051
qdot6:
-0.066076967357719
-0.092516894859721
0.003722779124516
qdot7:
-0.094676476210455
-0.272198857255563
0.035341755463385

qdot1:
-0.062542281887357
-0.158307608604157
-0.031984990251095
qdot2:
0.045219239396022
0.138343521965094
0.005663376868522
qdot3:
0.048620227600072
0.200742069153906
0.076337188687434
qdot4:
-0.046954726317082
-0.164229607480916
0.124219133170118
qdot5:
0.023883150766312
0.218207591954308
0.090747811404096
qdot6:
-0.081623306147847
-0.136001832425609
-0.033873992435999
qdot7:
-0.057198426667973
-0.334504995409300
-0.064475473629809

qdot1:
0.175163004811497
-0.199466386493837
-0.090847330873169
qdot2:
-0.019726103557695
0.168102088081905
0.056080976045302
qdot3:
-0.230875599090391
0.232738809412620
0.147655114184926
qdot4:
0.046979624319701
-0.195130289276252
0.065095873965547
qdot5:
-0.235697444879019
0.233924979744328
0.165134384509752
qdot6:
0.119370409536726
-0.189717741519097
-0.087462617577853
qdot7:
0.331838291966836
-0.372147007626032
-0.180736553176812

qdot1:
0.352224492026564
-0.084192447136938
-0.137515962787185
qdot2:
-0.110237047865889
0.155120433264412
0.109258776581088
qdot3:
-0.441606856356603
0.080800677058849
0.199239824935351
qdot4:
0.161949153108305
-0.164213222223954
0.005975310525870
qdot5:
-0.437131645837919
0.078813613638232
0.216587329278168
qdot6:
0.330231206216526
-0.111160643433500
-0.136964275673626
qdot7:
0.626298585430124
-0.153765807865001
-0.267261733058789

qdot1:
-0.011138904773033
0.147604813806256
-0.127083118651828
qdot2:
-0.038112998634881
0.082573957002194
0.148365163170189
qdot3:
0.029103616549565
-0.209818692219636
0.178013289583898
qdot4:
0.003390807471538
-0.057635255749823
-0.030524046207434
qdot5:
0.031890597424611
-0.208860640908434
0.195191496934428
qdot6:
-0.024577660688031
0.106162940848040
-0.137786516741853
qdot7:
-0.060682321365879
0.258398308832344
-0.250047195399638

qdot1:
-0.169338316707768
0.140274353617526
-0.079720141344725
qdot2:
-0.019370510063870
0.057491974091049
0.171409343738149
qdot3:
0.226059031680522
-0.190665740757018
0.112124065015596
qdot4:
-0.048322527664853
-0.055403781499506
-0.049121659240598
qdot5:
0.226246231019535
-0.187873590603286
0.129919269797619
qdot6:
-0.165323048585260
0.089988499385727
-0.105514934551011
qdot7:
-0.326395030591302
0.218463562104894
-0.171592063776393

qdot1:
0.070046948659786
0.028833613765082
-0.051897854330110
qdot2:
-0.063567118213912
0.044744333658541
0.188229650560759
qdot3:
-0.105042908006524
-0.041897368479647
0.073861896329279
qdot4:
0.092779207253534
-0.087204606848471
-0.072584134561658
qdot5:
-0.104038006672987
-0.038982023332336
0.092596119981068
qdot6:
0.220777697551551
-0.018809811635619
-0.093804345685458
qdot7:
0.160526064568753
0.003664546734810
-0.135046701107765

qdot1:
0.135674300901531
0.074931177121189
-0.034826075639060
qdot2:
0.107674835878593
0.002911115862528
0.196070106660535
qdot3:
-0.187200962488205
-0.111025606034416
0.048702425998513
qdot4:
-0.026700652075759
-0.026147052360670
-0.091233181350590
qdot5:
-0.171926286173408
-0.107448940104749
0.068504740044157
qdot6:
0.280012594831837
0.126482939800686
-0.076089552456396
qdot7:
0.231679822497109
0.109305985417674
-0.116460358794107

qdot1:
-0.058111207774519
0.164217788476386
0.004519623224732
qdot2:
0.086370505170994
0.073771412616917
0.208686208369892
qdot3:
0.096739713015404
-0.234221668014749
-0.008098970755766
qdot4:
-0.116940267966977
-0.043718624345765
-0.102727748637291
qdot5:
0.104106291474913
-0.220592810338868
0.014534061578315
qdot6:
-0.138392890529045
0.310757895066209
-0.004153024624724
qdot7:
-0.136598814981123
0.261773373365771
-0.055408969051402

qdot1:
-0.316601895529883
0.125975079360012
0.052263259337815
qdot2:
-0.703012823736306
0.130611430781828
0.242312052367161
qdot3:
0.443895093817918
-0.170557723544611
-0.074694818271841
qdot4:
0.428452539559137
-0.120676457836413
-0.129774653824883
qdot5:
0.358559535573114
-0.152080955663473
-0.046779646113975
qdot6:
-0.553948411449376
0.219682192822809
0.083116999358921
qdot7:
-0.330890726912381
0.171878343697242
0.015937063446346

qdot1:
-0.298591315591379
-0.082379120460127
0.059435832575867
qdot2:
-0.922823834001601
-0.332037960838915
0.209172592303007
qdot3:
0.394868809389658
0.121567523910795
-0.082754872544929
qdot4:
0.646726462784651
0.161286118197262
-0.123093397798848
qdot5:
0.280747280151899
0.083885367270830
-0.057999444109050
qdot6:
-0.441081640612788
-0.144868618902441
0.095425613544391
qdot7:
-0.199223997072081
-0.045879268013665
0.036666911374286

coefs_qdotdot:
qdotdot1:
0.597233644894312
-0.278913193519465
qdotdot2:
1.845573101538089
-0.939301928240114
qdotdot3:
-0.789811174939803
0.381484249122675
qdotdot4:
-1.293554421448359
0.586927495196763
qdotdot5:
-0.561537244619849
0.268673417567319
qdotdot6:
0.882128238452720
-0.435135287738840
qdotdot7:
0.398359040543637
-0.176958370792398

qdotdot1:
0.633244027297067
-0.082394884651862
qdotdot2:
1.405925334342525
-0.332020493400681
qdotdot3:
-0.887887955072646
0.121598762511532
qdotdot4:
-0.856952543577612
0.161286492710663
qdotdot5:
-0.717187795122172
0.083900924218599
qdotdot6:
1.107884364146253
-0.144873091181304
qdotdot7:
0.661756576232774
-0.045879276975421

qdotdot1:
0.116163772558291
0.125972554806362
qdotdot2:
-0.172762492154142
0.130595890423451
qdotdot3:
-0.193434632787148
-0.170558655086179
qdotdot4:
0.233910942699752
-0.120691701390349
qdotdot5:
-0.208301853855824
-0.152088012176362
qdotdot6:
0.276759514992900
0.219673621021103
qdotdot7:
0.273272918348680
0.171870148823076

qdotdot1:
-0.271384145780599
0.164195967586256
qdotdot2:
-0.215316897790239
0.073748803719398
qdotdot3:
0.374473788542168
-0.234207860446140
qdotdot4:
0.053423458367053
-0.043723862625812
qdotdot5:
0.343843519046544
-0.220629241230826
qdotdot6:
-0.560031993820130
0.310740680478290
qdotdot7:
-0.463352175163393
0.261789951955903

qdotdot1:
-0.139884269390222
0.074897660569879
qdotdot2:
0.127098041940327
0.002899291160801
qdotdot3:
0.209825546897093
-0.110988151930599
qdotdot4:
-0.185559775912978
-0.026145000848844
qdotdot5:
0.208420773306674
-0.107488349963607
qdotdot6:
-0.441395642884800
0.126463486321286
qdotdot7:
-0.321280243702617
0.109325021937855

qdotdot1:
0.339203238612488
0.028869074784811
qdotdot2:
0.038587298158822
0.044720599246880
qdotdot3:
-0.452866748179082
-0.041945555308747
qdotdot4:
0.096640072088786
-0.087203003304019
qdotdot5:
-0.451697051888778
-0.038907990746983
qdotdot6:
0.331035885044433
-0.018776699027949
qdotdot7:
0.652317522386016
0.003608522700470

qdotdot1:
0.022487900366650
0.140483092823491
qdotdot2:
0.076247945471608
0.057417657831521
qdotdot3:
-0.058489676873894
-0.190960280542911
qdotdot4:
-0.006782426638051
-0.055403817678614
qdotdot5:
-0.063602894401651
-0.187537830201813
qdotdot6:
0.049286077233604
0.090149870765242
qdotdot7:
0.121298844273919
0.218252050304630

qdotdot1:
-0.705275921775760
0.147882682896517
qdotdot2:
0.220811766903977
0.082506862746226
qdotdot3:
0.884403434201089
-0.210206169457130
qdotdot4:
-0.323897990629412
-0.057635559015229
qdotdot5:
0.872848732912546
-0.208466211169213
qdotdot6:
-0.661119508781627
0.106367337131157
qdotdot7:
-1.251714306819921
0.258165146206190

qdotdot1:
-0.350994407757662
-0.084186679935410
qdotdot2:
0.039587851202358
0.155164448903677
qdotdot3:
0.462662731401796
0.080804674844274
qdotdot4:
-0.093958785437902
-0.164213421646145
qdotdot5:
0.470482669449075
0.078742586184389
qdotdot6:
-0.239229932037498
-0.111172463139368
qdotdot7:
-0.663143314473592
-0.153708466180743

qdotdot1:
0.125236357437543
-0.199680554107097
qdotdot2:
-0.090579381479356
0.168190737085024
qdotdot3:
-0.097478928494447
0.233042745034102
qdotdot4:
0.093909800522865
-0.195130336283092
qdotdot5:
-0.047366345884193
0.233553788369775
qdotdot6:
0.163392578589021
-0.189890502681230
qdotdot7:
0.114120157555271
-0.371914194895624

qdotdot1:
0.152246067285653
-0.158471828874078
qdotdot2:
-0.065311245579294
0.138385807274436
qdotdot3:
-0.141867013208440
0.200967535705691
qdotdot4:
0.073259002702668
-0.164229540015807
qdotdot5:
-0.103748524191640
0.217968005033595
qdotdot6:
0.132389615875189
-0.136126563726462
qdotdot7:
0.189035502474530
-0.334363228766723

qdotdot1:
0.232175797982851
-0.108375622924370
qdotdot2:
-0.090120795206988
0.116895297419535
qdotdot3:
-0.326000377089234
0.154286532788058
qdotdot4:
0.179584102311895
-0.140123839602691
qdotdot5:
-0.360123451260812
0.183829800168632
qdotdot6:
0.234594290826052
-0.092564075836102
qdotdot7:
0.551922787161909
-0.272161546762009

qdotdot1:
0.014192984405534
-0.031978729397633
qdotdot2:
-0.050475699902903
0.087241264329998
qdotdot3:
-0.030561904231264
0.047016884898220
qdotdot4:
0.115165275064713
-0.081032118318158
qdotdot5:
-0.099982372496773
0.065332035968051
qdotdot6:
0.061134275403721
-0.015371382997626
qdotdot7:
0.114570670323182
-0.090552667748258

qdotdot1:
-0.277545768498461
-0.027308561671812
qdotdot2:
0.212781108520616
0.070632355457186
qdotdot3:
0.677690306733404
0.036960563077361
qdotdot4:
-0.451972849939800
-0.043137258761151
qdotdot5:
0.550925102974221
0.032433074351256
qdotdot6:
-0.597598317621240
0.004744704766170
qdotdot7:
-1.096283188194744
-0.052853461465726

qdotdot1:
-0.032569185637003
-0.118634335972972
qdotdot2:
0.460892386175558
0.140647472594207
qdotdot3:
0.745861826337742
0.259952944959637
qdotdot4:
-1.058616140375459
-0.191857848908008
qdotdot5:
0.624051947031248
0.213713667758486
qdotdot6:
-1.027019785396483
-0.191893598793961
qdotdot7:
-1.398399694915329
-0.413582834343137

qdotdot1:
0.703523258045825
-0.129351148961148
qdotdot2:
-0.101163160541087
0.292303014902449
qdotdot3:
-0.771819341513564
0.505377003054578
qdotdot4:
-0.016526558235954
-0.540192969383930
qdotdot5:
-0.662362445671704
0.419056475091148
qdotdot6:
0.241406923841438
-0.529832013893468
qdotdot7:
1.061334014118460
-0.873722924431939

qdotdot1:
0.480909555260479
0.102141504043453
qdotdot2:
-1.334893179210056
0.259015517791073
qdotdot3:
-1.878793532843180
0.251411686394640
qdotdot4:
2.586712134898350
-0.545630994022523
qdotdot5:
-1.568597073777636
0.201107689396317
qdotdot6:
2.085028086569203
-0.450397640381833
qdotdot7:
3.436246946660268
-0.524493494072010

qdotdot1:
-0.480733188961350
0.260383648179162
qdotdot2:
-1.201883432678655
-0.180227904510900
qdotdot3:
-0.699626916582574
-0.366800852269469
qdotdot4:
2.553475937480295
0.305520475127357
qdotdot5:
-0.567687010889088
-0.315035442975273
qdotdot6:
1.472352541347918
0.235675887151171
qdotdot7:
1.789686198703340
0.606195382186194

qdotdot1:
-0.431706238459692
0.102199536954262
qdotdot2:
0.695703834913803
-0.575704786406588
qdotdot3:
1.018935741922665
-0.597011423392591
qdotdot4:
-1.310621580392317
1.145735652650629
qdotdot5:
0.862439323446210
-0.501831502272586
qdotdot6:
-0.975068311601598
0.720149985280411
qdotdot7:
-1.833161111839807
1.195087364711908

qdotdot1:
0.036058855658007
-0.039852372938902
qdotdot2:
1.100195011375761
-0.346785095965906
qdotdot3:
0.924086194783881
-0.261733043550422
qdotdot4:
-2.244836062229853
0.714478742150114
qdotdot5:
0.772106542906059
-0.218047896319574
qdotdot6:
-1.308955450005461
0.399306078939127
qdotdot7:
-2.001016151579560
0.591890065530339

qdotdot1:
0.089104153592250
-0.027987292339053
qdotdot2:
0.371802445350938
0.015231453015355
qdotdot3:
0.235304453447445
0.042335318637987
qdotdot4:
-0.777182563041232
-0.024179219278849
qdotdot5:
0.194983132510921
0.036011923274752
qdotdot6:
-0.411427521447172
-0.031402595324573
qdotdot7:
-0.575455886302344
-0.066539534822742

qdotdot1:
-0.089148173613601
0.001332217247730
qdotdot2:
-0.371756318966230
0.137572162414163
qdotdot3:
-0.235110378658641
0.119761688796170
qdotdot4:
0.777172981579344
-0.279909291212890
qdotdot5:
-0.195214701076868
0.100170658781916
qdotdot6:
0.411371450302535
-0.166781841667427
qdotdot7:
0.575516726187098
-0.255891924077463

qdotdot1:
-0.036364805901920
-0.028001777022269
qdotdot2:
-1.100080975449406
0.015246630792419
qdotdot3:
-0.923427229796904
0.042399178485160
qdotdot4:
2.244848512940297
-0.024182372036070
qdotdot5:
-0.772848585637247
0.035935726189481
qdotdot6:
1.308689444206338
-0.031421045401213
qdotdot7:
2.001289363058952
-0.066519515603520

qdotdot1:
0.431628524548451
-0.039967529821425
qdotdot2:
-0.695753878614182
-0.346732394938789
qdotdot3:
-1.019033054692627
-0.261452352843248
qdotdot4:
1.310642443807964
0.714479686269520
qdotdot5:
-0.862290879715662
-0.218368260798774
qdotdot6:
0.975041047210034
0.399200100287632
qdotdot7:
1.833170172709052
0.591999984336351

qdotdot1:
0.481483019027050
0.102058808494279
qdotdot2:
1.201555161291117
-0.575668552139931
qdotdot3:
0.697869969714970
-0.596762753220677
qdotdot4:
-2.553505469687223
1.145743461827280
qdotdot5:
0.569697677872640
-0.502103021695688
qdotdot6:
-1.471681610156148
0.720035035345789
qdotdot7:
-1.790395758618013
1.195200264975374

qdotdot1:
-0.480500107524580
0.260489649516988
qdotdot2:
1.334856416341637
-0.180299687162715
qdotdot3:
1.878294412148975
-0.367130301281135
qdotdot4:
-2.586721793415088
0.305518566801638
qdotdot5:
1.569098765983422
-0.314645357214740
qdotdot6:
-2.084710629297850
0.235781705527748
qdotdot7:
-3.436519214610303
0.606074803449168

qdotdot1:
-0.704107722660117
0.102382233183900
qdotdot2:
0.101446711117095
0.258931638404936
qdotdot3:
0.773246236219054
0.250918002906930
qdotdot4:
0.016540119810634
-0.545636080460181
qdotdot5:
0.660707299915727
0.201662855782660
qdotdot6:
-0.241944739501763
-0.450187363445970
qdotdot7:
-1.060758098515545
-0.524703661929741

qdotdot1:
0.032172597653727
-0.129302736510450
qdotdot2:
-0.460801848108892
0.292312437158227
qdotdot3:
-0.745176750158279
0.505352835872340
qdotdot4:
1.058623010870839
-0.540193593417729
qdotdot5:
-0.624789867687249
0.419067019707309
qdotdot6:
1.026689219068197
-0.529798703920121
qdotdot7:
1.398701903257775
-0.873743588631758

qdotdot1:
0.277597608825076
-0.118716419853915
qdotdot2:
-0.212847141211633
0.140686686185254
qdotdot3:
-0.677940171483855
0.260154200463117
qdotdot4:
0.451970101417021
-0.191856212221659
qdotdot5:
-0.550616506947417
0.213481401339743
qdotdot6:
0.597660300924280
-0.191969060883873
qdotdot7:
1.096204285481766
-0.413504057607416

qdotdot1:
-0.014024272798957
-0.027373587616711
qdotdot2:
0.050433123491491
0.070649841148475
qdotdot3:
0.030223395228942
0.037079601179621
qdotdot4:
-0.115167974369436
-0.043136526469678
qdotdot5:
0.100335131590809
0.032302350720380
qdotdot6:
-0.060991886880715
0.004689638134544
qdotdot7:
-0.114689225344308
-0.052800647479846

qdotdot1:
-0.231949501189764
-0.031988241190082
qdotdot2:
0.090090872957038
0.087244740354484
qdotdot3:
0.325695583584144
0.047024537419239
qdotdot4:
-0.179584317858690
-0.081032274226478
qdotdot5:
0.360413343376157
0.065317386877165
qdotdot6:
-0.234425941321827
-0.015379597024777
qdotdot7:
-0.552078127085514
-0.090538864009806

qdotdot1:
-0.151944379518715
-0.108310672295857
qdotdot2:
0.065202095758277
0.116888927598919
qdotdot3:
0.141463340645672
0.154193893731926
qdotdot4:
-0.073258518370427
-0.140124066436171
qdotdot5:
0.104231274079709
0.183910539388080
qdotdot6:
-0.132153934715438
-0.092516894859721
qdotdot7:
-0.189352952420910
-0.272198857255563

qdotdot1:
-0.125084563774714
-0.158307608604157
qdotdot2:
0.090438478792043
0.138343521965094
qdotdot3:
0.097240455200144
0.200742069153906
qdotdot4:
-0.093909452634165
-0.164229607480916
qdotdot5:
0.047766301532623
0.218207591954308
qdotdot6:
-0.163246612295694
-0.136001832425609
qdotdot7:
-0.114396853335947
-0.334504995409300

qdotdot1:
0.350326009622993
-0.199466386493837
qdotdot2:
-0.039452207115391
0.168102088081905
qdotdot3:
-0.461751198180782
0.232738809412620
qdotdot4:
0.093959248639402
-0.195130289276252
qdotdot5:
-0.471394889758038
0.233924979744328
qdotdot6:
0.238740819073451
-0.189717741519097
qdotdot7:
0.663676583933673
-0.372147007626032

qdotdot1:
0.704448984053129
-0.084192447136938
qdotdot2:
-0.220474095731778
0.155120433264412
qdotdot3:
-0.883213712713205
0.080800677058849
qdotdot4:
0.323898306216610
-0.164213222223954
qdotdot5:
-0.874263291675839
0.078813613638232
qdotdot6:
0.660462412433051
-0.111160643433500
qdotdot7:
1.252597170860248
-0.153765807865001

qdotdot1:
-0.022277809546066
0.147604813806256
qdotdot2:
-0.076225997269761
0.082573957002194
qdotdot3:
0.058207233099130
-0.209818692219636
qdotdot4:
0.006781614943075
-0.057635255749823
qdotdot5:
0.063781194849222
-0.208860640908434
qdotdot6:
-0.049155321376061
0.106162940848040
qdotdot7:
-0.121364642731758
0.258398308832344

qdotdot1:
-0.338676633415536
0.140274353617526
qdotdot2:
-0.038741020127740
0.057491974091049
qdotdot3:
0.452118063361045
-0.190665740757018
qdotdot4:
-0.096645055329706
-0.055403781499506
qdotdot5:
0.452492462039070
-0.187873590603286
qdotdot6:
-0.330646097170520
0.089988499385727
qdotdot7:
-0.652790061182605
0.218463562104894

qdotdot1:
0.140093897319573
0.028833613765082
qdotdot2:
-0.127134236427824
0.044744333658541
qdotdot3:
-0.210085816013049
-0.041897368479647
qdotdot4:
0.185558414507068
-0.087204606848471
qdotdot5:
-0.208076013345975
-0.038982023332336
qdotdot6:
0.441555395103103
-0.018809811635619
qdotdot7:
0.321052129137506
0.003664546734810

qdotdot1:
0.271348601803062
0.074931177121189
qdotdot2:
0.215349671757187
0.002911115862528
qdotdot3:
-0.374401924976410
-0.111025606034416
qdotdot4:
-0.053401304151519
-0.026147052360670
qdotdot5:
-0.343852572346816
-0.107448940104749
qdotdot6:
0.560025189663674
0.126482939800686
qdotdot7:
0.463359644994218
0.109305985417674

qdotdot1:
-0.116222415549039
0.164217788476386
qdotdot2:
0.172741010341987
0.073771412616917
qdotdot3:
0.193479426030809
-0.234221668014749
qdotdot4:
-0.233880535933955
-0.043718624345765
qdotdot5:
0.208212582949826
-0.220592810338868
qdotdot6:
-0.276785781058090
0.310757895066209
qdotdot7:
-0.273197629962247
0.261773373365771

qdotdot1:
-0.633203791059766
0.125975079360012
qdotdot2:
-1.406025647472612
0.130611430781828
qdotdot3:
0.887790187635835
-0.170557723544611
qdotdot4:
0.856905079118273
-0.120676457836413
qdotdot5:
0.717119071146228
-0.152080955663473
qdotdot6:
-1.107896822898751
0.219682192822809
qdotdot7:
-0.661781453824762
0.171878343697242

qdotdot1:
-0.597182631182758
-0.082379120460127
qdotdot2:
-1.845647668003201
-0.332037960838915
qdotdot3:
0.789737618779316
0.121567523910795
qdotdot4:
1.293452925569302
0.161286118197262
qdotdot5:
0.561494560303798
0.083885367270830
qdotdot6:
-0.882163281225576
-0.144868618902441
qdotdot7:
-0.398447994144163
-0.045879268013665

