nSeg: 34

breaks: 
0.000000000000000
0.329382356475381
0.658764712950763
0.988147069426144
1.317529425901525
1.646911782376906
1.976294138852288
2.305676495327669
2.635058851803050
2.964441208278432
3.293823564753813
3.623205921229194
3.952588277704575
4.281970634179957
4.611352990655338
4.940735347130719
5.270117703606100
5.599500060081482
5.928882416556863
6.258264773032245
6.587647129507626
6.917029485983007
7.246411842458389
7.575794198933770
7.905176555409151
8.234558911884532
8.563941268359914
8.893323624835295
9.222705981310677
9.552088337786058
9.881470694261438
10.210853050736819
10.540235407212201
10.869617763687582
11.199000120162964

coefs_q:
q1:
0.000121957490612
-0.000060151878075
-0.000000000000000
-1.430229187000000
q2:
-0.029091212816090
0.024053936649476
-0.000000000000000
1.277668953000000
q3:
0.045479295471010
-0.025949725956812
-0.000000000000000
-2.738462448000000
q4:
0.394828208972239
-0.220055577484872
-0.000000000000000
1.575682640000001
q5:
0.000328641180423
-0.000181438831431
-0.000000000000000
-1.003391385000000
q6:
0.001337669647405
-0.000747723030173
-0.000000000000000
-0.468768716000000
q7:
0.169332857036311
-0.095184013388264
-0.000000000000000
-0.383759022000000

q1:
-0.000111695770815
0.000060360058868
0.000000068571080
-1.430231354818590
q2:
0.005979303658221
-0.004692460040795
0.006377328790210
1.279239038667275
q3:
-0.024058936992570
0.018990506582432
-0.002292244076762
-2.739652575180926
q4:
-0.261713304276853
0.170092760137819
-0.016456870513921
1.565917628456626
q5:
-0.000236286251372
0.000143306987897
-0.000012559956480
-1.003399325607813
q6:
-0.000875225887001
0.000574091311771
-0.000057191224566
-0.468802036099399
q7:
-0.107653978359915
0.072141753049723
-0.007589714008828
-0.388034585997745

q1:
0.000080637117790
-0.000050011789730
0.000003477108354
-1.430228775119146
q2:
-0.013414485566631
0.001215971346285
0.005232234751753
1.281044194383972
q3:
0.000159065587553
-0.004783261500284
0.002387371787419
-2.739207028292453
q4:
0.095196545176919
-0.088518474513185
0.010412259912916
1.569598374515336
q5:
0.000143793953235
-0.000090178578942
0.000004939604057
-1.003396358697942
q6:
0.000390636714843
-0.000290760583555
0.000036132918356
-0.468789865858491
q7:
0.035321209410980
-0.034236210178693
0.004895703025511
-0.386554726447220

q1:
-0.000043604739048
0.000029669541902
-0.000003223269171
-1.430230174121695
q2:
0.016953225197048
-0.012039513254241
0.001667151012700
1.282420149654862
q3:
0.009819012070045
-0.004626081306097
-0.000711899719031
-2.738933934974978
q4:
0.028741994342539
0.005549712622880
-0.016916186392357
1.566826282689568
q5:
-0.000075529147846
0.000051910994549
-0.000007665063067
-1.003399376838113
q6:
-0.000061682152401
0.000095245941427
-0.000028266155193
-0.468795550089381
q7:
0.012754643469959
0.000666339389354
-0.006161620121656
-0.387394324012410

q1:
0.000017158243642
-0.000013418353202
0.000002129585658
-1.430229575121111
q2:
-0.006976198851996
0.004712766541544
-0.000746150084826
1.282268913602503
q3:
-0.007458117161303
0.005076546695578
-0.000563524367533
-2.739319430181487
q4:
-0.050422385310864
0.033951030101923
-0.003905338671134
1.562883605084021
q5:
0.000036700483759
-0.000022722911551
0.000001948976492
-1.003398968687691
q6:
-0.000178110149494
0.000034294903297
0.000014402313502
-0.468796731217648
q7:
-0.019789851309877
0.013269802955769
-0.001571300715843
-0.388895765232180

q1:
-0.000004481102256
0.000003536514970
-0.000001125317505
-1.430229716307014
q2:
0.003298120306607
-0.002180743909791
0.000087853496269
1.282285147264159
q3:
0.002473232936605
-0.002293169920800
0.000353270833502
-2.739220796962929
q4:
0.022282527297415
-0.015873702176483
0.002049014199726
1.563478821746814
q5:
-0.000023571706070
0.000013542563922
-0.000001074868043
-1.003399480486521
q6:
0.000454104625738
-0.000141704118961
-0.000020976387061
-0.468794631473636
q7:
0.009201146084402
-0.006285480620465
0.000729211833343
-0.388680848803544

q1:
0.000001366930772
-0.000000891473092
-0.000000254087378
-1.430229863415405
q2:
-0.001608869936237
0.001078284005798
-0.000275277344827
1.282195350066755
q3:
-0.000175508000378
0.000150747957515
-0.000352405161329
-2.739264845617529
q4:
-0.009731829503977
0.006144711871865
-0.001155543552935
1.563227828813827
q5:
0.000016805868620
-0.000009749748352
0.000000174418487
-1.003399207608169
q6:
-0.000909672429390
0.000307018036175
0.000033475100549
-0.468800686894895
q7:
-0.004256997402009
0.002806604918199
-0.000416668443354
-0.388793779871550

q1:
0.000001830172609
0.000000459255544
-0.000000396452213
-1.430229994977579
q2:
0.001223798237179
-0.000511516106782
-0.000088593998675
1.282164170627319
q3:
0.000475348587517
-0.000022679758720
-0.000310221756221
-2.739370838484052
q4:
0.004265362075892
-0.003471766932645
-0.000275122650126
1.563166097061759
q5:
-0.000012044221289
0.000006856921474
-0.000000778427647
-1.003399607366992
q6:
0.001733343074708
-0.000591872109065
-0.000060350805231
-0.468788859244381
q7:
0.001168257095201
-0.001399934589151
0.000046663944412
-0.388778653184529

q1:
-0.000009904023780
0.000002267735244
0.000000501770439
-1.430230010333748
q2:
-0.002001224301898
0.000697776534855
-0.000027243099958
1.282123226701022
q3:
-0.001160416242285
0.000447034554992
-0.000170446773443
-2.739458493782443
q4:
-0.003282655116374
0.000743038102690
-0.001173917782319
1.562851240263429
q5:
0.000010443595108
-0.000005044540496
-0.000000181461330
-1.003399550248542
q6:
-0.003260301198676
0.001120925770518
0.000113910136481
-0.468811009516590
q7:
-0.000160035991093
-0.000245524764191
-0.000495321334876
-0.388873417278998

q1:
0.000027675269037
-0.000007518896830
-0.000001227869539
-1.430229952952780
q2:
0.003970992381611
-0.001279727394330
-0.000218927445405
1.282118442052730
q3:
0.004477417462790
-0.000699627354137
-0.000253646384854
-2.739507604102922
q4:
0.013299410784906
-0.002500707930492
-0.001752863212106
1.562427879067094
q5:
-0.000007585214995
0.000005275267404
-0.000000105463957
-1.003399784106639
q6:
0.006073239626768
-0.002100731304401
-0.000208820519157
-0.468768386020514
q7:
0.003370737433706
-0.000403663859793
-0.000709152613641
-0.389068924022191

q1:
-0.000063612342339
0.000019828339165
0.000002826643585
-1.430230184144879
q2:
-0.007623260579532
0.002644197090272
0.000230504798383
1.282049395856272
q3:
-0.011094651474725
0.003724719590317
0.000742765624455
-2.739507052063781
q4:
-0.026369752084581
0.010641065861708
0.000928427065831
1.562054470539356
q5:
0.000001760136290
-0.000002220040565
0.000000900873858
-1.003399517578567
q6:
-0.011323561465064
0.003900522634712
0.000383998990385
-0.468848051082324
q7:
-0.007095913214104
0.002927120457128
0.000122029466852
-0.389225845676021

q1:
0.000123909854946
-0.000043030010496
-0.000004815577593
-1.430229375092367
q2:
0.012249153584485
-0.004888705510863
-0.000508796674320
1.282139774509150
q3:
0.007856161276311
-0.007238427750737
-0.000414587849391
-2.739254767102917
q4:
0.019465299884887
-0.015416127382165
-0.000644393950092
1.562572417655719
q5:
-0.000001588653232
-0.000000480767048
0.000000011275483
-1.003399398805374
q6:
0.021354951869157
-0.007288821442458
-0.000732046855353
-0.468703044401714
q7:
0.002917372220325
-0.004084685390291
-0.000259251998606
-0.389121656682124

q1:
-0.000222729803840
0.000079411149541
0.000007167727717
-1.430231201710082
q2:
-0.019411636771517
0.007215259706597
0.000257529229139
1.281879527592208
q3:
0.015159060013873
0.000524614991389
-0.002625999317000
-2.739895897277995
q4:
0.005920268332680
0.003818451654587
-0.004464463710878
1.561383231848073
q5:
0.000011777193156
-0.000002050590083
-0.000000822508894
-1.003399504022628
q6:
-0.041021873291507
0.013813011664786
0.001416906294171
-0.468971820031208
q7:
0.010203296138309
-0.001201892580351
-0.002000557508267
-0.389545954385979

q1:
0.000419476877025
-0.000140678653397
-0.000013012707078
-1.430228184635778
q2:
0.039691630514981
-0.011966292281942
-0.001307377076220
1.282053470091717
q3:
-0.049281180345219
0.015503995719352
0.002653542249931
-2.740162220201603
q4:
-0.024000966735779
0.009668547457741
-0.000022084161478
1.560538554842092
q5:
-0.000034071196329
0.000009587008820
0.000001659854469
-1.003399576551691
q6:
0.083060833034925
-0.026722632210588
-0.002835294942408
-0.468472445638842
q7:
-0.024214581020769
0.008880464597206
0.000528628637011
-0.389970678506595

q1:
-0.000976783155819
0.000273826193328
0.000030843743383
-1.430232743148936
q2:
-0.155592842474340
0.027254876092181
0.003728412686368
1.281742991316286
q3:
0.131780903681968
-0.033193058216637
-0.003172922839265
-2.739367211493893
q4:
0.069485530561823
-0.014047937485613
-0.001464577968784
1.560722559097179
q5:
0.000133516706773
-0.000024080343985
-0.000003113994421
-1.003399207258506
q6:
-0.213002472765792
0.055353686536967
0.006595269199989
-0.469337325122199
q7:
0.054125392417590
-0.015047102675849
-0.001502553144864
-0.389698414071741

q1:
0.001208505640131
-0.000691379219559
-0.000106690856351
-1.430227781536541
q2:
-0.072050731410061
-0.126493735222522
-0.028959116587912
1.280367818232002
q3:
-0.148296808397734
0.097025855563029
0.017852474371105
-2.739304253245032
q4:
0.169564611203061
0.054613985906573
0.011897162653006
1.561199160430915
q5:
-0.000211588285672
0.000107853798532
0.000024479503448
-1.003398074197016
q6:
0.269570222565582
-0.155124082707072
-0.026267338997002
-0.468771256606801
q7:
0.045199460765495
0.038436745223132
0.006201582434477
-0.389891626906606

q1:
-0.000507600164914
0.000502802087121
-0.000168804836610
-1.430294746579838
q2:
-0.036175420215794
-0.197690454315383
-0.135739668869969
1.254530769017713
q3:
0.097046623601549
-0.049513201060442
0.033502304473568
-2.728196836993148
q4:
-0.060751189978648
0.222168759545261
0.103064515581657
1.577102588680096
q5:
0.000115434059854
-0.000101226545880
0.000026662403544
-1.003385870959635
q6:
-0.145028352964283
0.111250942725661
-0.040718377230053
-0.484619839056161
q7:
-0.003849524558035
0.083100459918197
0.046233793463360
-0.382063597842157

q1:
0.000015265370475
0.000001218471722
-0.000002789357227
-1.430313936933276
q2:
0.073424526870193
-0.233437089786880
-0.277745475287816
1.187079788494614
q3:
-0.057593217968584
0.046383135649130
0.032471316152468
-2.719065573015409
q4:
-0.175258482335361
0.162137649203709
0.229648266103984
1.632982938619233
q5:
-0.000031327120690
0.000012839282078
-0.000002450801690
-1.003383946074706
q6:
0.047469022532350
-0.032058399239695
-0.014633750641367
-0.491144509094484
q7:
-0.088811370611582
0.079296563507491
0.099724507723901
-0.357956770724066

q1:
-0.000022520099492
0.000016302902821
0.000002981874409
-1.430314177985929
q2:
0.106396668083770
-0.160882858736097
-0.407627509137566
1.072892969642312
q3:
0.032255030353947
-0.010527433905347
0.044281551685914
-2.705395988871088
q4:
-0.157510315289638
-0.011043506508051
0.279416010874707
1.719952817116564
q5:
0.000054664590774
-0.000018116520425
-0.000004189030893
-1.003384479849936
q6:
-0.090989664200867
0.014847976264170
-0.020302560316984
-0.497746378151123
q7:
-0.057684869233324
-0.008462132094063
0.123056119662450
-0.319679903201266

q1:
0.000010399929099
-0.000005950267496
0.000006391849828
-1.430312231831682
q2:
0.206090869671758
-0.055747302972413
-0.478981662284758
0.924975186535211
q3:
-0.115619876214127
0.021345279813157
0.047844759263016
-2.690799924497417
q4:
-0.003197594052129
-0.166686862965895
0.220874762960138
1.805160656404238
q5:
-0.000115175133667
0.000035900134749
0.000001668577900
-1.003385871682100
q6:
0.144912895270490
-0.075063193763986
-0.040136390552751
-0.506074355364409
q7:
-0.042923922413496
-0.065463266577202
0.098706397644727
-0.282126871423933

q1:
-0.000006800145124
0.000004326391966
0.000005856973879
-1.430310400382292
q2:
0.084237791025922
0.147900785929219
-0.448627930911031
0.768523679937157
q3:
0.019651320521635
-0.092904162035246
0.024274526009960
-2.676856641995631
q4:
-0.146181619552070
-0.169846556157721
0.110026592336485
1.859714324448769
q5:
0.000118427579252
-0.000077909836055
-0.000012168676511
-1.003385543029845
q6:
-0.079748201935672
0.068132059019606
-0.042419384047903
-0.522259837297906
q7:
-0.069228421468417
-0.107878414718374
0.041610706184186
-0.258250926350482

q1:
-0.000023840643022
-0.000002393151510
0.000006493749176
-1.430308244823550
q2:
0.135354273204850
0.231140112266415
-0.323778546662808
0.639810003347071
q3:
0.032196981123132
-0.073485767251438
-0.030531380992260
-2.678238216613649
q4:
0.200093755502479
-0.314295495122066
-0.049441257382876
1.872304138097859
q5:
0.000041598432911
0.000039114029323
-0.000024947330754
-1.003393771748716
q6:
0.061282751501159
-0.010670893015133
-0.023492689783527
-0.531690049742161
q7:
0.146349687840897
-0.176286276513388
-0.051988129440831
-0.258723037056715

q1:
0.000070426538117
-0.000025951213046
-0.000002842384415
-1.430307217496224
q2:
-0.221235521378692
0.364890040668094
-0.127456730358858
0.563077051283064
q3:
0.017569051709619
-0.041670414710246
-0.068461795569508
-2.695116808610447
q4:
-0.207335422594871
-0.116573437011820
-0.191361881581167
1.829070750884926
q5:
-0.000287007334984
0.000080219398896
0.000014358995039
-1.003396258826541
q6:
-0.054819251680257
0.049885478287108
-0.010576097278439
-0.538395866166303
q7:
-0.099949113508309
-0.031671261361974
-0.120485673313036
-0.289742897309046

q1:
-0.000143046739818
0.000043640564204
0.000002984175754
-1.430308452511503
q2:
0.067369758409514
0.146276808564774
0.040912610993560
0.552776989602290
q3:
0.102082169247566
-0.024309607750789
-0.090194450848022
-2.721560013010943
q4:
0.401607638516705
-0.321451327237173
-0.335639510624073
1.745982897838342
q5:
0.000697125017562
-0.000203386058073
-0.000026209929400
-1.003393082382187
q6:
-0.010372418487884
-0.004284004608872
0.004444223580449
-0.538426232429078
q7:
0.225621806545488
-0.130435684966950
-0.173880841295885
-0.336436594998519

q1:
0.000278991740932
-0.000097710652539
-0.000014825557356
-1.430307846752532
q2:
-0.070002155713528
0.212848037905082
0.159201999192661
0.584530351393031
q3:
-0.065209877535197
0.076562588631856
-0.072983240872553
-2.750257922763891
q4:
-0.302485859410334
0.075396083822263
-0.416685766523200
1.614905717910148
q5:
-0.001523154635787
0.000485475985055
0.000066705515488
-1.003398869204452
q6:
0.032352843600211
-0.014533479540536
-0.001753923691621
-0.537797831506297
q7:
-0.173784167873038
0.092511841969606
-0.186372286068953
-0.399798471566482

q1:
-0.000448307526841
0.000177974218657
0.000011611845191
-1.430313360990269
q2:
-0.073108443275239
0.143675612883247
0.276634599428527
0.657559578622188
q3:
0.065641808999412
0.012125639247813
-0.043770903381922
-2.768321143514131
q4:
0.190007225289799
-0.223504431696908
-0.465470043159826
1.475027194048699
q5:
0.003012702855653
-0.001019624804581
-0.000109233681396
-1.003378657800909
q6:
-0.054507606786747
0.017435888050615
-0.000797921537117
-0.538796171934092
q7:
0.087228150913472
-0.079212474226798
-0.181991708982194
-0.457359631759812

q1:
0.000965384198776
-0.000265019550193
-0.000017059351230
-1.430306247878732
q2:
-0.041342649858097
0.071433718910512
0.347487818034600
0.761653321716351
q3:
-0.021071907927939
0.076989400442413
-0.014417981611358
-2.779077214038741
q4:
0.080088373571721
-0.035749348857000
-0.550863664323824
1.304250987817638
q5:
-0.005690818809675
0.001957368693285
0.000199642610435
-1.003417598609845
q6:
0.035947322638082
-0.036425643857142
-0.007052812053563
-0.539115187665403
q7:
0.000615231587096
0.006981767469811
-0.205783229383692
-0.522781318112735

q1:
-0.001819487966531
0.000688922016698
0.000122566642103
-1.430306121047235
q2:
-0.092906185728270
0.030581100610922
0.381089699683981
0.882382313607420
q3:
0.052921576422395
0.056167256376203
0.029441471791942
-2.776226469173842
q4:
-0.013452165112195
0.043389742783003
-0.548347053368076
1.121789676816709
q5:
0.010694864077030
-0.003665997236131
-0.000363149485348
-1.003342844356479
q6:
-0.083231492906503
-0.000904402338605
-0.019348670636853
-0.544105578407803
q7:
-0.058227713271599
0.007589706759618
-0.200983642864683
-0.589783226404269

q1:
0.006451684934385
-0.001108999685285
-0.000015799530279
-1.430256027204805
q2:
0.018119278211160
-0.061223874548029
0.370996510595634
1.007904306548511
q3:
-0.003621476124420
0.108461557027404
0.083667298294568
-2.758544044525021
q4:
0.053410945664700
0.030097025249950
-0.524141808543623
0.945400583052356
q5:
-0.020794984631463
0.006902101359498
0.000702766116606
-1.003478006149822
q6:
0.022822507778974
-0.083149358138129
-0.047034496333297
-0.553551137001404
q7:
0.009821422956136
-0.049947837469098
-0.214935663773663
-0.657241066126397

q1:
0.022918820938570
0.005266213875488
0.001353513476063
-1.430150994913365
q2:
-0.109039065859047
-0.043319362883554
0.336561812696853
1.124109168904972
q3:
-0.060913788078799
0.104883006008061
0.153939233208400
-2.719347637095873
q4:
-0.009306879557451
0.082874894683803
-0.486930851340295
0.777931499496308
q5:
0.046373742584723
-0.013646401762844
-0.001518687443026
-1.003240820637751
q6:
-0.044813052086515
-0.060597363959381
-0.094382130393387
-0.577248995807386
q7:
-0.006517030936616
-0.040242827157398
-0.244642877420419
-0.733105084756571

q1:
-0.011579362893873
0.027913379620638
0.012282286168712
-1.428314807835569
q2:
0.032363584584136
-0.151065996265136
0.272534705036145
1.226370279926218
q3:
-0.079762812780330
0.044691224830352
0.203206345829949
-2.659440515703289
q4:
0.191248303003488
0.073678328923605
-0.435364981634670
0.626203805511298
q5:
-0.233919572054779
0.032177676070573
0.004585187356945
-1.003564391756116
q6:
0.241953651346682
-0.104879250050712
-0.148887207457598
-0.616512599185363
q7:
0.305777532949223
-0.046682612178775
-0.273274583466625
-0.818285076636415

q1:
-0.054039753346156
0.016471266111236
0.026901805371201
-1.421654635930200
q2:
-0.063201570575438
-0.119086015002197
0.183551398958347
1.300905371822798
q3:
-0.139270891451635
-0.034126164867717
0.206686290176745
-2.590509628809659
q4:
0.065498195153043
0.262659779069225
-0.324581143051520
0.497630197052453
q5:
0.228642090747686
-0.198969263536775
-0.050353018762942
-1.006922322490575
q6:
-0.010878181642483
0.134206541464467
-0.139227315102695
-0.668285698013418
q7:
-0.061140984367989
0.255470560901357
-0.204503516912720
-0.902434485701948

q1:
0.020134657315579
-0.036927957790280
0.020163732060267
-1.412937785792590
q2:
0.107819098109769
-0.181538461749445
0.084531000391713
1.346185450847346
q3:
0.167318631189662
-0.171746288112017
0.138875536480913
-2.531110180456166
q4:
-0.285879298038337
0.327381628662406
-0.130231913754824
0.421556190417404
q5:
0.027505762081781
0.026962748383018
-0.107008930053405
-1.036923777633295
q6:
-0.210704098884075
0.123457298153762
-0.054357392430748
-0.699973022448425
q7:
-0.216522451675436
0.195054276376298
-0.056108584359518
-0.944262545048002

q1:
0.027128581900976
-0.017031955169991
0.002390288774207
-1.409583099489830
q2:
0.151693606761496
-0.074997335924107
0.000032634833706
1.358185845849017
q3:
-0.233411797105407
-0.006410873041558
0.080193710917184
-2.498021023263844
q4:
-0.067471701565737
0.044890838096220
-0.007611931402965
0.403962558308429
q5:
0.137112518145862
0.054142486576463
-0.080294296639962
-1.068262434088639
q6:
0.299367346879143
-0.084749339674613
-0.041607673852535
-0.712012804292772
q7:
0.032379604588523
-0.018901749711747
0.001912949972344
-0.949319308794564

coefs_qdot:
qdot1:
0.000365872471837
-0.000120303756150
-0.000000000000000
qdot2:
-0.087273638448271
0.048107873298953
-0.000000000000000
qdot3:
0.136437886413030
-0.051899451913624
-0.000000000000000
qdot4:
1.184484626916718
-0.440111154969744
-0.000000000000000
qdot5:
0.000985923541270
-0.000362877662862
-0.000000000000000
qdot6:
0.004013008942216
-0.001495446060345
-0.000000000000000
qdot7:
0.507998571108932
-0.190368026776527
-0.000000000000000

qdot1:
-0.000335087312444
0.000120720117736
0.000000068571080
qdot2:
0.017937910974663
-0.009384920081591
0.006377328790210
qdot3:
-0.072176810977709
0.037981013164864
-0.002292244076762
qdot4:
-0.785139912830558
0.340185520275639
-0.016456870513921
qdot5:
-0.000708858754116
0.000286613975794
-0.000012559956480
qdot6:
-0.002625677661003
0.001148182623543
-0.000057191224566
qdot7:
-0.322961935079746
0.144283506099446
-0.007589714008828

qdot1:
0.000241911353371
-0.000100023579459
0.000003477108354
qdot2:
-0.040243456699893
0.002431942692570
0.005232234751753
qdot3:
0.000477196762659
-0.009566523000567
0.002387371787419
qdot4:
0.285589635530756
-0.177036949026371
0.010412259912916
qdot5:
0.000431381859705
-0.000180357157884
0.000004939604057
qdot6:
0.001171910144528
-0.000581521167109
0.000036132918356
qdot7:
0.105963628232939
-0.068472420357385
0.004895703025511

qdot1:
-0.000130814217144
0.000059339083803
-0.000003223269171
qdot2:
0.050859675591144
-0.024079026508481
0.001667151012700
qdot3:
0.029457036210135
-0.009252162612193
-0.000711899719031
qdot4:
0.086225983027618
0.011099425245760
-0.016916186392357
qdot5:
-0.000226587443537
0.000103821989097
-0.000007665063067
qdot6:
-0.000185046457202
0.000190491882855
-0.000028266155193
qdot7:
0.038263930409878
0.001332678778708
-0.006161620121656

qdot1:
0.000051474730927
-0.000026836706403
0.000002129585658
qdot2:
-0.020928596555989
0.009425533083087
-0.000746150084826
qdot3:
-0.022374351483908
0.010153093391156
-0.000563524367533
qdot4:
-0.151267155932593
0.067902060203847
-0.003905338671134
qdot5:
0.000110101451278
-0.000045445823102
0.000001948976492
qdot6:
-0.000534330448483
0.000068589806594
0.000014402313502
qdot7:
-0.059369553929632
0.026539605911539
-0.001571300715843

qdot1:
-0.000013443306769
0.000007073029940
-0.000001125317505
qdot2:
0.009894360919821
-0.004361487819581
0.000087853496269
qdot3:
0.007419698809816
-0.004586339841600
0.000353270833502
qdot4:
0.066847581892244
-0.031747404352967
0.002049014199726
qdot5:
-0.000070715118210
0.000027085127844
-0.000001074868043
qdot6:
0.001362313877215
-0.000283408237922
-0.000020976387061
qdot7:
0.027603438253207
-0.012570961240930
0.000729211833343

qdot1:
0.000004100792315
-0.000001782946185
-0.000000254087378
qdot2:
-0.004826609808711
0.002156568011596
-0.000275277344827
qdot3:
-0.000526524001134
0.000301495915030
-0.000352405161329
qdot4:
-0.029195488511931
0.012289423743730
-0.001155543552935
qdot5:
0.000050417605861
-0.000019499496705
0.000000174418487
qdot6:
-0.002729017288171
0.000614036072350
0.000033475100549
qdot7:
-0.012770992206026
0.005613209836398
-0.000416668443354

qdot1:
0.000005490517826
0.000000918511088
-0.000000396452213
qdot2:
0.003671394711537
-0.001023032213565
-0.000088593998675
qdot3:
0.001426045762552
-0.000045359517439
-0.000310221756221
qdot4:
0.012796086227677
-0.006943533865289
-0.000275122650126
qdot5:
-0.000036132663868
0.000013713842948
-0.000000778427647
qdot6:
0.005200029224123
-0.001183744218129
-0.000060350805231
qdot7:
0.003504771285604
-0.002799869178301
0.000046663944412

qdot1:
-0.000029712071339
0.000004535470487
0.000000501770439
qdot2:
-0.006003672905694
0.001395553069709
-0.000027243099958
qdot3:
-0.003481248726854
0.000894069109983
-0.000170446773443
qdot4:
-0.009847965349121
0.001486076205379
-0.001173917782319
qdot5:
0.000031330785325
-0.000010089080993
-0.000000181461330
qdot6:
-0.009780903596029
0.002241851541036
0.000113910136481
qdot7:
-0.000480107973280
-0.000491049528383
-0.000495321334876

qdot1:
0.000083025807111
-0.000015037793659
-0.000001227869539
qdot2:
0.011912977144833
-0.002559454788660
-0.000218927445405
qdot3:
0.013432252388371
-0.001399254708273
-0.000253646384854
qdot4:
0.039898232354719
-0.005001415860983
-0.001752863212106
qdot5:
-0.000022755644986
0.000010550534808
-0.000000105463957
qdot6:
0.018219718880303
-0.004201462608802
-0.000208820519157
qdot7:
0.010112212301118
-0.000807327719586
-0.000709152613641

qdot1:
-0.000190837027016
0.000039656678330
0.000002826643585
qdot2:
-0.022869781738595
0.005288394180545
0.000230504798383
qdot3:
-0.033283954424175
0.007449439180635
0.000742765624455
qdot4:
-0.079109256253743
0.021282131723416
0.000928427065831
qdot5:
0.000005280408869
-0.000004440081129
0.000000900873858
qdot6:
-0.033970684395193
0.007801045269425
0.000383998990385
qdot7:
-0.021287739642312
0.005854240914257
0.000122029466852

qdot1:
0.000371729564837
-0.000086060020993
-0.000004815577593
qdot2:
0.036747460753456
-0.009777411021727
-0.000508796674320
qdot3:
0.023568483828932
-0.014476855501473
-0.000414587849391
qdot4:
0.058395899654660
-0.030832254764329
-0.000644393950092
qdot5:
-0.000004765959695
-0.000000961534096
0.000000011275483
qdot6:
0.064064855607470
-0.014577642884916
-0.000732046855353
qdot7:
0.008752116660976
-0.008169370780581
-0.000259251998606

qdot1:
-0.000668189411519
0.000158822299082
0.000007167727717
qdot2:
-0.058234910314550
0.014430519413193
0.000257529229139
qdot3:
0.045477180041618
0.001049229982778
-0.002625999317000
qdot4:
0.017760804998040
0.007636903309174
-0.004464463710878
qdot5:
0.000035331579469
-0.000004101180167
-0.000000822508894
qdot6:
-0.123065619874521
0.027626023329571
0.001416906294171
qdot7:
0.030609888414927
-0.002403785160702
-0.002000557508267

qdot1:
0.001258430631076
-0.000281357306794
-0.000013012707078
qdot2:
0.119074891544942
-0.023932584563885
-0.001307377076220
qdot3:
-0.147843541035656
0.031007991438704
0.002653542249931
qdot4:
-0.072002900207337
0.019337094915482
-0.000022084161478
qdot5:
-0.000102213588988
0.000019174017640
0.000001659854469
qdot6:
0.249182499104774
-0.053445264421175
-0.002835294942408
qdot7:
-0.072643743062307
0.017760929194412
0.000528628637011

qdot1:
-0.002930349467456
0.000547652386655
0.000030843743383
qdot2:
-0.466778527423021
0.054509752184362
0.003728412686368
qdot3:
0.395342711045905
-0.066386116433274
-0.003172922839265
qdot4:
0.208456591685469
-0.028095874971227
-0.001464577968784
qdot5:
0.000400550120319
-0.000048160687969
-0.000003113994421
qdot6:
-0.639007418297377
0.110707373073935
0.006595269199989
qdot7:
0.162376177252769
-0.030094205351698
-0.001502553144864

qdot1:
0.003625516920394
-0.001382758439119
-0.000106690856351
qdot2:
-0.216152194230182
-0.252987470445043
-0.028959116587912
qdot3:
-0.444890425193201
0.194051711126058
0.017852474371105
qdot4:
0.508693833609182
0.109227971813146
0.011897162653006
qdot5:
-0.000634764857017
0.000215707597065
0.000024479503448
qdot6:
0.808710667696746
-0.310248165414144
-0.026267338997002
qdot7:
0.135598382296484
0.076873490446264
0.006201582434477

qdot1:
-0.001522800494741
0.001005604174243
-0.000168804836610
qdot2:
-0.108526260647383
-0.395380908630767
-0.135739668869969
qdot3:
0.291139870804647
-0.099026402120884
0.033502304473568
qdot4:
-0.182253569935944
0.444337519090522
0.103064515581657
qdot5:
0.000346302179563
-0.000202453091759
0.000026662403544
qdot6:
-0.435085058892849
0.222501885451323
-0.040718377230053
qdot7:
-0.011548573674106
0.166200919836395
0.046233793463360

qdot1:
0.000045796111426
0.000002436943443
-0.000002789357227
qdot2:
0.220273580610579
-0.466874179573759
-0.277745475287816
qdot3:
-0.172779653905752
0.092766271298261
0.032471316152468
qdot4:
-0.525775447006082
0.324275298407418
0.229648266103984
qdot5:
-0.000093981362069
0.000025678564155
-0.000002450801690
qdot6:
0.142407067597050
-0.064116798479391
-0.014633750641367
qdot7:
-0.266434111834745
0.158593127014982
0.099724507723901

qdot1:
-0.000067560298477
0.000032605805641
0.000002981874409
qdot2:
0.319190004251311
-0.321765717472195
-0.407627509137566
qdot3:
0.096765091061841
-0.021054867810694
0.044281551685914
qdot4:
-0.472530945868914
-0.022087013016103
0.279416010874707
qdot5:
0.000163993772321
-0.000036233040851
-0.000004189030893
qdot6:
-0.272968992602601
0.029695952528339
-0.020302560316984
qdot7:
-0.173054607699971
-0.016924264188125
0.123056119662450

qdot1:
0.000031199787298
-0.000011900534992
0.000006391849828
qdot2:
0.618272609015273
-0.111494605944827
-0.478981662284758
qdot3:
-0.346859628642382
0.042690559626314
0.047844759263016
qdot4:
-0.009592782156386
-0.333373725931790
0.220874762960138
qdot5:
-0.000345525401001
0.000071800269498
0.000001668577900
qdot6:
0.434738685811470
-0.150126387527972
-0.040136390552751
qdot7:
-0.128771767240489
-0.130926533154404
0.098706397644727

qdot1:
-0.000020400435373
0.000008652783932
0.000005856973879
qdot2:
0.252713373077766
0.295801571858438
-0.448627930911031
qdot3:
0.058953961564906
-0.185808324070492
0.024274526009960
qdot4:
-0.438544858656209
-0.339693112315441
0.110026592336485
qdot5:
0.000355282737757
-0.000155819672110
-0.000012168676511
qdot6:
-0.239244605807017
0.136264118039212
-0.042419384047903
qdot7:
-0.207685264405251
-0.215756829436747
0.041610706184186

qdot1:
-0.000071521929066
-0.000004786303021
0.000006493749176
qdot2:
0.406062819614550
0.462280224532831
-0.323778546662808
qdot3:
0.096590943369397
-0.146971534502876
-0.030531380992260
qdot4:
0.600281266507437
-0.628590990244131
-0.049441257382876
qdot5:
0.000124795298732
0.000078228058645
-0.000024947330754
qdot6:
0.183848254503478
-0.021341786030266
-0.023492689783527
qdot7:
0.439049063522692
-0.352572553026776
-0.051988129440831

qdot1:
0.000211279614350
-0.000051902426092
-0.000002842384415
qdot2:
-0.663706564136075
0.729780081336187
-0.127456730358858
qdot3:
0.052707155128858
-0.083340829420492
-0.068461795569508
qdot4:
-0.622006267784614
-0.233146874023639
-0.191361881581167
qdot5:
-0.000861022004953
0.000160438797792
0.000014358995039
qdot6:
-0.164457755040770
0.099770956574216
-0.010576097278439
qdot7:
-0.299847340524926
-0.063342522723948
-0.120485673313036

qdot1:
-0.000429140219455
0.000087281128408
0.000002984175754
qdot2:
0.202109275228541
0.292553617129548
0.040912610993560
qdot3:
0.306246507742697
-0.048619215501578
-0.090194450848022
qdot4:
1.204822915550116
-0.642902654474346
-0.335639510624073
qdot5:
0.002091375052687
-0.000406772116145
-0.000026209929400
qdot6:
-0.031117255463652
-0.008568009217744
0.004444223580449
qdot7:
0.676865419636465
-0.260871369933900
-0.173880841295885

qdot1:
0.000836975222795
-0.000195421305077
-0.000014825557356
qdot2:
-0.210006467140583
0.425696075810165
0.159201999192661
qdot3:
-0.195629632605592
0.153125177263713
-0.072983240872553
qdot4:
-0.907457578231003
0.150792167644525
-0.416685766523200
qdot5:
-0.004569463907361
0.000970951970110
0.000066705515488
qdot6:
0.097058530800634
-0.029066959081072
-0.001753923691621
qdot7:
-0.521352503619114
0.185023683939212
-0.186372286068953

qdot1:
-0.001344922580524
0.000355948437314
0.000011611845191
qdot2:
-0.219325329825718
0.287351225766495
0.276634599428527
qdot3:
0.196925426998237
0.024251278495627
-0.043770903381922
qdot4:
0.570021675869398
-0.447008863393816
-0.465470043159826
qdot5:
0.009038108566959
-0.002039249609161
-0.000109233681396
qdot6:
-0.163522820360242
0.034871776101230
-0.000797921537117
qdot7:
0.261684452740416
-0.158424948453595
-0.181991708982194

qdot1:
0.002896152596327
-0.000530039100385
-0.000017059351230
qdot2:
-0.124027949574292
0.142867437821024
0.347487818034600
qdot3:
-0.063215723783816
0.153978800884827
-0.014417981611358
qdot4:
0.240265120715163
-0.071498697713999
-0.550863664323824
qdot5:
-0.017072456429024
0.003914737386569
0.000199642610435
qdot6:
0.107841967914245
-0.072851287714283
-0.007052812053563
qdot7:
0.001845694761287
0.013963534939622
-0.205783229383692

qdot1:
-0.005458463899592
0.001377844033396
0.000122566642103
qdot2:
-0.278718557184809
0.061162201221844
0.381089699683981
qdot3:
0.158764729267184
0.112334512752407
0.029441471791942
qdot4:
-0.040356495336586
0.086779485566006
-0.548347053368076
qdot5:
0.032084592231091
-0.007331994472261
-0.000363149485348
qdot6:
-0.249694478719510
-0.001808804677211
-0.019348670636853
qdot7:
-0.174683139814796
0.015179413519237
-0.200983642864683

qdot1:
0.019355054803154
-0.002217999370571
-0.000015799530279
qdot2:
0.054357834633479
-0.122447749096058
0.370996510595634
qdot3:
-0.010864428373261
0.216923114054809
0.083667298294568
qdot4:
0.160232836994100
0.060194050499901
-0.524141808543623
qdot5:
-0.062384953894388
0.013804202718996
0.000702766116606
qdot6:
0.068467523336921
-0.166298716276259
-0.047034496333297
qdot7:
0.029464268868407
-0.099895674938195
-0.214935663773663

qdot1:
0.068756462815710
0.010532427750975
0.001353513476063
qdot2:
-0.327117197577142
-0.086638725767109
0.336561812696853
qdot3:
-0.182741364236396
0.209766012016123
0.153939233208400
qdot4:
-0.027920638672354
0.165749789367605
-0.486930851340295
qdot5:
0.139121227754170
-0.027292803525687
-0.001518687443026
qdot6:
-0.134439156259545
-0.121194727918763
-0.094382130393387
qdot7:
-0.019551092809849
-0.080485654314795
-0.244642877420419

qdot1:
-0.034738088681618
0.055826759241276
0.012282286168712
qdot2:
0.097090753752408
-0.302131992530272
0.272534705036145
qdot3:
-0.239288438340990
0.089382449660703
0.203206345829949
qdot4:
0.573744909010464
0.147356657847210
-0.435364981634670
qdot5:
-0.701758716164338
0.064355352141145
0.004585187356945
qdot6:
0.725860954040046
-0.209758500101424
-0.148887207457598
qdot7:
0.917332598847669
-0.093365224357549
-0.273274583466625

qdot1:
-0.162119260038468
0.032942532222472
0.026901805371201
qdot2:
-0.189604711726313
-0.238172030004394
0.183551398958347
qdot3:
-0.417812674354904
-0.068252329735435
0.206686290176745
qdot4:
0.196494585459130
0.525319558138450
-0.324581143051520
qdot5:
0.685926272243059
-0.397938527073551
-0.050353018762942
qdot6:
-0.032634544927448
0.268413082928934
-0.139227315102695
qdot7:
-0.183422953103967
0.510941121802713
-0.204503516912720

qdot1:
0.060403971946737
-0.073855915580560
0.020163732060267
qdot2:
0.323457294329307
-0.363076923498890
0.084531000391713
qdot3:
0.501955893568986
-0.343492576224034
0.138875536480913
qdot4:
-0.857637894115010
0.654763257324812
-0.130231913754824
qdot5:
0.082517286245344
0.053925496766035
-0.107008930053405
qdot6:
-0.632112296652225
0.246914596307524
-0.054357392430748
qdot7:
-0.649567355026307
0.390108552752597
-0.056108584359518

qdot1:
0.081385745702928
-0.034063910339982
0.002390288774207
qdot2:
0.455080820284489
-0.149994671848214
0.000032634833706
qdot3:
-0.700235391316220
-0.012821746083117
0.080193710917184
qdot4:
-0.202415104697212
0.089781676192441
-0.007611931402965
qdot5:
0.411337554437585
0.108284973152925
-0.080294296639962
qdot6:
0.898102040637428
-0.169498679349226
-0.041607673852535
qdot7:
0.097138813765569
-0.037803499423494
0.001912949972344

coefs_qdotdot:
qdotdot1:
0.000731744943675
-0.000120303756150
qdotdot2:
-0.174547276896541
0.048107873298953
qdotdot3:
0.272875772826059
-0.051899451913624
qdotdot4:
2.368969253833436
-0.440111154969744
qdotdot5:
0.001971847082540
-0.000362877662862
qdotdot6:
0.008026017884432
-0.001495446060345
qdotdot7:
1.015997142217864
-0.190368026776527

qdotdot1:
-0.000670174624888
0.000120720117736
qdotdot2:
0.035875821949327
-0.009384920081591
qdotdot3:
-0.144353621955418
0.037981013164864
qdotdot4:
-1.570279825661115
0.340185520275639
qdotdot5:
-0.001417717508232
0.000286613975794
qdotdot6:
-0.005251355322006
0.001148182623543
qdotdot7:
-0.645923870159491
0.144283506099446

qdotdot1:
0.000483822706741
-0.000100023579459
qdotdot2:
-0.080486913399785
0.002431942692570
qdotdot3:
0.000954393525318
-0.009566523000567
qdotdot4:
0.571179271061511
-0.177036949026371
qdotdot5:
0.000862763719410
-0.000180357157884
qdotdot6:
0.002343820289055
-0.000581521167109
qdotdot7:
0.211927256465877
-0.068472420357385

qdotdot1:
-0.000261628434288
0.000059339083803
qdotdot2:
0.101719351182287
-0.024079026508481
qdotdot3:
0.058914072420269
-0.009252162612193
qdotdot4:
0.172451966055236
0.011099425245760
qdotdot5:
-0.000453174887073
0.000103821989097
qdotdot6:
-0.000370092914403
0.000190491882855
qdotdot7:
0.076527860819756
0.001332678778708

qdotdot1:
0.000102949461854
-0.000026836706403
qdotdot2:
-0.041857193111978
0.009425533083087
qdotdot3:
-0.044748702967815
0.010153093391156
qdotdot4:
-0.302534311865187
0.067902060203847
qdotdot5:
0.000220202902556
-0.000045445823102
qdotdot6:
-0.001068660896966
0.000068589806594
qdotdot7:
-0.118739107859265
0.026539605911539

qdotdot1:
-0.000026886613539
0.000007073029940
qdotdot2:
0.019788721839641
-0.004361487819581
qdotdot3:
0.014839397619631
-0.004586339841600
qdotdot4:
0.133695163784488
-0.031747404352967
qdotdot5:
-0.000141430236420
0.000027085127844
qdotdot6:
0.002724627754429
-0.000283408237922
qdotdot7:
0.055206876506413
-0.012570961240930

qdotdot1:
0.000008201584631
-0.000001782946185
qdotdot2:
-0.009653219617422
0.002156568011596
qdotdot3:
-0.001053048002268
0.000301495915030
qdotdot4:
-0.058390977023861
0.012289423743730
qdotdot5:
0.000100835211722
-0.000019499496705
qdotdot6:
-0.005458034576341
0.000614036072350
qdotdot7:
-0.025541984412051
0.005613209836398

qdotdot1:
0.000010981035653
0.000000918511088
qdotdot2:
0.007342789423073
-0.001023032213565
qdotdot3:
0.002852091525105
-0.000045359517439
qdotdot4:
0.025592172455353
-0.006943533865289
qdotdot5:
-0.000072265327735
0.000013713842948
qdotdot6:
0.010400058448245
-0.001183744218129
qdotdot7:
0.007009542571207
-0.002799869178301

qdotdot1:
-0.000059424142678
0.000004535470487
qdotdot2:
-0.012007345811388
0.001395553069709
qdotdot3:
-0.006962497453709
0.000894069109983
qdotdot4:
-0.019695930698241
0.001486076205379
qdotdot5:
0.000062661570650
-0.000010089080993
qdotdot6:
-0.019561807192059
0.002241851541036
qdotdot7:
-0.000960215946560
-0.000491049528383

qdotdot1:
0.000166051614223
-0.000015037793659
qdotdot2:
0.023825954289667
-0.002559454788660
qdotdot3:
0.026864504776743
-0.001399254708273
qdotdot4:
0.079796464709438
-0.005001415860983
qdotdot5:
-0.000045511289972
0.000010550534808
qdotdot6:
0.036439437760606
-0.004201462608802
qdotdot7:
0.020224424602235
-0.000807327719586

qdotdot1:
-0.000381674054032
0.000039656678330
qdotdot2:
-0.045739563477189
0.005288394180545
qdotdot3:
-0.066567908848350
0.007449439180635
qdotdot4:
-0.158218512507486
0.021282131723416
qdotdot5:
0.000010560817739
-0.000004440081129
qdotdot6:
-0.067941368790387
0.007801045269425
qdotdot7:
-0.042575479284625
0.005854240914257

qdotdot1:
0.000743459129674
-0.000086060020993
qdotdot2:
0.073494921506913
-0.009777411021727
qdotdot3:
0.047136967657865
-0.014476855501473
qdotdot4:
0.116791799309320
-0.030832254764329
qdotdot5:
-0.000009531919390
-0.000000961534096
qdotdot6:
0.128129711214941
-0.014577642884916
qdotdot7:
0.017504233321951
-0.008169370780581

qdotdot1:
-0.001336378823039
0.000158822299082
qdotdot2:
-0.116469820629100
0.014430519413193
qdotdot3:
0.090954360083236
0.001049229982778
qdotdot4:
0.035521609996079
0.007636903309174
qdotdot5:
0.000070663158937
-0.000004101180167
qdotdot6:
-0.246131239749042
0.027626023329571
qdotdot7:
0.061219776829854
-0.002403785160702

qdotdot1:
0.002516861262152
-0.000281357306794
qdotdot2:
0.238149783089884
-0.023932584563885
qdotdot3:
-0.295687082071311
0.031007991438704
qdotdot4:
-0.144005800414675
0.019337094915482
qdotdot5:
-0.000204427177976
0.000019174017640
qdotdot6:
0.498364998209547
-0.053445264421175
qdotdot7:
-0.145287486124615
0.017760929194412

qdotdot1:
-0.005860698934913
0.000547652386655
qdotdot2:
-0.933557054846043
0.054509752184362
qdotdot3:
0.790685422091810
-0.066386116433274
qdotdot4:
0.416913183370939
-0.028095874971227
qdotdot5:
0.000801100240637
-0.000048160687969
qdotdot6:
-1.278014836594755
0.110707373073935
qdotdot7:
0.324752354505537
-0.030094205351698

qdotdot1:
0.007251033840788
-0.001382758439119
qdotdot2:
-0.432304388460364
-0.252987470445043
qdotdot3:
-0.889780850386402
0.194051711126058
qdotdot4:
1.017387667218364
0.109227971813146
qdotdot5:
-0.001269529714034
0.000215707597065
qdotdot6:
1.617421335393491
-0.310248165414144
qdotdot7:
0.271196764592968
0.076873490446264

qdotdot1:
-0.003045600989481
0.001005604174243
qdotdot2:
-0.217052521294765
-0.395380908630767
qdotdot3:
0.582279741609293
-0.099026402120884
qdotdot4:
-0.364507139871888
0.444337519090522
qdotdot5:
0.000692604359126
-0.000202453091759
qdotdot6:
-0.870170117785698
0.222501885451323
qdotdot7:
-0.023097147348212
0.166200919836395

qdotdot1:
0.000091592222852
0.000002436943443
qdotdot2:
0.440547161221158
-0.466874179573759
qdotdot3:
-0.345559307811504
0.092766271298261
qdotdot4:
-1.051550894012163
0.324275298407418
qdotdot5:
-0.000187962724137
0.000025678564155
qdotdot6:
0.284814135194100
-0.064116798479391
qdotdot7:
-0.532868223669490
0.158593127014982

qdotdot1:
-0.000135120596954
0.000032605805641
qdotdot2:
0.638380008502622
-0.321765717472195
qdotdot3:
0.193530182123683
-0.021054867810694
qdotdot4:
-0.945061891737827
-0.022087013016103
qdotdot5:
0.000327987544642
-0.000036233040851
qdotdot6:
-0.545937985205203
0.029695952528339
qdotdot7:
-0.346109215399943
-0.016924264188125

qdotdot1:
0.000062399574597
-0.000011900534992
qdotdot2:
1.236545218030546
-0.111494605944827
qdotdot3:
-0.693719257284764
0.042690559626314
qdotdot4:
-0.019185564312772
-0.333373725931790
qdotdot5:
-0.000691050802002
0.000071800269498
qdotdot6:
0.869477371622940
-0.150126387527972
qdotdot7:
-0.257543534480979
-0.130926533154404

qdotdot1:
-0.000040800870746
0.000008652783932
qdotdot2:
0.505426746155531
0.295801571858438
qdotdot3:
0.117907923129812
-0.185808324070492
qdotdot4:
-0.877089717312417
-0.339693112315441
qdotdot5:
0.000710565475514
-0.000155819672110
qdotdot6:
-0.478489211614034
0.136264118039212
qdotdot7:
-0.415370528810502
-0.215756829436747

qdotdot1:
-0.000143043858132
-0.000004786303021
qdotdot2:
0.812125639229100
0.462280224532831
qdotdot3:
0.193181886738795
-0.146971534502876
qdotdot4:
1.200562533014874
-0.628590990244131
qdotdot5:
0.000249590597464
0.000078228058645
qdotdot6:
0.367696509006956
-0.021341786030266
qdotdot7:
0.878098127045384
-0.352572553026776

qdotdot1:
0.000422559228699
-0.000051902426092
qdotdot2:
-1.327413128272151
0.729780081336187
qdotdot3:
0.105414310257717
-0.083340829420492
qdotdot4:
-1.244012535569228
-0.233146874023639
qdotdot5:
-0.001722044009906
0.000160438797792
qdotdot6:
-0.328915510081541
0.099770956574216
qdotdot7:
-0.599694681049851
-0.063342522723948

qdotdot1:
-0.000858280438909
0.000087281128408
qdotdot2:
0.404218550457082
0.292553617129548
qdotdot3:
0.612493015485395
-0.048619215501578
qdotdot4:
2.409645831100232
-0.642902654474346
qdotdot5:
0.004182750105373
-0.000406772116145
qdotdot6:
-0.062234510927304
-0.008568009217744
qdotdot7:
1.353730839272930
-0.260871369933900

qdotdot1:
0.001673950445590
-0.000195421305077
qdotdot2:
-0.420012934281166
0.425696075810165
qdotdot3:
-0.391259265211183
0.153125177263713
qdotdot4:
-1.814915156462007
0.150792167644525
qdotdot5:
-0.009138927814721
0.000970951970110
qdotdot6:
0.194117061601267
-0.029066959081072
qdotdot7:
-1.042705007238228
0.185023683939212

qdotdot1:
-0.002689845161047
0.000355948437314
qdotdot2:
-0.438650659651437
0.287351225766495
qdotdot3:
0.393850853996473
0.024251278495627
qdotdot4:
1.140043351738796
-0.447008863393816
qdotdot5:
0.018076217133917
-0.002039249609161
qdotdot6:
-0.327045640720483
0.034871776101230
qdotdot7:
0.523368905480831
-0.158424948453595

qdotdot1:
0.005792305192655
-0.000530039100385
qdotdot2:
-0.248055899148584
0.142867437821024
qdotdot3:
-0.126431447567631
0.153978800884827
qdotdot4:
0.480530241430326
-0.071498697713999
qdotdot5:
-0.034144912858048
0.003914737386569
qdotdot6:
0.215683935828489
-0.072851287714283
qdotdot7:
0.003691389522575
0.013963534939622

qdotdot1:
-0.010916927799183
0.001377844033396
qdotdot2:
-0.557437114369619
0.061162201221844
qdotdot3:
0.317529458534367
0.112334512752407
qdotdot4:
-0.080712990673172
0.086779485566006
qdotdot5:
0.064169184462183
-0.007331994472261
qdotdot6:
-0.499388957439020
-0.001808804677211
qdotdot7:
-0.349366279629592
0.015179413519237

qdotdot1:
0.038710109606308
-0.002217999370571
qdotdot2:
0.108715669266959
-0.122447749096058
qdotdot3:
-0.021728856746523
0.216923114054809
qdotdot4:
0.320465673988200
0.060194050499901
qdotdot5:
-0.124769907788777
0.013804202718996
qdotdot6:
0.136935046673841
-0.166298716276259
qdotdot7:
0.058928537736814
-0.099895674938195

qdotdot1:
0.137512925631420
0.010532427750975
qdotdot2:
-0.654234395154283
-0.086638725767109
qdotdot3:
-0.365482728472792
0.209766012016123
qdotdot4:
-0.055841277344709
0.165749789367605
qdotdot5:
0.278242455508339
-0.027292803525687
qdotdot6:
-0.268878312519091
-0.121194727918763
qdotdot7:
-0.039102185619698
-0.080485654314795

qdotdot1:
-0.069476177363235
0.055826759241276
qdotdot2:
0.194181507504815
-0.302131992530272
qdotdot3:
-0.478576876681979
0.089382449660703
qdotdot4:
1.147489818020927
0.147356657847210
qdotdot5:
-1.403517432328676
0.064355352141145
qdotdot6:
1.451721908080093
-0.209758500101424
qdotdot7:
1.834665197695338
-0.093365224357549

qdotdot1:
-0.324238520076936
0.032942532222472
qdotdot2:
-0.379209423452626
-0.238172030004394
qdotdot3:
-0.835625348709808
-0.068252329735435
qdotdot4:
0.392989170918260
0.525319558138450
qdotdot5:
1.371852544486119
-0.397938527073551
qdotdot6:
-0.065269089854897
0.268413082928934
qdotdot7:
-0.366845906207934
0.510941121802713

qdotdot1:
0.120807943893474
-0.073855915580560
qdotdot2:
0.646914588658615
-0.363076923498890
qdotdot3:
1.003911787137973
-0.343492576224034
qdotdot4:
-1.715275788230020
0.654763257324812
qdotdot5:
0.165034572490688
0.053925496766035
qdotdot6:
-1.264224593304450
0.246914596307524
qdotdot7:
-1.299134710052614
0.390108552752597

qdotdot1:
0.162771491405857
-0.034063910339982
qdotdot2:
0.910161640568979
-0.149994671848214
qdotdot3:
-1.400470782632441
-0.012821746083117
qdotdot4:
-0.404830209394425
0.089781676192441
qdotdot5:
0.822675108875169
0.108284973152925
qdotdot6:
1.796204081274855
-0.169498679349226
qdotdot7:
0.194277627531137
-0.037803499423494

