0.000000000

0.000999928

0.003000021

0.006999969

0.009000063

0.009999990

0.012000084

0.013999939

0.014999866

0.019000053

0.020999908

0.023000002

0.023999929

0.026000023

0.027999878

0.030999899

0.032999992

0.035000086

0.036000013

0.037999868

0.042000055

0.043999910

0.046000004

0.046999931

0.049000025

0.050999880

0.055000067

0.055999994

0.058000088

0.059999943

0.062000036

0.062999964

0.066999912

0.069000006

0.070999861

0.072000027

0.073999882

0.075999975

0.098000050

0.101999998

0.103999853

0.105999947

0.115000010

0.138000011

0.139999866

0.141999960

0.144000053

0.144999981

0.147000074

0.154000044

0.155999899

0.157999992

0.158999920

0.162999868

0.164999962

0.167000055

0.167999983

0.170000076

0.174000025

0.175999880

0.177000046

0.178999901

0.180999994

0.183000088

0.185999870

0.187999964

0.190000057

0.191999912

0.194000006

0.197999954

0.200000048

0.200999975

0.203000069

0.204999924

0.206000090

0.210000038

0.211999893

0.213000059

0.214999914

0.217000008

0.217999935

0.221999884

0.223999977

0.226000071

0.226999998

0.228999853

0.230999947

0.233999968

0.236999989

0.239000082

0.240999937

0.241999865

0.246000051

0.247999907

0.250000000

0.250999928

0.253000021

0.254999876

0.257999897

0.259999990

0.262000084

0.264999866

0.266000032

0.269999981

0.272000074

0.273000002

0.274999857

0.276999950

0.279000044

0.282000065

0.283999920

0.286000013

0.286999941

0.289999962

0.293999910

0.295000076

0.296999931

0.299000025

0.300999880

0.302000046

0.305999994

0.308000088

0.309000015

0.310999870

0.312999964

0.313999891

0.318000078

0.319999933

0.320999861

0.322999954

0.325000048

0.326999903

0.329999924

0.332000017

0.332999945

0.335000038

0.336999893

0.338999987

0.342000008

0.343999863

0.345999956

0.346999884

0.348999977

0.352999926

0.355000019

0.355999947

0.358000040

0.359999895

0.361999989

0.365000010

0.366999865

0.368999958

0.371000051

0.372999907

0.374000072

0.378000021

0.379999876

0.381000042

0.382999897

0.384999990

0.385999918

0.388999939

0.391000032

0.392999887

0.394999981

0.395999908

0.399999857

0.401999950

0.402999878

0.404999971

0.407000065

0.408999920

0.411999941

0.414000034

0.415999889

0.417000055

0.420000076

0.421999931

0.424999952

0.427000046

0.428999901

0.430999994

0.431999922

0.434000015

0.437000036

0.438999891

0.440999985

0.443000078

0.444999933

0.445999861

0.450000048

0.450999975

0.453000069

0.454999924

0.457000017

0.457999945

0.460999966

0.463000059

0.464999914

0.467000008

0.467999935

0.470000029

0.473000050

0.474999905

0.476999998

0.478999853

0.480999947

0.481999874

0.486000061

0.487999916

0.490000010

0.491999865

0.493000031

0.496999979

0.499000072

0.500999928

0.501999855

0.503999949

0.507999897

0.509999990

0.512000084

0.513000011

0.514999866

0.516999960

0.519999981

0.522000074

0.523999929

0.526000023

0.527999878

0.529000044

0.532999992

0.535000086

0.536000013

0.537999868

0.539999962

0.540999889

0.545000076

0.546999931

0.549000025

0.549999952

0.552000046

0.553999901

0.556999922

0.559000015

0.560999870

0.562999964

0.563999891

0.568000078

0.569999933

0.572000027

0.572999954

0.575999975

0.578000069

0.582000017

0.582999945

0.585000038

0.586999893

0.588999987

0.592000008

0.593999863

0.595999956

0.598000050

0.599999905

0.601000071

0.605000019

0.606999874

0.608000040

0.609999895

0.611999989

0.614000082

0.616999865

0.618999958

0.621000051

0.621999979

0.624000072

0.625999928

0.628999949

0.631000042

0.632999897

0.634000063

0.635999918

0.638000011

0.641000032

0.642999887

0.644999981

0.645999908

0.648000002

0.649999857

0.652999878

0.654999971

0.657000065

0.657999992

0.660000086

0.661999941

0.664999962

0.667000055

0.668999910

0.671000004

0.672999859

0.677000046

0.677999973

0.680000067

0.681999922

0.684000015

0.684999943

0.687999964

0.690000057

0.691999912

0.693000078

0.694999933

0.697000027

0.700000048

0.701999903

0.703000069

0.704999924

0.707000017

0.708999872

0.711999893

0.713999987

0.714999914

0.717000008

0.718999863

0.720999956

0.723999977

0.726000071

0.726999998

0.730000019

0.731999874

0.733999968

0.736999989

0.739000082

0.740999937

0.741999865

0.743999958

0.747999907

0.749000072

0.750999928

0.753000021

0.754999876

0.756999969

0.759999990

0.762000084

0.763999939

0.764999866

0.766999960

0.769000053

0.773000002

0.773999929

0.776000023

0.777999878

0.779999971

0.780999899

0.783999920

0.786000013

0.787999868

0.789999962

0.792000055

0.793999910

0.796999931

0.799000025

0.800999880

0.802000046

0.803999901

0.808000088

0.809999943

0.810999870

0.812999964

0.815000057

0.816999912

0.819999933

0.822000027

0.823999882

0.825999975

0.828000069

0.831000090

0.832999945

0.835000038

0.836999893

0.838000059

0.839999914

0.842999935

0.845000029

0.846999884

0.848999977

0.849999905

0.851999998

0.855000019

0.856999874

0.858999968

0.861000061

0.862999916

0.864000082

0.868000031

0.869999886

0.871999979

0.872999907

0.875000000

0.876999855

0.879999876

0.881999969

0.884999990

0.887000084

0.888000011

0.891999960

0.894000053

0.895999908

0.897000074

0.898999929

0.902999878

0.904999971

0.905999899

0.907999992

0.910000086

0.911000013

0.914999962

0.917000055

0.917999983

0.920000076

0.921999931

0.924000025

0.927000046

0.930000067

0.931999922

0.934000015

0.934999943

0.938999891

0.940999985

0.941999912

0.944000006

0.945999861

0.947999954

0.950999975

0.953000069

0.954999924

0.956000090

0.957999945

0.960000038

0.963999987

0.966000080

0.967999935

0.970000029

0.970999956

0.974999905

0.976999998

0.977999926

0.980000019

0.981999874

0.983999968

0.986000061

0.987999916

0.990000010

0.990999937

0.993000031

0.994999886

0.997999907

1.000000000

1.001999855

1.003999949

1.006000042

1.006999969

1.009999990

1.012000084

1.013999939

1.016000032

1.017999887

1.019000053

1.023000002

1.024999857

1.026999950

1.027999878

1.029999971

1.033999920

1.036000013

1.036999941

1.039999962

1.042000055

1.042999983

1.046999931

1.049000025

1.050999880

1.052999973

1.053999901

1.055999994

1.059999943

1.060999870

1.062999964

1.065000057

1.066999912

1.068000078

1.072000027

1.073999882

1.075000048

1.076999903

1.078999996

1.079999924

1.083999872

1.086999893

1.088000059

1.089999914

1.092000008

1.095999956

1.098000050

1.098999977

1.101000071

1.102999926

1.105999947

1.108000040

1.109999895

1.111999989

1.112999916

1.115000010

1.118999958

1.119999886

1.121999979

1.124000072

1.125999928

1.126999855

1.131000042

1.131999969

1.134000063

1.135999918

1.142999887

1.144999981

1.147000074

1.148000002

1.149999857

1.151000023

1.154999971

1.157000065

1.158999920

1.160000086

1.161999941

1.164000034

1.167000055

1.168999910

1.171000004

1.171999931

1.174000025

1.175999880

1.178999901

1.180999994

1.181999922

1.184999943

1.185999870

1.190000057

1.191999912

1.194999933

1.197000027

1.197999954

1.201999903

1.203999996

1.204999924

1.207000017

1.208999872

1.210000038

1.213999987

1.216000080

1.217999935

1.220000029

1.220999956

1.223000050

1.226000071

1.227999926

1.230000019

1.231999874

1.233000040

1.234999895

1.237999916

1.240000010

1.241999865

1.243999958

1.246000051

1.246999979

1.250999928

1.253000021

1.254999876

1.256000042

1.257999897

1.259999990

1.263000011

1.264999866

1.266999960

1.267999887

1.269000053

1.270999908

1.273999929

1.276000023

1.277999878

1.279999971

1.280999899

1.282999992

1.286000013

1.287999868

1.289000034

1.290999889

1.292999983

1.293999910

1.297999859

1.299999952

1.300999880

1.302999973

1.305000067

1.305999994

1.309000015

1.310999870

1.312999964

1.315000057

1.316999912

1.318000078

1.322000027

1.323999882

1.325999975

1.326999903

1.328999996

1.331000090

1.333999872

1.335999966

1.338000059

1.338999987

1.341000080

1.345000029

1.346999884

1.348999977

1.351000071

1.352999926

1.355000019

1.358000040

1.359999895

1.361999989

1.364000082

1.365000010

1.366999865

1.369999886

1.371999979

1.374000072

1.375999928

1.376999855

1.378999949

1.382999897

1.384999990

1.387000084

1.388999939

1.389999866

1.392999887

1.394999981

1.397000074

1.398999929

1.401000023

1.401999950

1.405999899

1.407999992

1.408999920

1.411000013

1.412999868

1.414999962

1.417999983

1.420000076

1.421999931

1.422999859

1.424999952

1.428999901

1.430999994

1.431999922

1.434000015

1.435999870

1.437999964

1.441999912

1.443000078

1.444999933

1.447000027

1.447999954

1.450000048

1.453000069

1.454999924

1.457000017

1.458999872

1.460000038

1.461999893

1.466000080

1.467999935

1.468999863

1.470999956

1.473000050

1.474999905

1.477999926

1.480000019

1.480999947

1.483999968

1.484999895

1.489000082

1.490999937

1.493000031

1.493999958

1.496000051

1.497999907

1.500999928

1.503999949

1.506000042

1.506999969

1.509000063

1.513000011

1.513999939

1.516000032

1.517999887

1.519999981

1.520999908

1.524999857

1.526999950

1.527999878

1.529999971

1.532000065

1.533999920

1.537999868

1.539000034

1.540999889

1.542999983

1.543999910

1.546000004

1.549999952

1.550999880

1.552999973

1.555000067

1.556999922

1.558000088

1.562000036

1.563999891

1.565000057

1.566999912

1.569000006

1.570999861

1.573999882

1.575999975

1.578000069

1.578999996

1.581000090

1.582999945

1.585000038

1.586999893

1.588999987

1.591000080

1.592000008

1.595999956

1.598000050

1.598999977

1.601000071

1.602999926

1.605000019

1.608000040

1.609999895

1.611999989

1.614000082

1.615000010

1.616999865

1.619999886

1.621999979

1.624000072

1.625999928

1.626999855

1.628999949

1.632999897

1.634999990

1.637000084

1.638999939

1.639999866

1.644000053

1.645999908

1.647000074

1.648999929

1.651000023

1.652999878

1.655999899

1.658999920

1.661000013

1.661999941

1.664000034

1.665999889

1.668999910

1.671999931

1.674000025

1.675999880

1.677000046

1.680999994

1.683000088

1.684999943

1.687000036

1.687999964

1.691999912

1.694000006

1.695999861

1.697999954

1.698999882

1.700999975

1.703999996

1.706000090

1.707999945

1.710000038

1.710999966

1.713000059

1.716000080

1.717999935

1.720000029

1.721999884

1.723000050

1.724999905

1.728999853

1.730000019

1.731999874

1.733999968

1.736000061

1.736999989

1.740999937

1.743000031

1.743999958

1.746000051

1.747999907

1.749000072

1.753000021

1.754999876

1.756000042

1.757999897

1.759999990

1.762000084

1.764999866

1.766999960

1.769000053

1.769999981

1.772000074

1.776000023

1.777999878

1.779000044

1.780999899

1.783999920

1.787999868

1.790999889

1.795000076

1.796000004

1.799999952

1.802000046

1.803999901

1.805999994

1.806999922

1.809000015

1.812000036

1.815000057

1.816999912

1.819000006

1.819999933

1.822000027

1.825999975

1.826999903

1.828999996

1.831000090

1.832999945

1.833999872

1.838000059

1.839999914

1.842000008

1.842999935

1.845000029

1.845999956

1.849999905

1.858000040

1.861000061

1.862999916

1.864000082

1.865999937

1.868000031

1.869999886

1.872999907

1.875000000

1.876999855

1.878999949

1.879999876

1.881999969

1.884999990

1.887000084

1.888999939

1.889999866

1.891999960

1.895999908

1.898000002

1.898999929

1.901000023

1.902999878

1.904999971

1.907999992

1.910000086

1.911000013

1.912999868

1.914999962

1.917000055

1.920000076

1.921999931

1.924000025

1.924999952

1.927000046

1.928999901

1.933000088

1.934999943

1.937000036

1.938999891

1.940000057

1.944000006

1.945999861

1.947000027

1.948999882

1.950999975

1.953000069

1.956000090

1.957999945

1.960000038

1.961999893

1.963000059

1.964999914

1.970000029

1.970999956

1.973000050

1.974999905

1.976000071

1.977999926

1.981999874

1.983999968

1.986000061

1.987999916

1.989000082

1.993000031

1.994999886

1.996999979

1.999000072

2.000000000

2.003999949

2.006000042

2.006999969

2.009000063

2.010999918

2.013000011

2.016000032

2.017999887

2.019999981

2.020999908

2.023000002

2.024999857

2.027999878

2.029999971

2.032000065

2.033999920

2.036000013

2.036999941

2.040999889

2.042999983

2.043999910

2.046000004

2.047999859

2.049999952

2.052999973

2.055000067

2.056999922

2.058000088

2.059999943

2.063999891

2.065999985

2.066999912

2.069000006

2.070999861

2.072999954

2.075999975

2.078000069

2.078999996

2.081000090

2.082999945

2.086999893

2.088999987

2.091000080

2.092999935

2.095000029

2.095999956

2.099999905

2.101999998

2.102999926

2.105000019

2.106999874

2.108000040

2.111999989

2.114000082

2.115999937

2.116999865

2.118999958

2.124000072

2.125000000

2.131999969

2.134000063

2.137000084

2.138999939

2.139999866

2.141999960

2.144000053

2.148000002

2.149999857

2.151000023

2.152999878

2.154999971

2.157000065

2.160000086

2.161999941

2.162999868

2.164999962

2.167000055

2.168999910

2.171999931

2.174000025

2.174999952

2.177000046

2.178999901

2.180999994

2.184000015

2.184999943

2.187000036

2.188999891

2.190999985

2.194999933

2.197000027

2.197999954

2.200000048

2.201999903

2.203000069

2.207000017

2.208999872

2.210000038

2.211999893

2.213999987

2.216000080

2.218999863

2.220999956

2.223000050

2.224999905

2.226000071

2.227999926

2.231999874

2.233000040

2.234999895

2.236999989

2.239000082

2.240000010

2.243999958

2.246000051

2.246999979

2.249000072

2.250999928

2.253000021

2.256000042

2.257999897

2.259000063

2.260999918

2.263000011

2.264999866

2.267999887

2.269999981

2.272000074

2.273000002

2.274999857

2.279999971

2.282000065

2.283999920

2.286000013

2.286999941

2.290999889

2.292999983

2.295000076

2.296000004

2.297999859

2.299999952

2.303999901

2.305000067

2.306999922

2.309000015

2.310999870

2.312000036

2.315999985

2.318000078

2.319000006

2.320999861

2.322999954

2.323999882

2.328000069

2.329999924

2.331000090

2.332999945

2.335000038

2.338999987

2.341000080

2.342000008

2.343999863

2.345999956

2.348000050

2.351000071

2.352999926

2.353999853

2.355999947

2.358000040

2.359999895

2.362999916

2.365000010

2.365999937

2.368000031

2.369999886

2.371999979

2.375000000

2.376999855

2.378999949

2.381000042

2.382999897

2.385999918

2.388000011

2.389999866

2.391999960

2.394000053

2.394999981

2.398999929

2.401000023

2.402999878

2.404000044

2.405999899

2.407999992

2.411000013

2.412999868

2.414999962

2.415999889

2.417999983

2.420000076

2.422999859

2.424999952

2.427000046

2.427999973

2.430000067

2.434999943

2.437000036

2.437999964

2.440000057

2.441999912

2.444000006

2.447000027

2.448999882

2.450000048

2.451999903

2.453999996

2.454999924

2.458999872

2.460999966

2.461999893

2.463999987

2.466000080

2.467999935

2.470999956

2.473000050

2.474999905

2.476999998

2.478999853

2.480000019

2.483000040

2.483999968

2.486000061

2.487999916

2.490000010

2.490999937

2.494999886

2.496999979

2.499000072

2.500000000

2.501999855

2.503999949

2.506999969

2.509000063

2.509999990

2.512000084

2.513999939

2.516000032

2.519000053

2.520999908

2.522000074

2.523999929

2.526000023

2.527999878

2.530999899

2.532999992

2.535000086

2.536000013

2.537999868

2.539999962

2.542999983

2.545000076

2.546999931

2.547999859

2.549999952

2.552000046

2.555000067

2.556999922

2.559000015

2.560999870

2.562000036

2.565999985

2.568000078

2.569999933

2.570999861

2.572999954

2.575000048

2.578000069

2.579999924

2.582000017

2.583999872

2.585999966

2.589999914

2.592000008

2.593999863

2.595999956

2.596999884

2.598999977

2.601999998

2.603999853

2.605999947

2.608000040

2.609999895

2.611000061

2.615000010

2.616999865

2.618000031

2.621000051

2.621999979

2.625999928

2.628000021

2.628999949

2.631000042

2.632999897

2.634999990

2.638000011

2.639999866

2.641000032

2.642999887

2.644999981

2.647000074

2.649999857

2.651999950

2.652999878

2.654999971

2.657000065

2.658999920

2.661999941

2.664000034

2.665999889

2.668999910

2.670000076

2.674000025

2.675999880

2.677000046

2.678999901

2.680999994

2.684999943

2.687000036

2.688999891

2.690999985

2.691999912

2.694000006

2.697000027

2.698999882

2.700999975

2.703000069

2.703999996

2.706000090

2.708999872

2.710999966

2.713000059

2.714999914

2.716000080

2.717999935

2.721999884

2.723999977

2.724999905

2.726999998

2.728999853

2.730000019

2.733999968

2.736000061

2.736999989

2.739000082

2.740999937

2.743000031

2.746999979

2.749000072

2.750999928

2.751999855

2.753999949

2.756000042

2.759000063

2.760999918

2.762000084

2.763999939

2.766000032

2.767999887

2.770999908

2.773000002

2.773999929

2.776000023

2.777999878

2.779999971

2.782999992

2.785000086

2.786999941

2.787999868

2.789999962

2.793999910

2.796000004

2.796999931

2.799000025

2.800999880

2.802999973

2.805999994

2.808000088

2.809999943

2.812000036

2.812999964

2.815000057

2.818000078

2.819999933

2.822000027

2.823999882

2.825999975

2.826999903

2.829999924

2.832000017

2.833999872

2.835999966

2.836999893

2.838999987

2.842999935

2.845000029

2.846999884

2.848000050

2.849999905

2.851999998

2.855000019

2.856999874

2.858999968

2.859999895

2.861999989

2.865999937

2.866999865

2.868999958

2.871000051

2.872999907

2.874000072

2.878000021

2.879999876

2.881999969

2.884000063

2.888000011

2.889999866

2.891000032

2.892999887

2.894999981

2.898000002

2.901000023

2.902999878

2.904999971

2.907000065

2.907999992

2.910000086

2.912999868

2.914999962

2.917000055

2.918999910

2.921000004

2.921999931

2.925999880

2.927999973

2.928999901

2.930999994

2.933000088

2.934999943

2.937999964

2.940000057

2.941999912

2.944000006

2.945999861

2.948999882

2.950999975

2.953000069

2.953999996

2.956000090

2.957999945

2.960999966

2.963000059

2.964999914

2.967000008

2.968999863

2.970000029

2.973999977

2.974999905

2.976999998

2.978999853

2.980999947

2.984999895

2.986000061

2.987999916

2.990000010

2.991999865

2.993000031

2.996999979

2.999000072

3.000000000

3.001999855

3.003999949

3.007999897

3.009999990

3.010999918

3.013000011

3.014999866

3.016999960

3.019999981

3.022000074

3.023999929

3.026000023

3.026999950

3.029000044

3.032000065

3.033999920

3.036000013

3.037999868

3.039000034

3.040999889

3.045000076

3.046999931

3.049000025

3.049999952

3.052999973

3.055000067

3.058000088

3.059999943

3.062000036

3.062999964

3.065000057

3.069000006

3.070999861

3.072000027

3.073999882

3.075999975

3.078000069

3.079999924

3.082000017

3.083999872

3.085999966

3.086999893

3.088999987

3.092999935

3.093999863

3.095999956

3.098000050

3.099999905

3.103999853

3.105999947

3.106999874

3.108999968

3.111000061

3.112999916

3.115999937

3.118000031

3.119999886

3.128000021

3.129999876

3.131999969

3.132999897

3.134999990

3.137000084

3.139999866

3.141999960

3.144000053

3.145999908

3.148000002

3.148999929

3.152999878

3.154999971

3.155999899

3.157999992

3.160000086

3.161000013

3.164999962

3.167000055

3.168999910

3.170000076

3.171999931

3.174000025

3.177000046

3.178999901

3.180999994

3.183000088

3.184000015

3.187999964

3.190000057

3.191999912

3.193000078

3.194999933

3.198999882

3.200999975

3.201999903

3.203999996

3.207000017

3.208999872

3.211999893

3.213999987

3.216000080

3.217000008

3.218999863

3.220999956

3.223999977

3.226000071

3.227999926

3.230000019

3.231999874

3.233000040

3.236000061

3.237999916

3.240000010

3.241999865

3.243999958

3.244999886

3.249000072

3.250999928

3.253000021

3.253999949

3.256000042

3.259999990

3.262000084

3.263999939

3.264999866

3.266999960

3.269000053

3.272000074

3.273999929

3.276000023

3.277999878

3.279999971

3.282999992

3.285000086

3.286999941

3.289000034

3.290999889

3.292999983

3.296000004

3.297999859

3.299999952

3.300999880

3.302999973

3.306999922

3.309000015

3.309999943

3.312000036

3.313999891

3.315999985

3.319000006

3.320999861

3.322000027

3.323999882

3.325999975

3.328000069

3.331000090

3.332999945

3.335000038

3.336999893

3.338000059

3.339999914

3.343999863

3.345000029

3.346999884

3.348999977

3.351000071

3.351999998

3.355999947

3.356999874

3.358999968

3.361999989

3.364000082

3.365000010

3.368999958

3.371000051

3.371999979

3.374000072

3.375999928

3.376999855

3.379999876

3.381999969

3.384000063

3.385999918

3.387000084

3.391000032

3.392999887

3.394000053

3.395999908

3.398000002

3.399999857

3.402999878

3.404999971

3.407000065

3.407999992

3.410000086

3.411999941

3.414999962

3.417000055

3.418999910

3.421000004

3.422999859

3.424000025

3.427000046

3.428999901

3.430999994

3.433000088

3.434999943

3.435999870

3.440000057

3.441999912

3.443000078

3.444999933

3.447000027

3.447999954

3.451999903

3.453999996

3.456000090

3.457000017

3.458999872

3.460999966

3.463999987

3.466000080

3.467999935

3.468999863

3.470999956

3.473000050

3.476000071

3.477999926

3.480000019

3.481999874

3.483000040

3.486999989

3.489000082

3.490999937

3.493000031

3.493999958

3.497999907

3.500000000

3.500999928

3.501999855

3.503999949

3.504999876

3.506999969

3.509999990

3.512000084

3.513999939

3.516999960

3.517999887

3.519999981

3.523000002

3.524999857

3.526999950

3.529000044

3.530999899

3.532000065

3.535000086

3.536999941

3.539000034

3.540999889

3.542000055

3.543999910

3.547999859

3.549000025

3.550999880

3.552999973

3.555000067

3.555999994

3.559999943

3.562000036

3.563999891

3.565000057

3.566999912

3.570999861

3.572999954

3.573999882

3.575999975

3.578000069

3.582000017

3.583999872

3.585999966

3.586999893

3.588999987

3.591000080

3.593999863

3.595999956

3.598000050

3.599999905

3.601999998

3.602999926

3.606999874

3.608999968

3.611000061

3.611999989

3.614000082

3.615999937

3.618999958

3.621000051

3.622999907

3.625000000

3.625999928

3.629999876

3.631999969

3.632999897

3.634999990

3.637000084

3.638999939

3.641999960

3.644000053

3.645999908

3.647000074

3.648999929

3.651000023

3.654000044

3.655999899

3.657999992

3.660000086

3.661000013

3.662999868

3.665999889

3.668999910

3.671999931

3.674000025

3.675999880

3.677999973

3.680000067

3.681999922

3.683000088

3.684999943

3.687000036

3.690000057

3.691999912

3.694000006

3.695999861

3.697000027

3.698999882

3.703000069

3.704999924

3.707000017

3.707999945

3.710000038

3.711999893

3.714999914

3.717000008

3.717999935

3.720000029

3.721999884

3.723999977

3.726999998

3.728999853

3.730000019

3.731999874

3.733999968

3.736000061

3.739000082

3.740999937

3.743000031

3.743999958

3.746000051

3.746999979

3.750000000

3.751999855

3.753999949

3.756000042

3.756999969

3.759000063

3.762000084

3.763999939

3.766000032

3.767999887

3.769000053

3.770999908

3.773999929

3.776000023

3.777999878

3.779999971

3.782000065

3.782999992

3.786999941

3.789000034

3.789999962

3.792000055

3.793999910

3.795000076

3.799000025

3.800999880

3.802999973

3.803999901

3.805999994

3.809000015

3.810999870

3.812999964

3.815000057

3.815999985

3.818000078

3.822000027

3.822999954

3.825000048

3.828000069

3.829999924

3.831000090

3.835000038

3.836999893

3.838999987

3.839999914

3.842000008

3.843999863

3.846999884

3.848999977

3.849999905

3.851999998

3.853999853

3.858000040

3.859999895

3.861000061

3.862999916

3.865000010

3.866999865

3.869999886

3.871999979

3.874000072

3.875999928

3.878000021

3.881000042

3.882999897

3.884999990

3.887000084

3.888999939

3.889999866

3.894000053

3.895999908

3.898000002

3.898999929

3.901000023

3.904999971

3.907000065

3.907999992

3.910000086

3.911999941

3.914000034

3.917000055

3.918999910

3.920000076

3.921999931

3.924000025

3.925999880

3.930000067

3.931999922

3.933000088

3.934999943

3.937000036

3.937999964

3.941999912

3.944000006

3.945999861

3.947999954

3.950000048

3.953000069

3.954999924

3.956000090

3.957999945

3.960000038

3.961999893

3.964999914

3.967000008

3.968999863

3.970999956

3.971999884

3.973999977

3.976999998

3.977999926

3.980999947

3.983000040

3.984999895

3.986000061

3.990000010

3.991999865

3.993999958

3.994999886

3.996999979

4.000999928

4.003000021

4.003999949

4.006000042

4.007999897

4.009999990

4.013000011

4.014999866

4.016999960

4.017999887

4.019999981

4.022000074

4.026000023

4.027999878

4.029999971

4.030999899

4.032999992

4.035000086

4.037999868

4.039999962

4.042000055

4.042999983

4.045000076

4.049000025

4.049999952

4.052000046

4.053999901

4.055999994

4.058000088

4.060999870

4.062999964

4.065000057

4.066999912

4.068000078

4.069999933

4.073999882

4.075999975

4.076999903

4.078999996

4.081000090

4.083999872

4.085999966

4.088000059

4.089999914

4.092000008

4.092999935

4.096999884

4.098999977

4.101000071

4.101999998

4.103999853

4.111000061

4.112999916

4.115000010

4.116999865

4.119999886

4.121999979

4.124000072

4.125000000

4.126999855

4.128999949

4.131999969

4.134000063

4.137000084

4.138999939

4.139999866

4.141999960

4.144999981

4.147000074

4.148999929

4.151000023

4.151999950

4.154000044

4.157000065

4.158999920

4.161000013

4.162999868

4.164999962

4.165999889

4.170000076

4.171000004

4.172999859

4.174999952

4.177000046

4.180000067

4.181999922

4.184000015

4.185999870

4.187999964

4.191999912

4.193000078

4.194999933

4.197000027

4.198999882

4.200000048

4.203999996

4.206000090

4.207000017

4.208999872

4.210999966

4.213000059

4.216000080

4.217999935

4.220000029

4.220999956

4.223000050

4.224999905

4.228999853

4.230000019

4.231999874

4.233999968

4.236000061

4.236999989

4.240999937

4.243000031

4.243999958

4.246000051

4.247999907

4.250000000

4.253000021

4.254999876

4.256999969

4.259000063

4.259999990

4.263999939

4.266000032

4.266999960

4.269000053

4.270999908

4.272000074

4.274999857

4.276999950

4.279000044

4.280999899

4.282000065

4.283999920

4.286999941

4.289000034

4.292000055

4.293999910

4.296000004

4.296999931

4.299999952

4.302000046

4.303999901

4.305999994

4.306999922

4.309000015

4.312999964

4.313999891

4.315999985

4.318000078

4.319999933

4.320999861

4.323999882

4.325999975

4.328000069

4.329999924

4.331000090

4.332999945

4.335999966

4.338000059

4.339999914

4.342000008

4.342999935

4.345000029

4.348000050

4.349999905

4.351999998

4.353999853

4.355000019

4.356999874

4.359999895

4.361999989

4.364000082

4.365999937

4.366999865

4.368999958

4.371999979

4.375000000

4.376999855

4.378000021

4.379999876

4.382999897

4.384999990

4.387000084

4.388999939

4.391000032

4.391999960

4.395999908

4.398000002

4.398999929

4.401000023

4.402999878

4.404000044

4.407999992

4.410000086

4.411999941

4.412999868

4.414999962

4.417000055

4.420000076

4.421999931

4.422999859

4.424999952

4.428999901

4.431999922

4.434000015

4.435999870

4.437000036

4.438999891

4.443000078

4.445999861

4.447000027

4.448999882

4.450999975

4.453000069

4.457000017

4.457999945

4.460000038

4.461999893

4.463000059

4.464999914

4.467999935

4.470000029

4.471999884

4.473999977

4.476000071

4.478999853

4.480999947

4.483000040

4.484999895

4.486999989

4.487999916

4.491999865

4.493999958

4.496000051

4.497999907

4.499000072

4.503000021

4.504999876

4.506999969

4.507999897

4.509999990

4.512000084

4.516000032

4.517999887

4.519000053

4.520999908

4.523000002

4.523999929

4.527999878

4.529999971

4.530999899

4.532999992

4.535000086

4.536999941

4.539999962

4.542000055

4.543999910

4.545000076

4.546999931

4.549000025

4.552000046

4.553999901

4.555000067

4.556999922

4.559000015

4.560999870

4.563999891

4.565999985

4.568000078

4.569999933

4.570999861

4.572000027

4.575000048

4.576999903

4.578999996

4.579999924

4.582000017

4.585999966

4.588000059

4.588999987

4.591000080

4.592999935

4.595000029

4.598000050

4.601000071

4.602999926

4.603999853

4.605999947

4.608000040

4.611000061

4.612999916

4.615000010

4.616999865

4.618000031

4.619999886

4.622999907

4.625000000

4.626999855

4.628999949

4.629999876

4.631999969

4.635999918

4.638000011

4.639999866

4.641000032

4.642999887

4.644999981

4.648000002

4.649999857

4.651000023

4.652999878

4.654999971

4.657000065

4.660000086

4.661999941

4.664000034

4.665999889

4.667999983

4.671000004

4.674000025

4.674999952

4.677000046

4.678999901

4.681999922

4.684000015

4.685999870

4.687999964

4.690000057

4.690999985

4.694999933

4.697000027

4.698999882

4.700000048

4.701999903

4.703999996

4.707000017

4.708999872

4.710999966

4.711999893

4.713999987

4.716000080

4.718999863

4.720999956

4.721999884

4.723999977

4.726000071

4.730000019

4.730999947

4.733000040

4.734999895

4.736999989

4.739000082

4.741999865

4.743999958

4.744999886

4.746999979

4.749000072

4.750999928

4.753999949

4.756999969

4.759000063

4.760999918

4.762000084

4.763999939

4.766999960

4.769000053

4.770999908

4.773000002

4.774999857

4.776000023

4.779999971

4.780999899

4.782999992

4.785000086

4.786000013

4.787999868

4.792000055

4.792999983

4.795000076

4.796999931

4.799000025

4.799999952

4.802999973

4.805000067

4.806999922

4.809000015

4.810999870

4.813999891

4.815999985

4.818000078

4.819999933

4.822000027

4.822999954

4.826999903

4.828999996

4.829999924

4.832000017

4.833999872

4.835999966

4.838999987

4.841000080

4.842999935

4.845000029

4.845999956

4.849999905

4.851999998

4.852999926

4.855000019

4.856999874

4.858999968

4.861999989

4.864000082

4.865999937

4.868000031

4.868999958

4.871000051

4.874000072

4.875000000

4.876999855

4.878999949

4.881000042

4.881999969

4.885999918

4.888000011

4.889999866

4.891999960

4.892999887

4.897000074

4.898999929

4.899999857

4.901999950

4.904000044

4.905999899

4.910000086

4.911999941

4.914000034

4.915999889

4.917000055

4.918999910

4.922999859

4.924000025

4.925999880

4.927999973

4.930000067

4.931999922

4.934999943

4.937000036

4.937999964

4.940000057

4.941999912

4.944000006

4.947000027

4.948999882

4.950999975

4.953000069

4.954999924

4.957999945

4.960000038

4.961999893

4.963999987

4.964999914

4.967000008

4.970000029

4.973000050

4.974999905

4.976999998

4.978999853

4.981999874

4.983999968

4.986000061

4.987999916

4.989000082

4.993000031

4.994999886

4.996000051

4.997999907

5.000000000

5.001999855

5.004999876

5.006999969

5.009000063

5.010999918

5.012000084

5.013999939

5.016999960

5.019000053

5.020999908

5.023000002

5.024999857

5.026000023

5.029999971

5.032000065

5.032999992

5.035000086

5.036999941

5.039000034

5.042000055

5.043999910

5.046000004

5.047999859

5.049000025

5.052999973

5.055000067

5.055999994

5.058000088

5.059999943

5.062000036

5.065999985

5.068000078

5.069999933

5.072000027

5.073999882

5.078000069

5.078999996

5.081000090

5.082999945

5.085000038

5.085999966

5.089999914

5.092000008

5.093999863

5.101000071

5.102999926

5.105000019

5.106999874

5.108999968

5.112999916

5.115000010

5.115999937

5.118000031

5.119999886

5.121999979

5.125000000

5.126999855

5.128999949

5.131000042

5.131999969

5.134000063

5.137000084

5.138999939

5.141000032

5.142999887

5.144999981

5.145999908

5.149999857

5.151999950

5.152999878

5.154999971

5.157000065

5.157999992

5.161999941

5.164000034

5.164999962

5.167000055

5.168999910

5.170000076

5.172999859

5.174999952

5.177000046

5.178999901

5.180000067

5.184000015

5.185999870

5.187000036

5.188999891

5.190999985

5.193000078

5.195999861

5.197999954

5.200000048

5.201999903

5.203000069

5.204999924

5.207999945

5.210000038

5.211999893

5.213999987

5.214999914

5.217000008

5.221999884

5.223000050

5.224999905

5.226999998

5.227999926

5.230000019

5.233000040

5.234999895

5.236999989

5.239000082

5.240999937

5.243000031

5.246000051

5.247999907

5.250000000

5.250999928

5.253000021

5.254999876

5.257999897

5.259999990

5.262000084

5.263000011

5.264999866

5.266999960

5.269999981

5.272000074

5.273999929

5.276000023

5.277999878

5.280999899

5.282999992

5.285000086

5.286999941

5.287999868

5.292000055

5.293999910

5.295000076

5.296999931

5.299000025

5.300999880

5.303999901

5.305999994

5.308000088

5.309999943

5.312000036

5.312999964

5.315999985

5.318000078

5.319999933

5.322000027

5.322999954

5.325000048

5.328000069

5.329999924

5.332000017

5.333999872

5.335999966

5.336999893

5.341000080

5.342999935

5.343999863

5.345999956

5.348000050

5.348999977

5.352999926

5.355000019

5.356999874

5.358000040

5.359999895

5.361999989

5.365000010

5.366999865

5.368999958

5.371000051

5.372999907

5.376999855

5.378999949

5.381000042

5.382999897

5.384000063

5.388000011

5.389999866

5.391000032

5.392999887

5.394999981

5.397000074

5.399999857

5.401999950

5.404000044

5.405999899

5.407000065

5.408999920

5.412999868

5.414999962

5.417000055

5.417999983

5.420000076

5.421999931

5.424999952

5.427000046

5.428999901

5.430999994

5.431999922

5.435999870

5.437999964

5.438999891

5.440999985

5.443000078

5.444999933

5.447999954

5.450000048

5.451999903

5.453999996

5.454999924

5.457000017

5.460999966

5.461999893

5.463999987

5.466000080

5.467999935

5.468999863

5.471999884

5.473999977

5.476000071

5.477999926

5.478999853

5.483000040

5.484999895

5.486000061

5.487999916

5.490000010

5.491999865

5.494999886

5.496999979

5.499000072

5.500999928

5.501999855

5.503999949

5.506999969

5.509000063

5.510999918

5.513000011

5.513999939

5.516000032

5.519000053

5.520999908

5.523000002

5.524999857

5.526999950

5.527999878

5.532999992

5.535000086

5.536000013

5.537999868

5.539999962

5.542000055

5.545000076

5.546999931

5.549000025

5.549999952

5.552000046

5.555999994

5.558000088

5.559999943

5.560999870

5.562999964

5.565000057

5.568000078

5.570999861

5.572999954

5.573999882

5.575999975

5.578999996

5.581000090

5.582999945

5.585000038

5.586999893

5.588000059

5.592000008

5.593999863

5.595000029

5.596999884

5.598999977

5.599999905

5.603999853

5.605999947

5.608000040

5.608999968

5.611000061

5.612999916

5.615999937

5.618000031

5.619999886

5.621999979

5.622999907

5.626999855

5.628999949

5.629999876

5.631999969

5.634000063

5.635999918

5.638999939

5.641000032

5.642999887

5.644999981

5.645999908

5.648000002

5.651999950

5.652999878

5.654999971

5.657000065

5.658999920

5.660000086

5.664000034

5.665999889

5.667999983

5.670000076

5.674000025

5.675999880

5.677000046

5.678999901

5.680999994

5.683000088

5.687000036

5.688999891

5.690999985

5.693000078

5.694000006

5.695999861

5.700000048

5.701999903

5.703000069

5.704999924

5.707000017

5.707999945

5.711999893

5.713999987

5.716000080

5.717000008

5.718999863

5.720999956

5.723999977

5.726000071

5.727999926

5.728999853

5.730999947

5.733000040

5.736000061

5.737999916

5.739000082

5.740999937

5.743000031

5.744999886

5.747999907

5.750000000

5.751999855

5.753000021

5.754999876

5.759000063

5.760999918

5.762000084

5.763999939

5.766000032

5.767999887

5.772000074

5.774999857

5.777999878

5.782000065

5.783999920

5.786000013

5.787999868

5.789000034

5.790999889

5.795000076

5.796000004

5.797999859

5.799000025

5.800999880

5.802999973

5.805999994

5.808000088

5.809000015

5.810999870

5.812999964

5.815000057

5.818000078

5.819999933

5.822000027

5.823999882

5.825999975

5.826999903

5.831000090

5.832999945

5.833999872

5.835999966

5.838000059

5.839999914

5.843999863

5.845999956

5.848000050

5.849999905

5.851000071

5.855000019

5.856999874

5.858000040

5.859999895

5.861999989

5.862999916

5.866999865

5.868999958

5.871000051

5.872999907

5.875000000

5.878000021

5.879999876

5.881999969

5.884000063

5.885999918

5.887000084

5.891000032

5.892999887

5.894999981

5.897000074

5.898000002

5.901999950

5.904000044

5.904999971

5.907000065

5.908999920

5.911000013

5.914000034

5.915999889

5.917999983

5.920000076

5.921000004

5.922999859

5.925999880

5.927999973

5.930000067

5.931999922

5.934000015

5.934999943

5.938999891

5.940999985

5.943000078

5.944000006

5.945999861

5.947999954

5.950999975

5.953000069

5.953999996

5.956000090

5.957999945

5.958999872

5.963000059

5.964999914

5.967000008

5.968999863

5.970000029

5.973999977

5.976000071

5.977999926

5.980000019

5.980999947

5.984999895

5.986999989

5.987999916

5.990000010

5.991999865

5.994999886

5.997999907

6.000000000

6.001999855

6.003999949

6.006000042

6.006999969

6.010999918

6.013000011

6.014999866

6.016000032

6.017999887

6.019999981

6.023000002

6.024999857

6.026999950

6.027999878

6.029999971

6.033999920

6.036000013

6.037999868

