1583084664.321000099

1583084664.322999954

1583084664.323999882

1583084664.325999975

1583084664.331000090

1583084664.334000111

1583084664.338999987

1583084664.349999905

1583084664.355000019

1583084664.358999968

1583084664.368999958

1583084664.378000021

1583084664.384000063

1583084664.385999918

1583084664.388000011

1583084664.391999960

1583084664.394000053

1583084664.395999908

1583084664.398000002

1583084664.400000095

1583084664.405999899

1583084664.407999992

1583084664.410000086

1583084664.411999941

1583084664.413000107

1583084664.417000055

1583084664.418999910

1583084664.421000004

1583084664.424999952

1583084664.428999901

1583084664.430000067

1583084664.431999922

1583084664.434000015

1583084664.436000109

1583084664.437000036

1583084664.440999985

1583084664.444999933

1583084664.447000027

1583084664.447999954

1583084664.451999903

1583084664.453000069

1583084664.454999924

1583084664.457000017

1583084664.459000111

1583084664.464999914

1583084664.467000008

1583084664.469000101

1583084664.470999956

1583084664.471999884

1583084664.476000071

1583084664.477999926

1583084664.479000092

1583084664.483999968

1583084664.486999989

1583084664.490000010

1583084664.492000103

1583084664.493999958

1583084664.494999886

1583084664.496999979

1583084664.500000000

1583084664.505000114

1583084664.506999969

1583084664.507999897

1583084664.512000084

1583084664.513000011

1583084664.515000105

1583084664.516999960

1583084664.519000053

1583084664.523999929

1583084664.526000023

1583084664.528000116

1583084664.529999971

1583084664.530999899

1583084664.532999992

1583084664.536000013

1583084664.538000107

1583084664.542000055

1583084664.543999910

1583084664.545000076

1583084664.549000025

1583084664.551000118

1583084664.552999973

1583084664.553999901

1583084664.555999994

1583084664.562000036

1583084664.563999891

1583084664.566999912

1583084664.568000078

1583084664.572000027

1583084664.573999882

1583084664.575000048

1583084664.576999903

1583084664.582999945

1583084664.585000038

1583084664.586999893

1583084664.588999987

1583084664.589999914

1583084664.592000008

1583084664.595000029

1583084664.596999884

1583084664.601999998

1583084664.604000092

1583084664.607000113

1583084664.608999968

1583084664.611000061

1583084664.612999916

1583084664.614000082

1583084664.615999937

1583084664.622999907

1583084664.625000000

1583084664.627000093

1583084664.628999949

1583084664.631999969

1583084664.634000063

1583084664.634999990

1583084664.637000084

1583084664.644000053

1583084664.644999981

1583084664.647000074

1583084664.648999929

1583084664.651000023

1583084664.653000116

1583084664.655999899

1583084664.661000013

1583084664.664999962

1583084664.667999983

1583084664.671000004

1583084664.673000097

1583084664.674000025

1583084664.676000118

1583084664.680000067

1583084664.680999994

1583084664.686000109

1583084664.687999964

1583084664.690999985

1583084664.691999912

1583084664.694000006

1583084664.696000099

1583084664.697999954

1583084664.698999882

1583084664.706000090

1583084664.707999945

1583084664.710000038

1583084664.711999893

1583084664.714999914

1583084664.717000008

1583084664.717999935

1583084664.720000029

1583084664.730000019

1583084664.732000113

1583084664.733999968

1583084664.736000061

1583084664.739000082

1583084664.740999937

1583084664.743000031

1583084664.744999886

1583084664.750999928

1583084664.752000093

1583084664.755000114

1583084664.756999969

1583084664.759000063

1583084664.760999918

1583084664.763999939

1583084664.765000105

1583084664.769999981

1583084664.772000074

1583084664.775000095

1583084664.776999950

1583084664.779000044

1583084664.780999899

1583084664.782999992

1583084664.783999920

1583084664.790999889

1583084664.792999983

1583084664.793999910

1583084664.796000004

1583084664.799000025

1583084664.801000118

1583084664.802999973

1583084664.805000067

1583084664.811000109

1583084664.812999964

1583084664.813999891

1583084664.815999985

1583084664.818000078

1583084664.819999933

1583084664.822999954

1583084664.823999882

1583084664.828999996

1583084664.831000090

1583084664.832000017

1583084664.835999966

1583084664.838000059

1583084664.839999914

1583084664.842000008

1583084664.842999935

1583084664.848999977

1583084664.851000071

1583084664.851999998

1583084664.854000092

1583084664.855000019

1583084664.855999947

1583084664.859999895

1583084664.861999989

1583084664.865999937

1583084664.869999886

1583084664.871999979

1583084664.874000072

1583084664.875999928

1583084664.877000093

1583084664.878999949

1583084664.881999969

1583084664.888000011

1583084664.890000105

1583084664.891000032

1583084664.894999981

1583084664.895999908

1583084664.898000002

1583084664.900000095

1583084664.901999950

1583084664.907000065

1583084664.908999920

1583084664.911000013

1583084664.913000107

1583084664.914000034

1583084664.915999889

1583084664.918999910

1583084664.921000004

1583084664.926000118

1583084664.927999973

1583084664.930999994

1583084664.933000088

1583084664.934999943

1583084664.937000036

1583084664.937999964

1583084664.940000057

1583084664.946000099

1583084664.947999954

1583084664.950000048

1583084664.951999903

1583084664.954999924

1583084664.956000090

1583084664.957999945

1583084664.960000038

1583084664.963999987

1583084664.967999935

1583084664.970000029

1583084664.971999884

1583084664.973000050

1583084664.974999905

1583084664.979000092

1583084664.980000019

1583084664.984999895

1583084664.986999989

1583084664.987999916

1583084664.992000103

1583084664.993999958

1583084664.996000051

1583084664.996999979

1583084664.999000072

1583084665.005000114

1583084665.006999969

1583084665.009000063

1583084665.010999918

1583084665.013999939

1583084665.016000032

1583084665.017999887

1583084665.020999908

1583084665.026999950

1583084665.028000116

1583084665.029999971

1583084665.032000065

1583084665.033999920

1583084665.036000013

1583084665.039000034

1583084665.040999889

1583084665.046000004

1583084665.046999931

1583084665.051000118

1583084665.052999973

1583084665.059000015

1583084665.059999943

1583084665.063999891

1583084665.066999912

1583084665.071000099

1583084665.073999882

1583084665.075999975

1583084665.078000069

1583084665.079999924

1583084665.081000090

1583084665.082999945

1583084665.085999966

1583084665.091000080

1583084665.092999935

1583084665.095000029

1583084665.098000050

1583084665.099999905

1583084665.101999998

1583084665.104000092

1583084665.105000019

1583084665.111999989

1583084665.114000082

1583084665.115000010

1583084665.117000103

1583084665.118999958

1583084665.121999979

1583084665.124000072

1583084665.125999928

1583084665.130000114

1583084665.134000063

1583084665.134999990

1583084665.137000084

1583084665.138999939

1583084665.141000032

1583084665.141999960

1583084665.145999908

1583084665.150000095

1583084665.153000116

1583084665.154000044

1583084665.155999899

1583084665.160000086

1583084665.161000013

1583084665.163000107

1583084665.164999962

1583084665.171000004

1583084665.173000097

1583084665.174999952

1583084665.177000046

1583084665.178999901

1583084665.181999922

1583084665.183000088

1583084665.184999943

1583084665.190000057

1583084665.194000006

1583084665.196000099

1583084665.197000027

1583084665.198999882

1583084665.200999975

1583084665.203000069

1583084665.206000090

1583084665.210999966

1583084665.213000059

1583084665.213999987

1583084665.217999935

1583084665.219000101

1583084665.220999956

1583084665.223000050

1583084665.224999905

1583084665.230999947

1583084665.233000040

1583084665.234999895

1583084665.236999989

1583084665.239000082

1583084665.242000103

1583084665.243999958

1583084665.246000051

1583084665.250000000

1583084665.250999928

1583084665.255000114

1583084665.256999969

1583084665.259000063

1583084665.259999990

1583084665.262000084

1583084665.265000105

1583084665.269000053

1583084665.270999908

1583084665.273000002

1583084665.273999929

1583084665.278000116

1583084665.279999971

1583084665.280999899

1583084665.282999992

1583084665.289999962

1583084665.292000055

1583084665.293999910

1583084665.296000004

1583084665.296999931

1583084665.299000025

1583084665.302000046

1583084665.303999901

1583084665.309000015

1583084665.311000109

1583084665.313999891

1583084665.315999985

1583084665.318000078

1583084665.319999933

1583084665.322000027

1583084665.322999954

1583084665.328999996

1583084665.331000090

1583084665.332999945

1583084665.335000038

1583084665.338000059

1583084665.339999914

1583084665.342000008

1583084665.344000101

1583084665.349999905

1583084665.351000071

1583084665.352999926

1583084665.355000019

1583084665.358000040

1583084665.358999968

1583084665.362999916

1583084665.365000010

1583084665.368999958

1583084665.372999907

1583084665.375000000

1583084665.375999928

1583084665.378000021

1583084665.380000114

1583084665.381999969

1583084665.384999990

1583084665.390000105

1583084665.391999960

1583084665.392999887

1583084665.397000074

1583084665.398000002

1583084665.400000095

1583084665.401999950

1583084665.404000044

1583084665.408999920

1583084665.411000013

1583084665.413000107

1583084665.414999962

1583084665.417999983

1583084665.418999910

1583084665.423000097

1583084665.428999901

1583084665.434999943

1583084665.437000036

1583084665.438999891

1583084665.440999985

1583084665.443000078

1583084665.446000099

1583084665.447999954

1583084665.450000048

1583084665.453999996

1583084665.457999945

1583084665.459000111

1583084665.460999966

1583084665.463000059

1583084665.464999914

1583084665.469000101

1583084665.470999956

1583084665.474999905

1583084665.476999998

1583084665.477999926

1583084665.482000113

1583084665.483999968

1583084665.484999895

1583084665.486999989

1583084665.489000082

1583084665.494999886

1583084665.496999979

1583084665.499000072

1583084665.500999928

1583084665.503000021

1583084665.506000042

1583084665.507999897

1583084665.509999990

1583084665.513999939

1583084665.516999960

1583084665.517999887

1583084665.519999981

1583084665.522000074

1583084665.523999929

1583084665.525000095

1583084665.529000044

1583084665.532999992

1583084665.535000086

1583084665.536000013

1583084665.538000107

1583084665.542000055

1583084665.542999983

1583084665.545000076

1583084665.546999931

1583084665.553999901

1583084665.555000067

1583084665.556999922

1583084665.559000015

1583084665.561000109

1583084665.562000036

1583084665.565000057

1583084665.566999912

1583084665.571000099

1583084665.572999954

1583084665.575000048

1583084665.578000069

1583084665.579999924

1583084665.582000017

1583084665.582999945

1583084665.585000038

1583084665.591000080

1583084665.592999935

1583084665.595000029

1583084665.596999884

1583084665.598999977

1583084665.601999998

1583084665.604000092

1583084665.605999947

1583084665.609999895

1583084665.612999916

1583084665.615000010

1583084665.617000103

1583084665.618999958

1583084665.619999886

1583084665.621999979

1583084665.625000000

1583084665.630000114

1583084665.631999969

1583084665.632999897

1583084665.637000084

1583084665.638999939

1583084665.640000105

1583084665.641999960

1583084665.644000053

1583084665.650000095

1583084665.651999950

1583084665.654000044

1583084665.655999899

1583084665.657000065

1583084665.661000013

1583084665.661999941

1583084665.664999962

1583084665.668999910

1583084665.673000097

1583084665.674999952

1583084665.677000046

1583084665.678999901

1583084665.680000067

1583084665.684999943

1583084665.687000036

1583084665.690999985

1583084665.693000078

1583084665.694000006

1583084665.697999954

1583084665.700000048

1583084665.701999903

1583084665.703000069

1583084665.704999924

1583084665.710999966

1583084665.713000059

1583084665.714999914

1583084665.717000008

1583084665.717999935

1583084665.721999884

1583084665.723999977

1583084665.724999905

1583084665.730000019

1583084665.733000040

1583084665.734999895

1583084665.736000061

1583084665.737999916

1583084665.740000010

1583084665.742000103

1583084665.744999886

1583084665.749000072

1583084665.750999928

1583084665.752000093

1583084665.753999949

1583084665.756999969

1583084665.759000063

1583084665.760999918

1583084665.763000011

1583084665.769000053

1583084665.770999908

1583084665.773000002

1583084665.775000095

1583084665.776999950

1583084665.779999971

1583084665.782000065

1583084665.783999920

1583084665.788000107

1583084665.789000034

1583084665.792999983

1583084665.795000076

1583084665.796999931

1583084665.803999901

1583084665.805999994

1583084665.808000088

1583084665.812000036

1583084665.816999912

1583084665.818000078

1583084665.819999933

1583084665.822000027

1583084665.823999882

1583084665.825000048

1583084665.828999996

1583084665.832999945

1583084665.835000038

1583084665.836999893

1583084665.838000059

1583084665.842000008

1583084665.844000101

1583084665.845000029

1583084665.846999884

1583084665.854000092

1583084665.855000019

1583084665.857000113

1583084665.858999968

1583084665.859999895

1583084665.861999989

1583084665.865000010

1583084665.867000103

1583084665.871000051

1583084665.872999907

1583084665.875999928

1583084665.878000021

1583084665.880000114

1583084665.881999969

1583084665.882999897

1583084665.884999990

1583084665.891000032

1583084665.894000053

1583084665.894999981

1583084665.897000074

1583084665.900000095

1583084665.901999950

1583084665.904000044

1583084665.905999899

1583084665.911999941

1583084665.913000107

1583084665.914999962

1583084665.917000055

1583084665.918999910

1583084665.920000076

1583084665.924000025

1583084665.926000118

1583084665.930000067

1583084665.931999922

1583084665.933000088

1583084665.937000036

1583084665.938999891

1583084665.940999985

1583084665.941999912

1583084665.944000006

1583084665.950999975

1583084665.953000069

1583084665.954999924

1583084665.956000090

1583084665.957999945

1583084665.961999893

1583084665.964999914

1583084665.967999935

1583084665.976000071

1583084665.977999926

1583084665.980000019

1583084665.980999947

1583084665.984999895

1583084665.986000061

1583084665.987999916

1583084665.990000010

1583084665.996999979

1583084665.997999907

1583084666.000000000

1583084666.002000093

1583084666.003999949

1583084666.006000042

1583084666.009000063

1583084666.009999990

1583084666.015000105

1583084666.016999960

1583084666.019000053

1583084666.022000074

1583084666.023999929

1583084666.026000023

1583084666.028000116

1583084666.029000044

1583084666.035000086

1583084666.036999941

1583084666.039000034

1583084666.040999889

1583084666.042000055

1583084666.046000004

1583084666.046999931

1583084666.049000025

1583084666.053999901

1583084666.056999922

1583084666.059000015

1583084666.061000109

1583084666.062999964

1583084666.065000057

1583084666.068000078

1583084666.069999933

1583084666.075000048

1583084666.076999903

1583084666.081000090

1583084666.082999945

1583084666.085000038

1583084666.086999893

1583084666.088000059

1583084666.089999914

1583084666.095999956

1583084666.098000050

1583084666.099999905

1583084666.101999998

1583084666.105000019

1583084666.107000113

1583084666.108000040

1583084666.109999895

1583084666.117000103

1583084666.118999958

1583084666.119999886

1583084666.121999979

1583084666.124000072

1583084666.125999928

1583084666.128999949

1583084666.130000114

1583084666.134999990

1583084666.137000084

1583084666.142999887

1583084666.144999981

1583084666.147000074

1583084666.148999929

1583084666.151000023

1583084666.154000044

1583084666.158999920

1583084666.160000086

1583084666.161999941

1583084666.164000034

1583084666.165999889

1583084666.167999983

1583084666.170000076

1583084666.171999931

1583084666.177999973

1583084666.178999901

1583084666.181999922

1583084666.183000088

1583084666.184999943

1583084666.187999964

1583084666.190000057

1583084666.191999912

1583084666.196000099

1583084666.197999954

1583084666.200999975

1583084666.203000069

1583084666.204999924

1583084666.206000090

1583084666.207999945

1583084666.210000038

1583084666.217000008

1583084666.219000101

1583084666.220000029

1583084666.221999884

1583084666.226000071

1583084666.227999926

1583084666.229000092

1583084666.230999947

1583084666.236999989

1583084666.239000082

1583084666.240999937

1583084666.243000031

1583084666.243999958

1583084666.246000051

1583084666.250000000

1583084666.252000093

1583084666.256000042

1583084666.257999897

1583084666.262000084

1583084666.263999939

1583084666.266000032

1583084666.267999887

1583084666.269000053

1583084666.273000002

1583084666.276999950

1583084666.279000044

1583084666.280999899

1583084666.283999920

1583084666.286000013

1583084666.288000107

1583084666.289000034

1583084666.290999889

1583084666.296999931

1583084666.299000025

1583084666.301000118

1583084666.302999973

1583084666.303999901

1583084666.308000088

1583084666.309999943

1583084666.311000109

1583084666.315999985

1583084666.316999912

1583084666.321000099

1583084666.322999954

1583084666.325000048

1583084666.325999975

1583084666.328000069

1583084666.329999924

1583084666.335999966

1583084666.338000059

1583084666.338999987

1583084666.341000080

1583084666.345000029

1583084666.348000050

1583084666.349999905

1583084666.351000071

1583084666.357000113

1583084666.359999895

1583084666.361999989

1583084666.364000082

1583084666.365000010

1583084666.368999958

1583084666.371000051

1583084666.372999907

1583084666.377000093

1583084666.381000042

1583084666.382999897

1583084666.384999990

1583084666.385999918

1583084666.388000011

1583084666.390000105

1583084666.392999887

1583084666.398000002

1583084666.398999929

1583084666.401000023

1583084666.404999971

1583084666.407000065

1583084666.407999992

1583084666.410000086

1583084666.411999941

1583084666.417999983

1583084666.418999910

1583084666.421000004

1583084666.423000097

1583084666.424999952

1583084666.427999973

1583084666.430000067

1583084666.431999922

1583084666.436000109

1583084666.440000057

1583084666.440999985

1583084666.443000078

1583084666.444999933

1583084666.447000027

1583084666.447999954

1583084666.451999903

1583084666.456000090

1583084666.457999945

1583084666.459000111

1583084666.460999966

1583084666.463999987

1583084666.464999914

1583084666.467999935

1583084666.469000101

1583084666.474999905

1583084666.476999998

1583084666.479000092

1583084666.482000113

1583084666.483000040

1583084666.484999895

1583084666.487999916

1583084666.490000010

1583084666.494999886

1583084666.496999979

1583084666.500000000

1583084666.502000093

1583084666.503999949

1583084666.512000084

1583084666.513000011

1583084666.515000105

1583084666.519000053

1583084666.520999908

1583084666.523999929

1583084666.526000023

1583084666.528000116

1583084666.529000044

1583084666.530999899

1583084666.532000065

1583084666.539000034

1583084666.540999889

1583084666.542999983

1583084666.545000076

1583084666.548000097

1583084666.549999952

1583084666.551000118

1583084666.552999973

1583084666.556999922

1583084666.561000109

1583084666.562999964

1583084666.565000057

1583084666.566999912

1583084666.568000078

1583084666.572000027

1583084666.573999882

1583084666.578000069

1583084666.578999996

1583084666.582999945

1583084666.584000111

1583084666.585999966

1583084666.588000059

1583084666.589999914

1583084666.591000080

1583084666.598000050

1583084666.599999905

1583084666.601999998

1583084666.604000092

1583084666.607000113

1583084666.608000040

1583084666.609999895

1583084666.611999989

1583084666.617000103

1583084666.621000051

1583084666.622999907

1583084666.624000072

1583084666.625999928

1583084666.628000021

1583084666.630000114

1583084666.632999897

1583084666.638000011

1583084666.638999939

1583084666.641000032

1583084666.644000053

1583084666.645999908

1583084666.648000002

1583084666.650000095

1583084666.651999950

1583084666.658999920

1583084666.661000013

1583084666.663000107

1583084666.667000055

1583084666.668999910

1583084666.671000004

1583084666.671999931

1583084666.674000025

1583084666.680000067

1583084666.681999922

1583084666.684000015

1583084666.686000109

1583084666.687999964

1583084666.690999985

1583084666.693000078

1583084666.694999933

1583084666.698999882

1583084666.700000048

1583084666.703999996

1583084666.706000090

1583084666.707999945

1583084666.709000111

1583084666.710999966

1583084666.713000059

1583084666.719000101

1583084666.720999956

1583084666.723000050

1583084666.723999977

1583084666.727999926

1583084666.730000019

1583084666.732000113

1583084666.733000040

1583084666.739000082

1583084666.740999937

1583084666.743000031

1583084666.744999886

1583084666.746000051

1583084666.747999907

1583084666.752000093

1583084666.753999949

1583084666.757999897

1583084666.759999990

1583084666.763000011

1583084666.765000105

1583084666.766000032

1583084666.767999887

1583084666.769999981

1583084666.772000074

1583084666.778000116

1583084666.779999971

1583084666.782000065

1583084666.783999920

1583084666.786999941

1583084666.789000034

1583084666.790999889

1583084666.792999983

1583084666.799000025

1583084666.799999952

1583084666.802000046

1583084666.803999901

1583084666.805999994

1583084666.806999922

1583084666.811000109

1583084666.812999964

1583084666.816999912

1583084666.819000006

1583084666.821000099

1583084666.823999882

1583084666.825999975

1583084666.828000069

1583084666.828999996

1583084666.831000090

1583084666.842999935

1583084666.844000101

1583084666.848000050

1583084666.849999905

1583084666.851999998

1583084666.852999926

1583084666.855000019

1583084666.858999968

1583084666.864000082

1583084666.865000010

1583084666.867000103

1583084666.869999886

1583084666.871999979

1583084666.874000072

1583084666.875999928

1583084666.877000093

1583084666.884999990

1583084666.887000084

1583084666.888999939

1583084666.890000105

1583084666.891999960

1583084666.894999981

1583084666.897000074

1583084666.898999929

1583084666.903000116

1583084666.904000044

1583084666.907999992

1583084666.910000086

1583084666.911000013

1583084666.913000107

1583084666.914999962

1583084666.918999910

1583084666.923000097

1583084666.924999952

1583084666.926000118

1583084666.927999973

1583084666.931999922

1583084666.934000015

1583084666.934999943

1583084666.937000036

1583084666.943000078

1583084666.944000006

1583084666.946000099

1583084666.947999954

1583084666.950000048

1583084666.951999903

1583084666.954999924

1583084666.957000017

1583084666.960999966

1583084666.963000059

1583084666.964999914

1583084666.967999935

1583084666.970000029

1583084666.971999884

1583084666.973000050

1583084666.974999905

1583084666.980999947

1583084666.983000040

1583084666.984999895

1583084666.986999989

1583084666.990000010

1583084666.992000103

1583084666.993999958

1583084666.994999886

1583084667.002000093

1583084667.003000021

1583084667.005000114

1583084667.006999969

1583084667.009000063

1583084667.010999918

1583084667.013999939

1583084667.015000105

1583084667.020999908

1583084667.023000002

1583084667.023999929

1583084667.028000116

1583084667.029999971

1583084667.032000065

1583084667.032999992

1583084667.035000086

1583084667.040999889

1583084667.042999983

1583084667.045000076

1583084667.046000004

1583084667.048000097

1583084667.052000046

1583084667.052999973

1583084667.055000067

1583084667.059999943

1583084667.062000036

1583084667.063999891

1583084667.065999985

1583084667.068000078

1583084667.069000006

1583084667.071000099

1583084667.073999882

1583084667.078999996

1583084667.081000090

1583084667.082000017

1583084667.085999966

1583084667.086999893

1583084667.088999987

1583084667.091000080

1583084667.092999935

1583084667.098000050

1583084667.099999905

1583084667.101999998

1583084667.104000092

1583084667.105000019

1583084667.107000113

1583084667.109999895

1583084667.111999989

1583084667.117000103

1583084667.118999958

1583084667.121999979

1583084667.124000072

1583084667.125999928

1583084667.128000021

1583084667.128999949

1583084667.131000042

1583084667.137000084

1583084667.138999939

1583084667.141000032

1583084667.142999887

1583084667.145999908

1583084667.148000002

1583084667.150000095

1583084667.151000023

1583084667.158999920

1583084667.160000086

1583084667.163000107

1583084667.164000034

1583084667.165999889

1583084667.170000076

1583084667.171999931

1583084667.173000097

1583084667.177999973

1583084667.184999943

1583084667.187000036

1583084667.187999964

1583084667.190000057

1583084667.191999912

1583084667.194999933

1583084667.197000027

1583084667.200999975

1583084667.203000069

1583084667.206000090

1583084667.207999945

1583084667.209000111

1583084667.210999966

1583084667.213000059

1583084667.214999914

1583084667.220999956

1583084667.223000050

1583084667.224999905

1583084667.226999998

1583084667.230000019

1583084667.230999947

1583084667.233000040

1583084667.234999895

1583084667.242000103

1583084667.243000031

1583084667.244999886

1583084667.246999979

1583084667.249000072

1583084667.250000000

1583084667.253999949

1583084667.256000042

1583084667.260999918

1583084667.262000084

1583084667.266000032

1583084667.267999887

1583084667.269999981

1583084667.272000074

1583084667.273000002

1583084667.276999950

1583084667.280999899

1583084667.282999992

1583084667.285000086

1583084667.286000013

1583084667.290999889

1583084667.292000055

1583084667.293999910

1583084667.296000004

1583084667.302999973

1583084667.305000067

1583084667.306999922

1583084667.309000015

1583084667.311000109

1583084667.313999891

1583084667.315000057

1583084667.316999912

1583084667.321000099

1583084667.322999954

1583084667.325999975

1583084667.328000069

1583084667.329999924

1583084667.332000017

1583084667.332999945

1583084667.335000038

1583084667.341000080

1583084667.342999935

1583084667.345000029

1583084667.345999956

1583084667.349999905

1583084667.351999998

1583084667.352999926

1583084667.355000019

1583084667.362999916

1583084667.365000010

1583084667.367000103

1583084667.368000031

1583084667.369999886

1583084667.372999907

1583084667.375000000

1583084667.377000093

1583084667.381000042

1583084667.381999969

1583084667.385999918

1583084667.388000011

1583084667.390000105

1583084667.391000032

1583084667.392999887

1583084667.397000074

1583084667.401000023

1583084667.403000116

1583084667.404000044

1583084667.405999899

1583084667.410000086

1583084667.411999941

1583084667.414000034

1583084667.414999962

1583084667.421999931

1583084667.424000025

1583084667.426000118

1583084667.427999973

1583084667.428999901

1583084667.430999994

1583084667.434000015

1583084667.436000109

1583084667.440999985

1583084667.443000078

1583084667.446000099

1583084667.447999954

1583084667.450000048

1583084667.451999903

1583084667.453000069

1583084667.454999924

1583084667.461999893

1583084667.463999987

1583084667.464999914

1583084667.469000101

1583084667.470000029

1583084667.471999884

1583084667.473999977

1583084667.476000071

1583084667.482000113

1583084667.483999968

1583084667.486000061

1583084667.487999916

1583084667.490000010

1583084667.493000031

1583084667.493999958

1583084667.496000051

1583084667.500999928

1583084667.505000114

1583084667.506000042

1583084667.507999897

1583084667.509999990

1583084667.512000084

1583084667.513000011

1583084667.519999981

1583084667.525000095

1583084667.526999950

1583084667.529999971

1583084667.532000065

1583084667.533999920

1583084667.535000086

1583084667.536999941

1583084667.539000034

1583084667.545000076

1583084667.546999931

1583084667.548000097

1583084667.549999952

1583084667.552999973

1583084667.555999994

1583084667.558000088

1583084667.559999943

1583084667.565999985

1583084667.568000078

1583084667.569999933

1583084667.572000027

1583084667.573999882

1583084667.576999903

1583084667.578999996

1583084667.579999924

1583084667.585000038

1583084667.586999893

1583084667.589999914

1583084667.592000008

1583084667.594000101

1583084667.595000029

1583084667.596999884

1583084667.601000071

1583084667.605000019

1583084667.607000113

1583084667.608000040

1583084667.609999895

1583084667.612999916

1583084667.615000010

1583084667.617000103

1583084667.618999958

1583084667.625000000

1583084667.625999928

1583084667.628000021

1583084667.630000114

1583084667.631999969

1583084667.632999897

1583084667.637000084

1583084667.638000011

1583084667.642999887

1583084667.644999981

1583084667.645999908

1583084667.650000095

1583084667.651999950

1583084667.654000044

1583084667.655999899

1583084667.657000065

1583084667.664000034

1583084667.664999962

1583084667.667000055

1583084667.668999910

1583084667.671999931

1583084667.674000025

1583084667.676000118

1583084667.677000046

1583084667.684000015

1583084667.684999943

1583084667.687000036

1583084667.688999891

1583084667.691999912

1583084667.694000006

1583084667.697000027

1583084667.697999954

1583084667.703000069

1583084667.704999924

1583084667.707000017

1583084667.710000038

1583084667.711999893

1583084667.713999987

1583084667.714999914

1583084667.717000008

1583084667.723999977

1583084667.726000071

1583084667.727999926

1583084667.730000019

1583084667.733000040

1583084667.733999968

1583084667.736000061

1583084667.737999916

1583084667.742000103

1583084667.746000051

1583084667.747999907

1583084667.750000000

1583084667.750999928

1583084667.753000021

1583084667.755000114

1583084667.757999897

1583084667.762000084

1583084667.763999939

1583084667.767999887

1583084667.769000053

1583084667.770999908

1583084667.773000002

1583084667.775000095

1583084667.776999950

1583084667.782999992

1583084667.785000086

1583084667.786999941

1583084667.789000034

1583084667.792000055

1583084667.793999910

1583084667.795000076

1583084667.796999931

1583084667.803999901

1583084667.805000067

1583084667.806999922

1583084667.809000015

1583084667.811000109

1583084667.812000036

1583084667.815999985

1583084667.816999912

1583084667.822000027

1583084667.825000048

1583084667.825999975

1583084667.829999924

1583084667.832000017

1583084667.834000111

1583084667.835000038

1583084667.836999893

1583084667.844000101

1583084667.845999956

1583084667.848000050

1583084667.849999905

1583084667.852999926

1583084667.858999968

1583084667.861000061

1583084667.864000082

1583084667.869999886

1583084667.871000051

1583084667.878000021

1583084667.880000114

1583084667.881999969

1583084667.882999897

1583084667.884999990

1583084667.888000011

1583084667.892999887

1583084667.894999981

1583084667.895999908

1583084667.900000095

1583084667.901000023

1583084667.903000116

1583084667.904999971

1583084667.907000065

1583084667.913000107

1583084667.914999962

1583084667.917000055

1583084667.918999910

1583084667.920000076

1583084667.924000025

1583084667.924999952

1583084667.927000046

1583084667.930999994

1583084667.933000088

1583084667.936000109

1583084667.937999964

1583084667.940000057

1583084667.941999912

1583084667.944000006

1583084667.944999933

1583084667.950999975

1583084667.953000069

1583084667.954999924

1583084667.957000017

1583084667.960999966

1583084667.963000059

1583084667.964999914

1583084667.967000008

1583084667.973000050

1583084667.973999977

1583084667.976000071

1583084667.977999926

1583084667.980000019

1583084667.982000113

1583084667.984999895

1583084667.986000061

1583084667.990999937

1583084667.993000031

1583084667.996000051

1583084667.997999907

1583084668.000000000

1583084668.002000093

1583084668.003999949

1583084668.005000114

1583084668.012000084

1583084668.013999939

1583084668.015000105

1583084668.016999960

1583084668.020999908

1583084668.022000074

1583084668.023999929

1583084668.026000023

1583084668.032000065

1583084668.033999920

1583084668.035000086

1583084668.036999941

1583084668.039000034

1583084668.039999962

1583084668.043999910

1583084668.045000076

1583084668.049999952

1583084668.052000046

1583084668.052999973

1583084668.056999922

1583084668.059000015

1583084668.061000109

1583084668.062999964

1583084668.066999912

1583084668.071000099

1583084668.072999954

1583084668.075000048

1583084668.075999975

1583084668.079999924

1583084668.082000017

1583084668.082999945

1583084668.085000038

1583084668.092000008

1583084668.094000101

1583084668.096999884

1583084668.098999977

1583084668.099999905

1583084668.104000092

1583084668.105000019

1583084668.107000113

1583084668.111000061

1583084668.112999916

1583084668.115999937

1583084668.118000031

1583084668.119999886

1583084668.121000051

1583084668.122999907

1583084668.125000000

1583084668.131000042

1583084668.132999897

1583084668.134999990

1583084668.137000084

1583084668.140000105

1583084668.141000032

1583084668.142999887

1583084668.144999981

1583084668.148999929

1583084668.153000116

1583084668.154000044

1583084668.155999899

1583084668.157999992

1583084668.160000086

1583084668.163000107

1583084668.164999962

1583084668.170000076

1583084668.171000004

1583084668.174999952

1583084668.176000118

1583084668.177999973

1583084668.180000067

1583084668.181999922

1583084668.183000088

1583084668.190000057

1583084668.191999912

1583084668.194000006

1583084668.196000099

1583084668.198999882

1583084668.200999975

1583084668.203000069

1583084668.204999924

1583084668.213000059

1583084668.216000080

1583084668.217000008

1583084668.219000101

1583084668.220999956

1583084668.223999977

1583084668.226000071

1583084668.229000092

1583084668.233000040

1583084668.236000061

1583084668.237999916

1583084668.240000010

1583084668.242000103

1583084668.243000031

1583084668.244999886

1583084668.249000072

1583084668.253000021

1583084668.255000114

1583084668.259999990

1583084668.262000084

1583084668.263999939

1583084668.266000032

1583084668.267999887

1583084668.270999908

1583084668.276000023

1583084668.278000116

1583084668.279000044

1583084668.282999992

1583084668.283999920

1583084668.286000013

1583084668.288000107

1583084668.289999962

1583084668.296000004

1583084668.298000097

1583084668.299999952

1583084668.302000046

1583084668.302999973

1583084668.306999922

1583084668.308000088

1583084668.309999943

1583084668.313999891

1583084668.315999985

1583084668.319000006

1583084668.321000099

1583084668.322999954

1583084668.325000048

1583084668.325999975

1583084668.328000069

1583084668.334000111

1583084668.335999966

1583084668.338000059

1583084668.339999914

1583084668.342999935

1583084668.344000101

1583084668.345999956

1583084668.348000050

1583084668.351999998

1583084668.355999947

1583084668.358999968

1583084668.361999989

1583084668.362999916

1583084668.367000103

1583084668.368999958

1583084668.369999886

1583084668.375000000

1583084668.375999928

1583084668.381999969

1583084668.384000063

1583084668.385999918

1583084668.387000084

1583084668.391000032

1583084668.391999960

1583084668.397000074

1583084668.398999929

1583084668.400000095

1583084668.404000044

1583084668.404999971

1583084668.407000065

1583084668.408999920

1583084668.411000013

1583084668.417000055

1583084668.418999910

1583084668.421000004

1583084668.423000097

1583084668.424000025

1583084668.427999973

1583084668.428999901

1583084668.430999994

1583084668.436000109

1583084668.438999891

1583084668.440999985

1583084668.441999912

1583084668.444000006

1583084668.446000099

1583084668.447999954

1583084668.450999975

1583084668.456000090

1583084668.457999945

1583084668.461999893

1583084668.463000059

1583084668.464999914

1583084668.467000008

1583084668.469000101

1583084668.470000029

1583084668.476999998

1583084668.479000092

1583084668.480999947

1583084668.483000040

1583084668.486000061

1583084668.487999916

1583084668.490000010

1583084668.492000103

1583084668.497999907

1583084668.500000000

1583084668.502000093

1583084668.506000042

1583084668.513000011

1583084668.516999960

1583084668.519000053

1583084668.520999908

1583084668.523999929

1583084668.526000023

1583084668.526999950

1583084668.529000044

1583084668.530999899

1583084668.536999941

1583084668.539000034

1583084668.540999889

1583084668.542000055

1583084668.545000076

1583084668.548000097

1583084668.549999952

1583084668.551000118

1583084668.555999994

1583084668.558000088

1583084668.559999943

1583084668.562000036

1583084668.563999891

1583084668.569999933

1583084668.572000027

1583084668.572999954

1583084668.578000069

1583084668.579999924

1583084668.582999945

1583084668.585000038

1583084668.586999893

1583084668.588000059

1583084668.589999914

1583084668.594000101

1583084668.598000050

1583084668.599999905

1583084668.601000071

1583084668.602999926

1583084668.605999947

1583084668.608000040

1583084668.609999895

1583084668.611999989

1583084668.617000103

1583084668.618999958

1583084668.621000051

1583084668.622999907

1583084668.625000000

1583084668.625999928

1583084668.631000042

1583084668.631999969

1583084668.637000084

1583084668.638999939

1583084668.641999960

1583084668.644000053

1583084668.645999908

1583084668.648000002

1583084668.648999929

1583084668.651000023

1583084668.663000107

1583084668.665999889

1583084668.667999983

1583084668.670000076

1583084668.671999931

1583084668.674000025

1583084668.674999952

1583084668.678999901

1583084668.683000088

1583084668.684999943

1583084668.686000109

1583084668.690000057

1583084668.690999985

1583084668.693000078

1583084668.694999933

1583084668.697000027

1583084668.701999903

1583084668.703999996

1583084668.706000090

1583084668.707999945

1583084668.709000111

1583084668.710999966

1583084668.713999987

1583084668.716000080

1583084668.720999956

1583084668.723000050

1583084668.726000071

1583084668.727999926

1583084668.730000019

1583084668.730999947

1583084668.733000040

1583084668.734999895

1583084668.740999937

1583084668.743000031

1583084668.744999886

1583084668.746999979

1583084668.750000000

1583084668.752000093

1583084668.753999949

1583084668.756000042

1583084668.763000011

1583084668.765000105

1583084668.766999960

1583084668.769000053

1583084668.770999908

1583084668.773999929

1583084668.776000023

1583084668.778000116

1583084668.782000065

1583084668.782999992

1583084668.786999941

1583084668.788000107

1583084668.789999962

1583084668.792000055

1583084668.793999910

1583084668.796000004

1583084668.802000046

1583084668.803999901

1583084668.805000067

1583084668.806999922

1583084668.809999943

1583084668.812000036

1583084668.813999891

1583084668.815000057

1583084668.821000099

1583084668.822999954

1583084668.825000048

1583084668.826999903

1583084668.828999996

1583084668.829999924

1583084668.834000111

1583084668.835999966

1583084668.841000080

1583084668.842999935

1583084668.845999956

1583084668.848000050

1583084668.849999905

1583084668.851000071

1583084668.852999926

1583084668.855000019

1583084668.861000061

1583084668.862999916

1583084668.864000082

1583084668.865999937

1583084668.868999958

1583084668.871000051

1583084668.872999907

1583084668.875000000

1583084668.880000114

1583084668.881999969

1583084668.884000063

1583084668.885999918

1583084668.888000011

1583084668.888999939

1583084668.892999887

1583084668.894999981

1583084668.900000095

1583084668.901999950

1583084668.903000116

1583084668.907000065

1583084668.907999992

1583084668.910000086

1583084668.911999941

1583084668.914000034

1583084668.924999952

1583084668.927000046

1583084668.930000067

1583084668.931999922

1583084668.933000088

1583084668.934999943

1583084668.937000036

1583084668.938999891

1583084668.944999933

1583084668.947000027

1583084668.948999882

1583084668.950000048

1583084668.953999996

1583084668.956000090

1583084668.957000017

1583084668.959000111

1583084668.964999914

1583084668.967000008

1583084668.969000101

1583084668.970999956

1583084668.973000050

1583084668.973999977

1583084668.977999926

1583084668.979000092

1583084668.983999968

1583084668.986000061

1583084668.986999989

1583084668.990999937

1583084668.993000031

1583084668.994999886

1583084668.996000051

1583084668.997999907

1583084669.005000114

1583084669.006000042

1583084669.007999897

1583084669.009999990

1583084669.013000011

1583084669.015000105

1583084669.016999960

1583084669.019000053

1583084669.025000095

1583084669.026000023

1583084669.028000116

1583084669.029999971

1583084669.032000065

1583084669.033999920

1583084669.038000107

1583084669.039000034

1583084669.043999910

1583084669.046000004

1583084669.046999931

1583084669.051000118

1583084669.052000046

1583084669.055000067

1583084669.056999922

1583084669.058000088

1583084669.069000006

1583084669.072999954

1583084669.073999882

1583084669.076999903

1583084669.078999996

1583084669.081000090

1583084669.082000017

1583084669.085999966

1583084669.091000080

1583084669.092999935

1583084669.094000101

1583084669.098000050

1583084669.098999977

1583084669.101000071

1583084669.102999926

1583084669.105000019

1583084669.111000061

1583084669.111999989

1583084669.114000082

1583084669.115999937

1583084669.118000031

1583084669.121000051

1583084669.122999907

1583084669.125000000

1583084669.128999949

1583084669.130000114

1583084669.134000063

1583084669.135999918

1583084669.137000084

1583084669.138999939

1583084669.141000032

1583084669.142999887

1583084669.148999929

1583084669.151000023

1583084669.153000116

1583084669.154000044

1583084669.157000065

1583084669.158999920

1583084669.161000013

1583084669.161999941

1583084669.170000076

1583084669.171999931

1583084669.173000097

1583084669.174999952

1583084669.177000046

1583084669.180000067

1583084669.183000088

1583084669.184000015

1583084669.188999891

1583084669.190000057

1583084669.194000006

1583084669.194999933

1583084669.197000027

1583084669.198999882

1583084669.200999975

1583084669.201999903

1583084669.209000111

1583084669.210999966

1583084669.211999893

1583084669.213999987

1583084669.217999935

1583084669.219000101

1583084669.220999956

1583084669.223000050

1583084669.229000092

1583084669.230999947

1583084669.233000040

1583084669.233999968

1583084669.236000061

1583084669.237999916

1583084669.240999937

1583084669.243000031

1583084669.247999907

1583084669.250000000

1583084669.253000021

1583084669.255000114

1583084669.256999969

1583084669.259000063

1583084669.260999918

1583084669.263999939

1583084669.273000002

1583084669.276999950

1583084669.279000044

1583084669.280999899

1583084669.282999992

1583084669.283999920

1583084669.288000107

1583084669.289000034

1583084669.293999910

1583084669.296000004

1583084669.298000097

1583084669.301000118

1583084669.302999973

1583084669.305000067

1583084669.306999922

1583084669.309000015

1583084669.315000057

1583084669.316999912

1583084669.319000006

1583084669.321000099

1583084669.322000027

1583084669.325999975

1583084669.328000069

1583084669.328999996

1583084669.332999945

1583084669.336999893

1583084669.338999987

1583084669.341000080

1583084669.342999935

1583084669.344000101

1583084669.345999956

1583084669.348999977

1583084669.354000092

1583084669.357000113

1583084669.359999895

1583084669.361999989

1583084669.364000082

1583084669.365999937

1583084669.367000103

1583084669.368999958

1583084669.375000000

1583084669.377000093

1583084669.378999949

1583084669.381000042

1583084669.384000063

1583084669.385999918

1583084669.388000011

1583084669.388999939

1583084669.394999981

1583084669.397000074

1583084669.398999929

1583084669.401000023

1583084669.403000116

1583084669.404000044

1583084669.407999992

1583084669.410000086

1583084669.414000034

1583084669.415999889

1583084669.417000055

1583084669.421000004

1583084669.421999931

1583084669.424000025

1583084669.427000046

1583084669.427999973

1583084669.434999943

1583084669.437999964

1583084669.440000057

1583084669.441999912

1583084669.444999933

1583084669.447000027

1583084669.448999882

1583084669.450000048

1583084669.459000111

1583084669.460999966

1583084669.463000059

1583084669.463999987

1583084669.467999935

1583084669.470000029

1583084669.471999884

1583084669.473000050

1583084669.479000092

1583084669.480999947

1583084669.483000040

1583084669.484999895

1583084669.486000061

1583084669.487999916

1583084669.492000103

1583084669.493000031

1583084669.497999907

1583084669.500000000

1583084669.503999949

1583084669.505000114

1583084669.506999969

1583084669.509000063

1583084669.510999918

1583084669.512000084

1583084669.519999981

1583084669.520999908

1583084669.523000002

1583084669.525000095

1583084669.528000116

1583084669.529999971

1583084669.532000065

1583084669.533999920

1583084669.539000034

1583084669.540999889

1583084669.542999983

1583084669.545000076

1583084669.546999931

1583084669.548000097

1583084669.552000046

1583084669.553999901

1583084669.558000088

1583084669.559999943

1583084669.562999964

1583084669.565000057

1583084669.588000059

1583084669.592000008

1583084669.615999937

1583084669.618000031

