0.000000000

0.010344828

0.020689655

0.031034483

0.041379310

0.051724138

0.062068966

0.072413793

0.082758621

0.093103448

0.103448276

0.113793103

0.124137931

0.134482759

0.144827586

0.155172414

0.165517241

0.175862069

0.186206897

0.196551724

0.206896552

0.217241379

0.227586207

0.237931034

0.248275862

0.258620690

0.268965517

0.279310345

0.289655172

0.300000000

0.310344828

0.320689655

0.331034483

0.341379310

0.351724138

0.362068966

0.372413793

0.382758621

0.393103448

0.403448276

0.413793103

0.424137931

0.434482759

0.444827586

0.455172414

0.465517241

0.475862069

0.486206897

0.496551724

0.506896552

0.517241379

0.527586207

0.537931034

0.548275862

0.558620690

0.568965517

0.579310345

0.589655172

0.600000000

0.610344828

0.620689655

0.631034483

0.641379310

0.651724138

0.662068966

0.672413793

0.682758621

0.693103448

0.703448276

0.713793103

0.724137931

0.734482759

0.744827586

0.755172414

0.765517241

0.775862069

0.786206897

0.796551724

0.806896552

0.817241379

0.827586207

0.837931034

0.848275862

0.858620690

0.868965517

0.879310345

0.889655172

0.900000000

0.910344828

0.920689655

0.931034483

0.941379310

0.951724138

0.962068966

0.972413793

0.982758621

0.993103448

1.003448276

1.013793103

1.024137931

1.034482759

1.044827586

1.055172414

1.065517241

1.075862069

1.086206897

1.096551724

1.106896552

1.117241379

1.127586207

1.137931034

1.148275862

1.158620690

1.168965517

1.179310345

1.189655172

1.200000000

1.210344828

1.220689655

1.231034483

1.241379310

1.251724138

1.262068966

1.272413793

1.282758621

1.293103448

1.303448276

1.313793103

1.324137931

1.334482759

1.344827586

1.355172414

1.365517241

1.375862069

1.386206897

1.396551724

1.406896552

1.417241379

1.427586207

1.437931034

1.448275862

1.458620690

1.468965517

1.479310345

1.489655172

1.500000000

1.510344828

1.520689655

1.531034483

1.541379310

1.551724138

1.562068966

1.572413793

1.582758621

1.593103448

1.603448276

1.613793103

1.624137931

1.634482759

1.644827586

1.655172414

1.665517241

1.675862069

1.686206897

1.696551724

1.706896552

1.717241379

1.727586207

1.737931034

1.748275862

1.758620690

1.768965517

1.779310345

1.789655172

1.800000000

1.810344828

1.820689655

1.831034483

1.841379310

1.851724138

1.862068966

1.872413793

1.882758621

1.893103448

1.903448276

1.913793103

1.924137931

1.934482759

1.944827586

1.955172414

1.965517241

1.975862069

1.986206897

1.996551724

2.006896552

2.017241379

2.027586207

2.037931034

2.048275862

2.058620690

2.068965517

2.079310345

2.089655172

2.100000000

2.110344828

2.120689655

2.131034483

2.141379310

2.151724138

2.162068966

2.172413793

2.182758621

2.193103448

2.203448276

2.213793103

2.224137931

2.234482759

2.244827586

2.255172414

2.265517241

2.275862069

2.286206897

2.296551724

2.306896552

2.317241379

2.327586207

2.337931034

2.348275862

2.358620690

2.368965517

2.379310345

2.389655172

2.400000000

2.410344828

2.420689655

2.431034483

2.441379310

2.451724138

2.462068966

2.472413793

2.482758621

2.493103448

2.503448276

2.513793103

2.524137931

2.534482759

2.544827586

2.555172414

2.565517241

2.575862069

2.586206897

2.596551724

2.606896552

2.617241379

2.627586207

2.637931034

2.648275862

2.658620690

2.668965517

2.679310345

2.689655172

2.700000000

2.710344828

2.720689655

2.731034483

2.741379310

2.751724138

2.762068966

2.772413793

2.782758621

2.793103448

2.803448276

2.813793103

2.824137931

2.834482759

2.844827586

2.855172414

2.865517241

2.875862069

2.886206897

2.896551724

2.906896552

2.917241379

2.927586207

2.937931034

2.948275862

2.958620690

2.968965517

2.979310345

2.989655172

3.000000000

3.010344828

3.020689655

3.031034483

3.041379310

3.051724138

3.062068966

3.072413793

3.082758621

3.093103448

3.103448276

3.113793103

3.124137931

3.134482759

3.144827586

3.155172414

3.165517241

3.175862069

3.186206897

3.196551724

3.206896552

3.217241379

3.227586207

3.237931034

3.248275862

3.258620690

3.268965517

3.279310345

3.289655172

3.300000000

3.310344828

3.320689655

3.331034483

3.341379310

3.351724138

3.362068966

3.372413793

3.382758621

3.393103448

3.403448276

3.413793103

3.424137931

3.434482759

3.444827586

3.455172414

3.465517241

3.475862069

3.486206897

3.496551724

3.506896552

3.517241379

3.527586207

3.537931034

3.548275862

3.558620690

3.568965517

3.579310345

3.589655172

3.600000000

3.610344828

3.620689655

3.631034483

3.641379310

3.651724138

3.662068966

3.672413793

3.682758621

3.693103448

3.703448276

3.713793103

3.724137931

3.734482759

3.744827586

3.755172414

3.765517241

3.775862069

3.786206897

3.796551724

3.806896552

3.817241379

3.827586207

3.837931034

3.848275862

3.858620690

3.868965517

3.879310345

3.889655172

3.900000000

3.910344828

3.920689655

3.931034483

3.941379310

3.951724138

3.962068966

3.972413793

3.982758621

3.993103448

4.003448276

4.013793103

4.024137931

4.034482759

4.044827586

4.055172414

4.065517241

4.075862069

4.086206897

4.096551724

4.106896552

4.117241379

4.127586207

4.137931034

4.148275862

4.158620690

4.168965517

4.179310345

4.189655172

4.200000000

4.210344828

4.220689655

4.231034483

4.241379310

4.251724138

4.262068966

4.272413793

4.282758621

4.293103448

4.303448276

4.313793103

4.324137931

4.334482759

4.344827586

4.355172414

4.365517241

4.375862069

4.386206897

4.396551724

4.406896552

4.417241379

4.427586207

4.437931034

4.448275862

4.458620690

4.468965517

4.479310345

4.489655172

4.500000000

4.510344828

4.520689655

4.531034483

4.541379310

4.551724138

4.562068966

4.572413793

4.582758621

4.593103448

4.603448276

4.613793103

4.624137931

4.634482759

4.644827586

4.655172414

4.665517241

4.675862069

4.686206897

4.696551724

4.706896552

4.717241379

4.727586207

4.737931034

4.748275862

4.758620690

4.768965517

4.779310345

4.789655172

4.800000000

4.810344828

4.820689655

4.831034483

4.841379310

4.851724138

4.862068966

4.872413793

4.882758621

4.893103448

4.903448276

4.913793103

4.924137931

4.934482759

4.944827586

4.955172414

4.965517241

4.975862069

4.986206897

4.996551724

5.006896552

5.017241379

5.027586207

5.037931034

5.048275862

5.058620690

5.068965517

5.079310345

5.089655172

5.100000000

5.110344828

5.120689655

5.131034483

5.141379310

5.151724138

5.162068966

5.172413793

5.182758621

5.193103448

5.203448276

5.213793103

5.224137931

5.234482759

5.244827586

5.255172414

5.265517241

5.275862069

5.286206897

5.296551724

5.306896552

5.317241379

5.327586207

5.337931034

5.348275862

5.358620690

5.368965517

5.379310345

5.389655172

5.400000000

5.410344828

5.420689655

5.431034483

5.441379310

5.451724138

5.462068966

5.472413793

5.482758621

5.493103448

5.503448276

5.513793103

5.524137931

5.534482759

5.544827586

5.555172414

5.565517241

5.575862069

5.586206897

5.596551724

5.606896552

5.617241379

5.627586207

5.637931034

5.648275862

5.658620690

5.668965517

5.679310345

5.689655172

5.700000000

5.710344828

5.720689655

5.731034483

5.741379310

5.751724138

5.762068966

5.772413793

5.782758621

5.793103448

5.803448276

5.813793103

5.824137931

5.834482759

5.844827586

5.855172414

5.865517241

5.875862069

5.886206897

5.896551724

5.906896552

5.917241379

5.927586207

5.937931034

5.948275862

5.958620690

5.968965517

5.979310345

5.989655172

6.000000000

6.010344828

6.020689655

6.031034483

6.041379310

6.051724138

6.062068966

6.072413793

6.082758621

6.093103448

6.103448276

6.113793103

6.124137931

6.134482759

6.144827586

6.155172414

6.165517241

6.175862069

6.186206897

6.196551724

6.206896552

6.217241379

6.227586207

6.237931034

6.248275862

6.258620690

6.268965517

6.279310345

6.289655172

6.300000000

6.310344828

6.320689655

6.331034483

6.341379310

6.351724138

6.362068966

6.372413793

6.382758621

6.393103448

6.403448276

6.413793103

6.424137931

6.434482759

6.444827586

6.455172414

6.465517241

6.475862069

6.486206897

6.496551724

6.506896552

6.517241379

6.527586207

6.537931034

6.548275862

6.558620690

6.568965517

6.579310345

6.589655172

6.600000000

6.610344828

6.620689655

6.631034483

6.641379310

6.651724138

6.662068966

6.672413793

6.682758621

6.693103448

6.703448276

6.713793103

6.724137931

6.734482759

6.744827586

6.755172414

6.765517241

6.775862069

6.786206897

6.796551724

6.806896552

6.817241379

6.827586207

6.837931034

6.848275862

6.858620690

6.868965517

6.879310345

6.889655172

6.900000000

6.910344828

6.920689655

6.931034483

6.941379310

6.951724138

6.962068966

6.972413793

6.982758621

6.993103448

7.003448276

7.013793103

7.024137931

7.034482759

7.044827586

7.055172414

7.065517241

7.075862069

7.086206897

7.096551724

7.106896552

7.117241379

7.127586207

7.137931034

7.148275862

7.158620690

7.168965517

7.179310345

7.189655172

7.200000000

7.210344828

7.220689655

7.231034483

7.241379310

7.251724138

7.262068966

7.272413793

7.282758621

7.293103448

7.303448276

7.313793103

7.324137931

7.334482759

7.344827586

7.355172414

7.365517241

7.375862069

7.386206897

7.396551724

7.406896552

7.417241379

7.427586207

7.437931034

7.448275862

7.458620690

7.468965517

7.479310345

7.489655172

7.500000000

7.510344828

7.520689655

7.531034483

7.541379310

7.551724138

7.562068966

7.572413793

7.582758621

7.593103448

7.603448276

7.613793103

7.624137931

7.634482759

7.644827586

7.655172414

7.665517241

7.675862069

7.686206897

7.696551724

7.706896552

7.717241379

7.727586207

7.737931034

7.748275862

7.758620690

7.768965517

7.779310345

7.789655172

7.800000000

7.810344828

7.820689655

7.831034483

7.841379310

7.851724138

7.862068966

7.872413793

7.882758621

7.893103448

7.903448276

7.913793103

7.924137931

7.934482759

7.944827586

7.955172414

7.965517241

7.975862069

7.986206897

7.996551724

8.006896552

8.017241379

8.027586207

8.037931034

8.048275862

8.058620690

8.068965517

8.079310345

8.089655172

8.100000000

8.110344828

8.120689655

8.131034483

8.141379310

8.151724138

8.162068966

8.172413793

8.182758621

8.193103448

8.203448276

8.213793103

8.224137931

8.234482759

8.244827586

8.255172414

8.265517241

8.275862069

8.286206897

8.296551724

8.306896552

8.317241379

8.327586207

8.337931034

8.348275862

8.358620690

8.368965517

8.379310345

8.389655172

8.400000000

8.410344828

8.420689655

8.431034483

8.441379310

8.451724138

8.462068966

8.472413793

8.482758621

8.493103448

8.503448276

8.513793103

8.524137931

8.534482759

8.544827586

8.555172414

8.565517241

8.575862069

8.586206897

8.596551724

8.606896552

8.617241379

8.627586207

8.637931034

8.648275862

8.658620690

8.668965517

8.679310345

8.689655172

8.700000000

8.710344828

8.720689655

8.731034483

8.741379310

8.751724138

8.762068966

8.772413793

8.782758621

8.793103448

8.803448276

8.813793103

8.824137931

8.834482759

8.844827586

8.855172414

8.865517241

8.875862069

8.886206897

8.896551724

8.906896552

8.917241379

8.927586207

8.937931034

8.948275862

8.958620690

8.968965517

8.979310345

8.989655172

9.000000000

9.010344828

9.020689655

9.031034483

9.041379310

9.051724138

9.062068966

9.072413793

9.082758621

9.093103448

9.103448276

9.113793103

9.124137931

9.134482759

9.144827586

9.155172414

9.165517241

9.175862069

9.186206897

9.196551724

9.206896552

9.217241379

9.227586207

9.237931034

9.248275862

9.258620690

9.268965517

9.279310345

9.289655172

9.300000000

9.310344828

9.320689655

9.331034483

9.341379310

9.351724138

9.362068966

9.372413793

9.382758621

9.393103448

9.403448276

9.413793103

9.424137931

9.434482759

9.444827586

9.455172414

9.465517241

9.475862069

9.486206897

9.496551724

9.506896552

9.517241379

9.527586207

9.537931034

9.548275862

9.558620690

9.568965517

9.579310345

9.589655172

9.600000000

9.610344828

9.620689655

9.631034483

9.641379310

9.651724138

9.662068966

9.672413793

9.682758621

9.693103448

9.703448276

9.713793103

9.724137931

9.734482759

9.744827586

9.755172414

9.765517241

9.775862069

9.786206897

9.796551724

9.806896552

9.817241379

9.827586207

9.837931034

9.848275862

9.858620690

9.868965517

9.879310345

9.889655172

9.900000000

9.910344828

9.920689655

9.931034483

9.941379310

9.951724138

