1576844150.780999899

1576844150.783999920

1576844150.786000013

1576844150.786999941

1576844150.789000034

1576844150.790999889

1576844150.795000076

1576844150.796999931

1576844150.799000025

1576844150.799999952

1576844150.802000046

1576844150.805000067

1576844150.808000088

1576844150.809999943

1576844150.812000036

1576844150.812999964

1576844150.815000057

1576844150.819000006

1576844150.821000099

1576844150.822999954

1576844150.823999882

1576844150.825999975

1576844150.829999924

1576844150.832000017

1576844150.834000111

1576844150.835000038

1576844150.836999893

1576844150.838999987

1576844150.842999935

1576844150.845000029

1576844150.846999884

1576844150.848000050

1576844150.849999905

1576844150.855000019

1576844150.857000113

1576844150.858999968

1576844150.861000061

1576844150.861999989

1576844150.864000082

1576844150.868000031

1576844150.869999886

1576844150.871999979

1576844150.874000072

1576844150.875999928

1576844150.880000114

1576844150.881999969

1576844150.884000063

1576844150.884999990

1576844150.887000084

1576844150.891000032

1576844150.892999887

1576844150.894999981

1576844150.895999908

1576844150.898000002

1576844150.901999950

1576844150.904000044

1576844150.904999971

1576844150.907000065

1576844150.908999920

1576844150.911000013

1576844150.914999962

1576844150.917000055

1576844150.918999910

1576844150.921000004

1576844150.923000097

1576844150.927000046

1576844150.928999901

1576844150.930999994

1576844150.933000088

1576844150.934000015

1576844150.937999964

1576844150.940000057

1576844150.941999912

1576844150.944000006

1576844150.946000099

1576844150.948999882

1576844150.950999975

1576844150.953000069

1576844150.954999924

1576844150.957000017

1576844150.959000111

1576844150.961999893

1576844150.963999987

1576844150.966000080

1576844150.967999935

1576844150.970000029

1576844150.973000050

1576844150.974999905

1576844150.977999926

1576844150.979000092

1576844150.980999947

1576844150.984999895

1576844150.986999989

1576844150.989000082

1576844150.990999937

1576844150.993999958

1576844150.997999907

1576844151.000000000

1576844151.002000093

1576844151.003000021

1576844151.005000114

1576844151.006999969

1576844151.015000105

1576844151.016999960

1576844151.019000053

1576844151.023000002

1576844151.023999929

1576844151.026999950

1576844151.028000116

1576844151.029999971

1576844151.032999992

1576844151.035000086

1576844151.036999941

1576844151.039000034

1576844151.040999889

1576844151.042000055

1576844151.046000004

1576844151.048000097

1576844151.049999952

1576844151.052000046

1576844151.053999901

1576844151.056999922

1576844151.059000015

1576844151.061000109

1576844151.062999964

1576844151.065000057

1576844151.065999985

1576844151.069999933

1576844151.072000027

1576844151.073999882

1576844151.075000048

1576844151.078000069

1576844151.082000017

1576844151.085000038

1576844151.088999987

1576844151.092000008

1576844151.095000029

1576844151.096999884

1576844151.098000050

1576844151.099999905

1576844151.101999998

1576844151.105999947

1576844151.107000113

1576844151.109999895

1576844151.111000061

1576844151.112999916

1576844151.117000103

1576844151.118999958

1576844151.121000051

1576844151.122999907

1576844151.125000000

1576844151.128000021

1576844151.130000114

1576844151.131999969

1576844151.134999990

1576844151.135999918

1576844151.138000011

1576844151.141999960

1576844151.144000053

1576844151.145999908

1576844151.147000074

1576844151.148999929

1576844151.151000023

1576844151.154999971

1576844151.157000065

1576844151.158999920

1576844151.160000086

1576844151.161999941

1576844151.164999962

1576844151.167000055

1576844151.168999910

1576844151.171000004

1576844151.173000097

1576844151.174999952

1576844151.180999994

1576844151.183000088

1576844151.184000015

1576844151.187000036

1576844151.190000057

1576844151.191999912

1576844151.194000006

1576844151.196000099

1576844151.197000027

1576844151.200999975

1576844151.203000069

1576844151.204999924

1576844151.207000017

1576844151.209000111

1576844151.210999966

1576844151.214999914

1576844151.217000008

1576844151.219000101

1576844151.220000029

1576844151.221999884

1576844151.226000071

1576844151.227999926

1576844151.230000019

1576844151.230999947

1576844151.233000040

1576844151.234999895

1576844151.239000082

1576844151.240999937

1576844151.243000031

1576844151.244999886

1576844151.246999979

1576844151.250000000

1576844151.252000093

1576844151.253999949

1576844151.256000042

1576844151.256999969

1576844151.259000063

1576844151.263000011

1576844151.263999939

1576844151.266000032

1576844151.267999887

1576844151.269999981

1576844151.273000002

1576844151.275000095

1576844151.279000044

1576844151.279999971

1576844151.282000065

1576844151.286000013

1576844151.288000107

1576844151.289999962

1576844151.292000055

1576844151.293999910

1576844151.296999931

1576844151.299000025

1576844151.301000118

1576844151.302999973

1576844151.305000067

1576844151.306999922

1576844151.311000109

1576844151.312999964

1576844151.315000057

1576844151.315999985

1576844151.318000078

1576844151.321000099

1576844151.322999954

1576844151.325000048

1576844151.326999903

1576844151.328999996

1576844151.331000090

1576844151.334000111

1576844151.335999966

1576844151.338000059

1576844151.339999914

1576844151.342000008

1576844151.345000029

1576844151.346999884

1576844151.348999977

1576844151.351000071

1576844151.352999926

1576844151.355000019

1576844151.358000040

1576844151.359999895

1576844151.361999989

1576844151.364000082

1576844151.365999937

1576844151.368999958

1576844151.371000051

1576844151.372999907

1576844151.375000000

1576844151.377000093

1576844151.381999969

1576844151.384000063

1576844151.385999918

1576844151.388000011

1576844151.388999939

1576844151.391000032

1576844151.394999981

1576844151.397000074

1576844151.398999929

1576844151.401000023

1576844151.401999950

1576844151.405999899

1576844151.407999992

1576844151.410000086

1576844151.411999941

1576844151.413000107

1576844151.414999962

1576844151.418999910

1576844151.421999931

1576844151.424000025

1576844151.424999952

1576844151.427000046

1576844151.430999994

1576844151.433000088

1576844151.434999943

1576844151.437000036

1576844151.438999891

1576844151.441999912

1576844151.444000006

1576844151.446000099

1576844151.447999954

1576844151.450000048

1576844151.451999903

1576844151.454999924

1576844151.457000017

1576844151.459000111

1576844151.460999966

1576844151.463000059

1576844151.466000080

1576844151.467999935

1576844151.470000029

1576844151.471999884

1576844151.473999977

1576844151.476000071

1576844151.480999947

1576844151.483000040

1576844151.484999895

1576844151.486999989

1576844151.490999937

1576844151.493000031

1576844151.493999958

1576844151.496000051

1576844151.497999907

1576844151.500000000

1576844151.503999949

1576844151.506000042

1576844151.512000084

1576844151.516000032

1576844151.517999887

1576844151.519999981

1576844151.520999908

1576844151.523000002

1576844151.526999950

1576844151.529000044

1576844151.530999899

1576844151.532999992

1576844151.533999920

1576844151.536000013

1576844151.539999962

1576844151.542000055

1576844151.543999910

1576844151.545000076

1576844151.546999931

1576844151.549999952

1576844151.552999973

1576844151.555000067

1576844151.555999994

1576844151.558000088

1576844151.559999943

1576844151.563999891

1576844151.566999912

1576844151.569000006

1576844151.569999933

1576844151.572000027

1576844151.575999975

1576844151.578000069

1576844151.579999924

1576844151.582000017

1576844151.584000111

1576844151.588000059

1576844151.589999914

1576844151.592000008

1576844151.594000101

1576844151.595999956

1576844151.599999905

1576844151.601999998

1576844151.604000092

1576844151.605000019

1576844151.607000113

1576844151.611000061

1576844151.612999916

1576844151.615000010

1576844151.617000103

1576844151.618000031

1576844151.619999886

1576844151.624000072

1576844151.625999928

1576844151.628000021

1576844151.628999949

1576844151.631000042

1576844151.634999990

1576844151.637000084

1576844151.638000011

1576844151.640000105

1576844151.641999960

1576844151.644000053

1576844151.647000074

1576844151.648999929

1576844151.651000023

1576844151.653000116

1576844151.654999971

1576844151.657999992

1576844151.667000055

1576844151.667000055

1576844151.667000055

1576844151.670000076

1576844151.671999931

1576844151.674000025

1576844151.677000046

1576844151.680000067

1576844151.684000015

1576844151.686000109

1576844151.687999964

1576844151.690000057

1576844151.690999985

1576844151.694999933

1576844151.697000027

1576844151.698999882

1576844151.700000048

1576844151.701999903

1576844151.706000090

1576844151.707999945

1576844151.710999966

1576844151.713000059

1576844151.714999914

1576844151.716000080

1576844151.720000029

1576844151.721999884

1576844151.723999977

1576844151.726000071

1576844151.727999926

1576844151.730999947

1576844151.733000040

1576844151.734999895

1576844151.736999989

1576844151.739000082

1576844151.740999937

1576844151.744999886

1576844151.746999979

1576844151.749000072

1576844151.750000000

1576844151.752000093

1576844151.755000114

1576844151.756999969

1576844151.759000063

1576844151.760999918

1576844151.763000011

1576844151.765000105

1576844151.767999887

1576844151.769999981

1576844151.772000074

1576844151.773999929

1576844151.776000023

1576844151.779999971

1576844151.782000065

1576844151.783999920

1576844151.786000013

1576844151.788000107

1576844151.792000055

1576844151.792999983

1576844151.795000076

1576844151.796999931

1576844151.799000025

1576844151.802999973

1576844151.805000067

1576844151.806999922

1576844151.808000088

1576844151.809999943

1576844151.812000036

1576844151.815999985

1576844151.818000078

1576844151.819999933

1576844151.822000027

1576844151.822999954

1576844151.826999903

1576844151.828999996

1576844151.831000090

1576844151.832999945

1576844151.835000038

1576844151.838000059

1576844151.839999914

1576844151.842000008

1576844151.844000101

1576844151.845999956

1576844151.846999884

1576844151.851000071

1576844151.854000092

1576844151.855999947

1576844151.858000040

1576844151.859999895

1576844151.862999916

1576844151.865000010

1576844151.867000103

1576844151.868999958

1576844151.871000051

1576844151.872999907

1576844151.875999928

1576844151.878000021

1576844151.881000042

1576844151.882999897

1576844151.885999918

1576844151.888000011

1576844151.890000105

1576844151.891999960

1576844151.894000053

1576844151.895999908

1576844151.898999929

1576844151.901000023

1576844151.903000116

1576844151.904999971

1576844151.907000065

1576844151.910000086

1576844151.911999941

1576844151.914000034

1576844151.917000055

1576844151.918999910

1576844151.921999931

1576844151.924999952

1576844151.927000046

1576844151.927999973

1576844151.930000067

1576844151.931999922

1576844151.936000109

1576844151.937999964

1576844151.938999891

1576844151.940999985

1576844151.943000078

1576844151.946000099

1576844151.947999954

1576844151.950000048

1576844151.951999903

1576844151.953999996

1576844151.956000090

1576844151.960000038

1576844151.960999966

1576844151.963000059

1576844151.964999914

1576844151.967000008

1576844151.970000029

1576844151.971999884

1576844151.973999977

1576844151.976000071

1576844151.977999926

1576844151.983000040

1576844151.984999895

1576844151.986999989

1576844151.989000082

1576844151.990999937

1576844151.993999958

1576844151.996000051

1576844151.999000072

1576844152.006999969

1576844152.009000063

1576844152.010999918

1576844152.013000011

1576844152.015000105

1576844152.016999960

1576844152.020999908

1576844152.022000074

1576844152.023999929

1576844152.026000023

1576844152.028000116

1576844152.030999899

1576844152.032999992

1576844152.035000086

1576844152.036999941

1576844152.039000034

1576844152.039999962

1576844152.043999910

1576844152.046000004

1576844152.048000097

1576844152.049999952

1576844152.052000046

1576844152.055000067

1576844152.056999922

1576844152.059000015

1576844152.061000109

1576844152.062999964

1576844152.063999891

1576844152.068000078

1576844152.069999933

1576844152.072000027

1576844152.072999954

1576844152.075000048

1576844152.078999996

1576844152.082000017

1576844152.082999945

1576844152.085000038

1576844152.086999893

1576844152.088999987

1576844152.094000101

1576844152.095999956

1576844152.098000050

1576844152.099999905

1576844152.102999926

1576844152.105000019

1576844152.107000113

1576844152.109999895

1576844152.111000061

1576844152.112999916

1576844152.117000103

1576844152.118999958

1576844152.121000051

1576844152.121999979

1576844152.124000072

1576844152.127000093

1576844152.128999949

1576844152.131000042

1576844152.132999897

1576844152.134000063

1576844152.135999918

1576844152.140000105

1576844152.142999887

1576844152.144999981

1576844152.145999908

1576844152.148000002

1576844152.150000095

1576844152.154000044

1576844152.154999971

1576844152.157999992

1576844152.158999920

1576844152.161000013

1576844152.164000034

1576844152.165999889

1576844152.167999983

1576844152.170000076

1576844152.171999931

1576844152.174000025

1576844152.177999973

1576844152.178999901

1576844152.183000088

1576844152.184999943

1576844152.187999964

1576844152.190000057

1576844152.191999912

1576844152.194000006

1576844152.196000099

1576844152.197999954

1576844152.201999903

1576844152.203999996

1576844152.206000090

1576844152.207000017

1576844152.209000111

1576844152.213000059

1576844152.214999914

1576844152.217000008

1576844152.219000101

1576844152.220000029

1576844152.221999884

1576844152.226000071

1576844152.227999926

1576844152.230000019

1576844152.230999947

1576844152.233000040

1576844152.236999989

1576844152.239000082

1576844152.240000010

1576844152.242000103

1576844152.243999958

1576844152.246000051

1576844152.250000000

1576844152.250999928

1576844152.253999949

1576844152.255000114

1576844152.256999969

1576844152.260999918

1576844152.263000011

1576844152.263999939

1576844152.266000032

1576844152.267999887

1576844152.269999981

1576844152.273999929

1576844152.275000095

1576844152.278000116

1576844152.279000044

1576844152.285000086

1576844152.288000107

1576844152.289000034

1576844152.290999889

1576844152.292999983

1576844152.295000076

1576844152.299000025

1576844152.301000118

1576844152.302999973

1576844152.303999901

1576844152.305999994

1576844152.309999943

1576844152.312000036

1576844152.313999891

1576844152.315000057

1576844152.316999912

1576844152.319000006

1576844152.322999954

1576844152.323999882

1576844152.325999975

1576844152.328000069

1576844152.329999924

1576844152.334000111

1576844152.335999966

1576844152.338000059

1576844152.339999914

1576844152.342000008

1576844152.345000029

1576844152.346999884

1576844152.348999977

1576844152.351000071

1576844152.351999998

1576844152.354000092

1576844152.358000040

1576844152.359999895

1576844152.361999989

1576844152.364000082

1576844152.365000010

1576844152.368999958

1576844152.371000051

1576844152.372999907

1576844152.375000000

1576844152.377000093

1576844152.378999949

1576844152.384000063

1576844152.385999918

1576844152.388000011

1576844152.390000105

1576844152.392999887

1576844152.394999981

1576844152.398000002

1576844152.398999929

1576844152.401000023

1576844152.403000116

1576844152.407000065

1576844152.408999920

1576844152.411000013

1576844152.411999941

1576844152.414000034

1576844152.417000055

1576844152.418999910

1576844152.421000004

1576844152.423000097

1576844152.424999952

1576844152.427000046

1576844152.431999922

1576844152.434000015

1576844152.436000109

1576844152.437000036

1576844152.438999891

1576844152.443000078

1576844152.444999933

1576844152.446000099

1576844152.447999954

1576844152.450000048

1576844152.451999903

1576844152.456000090

1576844152.457999945

1576844152.460000038

1576844152.460999966

1576844152.463000059

1576844152.467000008

1576844152.469000101

1576844152.470999956

1576844152.473000050

1576844152.473999977

1576844152.476000071

1576844152.480000019

1576844152.480999947

1576844152.484999895

1576844152.486999989

1576844152.490999937

1576844152.493000031

1576844152.499000072

1576844152.503000021

1576844152.505000114

1576844152.506999969

1576844152.509000063

1576844152.510999918

1576844152.513999939

1576844152.516000032

1576844152.517999887

1576844152.519999981

1576844152.522000074

1576844152.523000002

1576844152.526999950

1576844152.529000044

1576844152.530999899

1576844152.532999992

1576844152.533999920

1576844152.538000107

1576844152.539999962

1576844152.542000055

1576844152.543999910

1576844152.545000076

1576844152.546999931

1576844152.551000118

1576844152.552999973

1576844152.555000067

1576844152.555999994

1576844152.558000088

1576844152.559999943

1576844152.563999891

1576844152.565000057

1576844152.566999912

1576844152.569000006

1576844152.571000099

1576844152.575999975

1576844152.578000069

1576844152.579999924

1576844152.582000017

1576844152.585000038

1576844152.588999987

1576844152.591000080

1576844152.592999935

1576844152.594000101

1576844152.596999884

1576844152.601000071

1576844152.602999926

1576844152.605000019

1576844152.605999947

1576844152.608000040

1576844152.611999989

1576844152.614000082

1576844152.615999937

1576844152.618000031

1576844152.619999886

1576844152.622999907

1576844152.625000000

1576844152.627000093

1576844152.628999949

1576844152.631000042

1576844152.631999969

1576844152.635999918

1576844152.638000011

1576844152.640000105

1576844152.641999960

1576844152.642999887

1576844152.644999981

1576844152.648999929

1576844152.650000095

1576844152.651999950

1576844152.654000044

1576844152.655999899

1576844152.660000086

1576844152.661999941

1576844152.663000107

1576844152.664999962

1576844152.667000055

1576844152.667999983

1576844152.673000097

1576844152.674999952

1576844152.677000046

1576844152.677999973

1576844152.680000067

1576844152.684999943

1576844152.687999964

1576844152.690000057

1576844152.690999985

1576844152.694999933

1576844152.697000027

1576844152.698999882

1576844152.700999975

1576844152.703000069

1576844152.704999924

1576844152.707999945

1576844152.710000038

1576844152.711999893

1576844152.713999987

1576844152.717000008

1576844152.720999956

1576844152.723000050

1576844152.724999905

1576844152.726000071

1576844152.727999926

1576844152.732000113

1576844152.733999968

1576844152.736000061

1576844152.737999916

1576844152.739000082

1576844152.740999937

1576844152.744999886

1576844152.746999979

1576844152.749000072

1576844152.750000000

1576844152.752000093

1576844152.753999949

1576844152.757999897

1576844152.759000063

1576844152.760999918

1576844152.762000084

1576844152.763999939

1576844152.765000105

1576844152.769000053

1576844152.770999908

1576844152.773000002

1576844152.775000095

1576844152.776000023

1576844152.778000116

1576844152.782000065

1576844152.783999920

1576844152.786000013

1576844152.788000107

1576844152.792000055

1576844152.793999910

1576844152.796000004

1576844152.798000097

1576844152.799000025

1576844152.802999973

1576844152.805999994

1576844152.806999922

1576844152.809000015

1576844152.811000109

1576844152.812999964

1576844152.816999912

1576844152.818000078

1576844152.821000099

1576844152.822000027

1576844152.823999882

1576844152.828000069

1576844152.829999924

1576844152.831000090

1576844152.832999945

1576844152.835000038

1576844152.836999893

1576844152.841000080

1576844152.842000008

1576844152.845000029

1576844152.845999956

1576844152.848000050

1576844152.851999998

1576844152.854000092

1576844152.855999947

1576844152.858000040

1576844152.861000061

1576844152.864000082

1576844152.865999937

1576844152.868000031

1576844152.869999886

1576844152.871999979

1576844152.872999907

1576844152.877000093

1576844152.878999949

1576844152.881000042

1576844152.882999897

1576844152.888000011

1576844152.890000105

1576844152.891999960

1576844152.894000053

1576844152.895999908

1576844152.898000002

1576844152.901000023

1576844152.903000116

1576844152.904999971

1576844152.905999899

1576844152.907999992

1576844152.910000086

1576844152.914000034

1576844152.914999962

1576844152.917000055

1576844152.918999910

1576844152.921000004

1576844152.924999952

1576844152.927000046

1576844152.928999901

1576844152.930999994

1576844152.933000088

1576844152.937000036

1576844152.938999891

1576844152.940000057

1576844152.941999912

1576844152.944000006

1576844152.946000099

1576844152.950000048

1576844152.951999903

1576844152.953999996

1576844152.956000090

1576844152.957000017

1576844152.960999966

1576844152.963000059

1576844152.964999914

1576844152.967000008

1576844152.967999935

1576844152.971999884

1576844152.973999977

1576844152.976000071

1576844152.977999926

1576844152.980000019

1576844152.982000113

1576844152.986000061

1576844152.987999916

1576844152.994999886

1576844152.996999979

1576844152.999000072

1576844153.000999928

1576844153.003000021

1576844153.006000042

1576844153.009999990

1576844153.010999918

1576844153.013000011

1576844153.015000105

1576844153.016999960

1576844153.020999908

1576844153.023000002

1576844153.023999929

1576844153.026000023

1576844153.028000116

1576844153.029999971

1576844153.033999920

1576844153.036000013

1576844153.036999941

1576844153.039000034

1576844153.040999889

1576844153.045000076

1576844153.046999931

1576844153.049000025

1576844153.051000118

1576844153.052000046

1576844153.055999994

1576844153.058000088

1576844153.059999943

1576844153.062000036

1576844153.062999964

1576844153.065000057

1576844153.069000006

1576844153.071000099

1576844153.072999954

1576844153.073999882

1576844153.075999975

1576844153.079999924

1576844153.082000017

1576844153.084000111

1576844153.085999966

1576844153.088000059

1576844153.088999987

1576844153.092999935

1576844153.095000029

1576844153.096999884

1576844153.098999977

1576844153.099999905

1576844153.104000092

1576844153.105999947

1576844153.108000040

1576844153.109999895

1576844153.111999989

1576844153.114000082

1576844153.118000031

1576844153.119999886

1576844153.121999979

1576844153.122999907

1576844153.125000000

1576844153.128999949

1576844153.130000114

1576844153.131999969

1576844153.134000063

1576844153.135999918

1576844153.138000011

1576844153.141999960

1576844153.142999887

1576844153.145999908

1576844153.147000074

1576844153.150000095

1576844153.153000116

1576844153.154999971

1576844153.157000065

1576844153.158999920

1576844153.161000013

1576844153.161999941

1576844153.165999889

1576844153.167999983

1576844153.170000076

1576844153.171999931

1576844153.174000025

1576844153.177000046

1576844153.178999901

1576844153.180999994

1576844153.183000088

1576844153.184000015

1576844153.190000057

1576844153.191999912

1576844153.194000006

1576844153.194999933

1576844153.197000027

1576844153.200999975

1576844153.203000069

1576844153.204999924

1576844153.207000017

1576844153.209000111

1576844153.210000038

1576844153.213999987

1576844153.216000080

1576844153.217999935

1576844153.220000029

1576844153.220999956

1576844153.223000050

1576844153.226999998

1576844153.229000092

1576844153.230000019

1576844153.233000040

1576844153.233999968

1576844153.237999916

1576844153.240000010

1576844153.242000103

1576844153.243999958

1576844153.244999886

1576844153.246999979

1576844153.250999928

1576844153.252000093

1576844153.253999949

1576844153.256000042

1576844153.257999897

1576844153.262000084

1576844153.263999939

1576844153.266000032

1576844153.267999887

1576844153.269000053

1576844153.270999908

1576844153.275000095

1576844153.276999950

1576844153.278000116

1576844153.279999971

1576844153.282000065

1576844153.286000013

1576844153.288000107

1576844153.289999962

1576844153.292999983

1576844153.295000076

1576844153.299000025

1576844153.299999952

1576844153.302999973

1576844153.303999901

1576844153.305999994

1576844153.309999943

1576844153.311000109

1576844153.312999964

1576844153.315000057

1576844153.316999912

1576844153.319000006

1576844153.322999954

1576844153.323999882

1576844153.325999975

1576844153.328000069

1576844153.329999924

1576844153.334000111

1576844153.335999966

1576844153.338000059

1576844153.338999987

1576844153.341000080

1576844153.342999935

1576844153.346999884

1576844153.348000050

1576844153.349999905

1576844153.351999998

1576844153.354000092

1576844153.358000040

1576844153.359999895

1576844153.361999989

1576844153.364000082

1576844153.365000010

1576844153.368999958

1576844153.371000051

1576844153.372999907

1576844153.375000000

1576844153.375999928

1576844153.378000021

1576844153.381999969

1576844153.384000063

1576844153.385999918

1576844153.388000011

1576844153.388999939

1576844153.392999887

1576844153.394999981

1576844153.397000074

1576844153.398999929

1576844153.400000095

1576844153.404000044

1576844153.405999899

1576844153.407999992

1576844153.410000086

1576844153.411999941

1576844153.413000107

1576844153.417000055

1576844153.418999910

1576844153.421000004

1576844153.423000097

1576844153.424999952

1576844153.427999973

1576844153.430000067

1576844153.431999922

1576844153.434000015

1576844153.436000109

1576844153.437999964

1576844153.441999912

1576844153.443000078

1576844153.444999933

1576844153.447000027

1576844153.448999882

1576844153.450999975

1576844153.453999996

1576844153.456000090

1576844153.459000111

1576844153.460000038

1576844153.461999893

1576844153.466000080

1576844153.467999935

1576844153.469000101

1576844153.470999956

1576844153.473000050

1576844153.474999905

1576844153.483000040

1576844153.483999968

1576844153.489000082

1576844153.490999937

1576844153.493000031

1576844153.494999886

1576844153.496999979

1576844153.497999907

1576844153.502000093

1576844153.503999949

1576844153.505000114

1576844153.506999969

1576844153.509000063

1576844153.509999990

1576844153.513999939

1576844153.516000032

1576844153.516999960

1576844153.519000053

1576844153.520999908

1576844153.523000002

1576844153.526000023

1576844153.528000116

1576844153.529999971

1576844153.532000065

1576844153.533999920

1576844153.536999941

1576844153.539000034

1576844153.540999889

1576844153.542999983

1576844153.545000076

1576844153.546000004

1576844153.549999952

1576844153.552000046

1576844153.553999901

1576844153.555999994

1576844153.556999922

1576844153.561000109

1576844153.562999964

1576844153.565000057

1576844153.565999985

1576844153.568000078

1576844153.569999933

1576844153.573999882

1576844153.575000048

1576844153.576999903

1576844153.579999924

1576844153.582000017

1576844153.582999945

1576844153.588000059

1576844153.589999914

1576844153.592000008

1576844153.594000101

1576844153.595999956

1576844153.598999977

1576844153.601000071

1576844153.604000092

1576844153.605999947

1576844153.607000113

1576844153.611000061

1576844153.612999916

1576844153.615000010

1576844153.617000103

1576844153.618999958

1576844153.621999979

1576844153.624000072

1576844153.625999928

1576844153.628000021

1576844153.628999949

1576844153.631000042

1576844153.634999990

1576844153.635999918

1576844153.638000011

1576844153.640000105

1576844153.641999960

1576844153.642999887

1576844153.647000074

1576844153.648999929

1576844153.651000023

1576844153.653000116

1576844153.654999971

1576844153.657999992

1576844153.660000086

1576844153.661999941

1576844153.664000034

1576844153.664999962

1576844153.667000055

1576844153.671000004

1576844153.673000097

1576844153.674999952

1576844153.676000118

1576844153.677999973

1576844153.680000067

1576844153.684000015

1576844153.684999943

1576844153.688999891

1576844153.690000057

1576844153.694000006

1576844153.697000027

1576844153.698999882

1576844153.700999975

1576844153.703000069

1576844153.706000090

1576844153.707999945

1576844153.710000038

1576844153.711999893

1576844153.713999987

1576844153.716000080

1576844153.719000101

1576844153.720999956

1576844153.723999977

1576844153.726000071

1576844153.727999926

1576844153.732000113

1576844153.733999968

1576844153.736000061

1576844153.736999989

1576844153.739000082

1576844153.740999937

1576844153.744999886

1576844153.746999979

1576844153.749000072

1576844153.750000000

1576844153.752000093

1576844153.756000042

1576844153.757999897

1576844153.759999990

1576844153.760999918

1576844153.763000011

1576844153.765000105

1576844153.767999887

1576844153.769999981

1576844153.772000074

1576844153.773999929

1576844153.776000023

1576844153.779000044

1576844153.780999899

1576844153.782999992

1576844153.785000086

1576844153.786999941

1576844153.792000055

1576844153.793999910

1576844153.796000004

1576844153.798000097

1576844153.799000025

1576844153.802999973

1576844153.805000067

1576844153.806999922

1576844153.809000015

1576844153.809999943

1576844153.812000036

1576844153.815999985

1576844153.818000078

1576844153.819999933

1576844153.822000027

1576844153.823999882

1576844153.826999903

1576844153.828999996

1576844153.831000090

1576844153.832999945

1576844153.834000111

1576844153.835999966

1576844153.839999914

1576844153.842000008

1576844153.844000101

1576844153.845999956

1576844153.846999884

1576844153.851000071

1576844153.852999926

1576844153.855000019

1576844153.857000113

1576844153.858999968

1576844153.859999895

1576844153.864000082

1576844153.865999937

1576844153.868999958

1576844153.869999886

1576844153.871999979

1576844153.874000072

1576844153.878000021

1576844153.878999949

1576844153.881000042

1576844153.882999897

1576844153.884999990

1576844153.890000105

1576844153.891999960

1576844153.894000053

1576844153.895999908

1576844153.898000002

1576844153.901999950

1576844153.903000116

1576844153.904999971

1576844153.907000065

1576844153.908999920

1576844153.913000107

1576844153.914999962

1576844153.917000055

1576844153.918999910

1576844153.920000076

1576844153.924000025

1576844153.926000118

1576844153.927999973

1576844153.930000067

1576844153.931999922

1576844153.934000015

1576844153.937999964

1576844153.940000057

1576844153.941999912

1576844153.943000078

1576844153.944999933

1576844153.948999882

1576844153.950999975

1576844153.953000069

1576844153.953999996

1576844153.956000090

1576844153.957999945

1576844153.961999893

1576844153.963000059

1576844153.970000029

1576844153.973999977

1576844153.976000071

1576844153.977999926

1576844153.979000092

1576844153.980999947

1576844153.983999968

1576844153.986000061

1576844153.989000082

1576844153.990999937

1576844153.993000031

1576844154.006000042

1576844154.006000042

1576844154.006000042

1576844154.009000063

1576844154.012000084

1576844154.013999939

1576844154.016999960

1576844154.017999887

1576844154.022000074

1576844154.023999929

1576844154.026000023

1576844154.026999950

1576844154.029999971

1576844154.032999992

1576844154.035000086

1576844154.036999941

1576844154.039000034

1576844154.040999889

1576844154.042000055

1576844154.046000004

1576844154.048000097

1576844154.049999952

1576844154.052000046

1576844154.052999973

1576844154.056999922

1576844154.059000015

1576844154.061000109

1576844154.062999964

1576844154.063999891

1576844154.065999985

1576844154.069999933

1576844154.072000027

1576844154.073999882

1576844154.075999975

1576844154.076999903

1576844154.081000090

1576844154.082999945

1576844154.085000038

1576844154.086999893

1576844154.088999987

1576844154.091000080

1576844154.094000101

1576844154.095999956

1576844154.098999977

1576844154.101000071

1576844154.102999926

1576844154.107000113

1576844154.108000040

1576844154.111000061

1576844154.111999989

1576844154.114000082

1576844154.117000103

1576844154.118999958

1576844154.121000051

1576844154.122999907

1576844154.125000000

1576844154.127000093

1576844154.131000042

1576844154.134999990

1576844154.137000084

1576844154.138000011

1576844154.141999960

1576844154.144000053

1576844154.147000074

1576844154.148000002

1576844154.150000095

1576844154.154000044

1576844154.157000065

1576844154.158999920

1576844154.160000086

1576844154.161999941

1576844154.164000034

1576844154.167999983

1576844154.168999910

1576844154.171000004

1576844154.173000097

1576844154.174999952

1576844154.177999973

1576844154.180000067

1576844154.181999922

1576844154.184000015

1576844154.184999943

1576844154.187000036

1576844154.191999912

1576844154.194999933

1576844154.197000027

1576844154.198999882

1576844154.201999903

1576844154.203999996

1576844154.206000090

1576844154.207999945

1576844154.210000038

1576844154.210999966

1576844154.214999914

1576844154.217000008

1576844154.219000101

1576844154.220999956

1576844154.223000050

1576844154.226000071

1576844154.227999926

1576844154.230000019

1576844154.232000113

1576844154.233999968

1576844154.236000061

1576844154.240000010

1576844154.240999937

1576844154.243000031

1576844154.244999886

1576844154.246999979

1576844154.250000000

1576844154.252000093

1576844154.253999949

1576844154.256999969

1576844154.259000063

1576844154.262000084

1576844154.263999939

1576844154.266000032

1576844154.267999887

1576844154.269999981

1576844154.270999908

1576844154.275000095

1576844154.276999950

1576844154.279000044

1576844154.279999971

1576844154.282000065

1576844154.283999920

1576844154.288000107

1576844154.289999962

1576844154.292999983

1576844154.295000076

1576844154.299999952

1576844154.302000046

1576844154.303999901

1576844154.305999994

1576844154.306999922

1576844154.311000109

1576844154.312999964

1576844154.315000057

1576844154.316999912

1576844154.319000006

1576844154.321000099

1576844154.323999882

1576844154.326999903

1576844154.328999996

1576844154.329999924

1576844154.332000017

1576844154.335999966

1576844154.338000059

1576844154.339999914

1576844154.342000008

1576844154.342999935

1576844154.346999884

1576844154.348999977

1576844154.351000071

1576844154.352999926

1576844154.355000019

1576844154.355999947

1576844154.359999895

1576844154.361999989

1576844154.364000082

1576844154.365999937

1576844154.368000031

1576844154.371000051

1576844154.372999907

1576844154.375000000

1576844154.377000093

1576844154.378999949

1576844154.380000114

1576844154.384000063

1576844154.385999918

1576844154.388000011

1576844154.390000105

1576844154.394999981

1576844154.397000074

1576844154.398999929

1576844154.401000023

1576844154.403000116

1576844154.404999971

1576844154.407999992

1576844154.410000086

1576844154.411999941

1576844154.414000034

1576844154.415999889

1576844154.420000076

1576844154.421999931

1576844154.424000025

1576844154.426000118

1576844154.427000046

1576844154.430999994

1576844154.433000088

1576844154.434999943

1576844154.437000036

1576844154.438999891

1576844154.440999985

1576844154.446000099

1576844154.447000027

1576844154.448999882

1576844154.450999975

1576844154.453000069

1576844154.457000017

1576844154.459000111

1576844154.460999966

1576844154.461999893

1576844154.463999987

1576844154.466000080

1576844154.473999977

1576844154.474999905

1576844154.476999998

1576844154.480999947

1576844154.483000040

1576844154.484999895

1576844154.486000061

1576844154.487999916

1576844154.493000031

1576844154.496000051

1576844154.497999907

1576844154.499000072

1576844154.500999928

1576844154.505000114

1576844154.506999969

1576844154.509000063

1576844154.509999990

1576844154.512000084

1576844154.513999939

1576844154.516999960

1576844154.519999981

1576844154.522000074

1576844154.523000002

1576844154.525000095

1576844154.529000044

1576844154.530999899

1576844154.532999992

1576844154.533999920

1576844154.536000013

1576844154.538000107

1576844154.542000055

1576844154.543999910

1576844154.545000076

1576844154.546999931

1576844154.549000025

1576844154.552000046

1576844154.553999901

1576844154.555999994

1576844154.558000088

1576844154.559999943

1576844154.561000109

1576844154.565000057

1576844154.566999912

1576844154.569000006

1576844154.571000099

1576844154.572000027

1576844154.575999975

1576844154.578000069

1576844154.579999924

1576844154.582000017

1576844154.584000111

1576844154.585000038

1576844154.589999914

1576844154.592000008

1576844154.595000029

1576844154.596999884

1576844154.601000071

1576844154.602999926

1576844154.605000019

1576844154.607000113

1576844154.608999968

1576844154.611000061

1576844154.614000082

1576844154.615999937

1576844154.618000031

1576844154.619999886

1576844154.621999979

1576844154.625999928

1576844154.628000021

1576844154.630000114

1576844154.631000042

1576844154.632999897

1576844154.637000084

1576844154.638999939

1576844154.641000032

1576844154.642999887

1576844154.644000053

1576844154.645999908

1576844154.650000095

1576844154.651999950

1576844154.654000044

1576844154.654999971

1576844154.657000065

1576844154.658999920

1576844154.663000107

1576844154.664999962

1576844154.667000055

1576844154.667999983

1576844154.670000076

1576844154.674000025

1576844154.674999952

1576844154.677000046

1576844154.678999901

1576844154.680999994

1576844154.683000088

1576844154.686000109

1576844154.687999964

1576844154.690999985

1576844154.691999912

1576844154.697999954

1576844154.700000048

1576844154.701999903

1576844154.703999996

1576844154.706000090

1576844154.709000111

1576844154.710999966

1576844154.713000059

1576844154.714999914

1576844154.717000008

1576844154.717999935

1576844154.721999884

1576844154.723999977

1576844154.726000071

1576844154.727999926

1576844154.729000092

1576844154.733999968

1576844154.736000061

1576844154.737999916

1576844154.740000010

1576844154.740999937

1576844154.743000031

1576844154.746999979

1576844154.749000072

1576844154.750999928

1576844154.752000093

1576844154.753999949

1576844154.756000042

1576844154.759999990

1576844154.760999918

1576844154.763000011

1576844154.765000105

1576844154.766999960

1576844154.770999908

1576844154.772000074

1576844154.775000095

1576844154.776000023

1576844154.778000116

1576844154.782000065

1576844154.783999920

1576844154.786000013

1576844154.788000107

1576844154.789999962

1576844154.790999889

1576844154.796000004

1576844154.798000097

1576844154.799999952

1576844154.802000046

1576844154.803999901

1576844154.806999922

1576844154.809999943

1576844154.812000036

1576844154.812999964

1576844154.815000057

1576844154.819000006

1576844154.821000099

1576844154.822999954

1576844154.825000048

1576844154.825999975

1576844154.829999924

1576844154.832000017

1576844154.834000111

1576844154.835999966

1576844154.836999893

1576844154.838999987

1576844154.842999935

1576844154.845000029

1576844154.846999884

1576844154.848999977

1576844154.851000071

1576844154.854000092

1576844154.855999947

1576844154.858000040

1576844154.859999895

1576844154.861000061

1576844154.862999916

1576844154.867000103

1576844154.868999958

1576844154.871000051

1576844154.872999907

1576844154.875999928

1576844154.878999949

1576844154.881000042

1576844154.882999897

1576844154.884999990

1576844154.887000084

1576844154.888999939

1576844154.891999960

1576844154.894000053

1576844154.898000002

1576844154.900000095

1576844154.903000116

1576844154.904999971

1576844154.907000065

1576844154.908999920

1576844154.911000013

1576844154.913000107

1576844154.917000055

1576844154.918999910

1576844154.921000004

1576844154.921999931

1576844154.924000025

1576844154.927999973

1576844154.928999901

1576844154.930999994

1576844154.933000088

1576844154.934999943

1576844154.937000036

1576844154.941999912

1576844154.944000006

1576844154.944999933

1576844154.947000027

1576844154.948999882

1576844154.951999903

1576844154.953999996

1576844154.956000090

1576844154.957999945

1576844154.960000038

1576844154.967000008

1576844154.969000101

1576844154.970999956

1576844154.973000050

1576844154.976999998

1576844154.979000092

1576844154.980999947

1576844154.982000113

1576844154.983999968

1576844154.987999916

1576844154.989000082

1576844154.990999937

1576844154.993000031

1576844154.994999886

1576844155.000000000

1576844155.002000093

1576844155.003999949

1576844155.006000042

1576844155.007999897

1576844155.010999918

1576844155.013000011

1576844155.015000105

1576844155.016999960

1576844155.019999981

1576844155.020999908

1576844155.025000095

1576844155.026999950

1576844155.029000044

1576844155.029999971

1576844155.032000065

1576844155.033999920

1576844155.038000107

1576844155.039999962

1576844155.042000055

1576844155.042999983

1576844155.045000076

1576844155.049000025

1576844155.051000118

1576844155.052999973

1576844155.053999901

1576844155.055999994

1576844155.058000088

1576844155.061000109

1576844155.062999964

1576844155.065000057

1576844155.068000078

1576844155.069000006

1576844155.072999954

1576844155.075000048

1576844155.075999975

1576844155.078000069

1576844155.079999924

1576844155.081000090

1576844155.085000038

1576844155.086999893

1576844155.088999987

1576844155.089999914

1576844155.092000008

1576844155.094000101

1576844155.098999977

1576844155.104000092

1576844155.108000040

1576844155.109999895

1576844155.111999989

1576844155.114000082

1576844155.115999937

1576844155.117000103

1576844155.121000051

1576844155.122999907

1576844155.124000072

1576844155.127000093

1576844155.128999949

1576844155.131999969

1576844155.141000032

1576844155.141000032

1576844155.141000032

1576844155.144000053

1576844155.145999908

1576844155.148000002

1576844155.150000095

1576844155.151000023

1576844155.153000116

1576844155.157000065

1576844155.158999920

1576844155.161000013

1576844155.164000034

1576844155.165999889

1576844155.168999910

1576844155.171000004

1576844155.173000097

1576844155.174999952

1576844155.176000118

1576844155.177999973

1576844155.181999922

1576844155.184000015

1576844155.184999943

1576844155.187000036

1576844155.188999891

1576844155.193000078

1576844155.194999933

1576844155.197000027

1576844155.200000048

1576844155.201999903

1576844155.206000090

1576844155.207999945

1576844155.210000038

1576844155.211999893

1576844155.213000059

1576844155.217000008

1576844155.219000101

1576844155.220999956

1576844155.223000050

1576844155.224999905

1576844155.226000071

1576844155.230000019

1576844155.232000113

1576844155.233999968

1576844155.234999895

1576844155.236999989

1576844155.239000082

1576844155.242000103

1576844155.243999958

1576844155.246000051

1576844155.247999907

1576844155.250000000

1576844155.253999949

1576844155.256000042

1576844155.256999969

1576844155.259000063

1576844155.260999918

1576844155.265000105

1576844155.266999960

1576844155.269000053

1576844155.270999908

1576844155.273000002

1576844155.273999929

1576844155.278000116

1576844155.279999971

1576844155.282000065

1576844155.282999992

1576844155.285000086

1576844155.289000034

1576844155.290999889

1576844155.292999983

1576844155.295000076

1576844155.296000004

1576844155.302000046

1576844155.303999901

1576844155.306999922

1576844155.308000088

1576844155.309999943

1576844155.313999891

1576844155.315999985

1576844155.318000078

1576844155.319999933

1576844155.322000027

1576844155.323999882

1576844155.326999903

1576844155.328999996

1576844155.331000090

1576844155.332999945

1576844155.335000038

1576844155.338000059

1576844155.339999914

1576844155.342000008

1576844155.344000101

1576844155.345999956

1576844155.348000050

1576844155.351000071

1576844155.352999926

1576844155.355000019

1576844155.357000113

1576844155.358999968

1576844155.361999989

1576844155.364000082

1576844155.365999937

1576844155.368000031

1576844155.368999958

1576844155.371000051

1576844155.375000000

1576844155.377000093

1576844155.378000021

1576844155.380000114

1576844155.381999969

1576844155.384000063

1576844155.387000084

1576844155.390000105

1576844155.391000032

1576844155.392999887

1576844155.394999981

1576844155.400000095

1576844155.401999950

1576844155.404000044

1576844155.405999899

1576844155.407999992

1576844155.411999941

1576844155.414000034

1576844155.415999889

1576844155.417000055

1576844155.418999910

1576844155.423000097

1576844155.424999952

1576844155.427000046

1576844155.427999973

1576844155.430000067

1576844155.434000015

1576844155.436000109

1576844155.437999964

1576844155.440000057

1576844155.441999912

1576844155.443000078

1576844155.447000027

1576844155.450000048

1576844155.451999903

1576844155.453999996

1576844155.456000090

1576844155.463000059

1576844155.464999914

1576844155.467000008

1576844155.469000101

1576844155.471999884

1576844155.473999977

1576844155.476000071

1576844155.477999926

1576844155.480000019

1576844155.483999968

1576844155.484999895

1576844155.486999989

1576844155.489000082

1576844155.490999937

1576844155.493000031

1576844155.496000051

1576844155.497999907

1576844155.502000093

1576844155.503999949

1576844155.506999969

1576844155.509000063

1576844155.510999918

1576844155.513000011

1576844155.515000105

1576844155.516000032

1576844155.519999981

1576844155.522000074

1576844155.523999929

1576844155.525000095

1576844155.526999950

1576844155.529000044

1576844155.532000065

1576844155.535000086

1576844155.536999941

1576844155.538000107

1576844155.539999962

1576844155.543999910

1576844155.545000076

1576844155.546999931

1576844155.549000025

1576844155.551000118

1576844155.552999973

1576844155.555999994

1576844155.558000088

1576844155.561000109

1576844155.562000036

1576844155.565000057

1576844155.568000078

1576844155.569999933

1576844155.572000027

1576844155.573999882

1576844155.575999975

1576844155.579999924

1576844155.581000090

1576844155.584000111

1576844155.585000038

1576844155.586999893

1576844155.588999987

1576844155.594000101

1576844155.595999956

1576844155.596999884

1576844155.598999977

1576844155.604000092

1576844155.608000040

1576844155.609999895

1576844155.611999989

1576844155.612999916

1576844155.617000103

1576844155.618999958

1576844155.621000051

1576844155.622999907

1576844155.624000072

1576844155.628000021

1576844155.630000114

1576844155.631999969

1576844155.632999897

1576844155.635999918

1576844155.637000084

1576844155.641000032

1576844155.641999960

1576844155.644000053

1576844155.645999908

1576844155.648000002

1576844155.651999950

1576844155.654000044

1576844155.655999899

1576844155.657999992

1576844155.660000086

1576844155.661999941

1576844155.664999962

1576844155.667000055

1576844155.668999910

1576844155.671000004

1576844155.673000097

1576844155.676000118

1576844155.677999973

1576844155.680000067

1576844155.681999922

1576844155.684000015

1576844155.684999943

1576844155.688999891

1576844155.690999985

1576844155.693000078

1576844155.694999933

1576844155.696000099

1576844155.701999903

1576844155.703999996

1576844155.706000090

1576844155.707999945

1576844155.709000111

1576844155.713000059

1576844155.714999914

1576844155.717999935

1576844155.719000101

1576844155.720999956

1576844155.724999905

1576844155.726999998

1576844155.727999926

1576844155.730000019

1576844155.732000113

1576844155.733000040

1576844155.739000082

1576844155.740000010

1576844155.742000103

1576844155.743999958

1576844155.746000051

1576844155.750000000

1576844155.752000093

1576844155.753000021

1576844155.755000114

1576844155.756999969

1576844155.759000063

1576844155.762000084

1576844155.763999939

1576844155.766000032

1576844155.767999887

1576844155.769999981

1576844155.773000002

1576844155.775000095

1576844155.776999950

1576844155.779000044

1576844155.780999899

1576844155.782000065

1576844155.786000013

1576844155.788000107

1576844155.789999962

1576844155.792000055

1576844155.793999910

1576844155.798000097

1576844155.799000025

1576844155.802999973

1576844155.803999901

1576844155.805999994

1576844155.809999943

1576844155.812000036

1576844155.813999891

1576844155.815999985

1576844155.818000078

1576844155.821000099

1576844155.822999954

1576844155.825000048

1576844155.826999903

1576844155.828000069

1576844155.829999924

1576844155.834000111

1576844155.835999966

1576844155.838000059

1576844155.838999987

1576844155.842000008

1576844155.845000029

1576844155.846999884

1576844155.848999977

1576844155.851000071

1576844155.852999926

1576844155.854000092

1576844155.858000040

1576844155.859999895

1576844155.861000061

1576844155.862999916

1576844155.865000010

1576844155.867000103

1576844155.869999886

1576844155.871999979

1576844155.874000072

1576844155.875999928

1576844155.878000021

1576844155.882999897

1576844155.884999990

1576844155.887000084

1576844155.888000011

1576844155.890000105

1576844155.891999960

1576844155.894999981

1576844155.897000074

1576844155.898999929

1576844155.901000023

1576844155.905999899

1576844155.907999992

1576844155.911000013

1576844155.911999941

1576844155.914000034

1576844155.917999983

1576844155.920000076

1576844155.921999931

1576844155.924000025

1576844155.924999952

1576844155.927000046

1576844155.930999994

1576844155.931999922

1576844155.934000015

1576844155.936000109

1576844155.937999964

1576844155.941999912

1576844155.944000006

1576844155.946000099

1576844155.948999882

1576844155.954999924

1576844155.957000017

1576844155.959000111

1576844155.960999966

1576844155.963000059

1576844155.966000080

1576844155.967999935

1576844155.970999956

1576844155.971999884

1576844155.973999977

1576844155.976000071

1576844155.979000092

1576844155.980999947

1576844155.983000040

1576844155.984999895

1576844155.986999989

1576844155.990000010

1576844155.992000103

1576844155.993999958

1576844155.996000051

1576844155.996999979

1576844155.999000072

1576844156.003999949

1576844156.006999969

1576844156.007999897

1576844156.009999990

1576844156.013999939

1576844156.016000032

1576844156.017999887

1576844156.019000053

1576844156.020999908

1576844156.023000002

1576844156.028000116

1576844156.029999971

1576844156.032000065

1576844156.033999920

1576844156.036000013

1576844156.039000034

1576844156.040999889

1576844156.042999983

1576844156.045000076

1576844156.046000004

1576844156.048000097

1576844156.052000046

1576844156.052999973

1576844156.055000067

1576844156.056999922

1576844156.059000015

1576844156.061000109

1576844156.065000057

1576844156.066999912

1576844156.069000006

1576844156.071000099

1576844156.072999954

1576844156.075999975

1576844156.078000069

1576844156.079999924

1576844156.082000017

1576844156.084000111

1576844156.086999893

1576844156.088999987

1576844156.091000080

1576844156.092999935

1576844156.094000101

1576844156.095999956

1576844156.099999905

1576844156.101999998

1576844156.104000092

1576844156.105999947

1576844156.107000113

1576844156.111000061

1576844156.112999916

1576844156.115000010

1576844156.117000103

1576844156.118999958

1576844156.121999979

1576844156.124000072

1576844156.125999928

1576844156.128000021

1576844156.130000114

1576844156.131999969

1576844156.134999990

1576844156.137000084

1576844156.140000105

1576844156.141000032

1576844156.142999887

1576844156.147000074

1576844156.148999929

1576844156.150000095

1576844156.151999950

1576844156.154000044

1576844156.155999899

1576844156.158999920

1576844156.161000013

1576844156.163000107

1576844156.164999962

1576844156.167000055

1576844156.171999931

1576844156.174000025

1576844156.176000118

1576844156.177000046

1576844156.178999901

1576844156.183000088

1576844156.184999943

1576844156.186000109

1576844156.188999891

1576844156.190000057

1576844156.191999912

1576844156.196000099

1576844156.197999954

1576844156.200000048

1576844156.200999975

1576844156.204999924

1576844156.207999945

1576844156.210000038

1576844156.211999893

1576844156.213999987

1576844156.216000080

1576844156.220000029

1576844156.221999884

1576844156.223999977

1576844156.224999905

1576844156.226999998

1576844156.230999947

1576844156.233000040

1576844156.234999895

1576844156.236999989

1576844156.239000082

1576844156.240000010

1576844156.243999958

1576844156.244999886

1576844156.246999979

1576844156.249000072

1576844156.250999928

1576844156.253000021

1576844156.256000042

1576844156.257999897

1576844156.259999990

1576844156.262000084

1576844156.263999939

1576844156.266999960

1576844156.269999981

1576844156.270999908

1576844156.273000002

1576844156.275000095

1576844156.276999950

1576844156.280999899

1576844156.282999992

1576844156.285000086

1576844156.286000013

1576844156.288000107

1576844156.292000055

1576844156.292999983

1576844156.295000076

1576844156.296999931

1576844156.299000025

1576844156.303999901

1576844156.306999922

1576844156.309000015

1576844156.309999943

1576844156.312000036

1576844156.316999912

1576844156.319000006

1576844156.321000099

1576844156.322999954

1576844156.325000048

1576844156.328999996

1576844156.331000090

1576844156.332999945

1576844156.334000111

1576844156.335999966

1576844156.338000059

1576844156.342000008

1576844156.342999935

1576844156.345000029

1576844156.346999884

1576844156.348999977

1576844156.352999926

1576844156.354000092

1576844156.357000113

1576844156.358000040

1576844156.359999895

1576844156.364000082

1576844156.365999937

1576844156.367000103

1576844156.369999886

1576844156.371000051

1576844156.372999907

1576844156.377000093

1576844156.378000021

1576844156.381000042

1576844156.381999969

1576844156.384000063

1576844156.385999918

1576844156.388999939

1576844156.391000032

1576844156.392999887

1576844156.394999981

1576844156.397000074

1576844156.400000095

1576844156.401999950

1576844156.405999899

1576844156.407999992

1576844156.410000086

1576844156.413000107

1576844156.414999962

1576844156.417000055

1576844156.418999910

1576844156.421000004

1576844156.424999952

1576844156.427000046

1576844156.427999973

1576844156.430000067

1576844156.431999922

1576844156.436000109

1576844156.437999964

1576844156.440000057

1576844156.441999912

1576844156.444000006

1576844156.446000099

1576844156.454999924

1576844156.456000090

1576844156.460999966

1576844156.463000059

1576844156.464999914

1576844156.467000008

1576844156.469000101

1576844156.470999956

1576844156.473999977

1576844156.476000071

1576844156.477999926

1576844156.480000019

1576844156.482000113

1576844156.484999895

1576844156.486999989

1576844156.489000082

1576844156.490999937

1576844156.492000103

1576844156.493999958

1576844156.497999907

1576844156.499000072

1576844156.502000093

1576844156.503000021

1576844156.506000042

1576844156.509999990

1576844156.513000011

1576844156.513999939

1576844156.516000032

1576844156.517999887

1576844156.522000074

1576844156.523000002

1576844156.525000095

1576844156.526999950

1576844156.529000044

1576844156.532999992

1576844156.535000086

1576844156.536000013

1576844156.538000107

1576844156.539999962

1576844156.542000055

1576844156.546000004

1576844156.546999931

1576844156.549000025

1576844156.551000118

1576844156.552999973

1576844156.555000067

1576844156.558000088

1576844156.559999943

1576844156.562999964

1576844156.563999891

1576844156.565999985

1576844156.569999933

1576844156.572000027

1576844156.573999882

1576844156.575000048

1576844156.576999903

1576844156.578999996

1576844156.582000017

1576844156.584000111

1576844156.585999966

1576844156.588000059

1576844156.589999914

1576844156.594000101

1576844156.595000029

1576844156.596999884

1576844156.598999977

1576844156.601000071

1576844156.601999998

1576844156.608999968

1576844156.611000061

1576844156.612999916

1576844156.615000010

1576844156.618999958

1576844156.619999886

1576844156.622999907

1576844156.625000000

1576844156.627000093

1576844156.630000114

1576844156.631999969

1576844156.634000063

1576844156.635999918

1576844156.637000084

1576844156.638999939

1576844156.642999887

1576844156.644999981

1576844156.648000002

1576844156.650000095

1576844156.651999950

1576844156.655999899

1576844156.657999992

1576844156.660000086

1576844156.661000013

1576844156.663000107

1576844156.667000055

1576844156.667999983

1576844156.670000076

1576844156.671999931

1576844156.674000025

1576844156.676000118

1576844156.680000067

1576844156.680999994

1576844156.683000088

1576844156.687000036

1576844156.690999985

1576844156.693000078

1576844156.694000006

1576844156.696000099

1576844156.697999954

1576844156.701999903

1576844156.703999996

1576844156.704999924

1576844156.709000111

1576844156.710999966

1576844156.714999914

1576844156.717000008

1576844156.719000101

1576844156.720999956

1576844156.721999884

1576844156.726000071

1576844156.727999926

1576844156.730000019

1576844156.732000113

1576844156.733000040

1576844156.734999895

1576844156.739000082

1576844156.740000010

1576844156.743000031

1576844156.743999958

1576844156.746000051

1576844156.750000000

1576844156.753000021

1576844156.755000114

1576844156.756999969

1576844156.757999897

1576844156.759999990

1576844156.763999939

1576844156.765000105

1576844156.766999960

1576844156.769000053

1576844156.770999908

1576844156.773000002

1576844156.776000023

1576844156.778000116

1576844156.779999971

1576844156.782000065

1576844156.783999920

1576844156.788000107

1576844156.789999962

1576844156.790999889

1576844156.792999983

1576844156.795000076

1576844156.796999931

1576844156.799999952

1576844156.802000046

1576844156.803999901

1576844156.805999994

1576844156.811000109

1576844156.813999891

1576844156.815999985

1576844156.818000078

1576844156.819000006

1576844156.822999954

1576844156.825000048

1576844156.826999903

1576844156.828999996

1576844156.829999924

1576844156.832000017

1576844156.835999966

1576844156.836999893

1576844156.839999914

1576844156.842000008

1576844156.844000101

1576844156.846999884

1576844156.848999977

1576844156.851000071

1576844156.852999926

1576844156.855000019

1576844156.855999947

1576844156.859999895

1576844156.861999989

1576844156.864000082

1576844156.865999937

1576844156.868000031

1576844156.871000051

1576844156.872999907

1576844156.875000000

1576844156.877000093

1576844156.878000021

1576844156.880000114

1576844156.884000063

1576844156.884999990

1576844156.887000084

1576844156.888999939

1576844156.891000032

1576844156.894999981

1576844156.898000002

1576844156.900000095

1576844156.901000023

1576844156.904000044

1576844156.905999899

1576844156.911000013

1576844156.913000107

1576844156.914999962

1576844156.917000055

1576844156.921000004

1576844156.921999931

1576844156.924999952

1576844156.926000118

1576844156.927999973

1576844156.930000067

1576844156.933000088

1576844156.936000109

1576844156.937999964

1576844156.940000057

1576844156.940999985

1576844156.950000048

1576844156.951999903

1576844156.953000069

1576844156.957000017

1576844156.960000038

1576844156.961999893

1576844156.963999987

1576844156.967999935

1576844156.970000029

1576844156.970999956

1576844156.973000050

1576844156.974999905

1576844156.976999998

1576844156.980999947

1576844156.982000113

1576844156.984999895

1576844156.986000061

1576844156.987999916

1576844156.990000010

1576844156.993000031

1576844156.994999886

1576844156.996999979

1576844156.999000072

1576844157.000999928

1576844157.003999949

1576844157.006000042

1576844157.009999990

1576844157.010999918

1576844157.013000011

1576844157.016999960

1576844157.019000053

1576844157.020999908

1576844157.023000002

1576844157.025000095

1576844157.029000044

1576844157.030999899

1576844157.032999992

1576844157.035000086

1576844157.036999941

1576844157.039999962

1576844157.042000055

1576844157.045000076

1576844157.046999931

1576844157.048000097

1576844157.049999952

1576844157.053999901

1576844157.055000067

1576844157.056999922

1576844157.059000015

1576844157.061000109

1576844157.065000057

1576844157.066999912

1576844157.068000078

1576844157.069999933

1576844157.072000027

1576844157.073999882

1576844157.078000069

1576844157.078999996

1576844157.081000090

1576844157.082999945

1576844157.085000038

1576844157.085999966

1576844157.089999914

1576844157.092000008

1576844157.095000029

1576844157.095999956

1576844157.098000050

1576844157.101999998

1576844157.102999926

1576844157.105000019

1576844157.107000113

1576844157.108999968

1576844157.112999916

1576844157.115000010

1576844157.115999937

1576844157.118000031

1576844157.119999886

1576844157.121999979

1576844157.125000000

1576844157.127000093

1576844157.128999949

1576844157.131000042

1576844157.132999897

1576844157.134999990

1576844157.138000011

1576844157.141000032

1576844157.141999960

1576844157.144000053

1576844157.148000002

1576844157.150000095

1576844157.151999950

1576844157.154000044

1576844157.154999971

1576844157.157000065

1576844157.160000086

1576844157.161999941

1576844157.164000034

1576844157.165999889

1576844157.167000055

1576844157.168999910

1576844157.173000097

1576844157.174000025

1576844157.176000118

1576844157.177999973

1576844157.180000067

1576844157.181999922

1576844157.184999943

1576844157.187000036

1576844157.190000057

1576844157.191999912

1576844157.194000006

1576844157.197999954

1576844157.198999882

1576844157.200999975

1576844157.203000069

1576844157.204999924

1576844157.210000038

1576844157.213000059

1576844157.214999914

1576844157.217000008

1576844157.217999935

1576844157.221999884

1576844157.223999977

1576844157.226999998

1576844157.227999926

1576844157.230000019

1576844157.233999968

1576844157.236000061

1576844157.236999989

1576844157.239000082

1576844157.240999937

1576844157.243000031

1576844157.246000051

1576844157.247999907

1576844157.250000000

1576844157.252000093

1576844157.253999949

1576844157.256999969

1576844157.259000063

1576844157.260999918

1576844157.262000084

1576844157.263999939

1576844157.266000032

1576844157.269999981

1576844157.270999908

1576844157.273000002

1576844157.275000095

1576844157.276999950

1576844157.280999899

1576844157.282999992

1576844157.285000086

1576844157.286999941

1576844157.289000034

1576844157.289999962

1576844157.293999910

1576844157.296000004

1576844157.298000097

1576844157.299999952

1576844157.302000046

1576844157.305999994

1576844157.308000088

1576844157.309999943

1576844157.312000036

1576844157.313999891

1576844157.316999912

1576844157.319999933

1576844157.322000027

1576844157.322999954

1576844157.325000048

1576844157.328999996

1576844157.329999924

1576844157.332000017

1576844157.334000111

1576844157.336999893

1576844157.341000080

1576844157.342999935

1576844157.345000029

1576844157.346999884

1576844157.348000050

1576844157.349999905

1576844157.354000092

1576844157.355000019

1576844157.357000113

1576844157.358999968

1576844157.361000061

1576844157.362999916

1576844157.365999937

1576844157.368000031

1576844157.369999886

1576844157.371999979

1576844157.374000072

1576844157.377000093

1576844157.378999949

1576844157.381000042

1576844157.381999969

1576844157.384000063

1576844157.385999918

1576844157.390000105

1576844157.391000032

1576844157.392999887

1576844157.394999981

1576844157.397000074

1576844157.398999929

1576844157.403000116

1576844157.404000044

1576844157.405999899

1576844157.407999992

1576844157.413000107

1576844157.415999889

1576844157.417999983

1576844157.420000076

1576844157.421000004

1576844157.424999952

1576844157.427000046

1576844157.428999901

1576844157.430999994

1576844157.433000088

1576844157.440000057

1576844157.441999912

1576844157.444000006

1576844157.446000099

1576844157.450000048

1576844157.450999975

1576844157.453000069

1576844157.454999924

1576844157.457000017

1576844157.459000111

1576844157.461999893

1576844157.463999987

1576844157.466000080

1576844157.467999935

1576844157.470000029

1576844157.473000050

1576844157.474999905

1576844157.476999998

1576844157.479000092

1576844157.482000113

1576844157.486000061

1576844157.487999916

1576844157.489000082

1576844157.492000103

1576844157.493000031

1576844157.494999886

1576844157.499000072

1576844157.500999928

1576844157.503000021

1576844157.503999949

1576844157.506000042

1576844157.510999918

1576844157.513999939

1576844157.516000032

1576844157.516999960

1576844157.519000053

1576844157.523000002

1576844157.525000095

1576844157.526999950

1576844157.529000044

1576844157.529999971

1576844157.533999920

1576844157.536000013

1576844157.538000107

1576844157.539000034

1576844157.540999889

1576844157.542999983

1576844157.546999931

1576844157.548000097

1576844157.549999952

1576844157.552000046

1576844157.553999901

1576844157.558000088

1576844157.559999943

1576844157.561000109

1576844157.562999964

1576844157.565000057

1576844157.566999912

1576844157.571000099

1576844157.572000027

1576844157.573999882

1576844157.575999975

1576844157.578000069

1576844157.582000017

1576844157.584000111

1576844157.585999966

1576844157.588000059

1576844157.588999987

1576844157.591000080

1576844157.595000029

1576844157.596999884

1576844157.598999977

1576844157.601000071

1576844157.602999926

1576844157.605999947

1576844157.608000040

1576844157.611000061

1576844157.612999916

1576844157.615000010

1576844157.618999958

1576844157.621000051

1576844157.622999907

1576844157.624000072

1576844157.625999928

1576844157.631000042

1576844157.632999897

1576844157.634999990

1576844157.637000084

1576844157.638999939

1576844157.640000105

1576844157.644000053

1576844157.645999908

1576844157.648000002

1576844157.650000095

1576844157.651999950

1576844157.655999899

1576844157.657000065

1576844157.658999920

1576844157.661000013

1576844157.663000107

1576844157.664999962

1576844157.667999983

1576844157.670000076

1576844157.671999931

1576844157.674000025

1576844157.676000118

1576844157.680000067

1576844157.681999922

1576844157.684000015

1576844157.684999943

1576844157.687000036

1576844157.690999985

1576844157.693000078

1576844157.694000006

1576844157.696000099

1576844157.697999954

1576844157.700000048

1576844157.703999996

1576844157.704999924

1576844157.707999945

1576844157.709000111

1576844157.713000059

1576844157.716000080

1576844157.717999935

1576844157.720000029

1576844157.721999884

1576844157.723999977

1576844157.727999926

1576844157.729000092

1576844157.730999947

1576844157.733000040

1576844157.734999895

1576844157.736999989

1576844157.740000010

1576844157.742000103

1576844157.743999958

1576844157.746000051

1576844157.747999907

1576844157.752000093

1576844157.753000021

1576844157.755000114

1576844157.756999969

1576844157.759000063

1576844157.760999918

1576844157.763999939

1576844157.766000032

1576844157.767999887

1576844157.769999981

1576844157.772000074

1576844157.776999950

1576844157.779000044

1576844157.780999899

1576844157.782000065

1576844157.783999920

1576844157.788000107

1576844157.789999962

1576844157.790999889

1576844157.792999983

1576844157.795000076

1576844157.796999931

1576844157.799999952

1576844157.802000046

1576844157.805000067

1576844157.806999922

1576844157.808000088

1576844157.813999891

1576844157.815999985

1576844157.818000078

1576844157.819000006

1576844157.821000099

1576844157.825000048

1576844157.825999975

1576844157.828000069

1576844157.829999924

1576844157.832000017

1576844157.835999966

1576844157.838000059

1576844157.839999914

1576844157.842000008

1576844157.844000101

1576844157.845000029

1576844157.848999977

1576844157.851000071

1576844157.852999926

1576844157.855000019

1576844157.855999947

1576844157.859999895

1576844157.861999989

1576844157.864000082

1576844157.865000010

1576844157.867000103

1576844157.868999958

1576844157.872999907

1576844157.875000000

1576844157.877000093

1576844157.878000021

1576844157.880000114

1576844157.884000063

1576844157.885999918

1576844157.887000084

1576844157.888999939

1576844157.891000032

1576844157.892999887

1576844157.897000074

1576844157.898999929

1576844157.901000023

1576844157.903000116

1576844157.904999971

1576844157.907999992

1576844157.910000086

1576844157.914000034

1576844157.915999889

1576844157.917999983

1576844157.921999931

1576844157.924000025

1576844157.926000118

1576844157.927999973

1576844157.934999943

1576844157.937000036

1576844157.938999891

1576844157.940999985

1576844157.943000078

1576844157.946000099

1576844157.947999954

1576844157.950000048

1576844157.951999903

1576844157.953999996

1576844157.957000017

1576844157.959000111

1576844157.960999966

1576844157.963999987

1576844157.966000080

1576844157.969000101

1576844157.970999956

1576844157.973000050

1576844157.974999905

1576844157.976999998

1576844157.977999926

1576844157.982000113

1576844157.983999968

1576844157.986000061

1576844157.987999916

1576844157.989000082

1576844157.993000031

1576844157.994999886

1576844157.997999907

1576844157.999000072

1576844158.000999928

1576844158.005000114

1576844158.006999969

1576844158.007999897

1576844158.009999990

1576844158.012000084

1576844158.016999960

1576844158.019000053

1576844158.020999908

1576844158.023000002

1576844158.025000095

1576844158.029000044

1576844158.030999899

1576844158.032999992

1576844158.035000086

1576844158.036000013

1576844158.038000107

1576844158.042000055

1576844158.043999910

1576844158.046000004

1576844158.046999931

1576844158.049000025

1576844158.052999973

1576844158.055000067

1576844158.056999922

1576844158.059000015

1576844158.061000109

1576844158.062000036

1576844158.066999912

1576844158.069000006

1576844158.071000099

1576844158.072999954

1576844158.073999882

1576844158.078000069

1576844158.079999924

1576844158.081000090

1576844158.082999945

1576844158.085000038

1576844158.086999893

1576844158.091000080

1576844158.092000008

1576844158.095000029

1576844158.095999956

1576844158.098000050

1576844158.101999998

1576844158.104000092

1576844158.105000019

1576844158.107000113

1576844158.108999968

1576844158.111000061

1576844158.115000010

1576844158.117000103

1576844158.118999958

1576844158.119999886

1576844158.121999979

1576844158.125999928

1576844158.128000021

1576844158.130000114

1576844158.131999969

1576844158.134000063

1576844158.135999918

1576844158.138999939

1576844158.141000032

1576844158.142999887

1576844158.144999981

1576844158.147000074

1576844158.150000095

1576844158.153000116

1576844158.154999971

1576844158.157000065

1576844158.161000013

1576844158.163000107

1576844158.164999962

1576844158.167000055

1576844158.167999983

1576844158.170000076

1576844158.174000025

1576844158.176000118

1576844158.177999973

1576844158.180000067

1576844158.181999922

1576844158.186000109

1576844158.187000036

1576844158.190000057

1576844158.190999985

1576844158.193000078

1576844158.197000027

1576844158.198999882

1576844158.200000048

1576844158.201999903

1576844158.203999996

1576844158.206000090

1576844158.209000111

1576844158.211999893

1576844158.216000080

1576844158.217000008

1576844158.219000101

1576844158.223000050

1576844158.224999905

1576844158.226999998

1576844158.229000092

1576844158.230999947

1576844158.233999968

1576844158.236000061

1576844158.237999916

1576844158.240000010

1576844158.240999937

1576844158.243000031

1576844158.246999979

1576844158.249000072

1576844158.250999928

1576844158.253000021

1576844158.255000114

1576844158.257999897

1576844158.259999990

1576844158.262000084

1576844158.263999939

1576844158.266000032

1576844158.269999981

1576844158.272000074

1576844158.273000002

1576844158.276000023

1576844158.276999950

1576844158.279000044

1576844158.282999992

1576844158.283999920

1576844158.286999941

1576844158.288000107

1576844158.289999962

1576844158.293999910

1576844158.296000004

1576844158.298000097

1576844158.299999952

1576844158.302000046

1576844158.302999973

1576844158.306999922

1576844158.309000015

1576844158.311000109

1576844158.312999964

1576844158.318000078

1576844158.319999933

1576844158.322000027

1576844158.323999882

1576844158.325999975

1576844158.326999903

1576844158.331000090

1576844158.332999945

1576844158.335000038

1576844158.336999893

1576844158.338999987

1576844158.342000008

1576844158.344000101

1576844158.345999956

1576844158.348000050

1576844158.349999905

1576844158.354000092

1576844158.355999947

1576844158.358000040

1576844158.359999895

1576844158.361999989

1576844158.364000082

1576844158.368000031

1576844158.368999958

1576844158.372999907

1576844158.374000072

1576844158.375999928

1576844158.380000114

1576844158.381000042

1576844158.382999897

1576844158.384999990

1576844158.387000084

1576844158.391000032

1576844158.392999887

1576844158.394000053

1576844158.395999908

1576844158.398000002

1576844158.400000095

1576844158.404000044

1576844158.404999971

1576844158.407000065

1576844158.408999920

1576844158.411000013

1576844158.413000107

1576844158.417999983

1576844158.420000076

1576844158.421999931

1576844158.424000025

1576844158.431999922

1576844158.433000088

1576844158.434999943

1576844158.438999891

1576844158.440999985

1576844158.443000078

1576844158.444000006

1576844158.446000099

1576844158.447999954

1576844158.451999903

1576844158.453000069

1576844158.454999924

1576844158.457000017

1576844158.457999945

1576844158.460000038

1576844158.463999987

1576844158.466000080

1576844158.467999935

1576844158.469000101

1576844158.470999956

1576844158.474999905

1576844158.476999998

1576844158.479000092

1576844158.480999947

1576844158.482000113

1576844158.483999968

1576844158.487999916

1576844158.489000082

1576844158.490999937

1576844158.493000031

1576844158.494999886

1576844158.496999979

1576844158.500000000

1576844158.502000093

1576844158.505000114

1576844158.506999969

1576844158.509000063

1576844158.512000084

1576844158.513999939

1576844158.516999960

1576844158.519000053

1576844158.520999908

1576844158.525000095

1576844158.526999950

1576844158.529000044

1576844158.530999899

1576844158.532999992

1576844158.536000013

1576844158.538000107

1576844158.539999962

1576844158.542000055

1576844158.543999910

1576844158.545000076

1576844158.549000025

1576844158.551000118

1576844158.552999973

1576844158.555000067

1576844158.556999922

1576844158.559999943

1576844158.562000036

1576844158.563999891

1576844158.565999985

1576844158.568000078

1576844158.569000006

1576844158.572999954

1576844158.575000048

1576844158.576999903

1576844158.578999996

1576844158.581000090

1576844158.584000111

1576844158.585999966

1576844158.588000059

1576844158.589999914

1576844158.592000008

1576844158.594000101

1576844158.596999884

1576844158.598999977

1576844158.601000071

1576844158.602999926

1576844158.605000019

1576844158.608000040

1576844158.609999895

1576844158.611999989

1576844158.614000082

1576844158.617000103

1576844158.619999886

1576844158.622999907

1576844158.625000000

1576844158.625999928

1576844158.628000021

1576844158.631999969

1576844158.634000063

1576844158.634999990

1576844158.638000011

1576844158.640000105

1576844158.641000032

1576844158.644999981

1576844158.647000074

1576844158.650000095

1576844158.651999950

1576844158.654000044

1576844158.657000065

1576844158.658999920

1576844158.661000013

1576844158.663000107

1576844158.664999962

1576844158.665999889

1576844158.670000076

1576844158.671999931

1576844158.674000025

1576844158.676000118

1576844158.677999973

1576844158.681999922

1576844158.683000088

1576844158.684999943

1576844158.687000036

1576844158.688999891

1576844158.690999985

1576844158.694000006

1576844158.696000099

1576844158.697999954

1576844158.700000048

1576844158.700999975

1576844158.704999924

1576844158.707000017

1576844158.709000111

1576844158.710999966

1576844158.713000059

1576844158.713999987

1576844158.720000029

1576844158.721999884

1576844158.723999977

1576844158.724999905

1576844158.730000019

1576844158.730999947

1576844158.733999968

1576844158.734999895

1576844158.736999989

1576844158.740999937

1576844158.743000031

1576844158.744999886

1576844158.746999979

1576844158.747999907

1576844158.750000000

1576844158.753999949

1576844158.755000114

1576844158.756999969

1576844158.759000063

1576844158.760999918

1576844158.762000084

1576844158.766000032

1576844158.767999887

1576844158.769999981

1576844158.772000074

1576844158.773999929

1576844158.776999950

1576844158.779000044

1576844158.780999899

1576844158.782999992

1576844158.785000086

1576844158.786999941

1576844158.789999962

1576844158.792000055

1576844158.795000076

1576844158.796999931

1576844158.799000025

1576844158.802999973

1576844158.805000067

1576844158.805999994

1576844158.808000088

1576844158.809999943

1576844158.812000036

1576844158.815000057

1576844158.816999912

1576844158.822000027

1576844158.822000027

1576844158.825999975

1576844158.828000069

1576844158.829999924

1576844158.832000017

1576844158.834000111

1576844158.838000059

1576844158.838999987

1576844158.841000080

1576844158.842999935

1576844158.845000029

1576844158.846999884

1576844158.849999905

1576844158.851999998

1576844158.854000092

1576844158.855999947

1576844158.858000040

1576844158.861000061

1576844158.862999916

1576844158.865000010

1576844158.867000103

1576844158.868000031

1576844158.869999886

1576844158.874000072

1576844158.875999928

1576844158.878000021

1576844158.878999949

1576844158.881000042

1576844158.884999990

1576844158.887000084

1576844158.888000011

1576844158.890000105

1576844158.891999960

1576844158.894000053

1576844158.897000074

1576844158.900000095

1576844158.901999950

1576844158.903000116

1576844158.904999971

1576844158.908999920

1576844158.911000013

1576844158.917000055

1576844158.921000004

1576844158.924000025

1576844158.926000118

1576844158.927999973

1576844158.930000067

1576844158.933000088

1576844158.934999943

1576844158.937000036

1576844158.938999891

1576844158.941999912

1576844158.944999933

1576844158.947000027

1576844158.948999882

1576844158.950999975

1576844158.951999903

1576844158.953999996

1576844158.957999945

1576844158.960000038

1576844158.961999893

1576844158.963000059

1576844158.964999914

1576844158.969000101

1576844158.970999956

1576844158.973000050

1576844158.974999905

1576844158.976999998

1576844158.980999947

1576844158.983000040

1576844158.984999895

1576844158.986999989

1576844158.987999916

1576844158.990000010

1576844158.993999958

1576844158.994999886

1576844158.997999907

1576844158.999000072

1576844159.000999928

1576844159.005000114

1576844159.006999969

1576844159.007999897

1576844159.009999990

1576844159.012000084

1576844159.013999939

1576844159.017999887

1576844159.019999981

1576844159.022000074

1576844159.023999929

1576844159.028000116

1576844159.029999971

1576844159.032000065

1576844159.033999920

1576844159.035000086

1576844159.036999941

1576844159.040999889

1576844159.042000055

1576844159.043999910

1576844159.046000004

1576844159.048000097

1576844159.052000046

1576844159.053999901

1576844159.055999994

1576844159.058000088

1576844159.059999943

1576844159.062000036

1576844159.065000057

1576844159.066999912

1576844159.069000006

1576844159.071000099

1576844159.072999954

1576844159.075999975

1576844159.078000069

1576844159.079999924

1576844159.082000017

1576844159.084000111

1576844159.085000038

1576844159.089999914

1576844159.092000008

1576844159.094000101

1576844159.095999956

1576844159.096999884

1576844159.101000071

1576844159.102999926

1576844159.104000092

1576844159.105999947

1576844159.108000040

1576844159.109999895

1576844159.114000082

1576844159.115000010

1576844159.118000031

1576844159.121000051

1576844159.125000000

1576844159.130000114

1576844159.131000042

1576844159.132999897

1576844159.137000084

1576844159.138999939

1576844159.141000032

1576844159.142999887

1576844159.144000053

1576844159.145999908

1576844159.150000095

1576844159.151999950

1576844159.154000044

1576844159.155999899

1576844159.157999992

1576844159.161000013

1576844159.164000034

1576844159.164999962

1576844159.167000055

1576844159.168999910

1576844159.171000004

1576844159.174999952

1576844159.176000118

1576844159.177999973

1576844159.180000067

1576844159.181999922

1576844159.184999943

1576844159.187000036

1576844159.188999891

1576844159.190999985

1576844159.193000078

1576844159.194000006

1576844159.197999954

1576844159.200000048

1576844159.200999975

1576844159.203000069

1576844159.203999996

1576844159.206000090

1576844159.209000111

1576844159.210999966

1576844159.213000059

1576844159.214999914

1576844159.217000008

1576844159.220999956

1576844159.223000050

1576844159.224999905

1576844159.226999998

1576844159.229000092

1576844159.233000040

1576844159.234999895

1576844159.236999989

1576844159.239000082

1576844159.240999937

1576844159.242000103

1576844159.246000051

1576844159.247999907

1576844159.250000000

1576844159.252000093

1576844159.253999949

1576844159.256999969

1576844159.259000063

1576844159.260999918

1576844159.262000084

1576844159.263999939

1576844159.265000105

1576844159.266999960

1576844159.270999908

1576844159.273000002

1576844159.273999929

1576844159.276000023

1576844159.278000116

1576844159.282000065

1576844159.282999992

1576844159.285000086

1576844159.286999941

1576844159.289000034

1576844159.290999889

1576844159.293999910

1576844159.296000004

1576844159.298000097

1576844159.299999952

1576844159.302000046

1576844159.305000067

1576844159.306999922

1576844159.309000015

1576844159.311000109

1576844159.312999964

1576844159.316999912

1576844159.319999933

1576844159.322000027

1576844159.322999954

1576844159.325000048

1576844159.328999996

1576844159.331000090

1576844159.332999945

1576844159.334000111

1576844159.335999966

1576844159.339999914

1576844159.342000008

1576844159.344000101

1576844159.345999956

1576844159.346999884

1576844159.348999977

1576844159.352999926

1576844159.355000019

1576844159.357000113

1576844159.358000040

1576844159.359999895

1576844159.364000082

1576844159.365999937

1576844159.368000031

1576844159.369999886

1576844159.371000051

1576844159.372999907

1576844159.377000093

1576844159.380000114

1576844159.381999969

1576844159.384000063

1576844159.385999918

1576844159.388999939

1576844159.391000032

1576844159.392999887

1576844159.394999981

1576844159.397000074

1576844159.398000002

1576844159.401999950

1576844159.404000044

1576844159.410000086

1576844159.414000034

1576844159.415999889

1576844159.418999910

1576844159.421000004

1576844159.424000025

1576844159.426000118

1576844159.427999973

1576844159.430000067

1576844159.431999922

1576844159.434000015

1576844159.437000036

1576844159.438999891

1576844159.440999985

1576844159.443000078

1576844159.444999933

1576844159.447999954

1576844159.450000048

1576844159.451999903

1576844159.453999996

1576844159.456000090

1576844159.460000038

1576844159.461999893

1576844159.463999987

1576844159.466000080

1576844159.467000008

1576844159.469000101

1576844159.473000050

1576844159.473999977

1576844159.476000071

1576844159.477999926

1576844159.480000019

1576844159.483999968

1576844159.486000061

1576844159.486999989

1576844159.489000082

1576844159.490999937

1576844159.493000031

1576844159.496000051

1576844159.497999907

1576844159.500000000

1576844159.502000093

1576844159.503999949

1576844159.505000114

1576844159.509000063

1576844159.510999918

1576844159.513000011

1576844159.515000105

1576844159.519000053

1576844159.520999908

1576844159.523000002

1576844159.526000023

1576844159.528000116

1576844159.529000044

1576844159.532999992

1576844159.535000086

1576844159.536999941

1576844159.539000034

1576844159.540999889

1576844159.543999910

1576844159.546000004

1576844159.548000097

1576844159.549999952

1576844159.552000046

1576844159.552999973

1576844159.556999922

1576844159.559000015

1576844159.561000109

1576844159.562000036

1576844159.563999891

1576844159.568000078

1576844159.569999933

1576844159.572000027

1576844159.573999882

1576844159.575999975

1576844159.576999903

1576844159.582000017

1576844159.582999945

1576844159.585000038

1576844159.586999893

1576844159.588999987

1576844159.592000008

1576844159.594000101

1576844159.595999956

1576844159.598000050

1576844159.599999905

1576844159.601000071

1576844159.605000019

1576844159.607000113

1576844159.608999968

1576844159.611000061

1576844159.612999916

1576844159.617000103

1576844159.618999958

1576844159.621000051

1576844159.622999907

1576844159.624000072

1576844159.628000021

1576844159.630000114

1576844159.631999969

1576844159.634000063

1576844159.635999918

1576844159.638999939

1576844159.641000032

1576844159.642999887

1576844159.644999981

1576844159.647000074

1576844159.651000023

1576844159.653000116

1576844159.654000044

1576844159.655999899

1576844159.657999992

1576844159.660000086

1576844159.664000034

1576844159.665999889

1576844159.667999983

1576844159.671000004

1576844159.671999931

1576844159.676000118

1576844159.677999973

1576844159.678999901

1576844159.680999994

1576844159.683000088

1576844159.684999943

1576844159.687999964

1576844159.690000057

1576844159.691999912

1576844159.694000006

1576844159.696000099

1576844159.697000027

1576844159.700999975

1576844159.703000069

1576844159.704999924

1576844159.707000017

1576844159.709000111

1576844159.711999893

1576844159.713999987

1576844159.716000080

1576844159.717999935

1576844159.720000029

1576844159.723000050

1576844159.726000071

1576844159.727999926

1576844159.730000019

1576844159.730999947

1576844159.734999895

1576844159.736999989

1576844159.737999916

1576844159.740000010

1576844159.742000103

1576844159.743999958

1576844159.746999979

1576844159.750000000

1576844159.752000093

1576844159.753000021

1576844159.755000114

1576844159.756999969

1576844159.759999990

1576844159.762000084

1576844159.763999939

1576844159.766000032

1576844159.767999887

1576844159.770999908

1576844159.773000002

1576844159.775000095

1576844159.776999950

1576844159.779000044

1576844159.779999971

