nSeg: 34

breaks: 
0.000000000000000
0.328441178097444
0.656882356194889
0.985323534292333
1.313764712389778
1.642205890487222
1.970647068584666
2.299088246682111
2.627529424779556
2.955970602877000
3.284411780974444
3.612852959071889
3.941294137169333
4.269735315266778
4.598176493364222
4.926617671461666
5.255058849559111
5.583500027656555
5.911941205753999
6.240382383851444
6.568823561948888
6.897264740046332
7.225705918143777
7.554147096241222
7.882588274338666
8.211029452436110
8.539470630533556
8.867911808631000
9.196352986728444
9.524794164825888
9.853235342923332
10.181676521020776
10.510117699118222
10.838558877215666
11.167000055313110

coefs_q:
q1:
0.073820026796332
-0.106015427109753
0.000000000000000
-1.740600109000001
q2:
0.398662198469333
-0.542696168615598
0.000000000000000
1.523931026000000
q3:
-0.074601373942135
0.109512669168724
-0.000000000000000
-2.434893370000000
q4:
-0.405964236699772
0.501158922447039
-0.000000000000000
1.352364778999999
q5:
-0.060799518285631
0.081282546067077
-0.000000000000000
-1.374496579000000
q6:
0.089952280350779
-0.113395373197740
0.000000000000000
-0.700557768000000
q7:
-0.101888239925036
0.125203034470046
0.000000000000000
-0.468847811000000

q1:
0.021259162774579
-0.033278817405236
-0.045749965770696
-1.749420922075151
q2:
0.058329339848218
-0.149884922231043
-0.227472149405684
1.479513087932036
q3:
-0.009020036800792
0.036006179732996
0.047794382168665
-2.425722980042393
q4:
-0.040280576605774
0.101152805945730
0.197823973655229
1.392043232281133
q5:
-0.048657903285976
0.021375349826608
0.033717080268327
-1.367882472655354
q6:
0.049946214310012
-0.024763274404856
-0.045376988982946
-0.709603114565775
q7:
0.034978144305114
0.024810153804285
0.049270508286975
-0.458951622072762

q1:
0.060204312391922
-0.012331664004092
-0.060730326018368
-1.767283785815432
q2:
0.133612861350835
-0.092411650938858
-0.307052321346580
1.390699856299577
q3:
-0.113562155446467
0.027118525192992
0.068527134621610
-2.406460801476525
q4:
-0.102425399314847
0.061463405841196
0.251233833832271
1.466501343071591
q5:
-0.211316346195981
-0.026568427410385
0.032011459748759
-1.356226515062053
q6:
0.115642985698571
0.024449906003607
-0.045479912069831
-0.725408488926760
q7:
0.158340236169806
0.059274942573987
0.076887516401892
-0.438853517127680

q1:
0.003302082364216
0.046989061861556
-0.049347409436270
-1.786427339822420
q2:
-0.016677610504797
0.039240245834258
-0.324516000280231
1.284616373658311
q3:
0.019984642126363
-0.084776939173376
0.049589737206663
-2.385051817974838
q4:
-0.008966190547357
-0.039458750613013
0.258461068719044
1.552018213052093
q5:
-0.036234264422253
-0.234783396497951
-0.053827241193610
-1.356065632234028
q6:
-0.021615519654584
0.138395661388241
0.008005277932294
-0.733611218700751
q7:
0.022380011739648
0.215291303697504
0.167066377793093
-0.401596272872040

q1:
-0.036951109469173
0.050242681327190
-0.017412501154890
-1.797449188276056
q2:
0.065410942699933
0.022807403708121
-0.304136997166355
1.181674053103910
q3:
0.035221247280943
-0.065085600961860
0.000368707971970
-2.377201641961110
q4:
-0.059636402647175
-0.048293349172273
0.229639665685040
1.632333239840569
q5:
0.086497827427773
-0.270485869980968
-0.219778474332378
-1.400355431569767
q6:
-0.104041500397501
0.117097381166621
0.091919713824714
-0.716818557306991
q7:
-0.116370561218451
0.237342855962318
0.315730074438912
-0.322707618511387

q1:
-0.019494700116426
0.013833883549001
0.003632881301483
-1.799057494171920
q2:
0.130217006843585
0.087258344950613
-0.267986873008703
1.086560774878816
q3:
0.089757312538719
-0.030381277108817
-0.030986545930848
-2.382853668114254
q4:
-0.275214596721400
-0.107054500201068
0.178617035021955
1.700433858603854
q5:
0.421668405451182
-0.185257524951227
-0.369463371874037
-1.498653389485451
q6:
-0.118690074413142
0.014582842281878
0.135168921546273
-0.677682825652159
q7:
-0.501627533203603
0.122680203294971
0.433976472163622
-0.197528855483751

q1:
0.010258966859163
-0.005374703269685
0.006411224438161
-1.797062695285133
q2:
-0.034227379301828
0.215564226358703
-0.168527470933374
1.012569329140579
q3:
-0.022744963061970
0.058058715310415
-0.021896135521196
-2.393128150050599
q4:
0.161124072198177
-0.378229919331437
0.019229648558365
1.737799802642549
q5:
0.317735359715941
0.230222278607345
-0.354695095210361
-1.625045003721471
q6:
-0.022121760899375
-0.102365281324300
0.106337553850913
-0.635919887339978
q7:
-0.242652241856214
-0.371585210619548
0.352225818323584
-0.059531886687382

q1:
0.020864348454151
0.004733698214173
0.006200691982562
-1.795173297230459
q2:
-0.109395350096315
0.181839184015461
-0.038003826650142
0.979258978124358
q3:
-0.035527958475311
0.035647567918846
0.008880866537755
-2.394862596636909
q4:
0.110501887883054
-0.219470579053556
-0.177079807280632
1.709023232803188
q5:
-0.507561298992771
0.543294406212301
-0.100640363970167
-1.705449164343380
q6:
0.131140101171787
-0.124162372958441
0.031936544206639
-0.612820545022297
q7:
0.512679074754383
-0.610676175169271
0.029610731575476
0.007472137267285

q1:
0.002432254244136
0.025291831773725
0.016062312424787
-1.791886866871009
q2:
0.044115149984694
0.074049371023413
0.046040511828479
0.982516713294339
q3:
-0.004226747023188
0.000641034307761
0.020799537804572
-2.389359082974999
q4:
0.018080780524179
-0.110590468338650
-0.285485446530205
1.631102945961475
q5:
0.021747763885961
0.043182313218736
0.091982740686488
-1.697879441737019
q6:
-0.021014236488439
0.005053055015598
-0.007183860500891
-0.611078800449660
q7:
0.002738464337693
-0.105521417274558
-0.205618049437329
-0.030514032493000

q1:
0.010568118755653
0.027688389121854
0.033463198591594
-1.783796845826735
q2:
-0.033033283004322
0.117517066522168
0.108958818259879
1.007189291729963
q3:
-0.000196724041611
-0.003523679007686
0.019852758583292
-2.382608261807765
q4:
0.033999701045658
-0.092775049769803
-0.352279056882142
1.526048581291799
q5:
-0.135852255534679
0.064610896793807
0.127386469573913
-1.662239763911106
q6:
0.030191858417057
-0.015652766751646
-0.010665242310972
-0.613637722012471
q7:
0.132222820449470
-0.102823143914809
-0.274046982564559
-0.109333418674634

q1:
-0.011887700966869
0.038101405244995
0.055071276160230
-1.769444877167513
q2:
-0.003525028675497
0.084968595363070
0.175463447597308
1.054482470601197
q3:
0.002762689797156
-0.003717515835647
0.017474452018114
-2.376474880315607
q4:
-0.023400606802232
-0.059274344170612
-0.402218338956935
1.401542267517082
q5:
0.050127322569702
-0.069247527771209
0.125863609033292
-1.618244254967582
q6:
-0.006676468370386
0.014095981890703
-0.011176554564745
-0.617759445566912
q7:
-0.036239290652446
0.027459112844564
-0.298799633715443
-0.205748963605698

q1:
0.044585785842736
0.026388173713709
0.076252309448435
-1.747668249159466
q2:
-0.001724530352602
0.081495301650048
0.230137046042988
1.121152868705697
q3:
0.073293116779848
-0.000995372560560
0.015926545401023
-2.371038690080477
q4:
-0.100184743931175
-0.082331512769573
-0.448727533435867
1.262213978429959
q5:
0.039584717837021
-0.019855897132218
0.096598375185493
-1.582599425774201
q6:
-0.016179190822962
0.007517500479403
-0.004077796952319
-0.620146250071682
q7:
-0.085334808450196
-0.008248313101351
-0.292490016015588
-0.302208916707898

q1:
-0.055481835984262
0.070319597799475
0.108015123855404
-1.718197582919385
q2:
-0.055232634841524
0.079796081308027
0.283111777878704
1.205469443070044
q3:
-0.016363285253861
0.071222060304260
0.038991881457445
-2.363318346173043
q4:
0.101699640609985
-0.181045898742010
-0.535231520756987
1.102402422437925
q5:
0.034020709592133
0.019147856950919
0.096365825634207
-1.551611976993244
q6:
-0.025392930883920
-0.008424237004268
-0.004375606564770
-0.621247857521441
q7:
-0.006571445229928
-0.092330708161658
-0.325524308251099
-0.402187881199542

q1:
0.057443763597129
0.015652039078435
0.136251749554550
-1.677101068621109
q2:
-0.060590371757822
0.025374066337699
0.317653985072148
1.305106000388912
q3:
0.023871601741975
0.055098930245292
0.080480896411976
-2.343408579515510
q4:
0.146599255151288
-0.080838849419919
-0.621245255969044
0.910683508958758
q5:
-0.013869661737772
0.052669262765373
0.119953525041391
-1.516690564964772
q6:
-0.000078802808188
-0.033444489408853
-0.018127020393335
-0.624493414694529
q7:
0.006891675018714
-0.098805707801018
-0.388301377887204
-0.519296342260372

q1:
-0.256728264081924
0.072252731249011
0.165123295881282
-1.628626701276675
q2:
-0.342976168372356
-0.034327052906805
0.314713455615901
1.410027116511086
q3:
-0.148654086272106
0.078620181242914
0.124399758923306
-2.310185844644550
q4:
0.730024070929950
0.063608846790371
-0.626904298331315
0.703114638250497
q5:
-0.063652491919782
0.039003158642473
0.150062523127630
-1.472102668489881
q6:
0.023842956113172
-0.033522135670329
-0.040121617627551
-0.634057644344549
q7:
0.215579283567849
-0.092015178214385
-0.450974814495701
-0.657244859435252

q1:
0.000089305696084
-0.180707669268926
0.129502228267535
-1.575695165660345
q2:
0.196292901251412
-0.372269543305496
0.181170390545522
1.497537299753581
q3:
-0.183833149283977
-0.067852188429715
0.127936411168618
-2.266113633001876
q4:
-0.475773180716774
0.782918744477546
-0.348869778963289
0.529940018906634
q5:
-0.287233405847170
-0.023715139662441
0.155083738092207
-1.420863761544255
q6:
0.132104085529951
-0.010029109884922
-0.054425640025329
-0.650006630262890
q7:
0.743935499557074
0.120400163390896
-0.441652016524049
-0.807651564956166

q1:
0.297250429152449
-0.180619674264828
0.010827449878489
-1.552651725310609
q2:
0.318684421924859
-0.178857528087959
0.000157565935660
1.523837741609660
q3:
0.386338498565129
-0.248987316802294
0.023873270802406
-2.237926740982445
q4:
-0.584336974766359
0.314128232532188
0.011445622594029
0.482956379133618
q5:
0.432575214894683
-0.306732974278600
0.046550970249333
-1.382662831834673
q6:
-0.171009140426567
0.120136154563906
-0.018261952554135
-0.664283662306720
q7:
-1.220436623671257
0.853417319100006
-0.121810255322849
-0.913362538632890

q1:
-0.143273253929612
0.112268169157575
-0.011621998983671
-1.558048018008373
q2:
-0.149200691334721
0.135149732846952
-0.014197873825338
1.515886517976120
q3:
-0.176614686260228
0.131681098037092
-0.014654921886994
-2.243256910819938
q4:
0.274899638427997
-0.261632740662291
0.028687303788583
0.499898600814244
q5:
-0.149672442521934
0.119493565308694
-0.014946161819012
-1.385135770648266
q6:
0.067732173629813
-0.048363176077493
0.005311249055505
-0.663380996021765
q7:
0.436490189839130
-0.349107608315558
0.043825820213176
-0.904549071504405

q1:
-0.020351956375565
-0.028902339773913
0.015758772232170
-1.554830579324273
q2:
-0.092639814801536
-0.011861219657835
0.026295150692378
1.520516240206493
q3:
-0.001272013670804
-0.042341508836767
0.014687878040703
-2.240122757676825
q4:
0.242842044871319
0.009232342649267
-0.054211380287078
0.490837156324321
q5:
-0.023311111909978
-0.027982214743184
0.015109933970012
-1.382457418487717
q6:
0.000714703414295
0.018374928628737
-0.004538126265642
-0.664453913360202
q7:
0.049830240069540
0.080976448220665
-0.044239493893025
-0.912349458355436

q1:
-0.050098087621383
-0.048955601359648
-0.009812981677978
-1.553493621818971
q2:
-0.105412945948626
-0.103141409394272
-0.011476448277800
1.524590896805523
q3:
-0.052965092757870
-0.043594853842551
-0.013537162159102
-2.239911252629058
q4:
0.177829126592224
0.248510324576653
0.030441924982580
0.482631759189740
q5:
-0.046045750420601
-0.050951201918608
-0.010815050389643
-1.381339152258495
q6:
0.016086507452545
0.019079142722881
0.007763333053629
-0.663936929020803
q7:
0.147303055438342
0.130075356480620
0.025078609482657
-0.916378816139474

q1:
0.036612156897400
-0.098318426116035
-0.058183836765247
-1.563772608400259
q2:
0.030590840330134
-0.207007265856539
-0.113342044562538
1.505960527825367
q3:
0.082566050039852
-0.095782606232857
-0.059314459346498
-2.250936708639846
q4:
-0.121828212812770
0.423729548090622
0.251233180725496
0.525738356013056
q5:
0.054059954601344
-0.096321163462177
-0.059185359576505
-1.392018957246375
q6:
-0.034831571546608
0.034929557100442
0.025502014051112
-0.658759047687486
q7:
-0.124049867149443
0.275216523677186
0.158193152075015
-0.888891303050128

q1:
0.045339191722643
-0.062243606283823
-0.110919019844376
-1.592191365948202
q2:
0.091049193009755
-0.176865390945479
-0.239421632201988
1.447487550235010
q3:
0.027247641697229
-0.014428333995032
-0.095512270394173
-2.277825108536579
q4:
-0.213720741571304
0.303689342865425
0.490147498241436
0.649646522818861
q5:
0.034584054232684
-0.043054617930698
-0.104962105415433
-1.419933026375530
q6:
-0.019897244852830
0.000609189919183
0.037174401990345
-0.647849246089438
q7:
-0.071677305495058
0.152987270149002
0.298832910585083
-0.811640662076726

q1:
0.034878702582922
-0.017569833653711
-0.137133040085470
-1.633729808180115
q2:
0.174282194079625
-0.087152478294642
-0.326135972213991
1.352998404709451
q3:
0.040470482626963
0.012419408623212
-0.096172084210004
-2.309786319969210
q4:
-0.215879299473259
0.093105266428808
0.620471187180749
0.835819054880904
q5:
0.026706720405293
-0.008978135383992
-0.122051804213764
-1.457826043187457
q6:
-0.004429057276749
-0.018996033701888
0.031135405356859
-0.636278888256199
q7:
-0.094691711423335
0.082361934170060
0.376131280515932
-0.699527876732184

q1:
0.035370828403585
0.016796972846825
-0.137386879399389
-1.679429509629266
q2:
0.018840207730319
0.084571869140116
-0.326983550524913
1.242655311158011
q3:
-0.010780947617497
0.052295927599727
-0.074916902939969
-2.338599591544619
q4:
-0.011658676314100
-0.119605687908736
0.611767357529803
1.042002310873942
q5:
-0.025896430220080
0.017336624755108
-0.119306532117600
-1.497935162702599
q6:
0.024598679984473
-0.023360088071397
0.017223910822003
-0.628258831819307
q7:
-0.011924618441623
-0.010940037597770
0.399589172368089
-0.570461136975985

q1:
-0.001568192252411
0.051648682500293
-0.114906507721530
-1.721487874883163
q2:
0.001037662121952
0.103135569207755
-0.265332698336284
1.145051032317848
q3:
-0.036585715467111
0.041673206190235
-0.044053569933197
-2.357946007465991
q4:
0.036724217549242
-0.131093256059716
0.529427501025019
1.229616537001439
q5:
-0.049602225610912
-0.008179737394896
-0.116299033245306
-1.536167690423880
q6:
0.006704921616693
0.000877570229829
0.009839726175521
-0.624250192682703
q7:
0.033071042345111
-0.022689644785757
0.388543799867000
-0.440822230607864

q1:
-0.012821286647377
0.050103505767698
-0.081486899132799
-1.753711935210679
q2:
-0.009140841946490
0.104158002117158
-0.197248953558303
1.069067218706199
q3:
-0.007302921241124
0.005624439721568
-0.028519075388689
-2.369215811615605
q4:
0.000932740757320
-0.094908020229976
0.455199375588906
1.390661970684497
q5:
0.026397738740579
-0.057053977642605
-0.137724471463896
-1.577004873231467
q6:
-0.007573549786694
0.007484087294342
0.012586038823607
-0.620686198482771
q7:
-0.039595001743138
0.009896031540459
0.384341850460591
-0.314484349586623

q1:
0.000253993053946
0.037470390294129
-0.052724025539669
-1.775525002360546
q2:
0.029868232125915
0.095151315424035
-0.131787566499276
1.015194578194625
q3:
-0.003590480197820
-0.001571300446395
-0.027187857550158
-2.378234665215198
q4:
-0.032753735389191
-0.093988968810395
0.393157825969426
1.529963166482786
q5:
0.119385340794932
-0.031043664409412
-0.166659364807067
-1.627458603840776
q6:
-0.006906952172316
0.000021690451378
0.015051245308949
-0.616013421458178
q7:
-0.089105738690001
-0.029117855517401
0.378028611948423
-0.188585995053407

q1:
-0.019258841239378
0.037720655627729
-0.028028189834715
-1.788790678240376
q2:
0.070499123996369
0.124581187465405
-0.059618364383968
0.983232665733479
q3:
0.047514765139795
-0.005109085084718
-0.029381971244142
-2.387460990223618
q4:
-0.226441378763988
-0.126261995125349
0.320818339897273
1.647792987636924
q5:
0.306360682959833
0.086589521525345
-0.148415818057478
-1.681315355319588
q6:
-0.054066887048861
-0.006783892074237
0.012830259841405
-0.611312347135827
q7:
-0.436406636152710
-0.116915836889162
0.330065133972491
-0.070723908833366

q1:
-0.025770451628102
0.018744466111369
-0.009482718729310
-1.794609570070653
q2:
-0.069140334291986
0.194045633486021
0.045031804062762
0.979588355474810
q3:
0.000782829841644
0.041708331233894
-0.017361271721429
-2.395978920382591
q4:
0.173309334050221
-0.349380014759110
0.164597917818185
1.731519755691027
q5:
-0.177887085665737
0.388453912427540
0.007608007037463
-1.709866097123517
q6:
-0.013062680364622
-0.060057268309405
-0.009123129620398
-0.609745761481153
q7:
0.221539364374670
-0.546917566011778
0.112034909063271
0.009608993608901

q1:
-0.012412833834510
-0.006647766367141
-0.005509664414225
-1.796615102775199
q2:
-0.077794984863654
0.125920034939288
0.150121705151107
1.012861405392219
q3:
-0.005119965220421
0.042479671900212
0.010289535209609
-2.397154113001537
q4:
0.105013792635252
-0.178614249206896
-0.008817140267503
1.754031980215785
q5:
-0.130575766334731
0.213177580474413
0.205208563346704
-1.671765952870383
q6:
-0.010933660717217
-0.072928234693605
-0.052801044896588
-0.619683579634107
q7:
0.223405907404753
-0.328629616521251
-0.175530839047774
-0.004742930178480

q1:
0.076064475379439
-0.018878423671544
-0.013893516342870
-1.799581610361022
q2:
0.124406670597229
0.049266805503214
0.207660277413211
1.072994716717200
q3:
-0.112474606213264
0.037434849673774
0.036536754822462
-2.389373571540735
q4:
-0.127616932341722
-0.075141687898088
-0.092161039199484
1.735588957692224
q5:
-0.215172802456846
0.084518204896546
0.302984117808586
-1.585997092924408
q6:
0.126002703725913
-0.083701427914246
-0.104244675808516
-0.645280029859767
q7:
0.135968615716971
-0.108502518255415
-0.319103032378073
-0.089929646606124

q1:
-0.053532167534619
0.056069694043417
-0.001678371686991
-1.803486322291054
q2:
-0.360350437031773
0.171847625865617
0.280283361746336
1.150921236012703
q3:
0.048510581902370
-0.073389026838418
0.024727922516982
-2.377320154914641
q4:
0.369340225016817
-0.200885654708579
-0.182819784792325
1.692692187352093
q5:
-0.108574687839149
-0.127496621303819
0.288868236091019
-1.484990950047247
q6:
0.055410296503529
0.040452001451360
-0.118449568388025
-0.684083156203723
q7:
0.269312164086762
0.025470558735667
-0.346374146982478
-0.201623394185677

q1:
0.173872949962605
0.003323189529876
0.017828696964425
-1.799885780406780
q2:
0.775664133364635
-0.183214140334317
0.276550130343374
1.248748392351511
q3:
-0.165423801141718
-0.025590408827797
-0.007780999940650
-2.375396489532741
q4:
-0.845430435333352
0.163033961161319
-0.195251839613970
1.624062155523985
q5:
0.084498496446586
-0.234477816460177
0.169980925310652
-1.407715062568524
q6:
0.084980048278586
0.095049070638403
-0.073945436637397
-0.716659974394113
q7:
-0.445298862251377
0.290830172081553
-0.242487962319788
-0.303097559771848

q1:
-0.590200920522421
0.174644299104864
0.076280548594663
-1.787511275687073
q2:
-2.437769752720148
0.581065984976324
0.407221058905836
1.347296757452077
q3:
0.624201292873898
-0.188586373224827
-0.078125474559133
-2.386573607597767
q4:
2.477777069061067
-0.669988543379645
-0.361756599839655
1.547566758603228
q5:
0.173138850084692
-0.151219459299038
0.043302057671320
-1.374186502025656
q6:
-0.412305415505034
0.178781912152593
0.015991933950059
-0.727682560022506
q7:
0.904544691596096
-0.147933276688328
-0.195554737650370
-0.367144690648640

coefs_qdot:
qdot1:
0.221460080388996
-0.212030854219505
0.000000000000000
qdot2:
1.195986595408000
-1.085392337231196
0.000000000000000
qdot3:
-0.223804121826404
0.219025338337448
-0.000000000000000
qdot4:
-1.217892710099317
1.002317844894079
-0.000000000000000
qdot5:
-0.182398554856893
0.162565092134154
-0.000000000000000
qdot6:
0.269856841052338
-0.226790746395481
0.000000000000000
qdot7:
-0.305664719775108
0.250406068940093
0.000000000000000

qdot1:
0.063777488323738
-0.066557634810472
-0.045749965770696
qdot2:
0.174988019544654
-0.299769844462086
-0.227472149405684
qdot3:
-0.027060110402377
0.072012359465992
0.047794382168665
qdot4:
-0.120841729817322
0.202305611891461
0.197823973655229
qdot5:
-0.145973709857929
0.042750699653215
0.033717080268327
qdot6:
0.149838642930036
-0.049526548809712
-0.045376988982946
qdot7:
0.104934432915343
0.049620307608569
0.049270508286975

qdot1:
0.180612937175766
-0.024663328008183
-0.060730326018368
qdot2:
0.400838584052506
-0.184823301877716
-0.307052321346580
qdot3:
-0.340686466339400
0.054237050385984
0.068527134621610
qdot4:
-0.307276197944542
0.122926811682392
0.251233833832271
qdot5:
-0.633949038587943
-0.053136854820770
0.032011459748759
qdot6:
0.346928957095712
0.048899812007215
-0.045479912069831
qdot7:
0.475020708509419
0.118549885147974
0.076887516401892

qdot1:
0.009906247092647
0.093978123723113
-0.049347409436270
qdot2:
-0.050032831514391
0.078480491668517
-0.324516000280231
qdot3:
0.059953926379088
-0.169553878346751
0.049589737206663
qdot4:
-0.026898571642070
-0.078917501226026
0.258461068719044
qdot5:
-0.108702793266758
-0.469566792995903
-0.053827241193610
qdot6:
-0.064846558963751
0.276791322776481
0.008005277932294
qdot7:
0.067140035218945
0.430582607395007
0.167066377793093

qdot1:
-0.110853328407520
0.100485362654380
-0.017412501154890
qdot2:
0.196232828099800
0.045614807416242
-0.304136997166355
qdot3:
0.105663741842830
-0.130171201923721
0.000368707971970
qdot4:
-0.178909207941525
-0.096586698344546
0.229639665685040
qdot5:
0.259493482283319
-0.540971739961936
-0.219778474332378
qdot6:
-0.312124501192504
0.234194762333242
0.091919713824714
qdot7:
-0.349111683655354
0.474685711924635
0.315730074438912

qdot1:
-0.058484100349279
0.027667767098002
0.003632881301483
qdot2:
0.390651020530755
0.174516689901225
-0.267986873008703
qdot3:
0.269271937616157
-0.060762554217634
-0.030986545930848
qdot4:
-0.825643790164201
-0.214109000402136
0.178617035021955
qdot5:
1.265005216353547
-0.370515049902453
-0.369463371874037
qdot6:
-0.356070223239427
0.029165684563755
0.135168921546273
qdot7:
-1.504882599610810
0.245360406589942
0.433976472163622

qdot1:
0.030776900577490
-0.010749406539370
0.006411224438161
qdot2:
-0.102682137905485
0.431128452717405
-0.168527470933374
qdot3:
-0.068234889185910
0.116117430620830
-0.021896135521196
qdot4:
0.483372216594532
-0.756459838662874
0.019229648558365
qdot5:
0.953206079147822
0.460444557214689
-0.354695095210361
qdot6:
-0.066365282698124
-0.204730562648600
0.106337553850913
qdot7:
-0.727956725568641
-0.743170421239097
0.352225818323584

qdot1:
0.062593045362454
0.009467396428347
0.006200691982562
qdot2:
-0.328186050288945
0.363678368030922
-0.038003826650142
qdot3:
-0.106583875425933
0.071295135837692
0.008880866537755
qdot4:
0.331505663649161
-0.438941158107112
-0.177079807280632
qdot5:
-1.522683896978312
1.086588812424602
-0.100640363970167
qdot6:
0.393420303515362
-0.248324745916883
0.031936544206639
qdot7:
1.538037224263150
-1.221352350338542
0.029610731575476

qdot1:
0.007296762732407
0.050583663547449
0.016062312424787
qdot2:
0.132345449954082
0.148098742046825
0.046040511828479
qdot3:
-0.012680241069565
0.001282068615522
0.020799537804572
qdot4:
0.054242341572536
-0.221180936677301
-0.285485446530205
qdot5:
0.065243291657884
0.086364626437473
0.091982740686488
qdot6:
-0.063042709465318
0.010106110031197
-0.007183860500891
qdot7:
0.008215393013080
-0.211042834549117
-0.205618049437329

qdot1:
0.031704356266959
0.055376778243708
0.033463198591594
qdot2:
-0.099099849012967
0.235034133044335
0.108958818259879
qdot3:
-0.000590172124834
-0.007047358015372
0.019852758583292
qdot4:
0.101999103136974
-0.185550099539606
-0.352279056882142
qdot5:
-0.407556766604038
0.129221793587614
0.127386469573913
qdot6:
0.090575575251171
-0.031305533503292
-0.010665242310972
qdot7:
0.396668461348410
-0.205646287829618
-0.274046982564559

qdot1:
-0.035663102900606
0.076202810489990
0.055071276160230
qdot2:
-0.010575086026491
0.169937190726140
0.175463447597308
qdot3:
0.008288069391468
-0.007435031671294
0.017474452018114
qdot4:
-0.070201820406695
-0.118548688341225
-0.402218338956935
qdot5:
0.150381967709105
-0.138495055542417
0.125863609033292
qdot6:
-0.020029405111158
0.028191963781405
-0.011176554564745
qdot7:
-0.108717871957337
0.054918225689127
-0.298799633715443

qdot1:
0.133757357528209
0.052776347427419
0.076252309448435
qdot2:
-0.005173591057806
0.162990603300095
0.230137046042988
qdot3:
0.219879350339543
-0.001990745121120
0.015926545401023
qdot4:
-0.300554231793524
-0.164663025539145
-0.448727533435867
qdot5:
0.118754153511062
-0.039711794264437
0.096598375185493
qdot6:
-0.048537572468885
0.015035000958806
-0.004077796952319
qdot7:
-0.256004425350588
-0.016496626202703
-0.292490016015588

qdot1:
-0.166445507952786
0.140639195598950
0.108015123855404
qdot2:
-0.165697904524573
0.159592162616055
0.283111777878704
qdot3:
-0.049089855761584
0.142444120608521
0.038991881457445
qdot4:
0.305098921829955
-0.362091797484020
-0.535231520756987
qdot5:
0.102062128776399
0.038295713901839
0.096365825634207
qdot6:
-0.076178792651761
-0.016848474008536
-0.004375606564770
qdot7:
-0.019714335689783
-0.184661416323315
-0.325524308251099

qdot1:
0.172331290791386
0.031304078156869
0.136251749554550
qdot2:
-0.181771115273465
0.050748132675397
0.317653985072148
qdot3:
0.071614805225926
0.110197860490584
0.080480896411976
qdot4:
0.439797765453863
-0.161677698839839
-0.621245255969044
qdot5:
-0.041608985213315
0.105338525530746
0.119953525041391
qdot6:
-0.000236408424563
-0.066888978817707
-0.018127020393335
qdot7:
0.020675025056142
-0.197611415602037
-0.388301377887204

qdot1:
-0.770184792245771
0.144505462498021
0.165123295881282
qdot2:
-1.028928505117068
-0.068654105813609
0.314713455615901
qdot3:
-0.445962258816319
0.157240362485829
0.124399758923306
qdot4:
2.190072212789850
0.127217693580742
-0.626904298331315
qdot5:
-0.190957475759347
0.078006317284946
0.150062523127630
qdot6:
0.071528868339515
-0.067044271340658
-0.040121617627551
qdot7:
0.646737850703546
-0.184030356428770
-0.450974814495701

qdot1:
0.000267917088251
-0.361415338537851
0.129502228267535
qdot2:
0.588878703754235
-0.744539086610993
0.181170390545522
qdot3:
-0.551499447851931
-0.135704376859430
0.127936411168618
qdot4:
-1.427319542150323
1.565837488955091
-0.348869778963289
qdot5:
-0.861700217541511
-0.047430279324883
0.155083738092207
qdot6:
0.396312256589852
-0.020058219769843
-0.054425640025329
qdot7:
2.231806498671221
0.240800326781793
-0.441652016524049

qdot1:
0.891751287457346
-0.361239348529656
0.010827449878489
qdot2:
0.956053265774578
-0.357715056175919
0.000157565935660
qdot3:
1.159015495695386
-0.497974633604587
0.023873270802406
qdot4:
-1.753010924299078
0.628256465064376
0.011445622594029
qdot5:
1.297725644684048
-0.613465948557200
0.046550970249333
qdot6:
-0.513027421279702
0.240272309127812
-0.018261952554135
qdot7:
-3.661309871013771
1.706834638200012
-0.121810255322849

qdot1:
-0.429819761788835
0.224536338315150
-0.011621998983671
qdot2:
-0.447602074004165
0.270299465693904
-0.014197873825338
qdot3:
-0.529844058780684
0.263362196074184
-0.014654921886994
qdot4:
0.824698915283990
-0.523265481324582
0.028687303788583
qdot5:
-0.449017327565803
0.238987130617388
-0.014946161819012
qdot6:
0.203196520889440
-0.096726352154986
0.005311249055505
qdot7:
1.309470569517390
-0.698215216631116
0.043825820213176

qdot1:
-0.061055869126694
-0.057804679547825
0.015758772232170
qdot2:
-0.277919444404608
-0.023722439315670
0.026295150692378
qdot3:
-0.003816041012411
-0.084683017673534
0.014687878040703
qdot4:
0.728526134613956
0.018464685298534
-0.054211380287078
qdot5:
-0.069933335729933
-0.055964429486369
0.015109933970012
qdot6:
0.002144110242885
0.036749857257473
-0.004538126265642
qdot7:
0.149490720208621
0.161952896441329
-0.044239493893025

qdot1:
-0.150294262864148
-0.097911202719295
-0.009812981677978
qdot2:
-0.316238837845878
-0.206282818788544
-0.011476448277800
qdot3:
-0.158895278273609
-0.087189707685103
-0.013537162159102
qdot4:
0.533487379776673
0.497020649153305
0.030441924982580
qdot5:
-0.138137251261804
-0.101902403837216
-0.010815050389643
qdot6:
0.048259522357635
0.038158285445761
0.007763333053629
qdot7:
0.441909166315025
0.260150712961240
0.025078609482657

qdot1:
0.109836470692201
-0.196636852232071
-0.058183836765247
qdot2:
0.091772520990401
-0.414014531713078
-0.113342044562538
qdot3:
0.247698150119555
-0.191565212465713
-0.059314459346498
qdot4:
-0.365484638438311
0.847459096181243
0.251233180725496
qdot5:
0.162179863804031
-0.192642326924355
-0.059185359576505
qdot6:
-0.104494714639823
0.069859114200884
0.025502014051112
qdot7:
-0.372149601448330
0.550433047354372
0.158193152075015

qdot1:
0.136017575167929
-0.124487212567647
-0.110919019844376
qdot2:
0.273147579029265
-0.353730781890958
-0.239421632201988
qdot3:
0.081742925091687
-0.028856667990065
-0.095512270394173
qdot4:
-0.641162224713913
0.607378685730849
0.490147498241436
qdot5:
0.103752162698053
-0.086109235861397
-0.104962105415433
qdot6:
-0.059691734558491
0.001218379838365
0.037174401990345
qdot7:
-0.215031916485174
0.305974540298004
0.298832910585083

qdot1:
0.104636107748765
-0.035139667307422
-0.137133040085470
qdot2:
0.522846582238875
-0.174304956589285
-0.326135972213991
qdot3:
0.121411447880888
0.024838817246425
-0.096172084210004
qdot4:
-0.647637898419778
0.186210532857616
0.620471187180749
qdot5:
0.080120161215878
-0.017956270767984
-0.122051804213764
qdot6:
-0.013287171830246
-0.037992067403776
0.031135405356859
qdot7:
-0.284075134270005
0.164723868340120
0.376131280515932

qdot1:
0.106112485210755
0.033593945693649
-0.137386879399389
qdot2:
0.056520623190956
0.169143738280232
-0.326983550524913
qdot3:
-0.032342842852490
0.104591855199455
-0.074916902939969
qdot4:
-0.034976028942301
-0.239211375817473
0.611767357529803
qdot5:
-0.077689290660240
0.034673249510216
-0.119306532117600
qdot6:
0.073796039953418
-0.046720176142795
0.017223910822003
qdot7:
-0.035773855324869
-0.021880075195540
0.399589172368089

qdot1:
-0.004704576757232
0.103297365000585
-0.114906507721530
qdot2:
0.003112986365856
0.206271138415511
-0.265332698336284
qdot3:
-0.109757146401333
0.083346412380470
-0.044053569933197
qdot4:
0.110172652647726
-0.262186512119432
0.529427501025019
qdot5:
-0.148806676832736
-0.016359474789791
-0.116299033245306
qdot6:
0.020114764850078
0.001755140459659
0.009839726175521
qdot7:
0.099213127035334
-0.045379289571515
0.388543799867000

qdot1:
-0.038463859942131
0.100207011535395
-0.081486899132799
qdot2:
-0.027422525839471
0.208316004234317
-0.197248953558303
qdot3:
-0.021908763723372
0.011248879443135
-0.028519075388689
qdot4:
0.002798222271961
-0.189816040459953
0.455199375588906
qdot5:
0.079193216221737
-0.114107955285210
-0.137724471463896
qdot6:
-0.022720649360083
0.014968174588684
0.012586038823607
qdot7:
-0.118785005229414
0.019792063080918
0.384341850460591

qdot1:
0.000761979161838
0.074940780588258
-0.052724025539669
qdot2:
0.089604696377744
0.190302630848070
-0.131787566499276
qdot3:
-0.010771440593461
-0.003142600892790
-0.027187857550158
qdot4:
-0.098261206167572
-0.187977937620790
0.393157825969426
qdot5:
0.358156022384795
-0.062087328818824
-0.166659364807067
qdot6:
-0.020720856516947
0.000043380902755
0.015051245308949
qdot7:
-0.267317216070003
-0.058235711034802
0.378028611948423

qdot1:
-0.057776523718135
0.075441311255457
-0.028028189834715
qdot2:
0.211497371989108
0.249162374930810
-0.059618364383968
qdot3:
0.142544295419384
-0.010218170169436
-0.029381971244142
qdot4:
-0.679324136291965
-0.252523990250697
0.320818339897273
qdot5:
0.919082048879500
0.173179043050689
-0.148415818057478
qdot6:
-0.162200661146582
-0.013567784148473
0.012830259841405
qdot7:
-1.309219908458129
-0.233831673778324
0.330065133972491

qdot1:
-0.077311354884305
0.037488932222739
-0.009482718729310
qdot2:
-0.207421002875959
0.388091266972042
0.045031804062762
qdot3:
0.002348489524931
0.083416662467789
-0.017361271721429
qdot4:
0.519928002150662
-0.698760029518220
0.164597917818185
qdot5:
-0.533661256997212
0.776907824855080
0.007608007037463
qdot6:
-0.039188041093866
-0.120114536618809
-0.009123129620398
qdot7:
0.664618093124010
-1.093835132023555
0.112034909063271

qdot1:
-0.037238501503530
-0.013295532734282
-0.005509664414225
qdot2:
-0.233384954590962
0.251840069878575
0.150121705151107
qdot3:
-0.015359895661262
0.084959343800425
0.010289535209609
qdot4:
0.315041377905755
-0.357228498413792
-0.008817140267503
qdot5:
-0.391727299004193
0.426355160948826
0.205208563346704
qdot6:
-0.032800982151651
-0.145856469387210
-0.052801044896588
qdot7:
0.670217722214258
-0.657259233042502
-0.175530839047774

qdot1:
0.228193426138316
-0.037756847343088
-0.013893516342870
qdot2:
0.373220011791687
0.098533611006427
0.207660277413211
qdot3:
-0.337423818639792
0.074869699347547
0.036536754822462
qdot4:
-0.382850797025166
-0.150283375796176
-0.092161039199484
qdot5:
-0.645518407370538
0.169036409793093
0.302984117808586
qdot6:
0.378008111177738
-0.167402855828493
-0.104244675808516
qdot7:
0.407905847150912
-0.217005036510829
-0.319103032378073

qdot1:
-0.160596502603857
0.112139388086833
-0.001678371686991
qdot2:
-1.081051311095318
0.343695251731234
0.280283361746336
qdot3:
0.145531745707110
-0.146778053676836
0.024727922516982
qdot4:
1.108020675050451
-0.401771309417157
-0.182819784792325
qdot5:
-0.325724063517447
-0.254993242607638
0.288868236091019
qdot6:
0.166230889510586
0.080904002902719
-0.118449568388025
qdot7:
0.807936492260285
0.050941117471334
-0.346374146982478

qdot1:
0.521618849887814
0.006646379059752
0.017828696964425
qdot2:
2.326992400093906
-0.366428280668635
0.276550130343374
qdot3:
-0.496271403425155
-0.051180817655594
-0.007780999940650
qdot4:
-2.536291306000055
0.326067922322637
-0.195251839613970
qdot5:
0.253495489339758
-0.468955632920353
0.169980925310652
qdot6:
0.254940144835759
0.190098141276806
-0.073945436637397
qdot7:
-1.335896586754131
0.581660344163106
-0.242487962319788

qdot1:
-1.770602761567262
0.349288598209727
0.076280548594663
qdot2:
-7.313309258160444
1.162131969952648
0.407221058905836
qdot3:
1.872603878621694
-0.377172746449653
-0.078125474559133
qdot4:
7.433331207183200
-1.339977086759289
-0.361756599839655
qdot5:
0.519416550254077
-0.302438918598077
0.043302057671320
qdot6:
-1.236916246515102
0.357563824305186
0.015991933950059
qdot7:
2.713634074788289
-0.295866553376656
-0.195554737650370

coefs_qdotdot:
qdotdot1:
0.442920160777991
-0.212030854219505
qdotdot2:
2.391973190816000
-1.085392337231196
qdotdot3:
-0.447608243652808
0.219025338337448
qdotdot4:
-2.435785420198634
1.002317844894079
qdotdot5:
-0.364797109713787
0.162565092134154
qdotdot6:
0.539713682104676
-0.226790746395481
qdotdot7:
-0.611329439550216
0.250406068940093

qdotdot1:
0.127554976647476
-0.066557634810472
qdotdot2:
0.349976039089308
-0.299769844462086
qdotdot3:
-0.054120220804754
0.072012359465992
qdotdot4:
-0.241683459634644
0.202305611891461
qdotdot5:
-0.291947419715859
0.042750699653215
qdotdot6:
0.299677285860072
-0.049526548809712
qdotdot7:
0.209868865830686
0.049620307608569

qdotdot1:
0.361225874351532
-0.024663328008183
qdotdot2:
0.801677168105013
-0.184823301877716
qdotdot3:
-0.681372932678800
0.054237050385984
qdotdot4:
-0.614552395889084
0.122926811682392
qdotdot5:
-1.267898077175886
-0.053136854820770
qdotdot6:
0.693857914191424
0.048899812007215
qdotdot7:
0.950041417018839
0.118549885147974

qdotdot1:
0.019812494185294
0.093978123723113
qdotdot2:
-0.100065663028782
0.078480491668517
qdotdot3:
0.119907852758177
-0.169553878346751
qdotdot4:
-0.053797143284140
-0.078917501226026
qdotdot5:
-0.217405586533515
-0.469566792995903
qdotdot6:
-0.129693117927502
0.276791322776481
qdotdot7:
0.134280070437889
0.430582607395007

qdotdot1:
-0.221706656815041
0.100485362654380
qdotdot2:
0.392465656199600
0.045614807416242
qdotdot3:
0.211327483685659
-0.130171201923721
qdotdot4:
-0.357818415883050
-0.096586698344546
qdotdot5:
0.518986964566638
-0.540971739961936
qdotdot6:
-0.624249002385008
0.234194762333242
qdotdot7:
-0.698223367310709
0.474685711924635

qdotdot1:
-0.116968200698557
0.027667767098002
qdotdot2:
0.781302041061510
0.174516689901225
qdotdot3:
0.538543875232314
-0.060762554217634
qdotdot4:
-1.651287580328401
-0.214109000402136
qdotdot5:
2.530010432707093
-0.370515049902453
qdotdot6:
-0.712140446478855
0.029165684563755
qdotdot7:
-3.009765199221620
0.245360406589942

qdotdot1:
0.061553801154980
-0.010749406539370
qdotdot2:
-0.205364275810970
0.431128452717405
qdotdot3:
-0.136469778371820
0.116117430620830
qdotdot4:
0.966744433189063
-0.756459838662874
qdotdot5:
1.906412158295643
0.460444557214689
qdotdot6:
-0.132730565396247
-0.204730562648600
qdotdot7:
-1.455913451137282
-0.743170421239097

qdotdot1:
0.125186090724908
0.009467396428347
qdotdot2:
-0.656372100577890
0.363678368030922
qdotdot3:
-0.213167750851867
0.071295135837692
qdotdot4:
0.663011327298322
-0.438941158107112
qdotdot5:
-3.045367793956625
1.086588812424602
qdotdot6:
0.786840607030724
-0.248324745916883
qdotdot7:
3.076074448526300
-1.221352350338542

qdotdot1:
0.014593525464814
0.050583663547449
qdotdot2:
0.264690899908164
0.148098742046825
qdotdot3:
-0.025360482139130
0.001282068615522
qdotdot4:
0.108484683145071
-0.221180936677301
qdotdot5:
0.130486583315767
0.086364626437473
qdotdot6:
-0.126085418930637
0.010106110031197
qdotdot7:
0.016430786026159
-0.211042834549117

qdotdot1:
0.063408712533917
0.055376778243708
qdotdot2:
-0.198199698025933
0.235034133044335
qdotdot3:
-0.001180344249667
-0.007047358015372
qdotdot4:
0.203998206273948
-0.185550099539606
qdotdot5:
-0.815113533208075
0.129221793587614
qdotdot6:
0.181151150502342
-0.031305533503292
qdotdot7:
0.793336922696820
-0.205646287829618

qdotdot1:
-0.071326205801212
0.076202810489990
qdotdot2:
-0.021150172052982
0.169937190726140
qdotdot3:
0.016576138782936
-0.007435031671294
qdotdot4:
-0.140403640813391
-0.118548688341225
qdotdot5:
0.300763935418209
-0.138495055542417
qdotdot6:
-0.040058810222317
0.028191963781405
qdotdot7:
-0.217435743914675
0.054918225689127

qdotdot1:
0.267514715056417
0.052776347427419
qdotdot2:
-0.010347182115612
0.162990603300095
qdotdot3:
0.439758700679087
-0.001990745121120
qdotdot4:
-0.601108463587049
-0.164663025539145
qdotdot5:
0.237508307022123
-0.039711794264437
qdotdot6:
-0.097075144937770
0.015035000958806
qdotdot7:
-0.512008850701176
-0.016496626202703

qdotdot1:
-0.332891015905572
0.140639195598950
qdotdot2:
-0.331395809049146
0.159592162616055
qdotdot3:
-0.098179711523168
0.142444120608521
qdotdot4:
0.610197843659909
-0.362091797484020
qdotdot5:
0.204124257552797
0.038295713901839
qdotdot6:
-0.152357585303522
-0.016848474008536
qdotdot7:
-0.039428671379566
-0.184661416323315

qdotdot1:
0.344662581582773
0.031304078156869
qdotdot2:
-0.363542230546931
0.050748132675397
qdotdot3:
0.143229610451852
0.110197860490584
qdotdot4:
0.879595530907726
-0.161677698839839
qdotdot5:
-0.083217970426629
0.105338525530746
qdotdot6:
-0.000472816849125
-0.066888978817707
qdotdot7:
0.041350050112284
-0.197611415602037

qdotdot1:
-1.540369584491543
0.144505462498021
qdotdot2:
-2.057857010234136
-0.068654105813609
qdotdot3:
-0.891924517632639
0.157240362485829
qdotdot4:
4.380144425579701
0.127217693580742
qdotdot5:
-0.381914951518695
0.078006317284946
qdotdot6:
0.143057736679030
-0.067044271340658
qdotdot7:
1.293475701407091
-0.184030356428770

qdotdot1:
0.000535834176501
-0.361415338537851
qdotdot2:
1.177757407508470
-0.744539086610993
qdotdot3:
-1.102998895703863
-0.135704376859430
qdotdot4:
-2.854639084300646
1.565837488955091
qdotdot5:
-1.723400435083022
-0.047430279324883
qdotdot6:
0.792624513179703
-0.020058219769843
qdotdot7:
4.463612997342443
0.240800326781793

qdotdot1:
1.783502574914692
-0.361239348529656
qdotdot2:
1.912106531549156
-0.357715056175919
qdotdot3:
2.318030991390772
-0.497974633604587
qdotdot4:
-3.506021848598156
0.628256465064376
qdotdot5:
2.595451289368096
-0.613465948557200
qdotdot6:
-1.026054842559404
0.240272309127812
qdotdot7:
-7.322619742027541
1.706834638200012

qdotdot1:
-0.859639523577670
0.224536338315150
qdotdot2:
-0.895204148008329
0.270299465693904
qdotdot3:
-1.059688117561367
0.263362196074184
qdotdot4:
1.649397830567981
-0.523265481324582
qdotdot5:
-0.898034655131606
0.238987130617388
qdotdot6:
0.406393041778880
-0.096726352154986
qdotdot7:
2.618941139034780
-0.698215216631116

qdotdot1:
-0.122111738253389
-0.057804679547825
qdotdot2:
-0.555838888809215
-0.023722439315670
qdotdot3:
-0.007632082024822
-0.084683017673534
qdotdot4:
1.457052269227912
0.018464685298534
qdotdot5:
-0.139866671459867
-0.055964429486369
qdotdot6:
0.004288220485770
0.036749857257473
qdotdot7:
0.298981440417243
0.161952896441329

qdotdot1:
-0.300588525728296
-0.097911202719295
qdotdot2:
-0.632477675691757
-0.206282818788544
qdotdot3:
-0.317790556547217
-0.087189707685103
qdotdot4:
1.066974759553345
0.497020649153305
qdotdot5:
-0.276274502523609
-0.101902403837216
qdotdot6:
0.096519044715270
0.038158285445761
qdotdot7:
0.883818332630049
0.260150712961240

qdotdot1:
0.219672941384403
-0.196636852232071
qdotdot2:
0.183545041980802
-0.414014531713078
qdotdot3:
0.495396300239111
-0.191565212465713
qdotdot4:
-0.730969276876621
0.847459096181243
qdotdot5:
0.324359727608063
-0.192642326924355
qdotdot6:
-0.208989429279646
0.069859114200884
qdotdot7:
-0.744299202896661
0.550433047354372

qdotdot1:
0.272035150335858
-0.124487212567647
qdotdot2:
0.546295158058530
-0.353730781890958
qdotdot3:
0.163485850183373
-0.028856667990065
qdotdot4:
-1.282324449427826
0.607378685730849
qdotdot5:
0.207504325396107
-0.086109235861397
qdotdot6:
-0.119383469116982
0.001218379838365
qdotdot7:
-0.430063832970349
0.305974540298004

qdotdot1:
0.209272215497531
-0.035139667307422
qdotdot2:
1.045693164477751
-0.174304956589285
qdotdot3:
0.242822895761775
0.024838817246425
qdotdot4:
-1.295275796839556
0.186210532857616
qdotdot5:
0.160240322431756
-0.017956270767984
qdotdot6:
-0.026574343660492
-0.037992067403776
qdotdot7:
-0.568150268540009
0.164723868340120

qdotdot1:
0.212224970421510
0.033593945693649
qdotdot2:
0.113041246381912
0.169143738280232
qdotdot3:
-0.064685685704980
0.104591855199455
qdotdot4:
-0.069952057884602
-0.239211375817473
qdotdot5:
-0.155378581320479
0.034673249510216
qdotdot6:
0.147592079906837
-0.046720176142795
qdotdot7:
-0.071547710649738
-0.021880075195540

qdotdot1:
-0.009409153514464
0.103297365000585
qdotdot2:
0.006225972731711
0.206271138415511
qdotdot3:
-0.219514292802666
0.083346412380470
qdotdot4:
0.220345305295453
-0.262186512119432
qdotdot5:
-0.297613353665473
-0.016359474789791
qdotdot6:
0.040229529700157
0.001755140459659
qdotdot7:
0.198426254070668
-0.045379289571515

qdotdot1:
-0.076927719884263
0.100207011535395
qdotdot2:
-0.054845051678942
0.208316004234317
qdotdot3:
-0.043817527446743
0.011248879443135
qdotdot4:
0.005596444543921
-0.189816040459953
qdotdot5:
0.158386432443474
-0.114107955285210
qdotdot6:
-0.045441298720166
0.014968174588684
qdotdot7:
-0.237570010458829
0.019792063080918

qdotdot1:
0.001523958323676
0.074940780588258
qdotdot2:
0.179209392755488
0.190302630848070
qdotdot3:
-0.021542881186923
-0.003142600892790
qdotdot4:
-0.196522412335145
-0.187977937620790
qdotdot5:
0.716312044769590
-0.062087328818824
qdotdot6:
-0.041441713033895
0.000043380902755
qdotdot7:
-0.534634432140007
-0.058235711034802

qdotdot1:
-0.115553047436270
0.075441311255457
qdotdot2:
0.422994743978217
0.249162374930810
qdotdot3:
0.285088590838768
-0.010218170169436
qdotdot4:
-1.358648272583929
-0.252523990250697
qdotdot5:
1.838164097759000
0.173179043050689
qdotdot6:
-0.324401322293165
-0.013567784148473
qdotdot7:
-2.618439816916258
-0.233831673778324

qdotdot1:
-0.154622709768609
0.037488932222739
qdotdot2:
-0.414842005751919
0.388091266972042
qdotdot3:
0.004696979049863
0.083416662467789
qdotdot4:
1.039856004301324
-0.698760029518220
qdotdot5:
-1.067322513994423
0.776907824855080
qdotdot6:
-0.078376082187731
-0.120114536618809
qdotdot7:
1.329236186248020
-1.093835132023555

qdotdot1:
-0.074477003007060
-0.013295532734282
qdotdot2:
-0.466769909181924
0.251840069878575
qdotdot3:
-0.030719791322525
0.084959343800425
qdotdot4:
0.630082755811510
-0.357228498413792
qdotdot5:
-0.783454598008386
0.426355160948826
qdotdot6:
-0.065601964303302
-0.145856469387210
qdotdot7:
1.340435444428516
-0.657259233042502

qdotdot1:
0.456386852276632
-0.037756847343088
qdotdot2:
0.746440023583373
0.098533611006427
qdotdot3:
-0.674847637279583
0.074869699347547
qdotdot4:
-0.765701594050332
-0.150283375796176
qdotdot5:
-1.291036814741077
0.169036409793093
qdotdot6:
0.756016222355477
-0.167402855828493
qdotdot7:
0.815811694301825
-0.217005036510829

qdotdot1:
-0.321193005207715
0.112139388086833
qdotdot2:
-2.162102622190636
0.343695251731234
qdotdot3:
0.291063491414219
-0.146778053676836
qdotdot4:
2.216041350100902
-0.401771309417157
qdotdot5:
-0.651448127034893
-0.254993242607638
qdotdot6:
0.332461779021172
0.080904002902719
qdotdot7:
1.615872984520570
0.050941117471334

qdotdot1:
1.043237699775628
0.006646379059752
qdotdot2:
4.653984800187811
-0.366428280668635
qdotdot3:
-0.992542806850309
-0.051180817655594
qdotdot4:
-5.072582612000110
0.326067922322637
qdotdot5:
0.506990978679516
-0.468955632920353
qdotdot6:
0.509880289671519
0.190098141276806
qdotdot7:
-2.671793173508262
0.581660344163106

qdotdot1:
-3.541205523134524
0.349288598209727
qdotdot2:
-14.626618516320889
1.162131969952648
qdotdot3:
3.745207757243388
-0.377172746449653
qdotdot4:
14.866662414366401
-1.339977086759289
qdotdot5:
1.038833100508154
-0.302438918598077
qdotdot6:
-2.473832493030204
0.357563824305186
qdotdot7:
5.427268149576578
-0.295866553376656

