nSeg: 18

breaks: 
0.000000000000000
0.330388890372382
0.660777780744765
0.991166671117147
1.321555561489529
1.651944451861911
1.982333342234294
2.312722232606676
2.643111122979058
2.973500013351440
3.303888903723823
3.634277794096205
3.964666684468587
4.295055574840969
4.625444465213352
4.955833355585734
5.286222245958117
5.616611136330499
5.947000026702881

coefs_q:
q1:
0.026447542873113
-0.014510992128971
0.000000000000000
-1.390242934000000
q2:
-0.078710532840941
0.047664569560029
-0.000000000000000
1.870757818000000
q3:
0.096124753835855
-0.057170066062594
0.000000000000000
-2.737811565000001
q4:
0.668575281183187
-0.402006120028859
0.000000000000000
0.918271005000000
q5:
0.317459819197754
-0.185769168153159
0.000000000000000
-1.025590658000000
q6:
-0.387934080398234
0.224872836536458
-0.000000000000000
-0.459637523000000
q7:
-0.003484312266955
0.001418459830501
-0.000000000000000
-0.581508696000000

q1:
-0.015941100106778
0.011702930899801
-0.000927752233603
-1.390873098256871
q2:
0.095645130902950
-0.030350687257783
0.005720314361877
1.873122098367044
q3:
-0.066756428416125
0.038105586208846
-0.006298692344406
-2.740585405173702
q4:
-0.372490603925324
0.260663415812691
-0.046698059208212
0.898500928600804
q5:
-0.190676409377388
0.128886424054531
-0.018793426704082
-1.034419694945639
q6:
0.270106676725229
-0.159634494544752
0.021554023420374
-0.449081651876635
q7:
0.005791973073488
-0.002035074360270
-0.000203722590278
-0.581479520372579

q1:
0.014414971699809
-0.004097356226980
0.001585045143195
-1.390477065605984
q2:
-0.170033167913804
0.064449578747858
0.016986209284211
1.875148407365151
q3:
0.060739364570989
-0.028061160720035
-0.002980125752730
-2.740914455779493
q4:
0.190408282068212
-0.108536856102388
0.003562866050643
0.898092022167880
q5:
0.114866743637984
-0.060105677888626
0.003930967700656
-1.033436594507839
q6:
-0.226104591641865
0.108086241071509
0.004523053154715
-0.449644454321149
q7:
-0.010316947499464
0.003705736310179
0.000348245557540
-0.581560087419617

q1:
-0.037034488798406
0.010190283286968
0.003598080553664
-1.389880774245272
q2:
0.208418361099217
-0.104081630272770
0.003892219757714
1.881663462976915
q3:
-0.059201328889692
0.032141673067562
-0.001631969806080
-2.742771606650460
q4:
-0.136149728279464
0.080189486988296
-0.005802789775938
0.894288538002334
q5:
-0.116162316679256
0.053746410025101
0.001829936247646
-1.034556213799608
q6:
0.234885824895666
-0.116021094350460
0.001901465784614
-0.444506018842267
q7:
0.018259713978139
-0.006520078198955
-0.000581581736221
-0.581412597029814

q1:
0.071554903210205
-0.026517067691874
-0.001796107629222
-1.388915288717376
q2:
-0.389497542259945
0.102495702897632
0.003368246972031
1.879104630993144
q3:
0.095894065978390
-0.026536711013745
0.000219847387461
-2.741937357139368
q4:
0.131118362821264
-0.054757585963965
0.002599627783551
0.896214458967633
q5:
0.135372144393183
-0.061389806707133
-0.000695357100807
-1.032274137100836
q6:
-0.376874501092220
0.116789906803982
0.002155472878038
-0.448071319825175
q7:
-0.030105150888901
0.011578341720308
0.001089612335810
-0.581657934187639

q1:
-0.269044237608436
0.044405767525095
0.004114120058880
-1.389822651119847
q2:
-0.268348155441995
-0.283561279472468
-0.056453807957165
1.877358649882559
q3:
0.020333539160797
0.068510291141944
0.014087451950973
-2.741303042162966
q4:
0.726298784036619
0.075202565235917
0.009354421798898
0.895824862108411
q5:
0.050223011069199
0.072786551013048
0.003070000604283
-1.034322903247737
q6:
0.101390389829676
-0.256755537872529
-0.044087616660970
-0.448202438311437
q7:
-0.033709318027918
-0.018260880469723
-0.001118224226480
-0.581119801617684

q1:
0.131061853386507
-0.222261913848510
-0.054647574770821
-1.393319064501453
q2:
0.257802782608490
-0.549539027402337
-0.331700893914423
1.818076530070018
q3:
0.009397848225426
0.088664217463982
0.066016163444109
-2.728437026274582
q4:
-0.671045333088646
0.795085713245925
0.296888000430605
0.933317716740561
q5:
-0.152130850957030
0.122565925707986
0.067612288619642
-1.023552208059503
q6:
0.184073674203498
-0.156260762701779
-0.180543613913422
-0.487138551479641
q7:
0.158911334964709
-0.051672433005084
-0.024223414065486
-0.584698249697326

q1:
0.255736120492634
-0.092357772916962
-0.158594423970571
-1.430908778637869
q2:
0.296073886023255
-0.294013501559542
-0.610401277928955
1.657797758892976
q3:
-0.233966965980573
0.097979051405242
0.127681025941286
-2.696608789480176
q4:
-0.646363360591022
0.129967944279754
0.602515451875428
1.093994527683118
q5:
-0.158966238467122
-0.028221103409312
0.098782769771281
-0.993321429969051
q6:
0.252921092596024
0.026186928198804
-0.223518563761341
-0.557206613666511
q7:
-0.002101111521291
0.105835185874668
-0.006328642245390
-0.592610784793317

q1:
-0.026149927564704
0.161119346316136
-0.135876364034959
-1.484165176418438
q2:
0.370084390257986
-0.000554933545155
-0.707723416341925
1.434712047377019
q3:
-0.127480557094054
-0.133921207417101
0.115806136898937
-2.652167146946351
q4:
-0.167619115897592
-0.510685876169341
0.476730476813559
1.283935248933101
q5:
-0.003098920151512
-0.185783140810784
0.028078144988423
-0.969498216409638
q6:
0.012267456285277
0.276873885602517
-0.123390637774171
-0.619074785211699
q7:
-0.165176726651885
0.103752634162465
0.062916845052245
-0.583224840573211

q1:
-0.106797532021734
0.135200409661873
-0.037975608661970
-1.512413018480303
q2:
0.492705558575418
0.366260379579272
-0.586898399823576
1.214174315946673
q3:
0.174411993040751
-0.260275686824173
-0.014432137577677
-2.633121983201587
q4:
0.371269872161023
-0.676824357289156
0.084390288475357
1.379651807119594
q5:
0.264904593131106
-0.188854687181416
-0.095698031293439
-0.980612765972870
q6:
-0.199804371056129
0.289032979411870
0.063578703412045
-0.629176592524282
q7:
-0.030062165147724
-0.059965032139111
0.077383782296808
-0.557069473004313

q1:
0.065163546118357
0.029346255364364
0.016388781410525
-1.514053258640018
q2:
-0.627137223350431
0.854613707913383
-0.183535164772483
1.078018454721884
q3:
0.169055507354271
-0.087404332279065
-0.129301753293844
-2.660011038081540
q4:
-0.006503500919306
-0.308834034013227
-0.241260293713264
1.347042978126634
q5:
-0.030233362792151
0.073709916555984
-0.133740584292558
-1.023291536928029
q6:
-0.292437583604143
0.090993546077511
0.189135245480554
-0.583826759520179
q7:
0.014793083616212
-0.089761648295154
0.027915750488991
-0.539132491135227

q1:
-0.169050187295470
0.093934190448684
0.057119271107311
-1.503085172276272
q2:
-0.131321919353394
0.233016193911486
0.175805671627258
1.088050186599036
q3:
0.097701364791571
0.080157852179288
-0.131695909813115
-2.706174828070104
q4:
0.171546366017812
-0.315280087370023
-0.447460665742810
1.233387373120982
q5:
0.097601875631710
0.043743615000610
-0.094935242331257
-1.060522342209406
q6:
0.094611154477316
-0.198860840172950
0.153497089876890
-0.521952537187633
q7:
-0.174434710592551
-0.075099236851716
-0.026552454420492
-0.539174032562616

q1:
0.104626522027783
-0.073622720944698
0.063829954978565
-1.480056702072431
q2:
-0.005109301079849
0.102854284261268
0.286773546219596
1.166833713845403
q3:
-0.069403164349722
0.176996188683351
-0.046735071597734
-2.737412395841391
q4:
0.104202924307127
-0.145249046821904
-0.599614375372635
1.057323051386050
q5:
-0.088231121984132
0.140483341165283
-0.034068702706926
-1.083593044131419
q6:
0.056317958166797
-0.105085417139118
0.053076623190718
-0.489533745078651
q7:
0.146597542658491
-0.247993108277018
-0.133298575815386
-0.562435110646724

q1:
-0.015837462456063
0.030079600604145
0.049443791765899
-1.463231144246634
q2:
-0.098422204876343
0.097790115318219
0.353064226756095
1.272623491189973
q3:
-0.084204391299792
0.108206085309841
0.047492591238557
-2.736035772995477
q4:
0.067457935452193
-0.041966581215737
-0.661468338980360
0.847120194489310
q5:
-0.015463403904449
0.053031593699340
0.029866481893480
-1.082696235240744
q6:
0.089646924817822
-0.049264934018819
0.002080981943060
-0.481437546161751
q7:
0.084330056261604
-0.102690509926247
-0.249160547305334
-0.628258694865580

q1:
0.048011149433961
0.014382035662626
0.064133422436218
-1.444183236651855
q2:
-0.071261998939905
0.000237306146924
0.385451397760030
1.396396929096931
q3:
0.023283743769929
0.024745499091780
0.091418317682259
-2.711570080450401
q4:
0.026174746246850
0.024895476106849
-0.667108442454716
0.626430281946019
q5:
0.105459654979345
0.037704783127227
0.059844772749620
-1.067597596655411
q6:
-0.104483365620250
0.039590110028751
-0.001115472419567
-0.482894571676663
q7:
-0.101319647870468
-0.019105368786311
-0.289400552525106
-0.718746644969701

q1:
-0.067506287159429
0.061969086823593
0.089358985073126
-1.419692885407170
q2:
-0.300914357852292
-0.070395212119495
0.362272005054902
1.521201685278266
q3:
-0.012398330376398
0.047823569895366
0.115394331860279
-2.677825634350876
q4:
0.361022425749017
0.050839012211675
-0.642086608896239
0.409686546152301
q5:
-0.012286345528486
0.142232878290268
0.119294177041548
-1.039906496292046
q6:
-0.389263263830042
-0.063970319660188
-0.009170422826743
-0.482709689923980
q7:
0.032109044089476
-0.119530026884844
-0.335204147067235
-0.820100865743662

q1:
-0.104195437246158
-0.004940895099696
0.108200466056728
-1.385839881356791
q2:
0.347299089024236
-0.368651494483305
0.217215850838754
1.622355977957129
q3:
-0.097447076052163
0.035534758048781
0.142934997333043
-2.634927496204629
q4:
-0.263736827149824
0.408672408139965
-0.490269140612823
0.216117673827243
q5:
-0.203269154878196
0.130055062092603
0.209255087526426
-0.985410434202565
q6:
0.612742795393447
-0.449795093058806
-0.178912807446680
-0.506760760646180
q7:
0.274805872791886
-0.087704612541924
-0.403672169634165
-0.942738122440576

q1:
0.002113117604301
-0.108215939780566
0.070814704942588
-1.354388706945780
q2:
-0.217463867145626
-0.024420212533136
0.087349325720814
1.666405921372392
q3:
-0.287546668921060
-0.061051535931941
0.134504537402347
-2.587338850758220
q4:
0.639092474523590
0.147265255122876
-0.306593512931198
0.089236118761478
q5:
-0.554053489541637
-0.071418549488815
0.228627939860898
-0.909409220682067
q6:
0.523334309073184
0.157535143702332
-0.275472247814854
-0.592871687193571
q7:
0.762225321666135
0.184673809596652
-0.371634624218953
-1.075769825115661

coefs_qdot:
qdot1:
0.079342628619339
-0.029021984257941
0.000000000000000
qdot2:
-0.236131598522822
0.095329139120058
-0.000000000000000
qdot3:
0.288374261507565
-0.114340132125187
0.000000000000000
qdot4:
2.005725843549560
-0.804012240057717
0.000000000000000
qdot5:
0.952379457593263
-0.371538336306317
0.000000000000000
qdot6:
-1.163802241194703
0.449745673072916
-0.000000000000000
qdot7:
-0.010452936800865
0.002836919661001
-0.000000000000000

qdot1:
-0.047823300320335
0.023405861799602
-0.000927752233603
qdot2:
0.286935392708851
-0.060701374515566
0.005720314361877
qdot3:
-0.200269285248376
0.076211172417692
-0.006298692344406
qdot4:
-1.117471811775973
0.521326831625382
-0.046698059208212
qdot5:
-0.572029228132165
0.257772848109062
-0.018793426704082
qdot6:
0.810320030175686
-0.319268989089503
0.021554023420374
qdot7:
0.017375919220464
-0.004070148720540
-0.000203722590278

qdot1:
0.043244915099426
-0.008194712453960
0.001585045143195
qdot2:
-0.510099503741413
0.128899157495716
0.016986209284211
qdot3:
0.182218093712966
-0.056122321440070
-0.002980125752730
qdot4:
0.571224846204635
-0.217073712204777
0.003562866050643
qdot5:
0.344600230913951
-0.120211355777251
0.003930967700656
qdot6:
-0.678313774925595
0.216172482143017
0.004523053154715
qdot7:
-0.030950842498392
0.007411472620359
0.000348245557540

qdot1:
-0.111103466395218
0.020380566573935
0.003598080553664
qdot2:
0.625255083297650
-0.208163260545541
0.003892219757714
qdot3:
-0.177603986669076
0.064283346135125
-0.001631969806080
qdot4:
-0.408449184838392
0.160378973976591
-0.005802789775938
qdot5:
-0.348486950037768
0.107492820050203
0.001829936247646
qdot6:
0.704657474686998
-0.232042188700921
0.001901465784614
qdot7:
0.054779141934417
-0.013040156397910
-0.000581581736221

qdot1:
0.214664709630615
-0.053034135383748
-0.001796107629222
qdot2:
-1.168492626779835
0.204991405795263
0.003368246972031
qdot3:
0.287682197935171
-0.053073422027490
0.000219847387461
qdot4:
0.393355088463791
-0.109515171927929
0.002599627783551
qdot5:
0.406116433179550
-0.122779613414265
-0.000695357100807
qdot6:
-1.130623503276659
0.233579813607964
0.002155472878038
qdot7:
-0.090315452666704
0.023156683440616
0.001089612335810

qdot1:
-0.807132712825309
0.088811535050190
0.004114120058880
qdot2:
-0.805044466325984
-0.567122558944936
-0.056453807957165
qdot3:
0.061000617482392
0.137020582283889
0.014087451950973
qdot4:
2.178896352109858
0.150405130471835
0.009354421798898
qdot5:
0.150669033207598
0.145573102026097
0.003070000604283
qdot6:
0.304171169489027
-0.513511075745058
-0.044087616660970
qdot7:
-0.101127954083754
-0.036521760939447
-0.001118224226480

qdot1:
0.393185560159522
-0.444523827697019
-0.054647574770821
qdot2:
0.773408347825470
-1.099078054804673
-0.331700893914423
qdot3:
0.028193544676278
0.177328434927965
0.066016163444109
qdot4:
-2.013135999265939
1.590171426491851
0.296888000430605
qdot5:
-0.456392552871089
0.245131851415973
0.067612288619642
qdot6:
0.552221022610495
-0.312521525403559
-0.180543613913422
qdot7:
0.476734004894127
-0.103344866010169
-0.024223414065486

qdot1:
0.767208361477902
-0.184715545833923
-0.158594423970571
qdot2:
0.888221658069764
-0.588027003119084
-0.610401277928955
qdot3:
-0.701900897941718
0.195958102810484
0.127681025941286
qdot4:
-1.939090081773067
0.259935888559508
0.602515451875428
qdot5:
-0.476898715401367
-0.056442206818623
0.098782769771281
qdot6:
0.758763277788072
0.052373856397608
-0.223518563761341
qdot7:
-0.006303334563872
0.211670371749337
-0.006328642245390

qdot1:
-0.078449782694113
0.322238692632272
-0.135876364034959
qdot2:
1.110253170773959
-0.001109867090311
-0.707723416341925
qdot3:
-0.382441671282161
-0.267842414834202
0.115806136898937
qdot4:
-0.502857347692775
-1.021371752338682
0.476730476813559
qdot5:
-0.009296760454536
-0.371566281621568
0.028078144988423
qdot6:
0.036802368855831
0.553747771205034
-0.123390637774171
qdot7:
-0.495530179955656
0.207505268324929
0.062916845052245

qdot1:
-0.320392596065203
0.270400819323747
-0.037975608661970
qdot2:
1.478116675726253
0.732520759158544
-0.586898399823576
qdot3:
0.523235979122252
-0.520551373648347
-0.014432137577677
qdot4:
1.113809616483069
-1.353648714578313
0.084390288475357
qdot5:
0.794713779393317
-0.377709374362832
-0.095698031293439
qdot6:
-0.599413113168387
0.578065958823740
0.063578703412045
qdot7:
-0.090186495443171
-0.119930064278222
0.077383782296808

qdot1:
0.195490638355070
0.058692510728728
0.016388781410525
qdot2:
-1.881411670051293
1.709227415826766
-0.183535164772483
qdot3:
0.507166522062814
-0.174808664558131
-0.129301753293844
qdot4:
-0.019510502757918
-0.617668068026453
-0.241260293713264
qdot5:
-0.090700088376454
0.147419833111968
-0.133740584292558
qdot6:
-0.877312750812430
0.181987092155023
0.189135245480554
qdot7:
0.044379250848635
-0.179523296590308
0.027915750488991

qdot1:
-0.507150561886411
0.187868380897368
0.057119271107311
qdot2:
-0.393965758060182
0.466032387822972
0.175805671627258
qdot3:
0.293104094374712
0.160315704358576
-0.131695909813115
qdot4:
0.514639098053437
-0.630560174740045
-0.447460665742810
qdot5:
0.292805626895131
0.087487230001221
-0.094935242331257
qdot6:
0.283833463431948
-0.397721680345899
0.153497089876890
qdot7:
-0.523304131777652
-0.150198473703432
-0.026552454420492

qdot1:
0.313879566083350
-0.147245441889395
0.063829954978565
qdot2:
-0.015327903239546
0.205708568522535
0.286773546219596
qdot3:
-0.208209493049166
0.353992377366702
-0.046735071597734
qdot4:
0.312608772921380
-0.290498093643808
-0.599614375372635
qdot5:
-0.264693365952396
0.280966682330565
-0.034068702706926
qdot6:
0.168953874500392
-0.210170834278236
0.053076623190718
qdot7:
0.439792627975473
-0.495986216554035
-0.133298575815386

qdot1:
-0.047512387368189
0.060159201208290
0.049443791765899
qdot2:
-0.295266614629030
0.195580230636438
0.353064226756095
qdot3:
-0.252613173899376
0.216412170619682
0.047492591238557
qdot4:
0.202373806356580
-0.083933162431475
-0.661468338980360
qdot5:
-0.046390211713346
0.106063187398680
0.029866481893480
qdot6:
0.268940774453466
-0.098529868037638
0.002080981943060
qdot7:
0.252990168784813
-0.205381019852494
-0.249160547305334

qdot1:
0.144033448301883
0.028764071325253
0.064133422436218
qdot2:
-0.213785996819714
0.000474612293847
0.385451397760030
qdot3:
0.069851231309787
0.049490998183561
0.091418317682259
qdot4:
0.078524238740550
0.049790952213697
-0.667108442454716
qdot5:
0.316378964938035
0.075409566254455
0.059844772749620
qdot6:
-0.313450096860750
0.079180220057503
-0.001115472419567
qdot7:
-0.303958943611403
-0.038210737572622
-0.289400552525106

qdot1:
-0.202518861478286
0.123938173647186
0.089358985073126
qdot2:
-0.902743073556875
-0.140790424238990
0.362272005054902
qdot3:
-0.037194991129194
0.095647139790731
0.115394331860279
qdot4:
1.083067277247051
0.101678024423350
-0.642086608896239
qdot5:
-0.036859036585459
0.284465756580535
0.119294177041548
qdot6:
-1.167789791490125
-0.127940639320375
-0.009170422826743
qdot7:
0.096327132268428
-0.239060053769688
-0.335204147067235

qdot1:
-0.312586311738474
-0.009881790199392
0.108200466056728
qdot2:
1.041897267072706
-0.737302988966610
0.217215850838754
qdot3:
-0.292341228156489
0.071069516097561
0.142934997333043
qdot4:
-0.791210481449471
0.817344816279931
-0.490269140612823
qdot5:
-0.609807464634589
0.260110124185206
0.209255087526426
qdot6:
1.838228386180340
-0.899590186117611
-0.178912807446680
qdot7:
0.824417618375659
-0.175409225083848
-0.403672169634165

qdot1:
0.006339352812902
-0.216431879561132
0.070814704942588
qdot2:
-0.652391601436877
-0.048840425066272
0.087349325720814
qdot3:
-0.862640006763180
-0.122103071863883
0.134504537402347
qdot4:
1.917277423570769
0.294530510245753
-0.306593512931198
qdot5:
-1.662160468624911
-0.142837098977629
0.228627939860898
qdot6:
1.570002927219553
0.315070287404664
-0.275472247814854
qdot7:
2.286675964998404
0.369347619193304
-0.371634624218953

coefs_qdotdot:
qdotdot1:
0.158685257238679
-0.029021984257941
qdotdot2:
-0.472263197045645
0.095329139120058
qdotdot3:
0.576748523015129
-0.114340132125187
qdotdot4:
4.011451687099120
-0.804012240057717
qdotdot5:
1.904758915186526
-0.371538336306317
qdotdot6:
-2.327604482389406
0.449745673072916
qdotdot7:
-0.020905873601731
0.002836919661001

qdotdot1:
-0.095646600640670
0.023405861799602
qdotdot2:
0.573870785417702
-0.060701374515566
qdotdot3:
-0.400538570496752
0.076211172417692
qdotdot4:
-2.234943623551945
0.521326831625382
qdotdot5:
-1.144058456264331
0.257772848109062
qdotdot6:
1.620640060351373
-0.319268989089503
qdotdot7:
0.034751838440929
-0.004070148720540

qdotdot1:
0.086489830198853
-0.008194712453960
qdotdot2:
-1.020199007482825
0.128899157495716
qdotdot3:
0.364436187425932
-0.056122321440070
qdotdot4:
1.142449692409270
-0.217073712204777
qdotdot5:
0.689200461827903
-0.120211355777251
qdotdot6:
-1.356627549851190
0.216172482143017
qdotdot7:
-0.061901684996785
0.007411472620359

qdotdot1:
-0.222206932790436
0.020380566573935
qdotdot2:
1.250510166595299
-0.208163260545541
qdotdot3:
-0.355207973338151
0.064283346135125
qdotdot4:
-0.816898369676784
0.160378973976591
qdotdot5:
-0.696973900075537
0.107492820050203
qdotdot6:
1.409314949373996
-0.232042188700921
qdotdot7:
0.109558283868834
-0.013040156397910

qdotdot1:
0.429329419261231
-0.053034135383748
qdotdot2:
-2.336985253559670
0.204991405795263
qdotdot3:
0.575364395870342
-0.053073422027490
qdotdot4:
0.786710176927582
-0.109515171927929
qdotdot5:
0.812232866359099
-0.122779613414265
qdotdot6:
-2.261247006553319
0.233579813607964
qdotdot7:
-0.180630905333407
0.023156683440616

qdotdot1:
-1.614265425650617
0.088811535050190
qdotdot2:
-1.610088932651967
-0.567122558944936
qdotdot3:
0.122001234964785
0.137020582283889
qdotdot4:
4.357792704219715
0.150405130471835
qdotdot5:
0.301338066415196
0.145573102026097
qdotdot6:
0.608342338978055
-0.513511075745058
qdotdot7:
-0.202255908167509
-0.036521760939447

qdotdot1:
0.786371120319043
-0.444523827697019
qdotdot2:
1.546816695650940
-1.099078054804673
qdotdot3:
0.056387089352556
0.177328434927965
qdotdot4:
-4.026271998531879
1.590171426491851
qdotdot5:
-0.912785105742178
0.245131851415973
qdotdot6:
1.104442045220989
-0.312521525403559
qdotdot7:
0.953468009788254
-0.103344866010169

qdotdot1:
1.534416722955804
-0.184715545833923
qdotdot2:
1.776443316139528
-0.588027003119084
qdotdot3:
-1.403801795883436
0.195958102810484
qdotdot4:
-3.878180163546133
0.259935888559508
qdotdot5:
-0.953797430802734
-0.056442206818623
qdotdot6:
1.517526555576144
0.052373856397608
qdotdot7:
-0.012606669127744
0.211670371749337

qdotdot1:
-0.156899565388226
0.322238692632272
qdotdot2:
2.220506341547918
-0.001109867090311
qdotdot3:
-0.764883342564321
-0.267842414834202
qdotdot4:
-1.005714695385550
-1.021371752338682
qdotdot5:
-0.018593520909072
-0.371566281621568
qdotdot6:
0.073604737711661
0.553747771205034
qdotdot7:
-0.991060359911311
0.207505268324929

qdotdot1:
-0.640785192130405
0.270400819323747
qdotdot2:
2.956233351452507
0.732520759158544
qdotdot3:
1.046471958244504
-0.520551373648347
qdotdot4:
2.227619232966138
-1.353648714578313
qdotdot5:
1.589427558786634
-0.377709374362832
qdotdot6:
-1.198826226336773
0.578065958823740
qdotdot7:
-0.180372990886341
-0.119930064278222

qdotdot1:
0.390981276710139
0.058692510728728
qdotdot2:
-3.762823340102587
1.709227415826766
qdotdot3:
1.014333044125628
-0.174808664558131
qdotdot4:
-0.039021005515837
-0.617668068026453
qdotdot5:
-0.181400176752908
0.147419833111968
qdotdot6:
-1.754625501624860
0.181987092155023
qdotdot7:
0.088758501697270
-0.179523296590308

qdotdot1:
-1.014301123772823
0.187868380897368
qdotdot2:
-0.787931516120365
0.466032387822972
qdotdot3:
0.586208188749423
0.160315704358576
qdotdot4:
1.029278196106874
-0.630560174740045
qdotdot5:
0.585611253790261
0.087487230001221
qdotdot6:
0.567666926863896
-0.397721680345899
qdotdot7:
-1.046608263555304
-0.150198473703432

qdotdot1:
0.627759132166700
-0.147245441889395
qdotdot2:
-0.030655806479091
0.205708568522535
qdotdot3:
-0.416418986098331
0.353992377366702
qdotdot4:
0.625217545842759
-0.290498093643808
qdotdot5:
-0.529386731904791
0.280966682330565
qdotdot6:
0.337907749000785
-0.210170834278236
qdotdot7:
0.879585255950946
-0.495986216554035

qdotdot1:
-0.095024774736377
0.060159201208290
qdotdot2:
-0.590533229258059
0.195580230636438
qdotdot3:
-0.505226347798752
0.216412170619682
qdotdot4:
0.404747612713160
-0.083933162431475
qdotdot5:
-0.092780423426692
0.106063187398680
qdotdot6:
0.537881548906932
-0.098529868037638
qdotdot7:
0.505980337569625
-0.205381019852494

qdotdot1:
0.288066896603765
0.028764071325253
qdotdot2:
-0.427571993639427
0.000474612293847
qdotdot3:
0.139702462619574
0.049490998183561
qdotdot4:
0.157048477481101
0.049790952213697
qdotdot5:
0.632757929876070
0.075409566254455
qdotdot6:
-0.626900193721500
0.079180220057503
qdotdot7:
-0.607917887222805
-0.038210737572622

qdotdot1:
-0.405037722956573
0.123938173647186
qdotdot2:
-1.805486147113751
-0.140790424238990
qdotdot3:
-0.074389982258389
0.095647139790731
qdotdot4:
2.166134554494102
0.101678024423350
qdotdot5:
-0.073718073170918
0.284465756580535
qdotdot6:
-2.335579582980250
-0.127940639320375
qdotdot7:
0.192654264536857
-0.239060053769688

qdotdot1:
-0.625172623476948
-0.009881790199392
qdotdot2:
2.083794534145413
-0.737302988966610
qdotdot3:
-0.584682456312979
0.071069516097561
qdotdot4:
-1.582420962898943
0.817344816279931
qdotdot5:
-1.219614929269178
0.260110124185206
qdotdot6:
3.676456772360680
-0.899590186117611
qdotdot7:
1.648835236751317
-0.175409225083848

qdotdot1:
0.012678705625804
-0.216431879561132
qdotdot2:
-1.304783202873754
-0.048840425066272
qdotdot3:
-1.725280013526359
-0.122103071863883
qdotdot4:
3.834554847141539
0.294530510245753
qdotdot5:
-3.324320937249821
-0.142837098977629
qdotdot6:
3.140005854439106
0.315070287404664
qdotdot7:
4.573351929996808
0.369347619193304

