0.000000000

0.001000166

0.003000021

0.005000114

0.007000208

0.009999990

0.012000084

0.014000177

0.016000032

0.018000126

0.021000147

0.023000002

0.024000168

0.026000023

0.028000116

0.032000065

0.034000158

0.035000086

0.037000179

0.039000034

0.041000128

0.045000076

0.047000170

0.048000097

0.050000191

0.052000046

0.054000139

0.057000160

0.059000015

0.061000109

0.063000202

0.064000130

0.068000078

0.069000006

0.071000099

0.073000193

0.075000048

0.077000141

0.080000162

0.082000017

0.083000183

0.085000038

0.087000132

0.088999987

0.093000174

0.095000029

0.097000122

0.099000216

0.100000143

0.101999998

0.105000019

0.107000113

0.109000206

0.111000061

0.111999989

0.114000082

0.117000103

0.119000196

0.121000051

0.123000145

0.124000072

0.126000166

0.130000114

0.132000208

0.134000063

0.134999990

0.137000084

0.139000177

0.142000198

0.144000053

0.144999981

0.147000074

0.149000168

0.151000023

0.154000044

0.156000137

0.157999992

0.159000158

0.161000013

0.163000107

0.166000128

0.167999983

0.169000149

0.171000004

0.173000097

0.174000025

0.178000212

0.180000067

0.182000160

0.184000015

0.185000181

0.189000130

0.190999985

0.193000078

0.195000172

0.196000099

0.198000193

0.201000214

0.203000069

0.205000162

0.207000017

0.208000183

0.210000038

0.213000059

0.215000153

0.217000008

0.219000101

0.220000029

0.222000122

0.225000143

0.228000164

0.231000185

0.233000040

0.236999989

0.240000010

0.242000103

0.244000196

0.246000051

0.249000072

0.252000093

0.253000021

0.256000042

0.258000135

0.259000063

0.263000011

0.264000177

0.266000032

0.268000126

0.269999981

0.271000147

0.275000095

0.277000189

0.279000044

0.280000210

0.282000065

0.284000158

0.287000179

0.289000034

0.290000200

0.292000055

0.294000149

0.295000076

0.299000025

0.301000118

0.302000046

0.304000139

0.305999994

0.307000160

0.311000109

0.313000202

0.314000130

0.320000172

0.323000193

0.325000048

0.326000214

0.328999996

0.330000162

0.334000111

0.336000204

0.337000132

0.338999987

0.341000080

0.343000174

0.346000195

0.348000050

0.350000143

0.351000071

0.353000164

0.355000019

0.358000040

0.360000134

0.361999989

0.363000154

0.365000010

0.367000103

0.375000000

0.376000166

0.378000021

0.381000042

0.383000135

0.384999990

0.387000084

0.389000177

0.390000105

0.394000053

0.396000147

0.397000074

0.399000168

0.401000023

0.402000189

0.406000137

0.407000065

0.409000158

0.411000013

0.413000107

0.415000200

0.419000149

0.421000004

0.422000170

0.424000025

0.426000118

0.428000212

0.430000067

0.432000160

0.438000202

0.440999985

0.443000078

0.445000172

0.447000027

0.449000120

0.450000048

0.453999996

0.456000090

0.457000017

0.459000111

0.461000204

0.462000132

0.466000080

0.468000174

0.469000101

0.471000195

0.473000050

0.475000143

0.478000164

0.480000019

0.481000185

0.483000040

0.485000134

0.486999989

0.490000010

0.492000103

0.493000031

0.495000124

0.496999979

0.501000166

0.502000093

0.504000187

0.506000042

0.508000135

0.509999990

0.514000177

0.515000105

0.517000198

0.519000053

0.521000147

0.522000074

0.526000023

0.528000116

0.530000210

0.532000065

0.532999992

0.537000179

0.539000034

0.541000128

0.542000055

0.544000149

0.548000097

0.550000191

0.552000046

0.554000139

0.555000067

0.557000160

0.560000181

0.562000036

0.564000130

0.565999985

0.567000151

0.569000006

0.572000027

0.574000120

0.576000214

0.578000069

0.581000090

0.582000017

0.586000204

0.588000059

0.588999987

0.591000080

0.593000174

0.594000101

0.598000050

0.599000216

0.601000071

0.603000164

0.605000019

0.606000185

0.610000134

0.611999989

0.614000082

0.615000010

0.617000103

0.619000196

0.621999979

0.624000072

0.625000000

0.628000021

0.629000187

0.632000208

0.634000063

0.636000156

0.638000011

0.640000105

0.641000032

0.644999981

0.646000147

0.648000002

0.650000095

0.652000189

0.654000044

0.657000065

0.659000158

0.660000086

0.662000179

0.664000034

0.666000128

0.669000149

0.671000004

0.672000170

0.674000025

0.676000118

0.677000046

0.680999994

0.683000088

0.684000015

0.686000109

0.688000202

0.689000130

0.693000078

0.694000006

0.696000099

0.698000193

0.700000048

0.702000141

0.705000162

0.707000017

0.709000111

0.710000038

0.712000132

0.713999987

0.717000008

0.719000101

0.720000029

0.722000122

0.724000216

0.725000143

0.728000164

0.730000019

0.732000113

0.734000206

0.735000134

0.739000082

0.742000103

0.743000031

0.745000124

0.746999979

0.748000145

0.752000093

0.753000021

0.755000114

0.757000208

0.759000063

0.759999990

0.764000177

0.766000032

0.767000198

0.769000053

0.771000147

0.772000074

0.776000023

0.778000116

0.779000044

0.781000137

0.782999992

0.784000158

0.788000107

0.790000200

0.791000128

0.792999983

0.795000076

0.797000170

0.800000191

0.802000046

0.804000139

0.805000067

0.807000160

0.809000015

0.812000036

0.814000130

0.815999985

0.824000120

0.826000214

0.828000069

0.830000162

0.832000017

0.835000038

0.837000132

0.838999987

0.841000080

0.843000174

0.844000101

0.848000050

0.849000216

0.851000071

0.853000164

0.855000019

0.857000113

0.860000134

0.861999989

0.863000154

0.865000010

0.867000103

0.868000031

0.871999979

0.874000072

0.875000000

0.877000093

0.879000187

0.880000114

0.884000063

0.886000156

0.887000084

0.889000177

0.891000032

0.893000126

0.896000147

0.898000002

0.899000168

0.901000023

0.904000044

0.905000210

0.909000158

0.911000013

0.913000107

0.914000034

0.916000128

0.917000055

0.921000004

0.923000097

0.925000191

0.927000046

0.928000212

0.932000160

0.934000015

0.936000109

0.938000202

0.939000130

0.943000078

0.945000172

0.946000099

0.948000193

0.950000048

0.952000141

0.955000162

0.957000017

0.959000111

0.961000204

0.962000132

0.963999987

0.967000008

0.969000101

0.971000195

0.973000050

0.974000216

0.976000071

0.979000092

0.981000185

0.983000040

0.985000134

0.986000061

0.988000154

0.991000175

0.993000031

0.995000124

0.996999979

0.998000145

1.000000000

1.003000021

1.005000114

1.007000208

1.009000063

1.009999990

1.012000084

1.016000032

1.018000126

1.019999981

1.021000147

1.023000002

1.025000095

1.027000189

1.029000044

1.031000137

1.032999992

1.034000158

1.038000107

1.040000200

1.041000128

1.042999983

1.045000076

1.047000170

1.050000191

1.052000046

1.054000139

1.055999994

1.058000088

1.059000015

1.063000202

1.065999985

1.067000151

1.069000006

1.071000099

1.073000193

1.076000214

1.077000141

1.078999996

1.081000090

1.082000017

1.083000183

1.087000132

1.088999987

1.090000153

1.092000008

1.094000101

1.096000195

1.099000216

1.101000071

1.103000164

1.105000019

1.106000185

1.108000040

1.111000061

1.113000154

1.115000010

1.117000103

1.118000031

1.120000124

1.123000145

1.126000166

1.128000021

1.129000187

1.131000042

1.134000063

1.136000156

1.138000011

1.140000105

1.141000032

1.143000126

1.147000074

1.149000168

1.150000095

1.152000189

1.154000044

1.156000137

1.159000158

1.161000013

1.162000179

1.164000034

1.166000128

1.167000055

1.171000004

1.173000097

1.174000025

1.177000046

1.179000139

1.182000160

1.184000015

1.186000109

1.187000036

1.189000130

1.190999985

1.194000006

1.196000099

1.198000193

1.200000048

1.201000214

1.203000069

1.206000090

1.208000183

1.210000038

1.212000132

1.213999987

1.215000153

1.219000101

1.221000195

1.222000122

1.225000143

1.226000071

1.231000185

1.232000113

1.234000206

1.236000061

1.238000154

1.240000010

1.243000031

1.245000124

1.246999979

1.249000072

1.250000000

1.254000187

1.255000114

1.257000208

1.259000063

1.261000156

1.262000084

1.266000032

1.268000126

1.275000095

1.278000116

1.280000210

1.281000137

1.282999992

1.285000086

1.287000179

1.290000200

1.292000055

1.292999983

1.295000076

1.297000170

1.299000025

1.302000046

1.304000139

1.305999994

1.308000088

1.309000015

1.311000109

1.314000130

1.315999985

1.318000078

1.320000172

1.322000027

1.323000193

1.326000214

1.328000069

1.328999996

1.331000090

1.333000183

1.335000038

1.338000059

1.340000153

1.341000080

1.343000174

1.345000029

1.346000195

1.350000143

1.351000071

1.353000164

1.355000019

1.357000113

1.358000040

1.361999989

1.363000154

1.365000010

1.367000103

1.369000196

1.370000124

1.374000072

1.376000166

1.377000093

1.379000187

1.381000042

1.382000208

1.386000156

1.387000084

1.389000177

1.392000198

1.394000053

1.394999981

1.399000168

1.401000023

1.402000189

1.404000044

1.406000137

1.407000065

1.411000013

1.412000179

1.414000034

1.416000128

1.417999983

1.419000149

1.423000097

1.425000191

1.427000046

1.429000139

1.433000088

1.435000181

1.437000036

1.439000130

1.440000057

1.442000151

1.445000172

1.447000027

1.449000120

1.451000214

1.452000141

1.453999996

1.457000017

1.459000111

1.461000204

1.463000059

1.465000153

1.466000080

1.470000029

1.472000122

1.473000050

1.475000143

1.476999998

1.478000164

1.482000113

1.483000040

1.485000134

1.486999989

1.489000082

1.490000010

1.494000196

1.496000051

1.498000145

1.499000072

1.501000166

1.503000021

1.506000042

1.508000135

1.509000063

1.511000156

1.513000011

1.517000198

1.518000126

1.519999981

1.522000074

1.524000168

1.528000116

1.530000210

1.531000137

1.532999992

1.535000086

1.537000179

1.540000200

1.542000055

1.544000149

1.546000004

1.547000170

1.549000025

1.553000212

1.555000067

1.557000160

1.559000015

1.561000109

1.563000202

1.565999985

1.569000006

1.571000099

1.572000027

1.574000120

1.577000141

1.578999996

1.581000090

1.583000183

1.584000111

1.586000204

1.588999987

1.591000080

1.593000174

1.595000029

1.596000195

1.598000050

1.601000071

1.603000164

1.605000019

1.607000113

1.608000040

1.610000134

1.614000082

1.615000010

1.617000103

1.619000196

1.621000051

1.621999979

1.625000000

1.627000093

1.629000187

1.631000042

1.632000208

1.636000156

1.638000011

1.639000177

1.641000032

1.643000126

1.644999981

1.648000002

1.650000095

1.651000023

1.653000116

1.655000210

1.657000065

1.660000086

1.662000179

1.664000034

1.666000128

1.667999983

1.669000149

1.672000170

1.674000025

1.676000118

1.678000212

1.679000139

1.680999994

1.684000015

1.686000109

1.688000202

1.690000057

1.692000151

1.696000099

1.697000027

1.699000120

1.701000214

1.703000069

1.703999996

1.708000183

1.710000038

1.711000204

1.713000059

1.716000080

1.723000050

1.725000143

1.726999998

1.729000092

1.732000113

1.736000061

1.738000154

1.739000082

1.741000175

1.744000196

1.746000051

1.748000145

1.750000000

1.752000093

1.753000021

1.756000042

1.758000135

1.759999990

1.762000084

1.763000011

1.765000105

1.768000126

1.769999981

1.772000074

1.774000168

1.775000095

1.777000189

1.780000210

1.782000065

1.784000158

1.786000013

1.788000107

1.789000034

1.792999983

1.794000149

1.796000004

1.798000097

1.800000191

1.801000118

1.805000067

1.805999994

1.808000088

1.810000181

1.812000036

1.813000202

1.817000151

1.819000006

1.820000172

1.823000193

1.824000120

1.827000141

1.828999996

1.831000090

1.833000183

1.835000038

1.836000204

1.840000153

1.841000080

1.843000174

1.845000029

1.847000122

1.848000050

1.851999998

1.854000092

1.855000019

1.857000113

1.859000206

1.860000134

1.864000082

1.866000175

1.868000031

1.870000124

1.871000051

1.875000000

1.878000021

1.879000187

1.881000042

1.883000135

1.884999990

1.888000011

1.890000105

1.892000198

1.893000126

1.894999981

1.897000074

1.900000095

1.902000189

1.904000044

1.906000137

1.907000065

1.909000158

1.912000179

1.914000034

1.916000128

1.917999983

1.919000149

1.921000004

1.923000097

1.925000191

1.927000046

1.929000139

1.930999994

1.932000160

1.935000181

1.937000036

1.939000130

1.940999985

1.943000078

1.944000006

1.948000193

1.950000048

1.951000214

1.953000069

1.955000162

1.956000090

1.960000038

1.962000132

1.963000059

1.965000153

1.967000008

1.968000174

1.972000122

1.974000216

1.976000071

1.976999998

1.979000092

1.981000185

1.984000206

1.986000061

1.986999989

1.989000082

1.991000175

1.993000031

1.996000051

1.998000145

1.999000072

2.001000166

2.003000021

2.005000114

2.008000135

2.009999990

2.012000084

2.013000011

2.015000105

2.017000198

2.019999981

2.022000074

2.024000168

2.025000095

2.027000189

2.030000210

2.032000065

2.034000158

2.036000013

2.038000107

2.040000200

2.044000149

2.045000076

2.047000170

2.049000025

2.051000118

2.052000046

2.055999994

2.058000088

2.059000015

2.061000109

2.063000202

2.064000130

2.068000078

2.070000172

2.072000027

2.073000193

2.075000048

2.078999996

2.080000162

2.082000017

2.084000111

2.086000204

2.087000132

2.091000080

2.093000174

2.094000101

2.096000195

2.098000050

2.100000143

2.103000164

2.105000019

2.107000113

2.109000206

2.110000134

2.111999989

2.115000010

2.117000103

2.119000196

2.121000051

2.123000145

2.126000166

2.128000021

2.130000114

2.132000208

2.134000063

2.136000156

2.139000177

2.141000032

2.143000126

2.144000053

2.146000147

2.148000002

2.151000023

2.153000116

2.154000044

2.156000137

2.157999992

2.159000158

2.167000055

2.169000149

2.170000076

2.190000057

2.300000191

2.303000212

2.307000160

2.308000088

2.310000181

2.312000036

2.314000130

2.315000057

2.319000006

2.321000099

2.323000193

2.325000048

2.327000141

2.330000162

2.332000017

2.334000111

2.336000204

2.338000059

2.341000080

2.343000174

2.345000029

2.347000122

2.348000050

2.350000143

2.353000164

2.355000019

2.357000113

2.359000206

2.360000134

2.361999989

2.366000175

2.368000031

2.370000124

2.371999979

2.373000145

2.375000000

2.378000021

2.380000114

2.382000208

2.384000063

2.384999990

2.387000084

2.391000032

2.393000126

2.394000053

2.396000147

2.398000002

2.399000168

2.403000116

2.405000210

2.406000137

2.407999992

2.410000086

2.411000013

2.415000200

2.416000128

2.417999983

2.421000004

2.422000170

2.426000118

2.428000212

2.429000139

2.430999994

2.433000088

2.434000015

2.438000202

2.440000057

2.440999985

2.443000078

2.445000172

2.447000027

2.450000048

2.452000141

2.453999996

2.455000162

2.457000017

2.461000204

2.463000059

2.463999987

2.466000080

2.468000174

2.469000101

2.473000050

2.475000143

2.476000071

2.478000164

2.480000019

2.482000113

2.485000134

2.486999989

2.489000082

2.491000175

2.492000103

2.494000196

2.496999979

2.499000072

2.501000166

2.503000021

2.504000187

2.506000042

2.509999990

2.512000084

2.513000011

2.515000105

2.517000198

2.519000053

2.521000147

2.523000002

2.525000095

2.528000116

2.529000044

2.532999992

2.535000086

2.536000013

2.538000107

2.540000200

2.542000055

2.545000076

2.547000170

2.548000097

2.550000191

2.552000046

2.554000139

2.557000160

2.559000015

2.561000109

2.563000202

2.565000057

2.567000151

2.570000172

2.572000027

2.573000193

2.575000048

2.577000141

2.578999996

2.582000017

2.584000111

2.586000204

2.587000132

2.588999987

2.593000174

2.594000101

2.596000195

2.598000050

2.600000143

2.601000071

2.605000019

2.607000113

2.608000040

2.615000010

2.618000031

2.620000124

2.621999979

2.624000072

2.626000166

2.629000187

2.631000042

2.633000135

2.634000063

2.636000156

2.640000105

2.642000198

2.643000126

2.644999981

2.647000074

2.649000168

2.652000189

2.654000044

2.656000137

2.657999992

2.659000158

2.661000013

2.664000034

2.666000128

2.667999983

2.670000076

2.672000170

2.673000097

2.677000046

2.679000139

2.680000067

2.682000160

2.684000015

2.686000109

2.690000057

2.692000151

2.694000006

2.695000172

2.697000027

2.699000120

2.702000141

2.703999996

2.705000162

2.707000017

2.709000111

2.711000204

2.713999987

2.716000080

2.717000008

2.720000029

2.721000195

2.725000143

2.726999998

2.729000092

2.730000019

2.732000113

2.733000040

2.736999989

2.739000082

2.741000175

2.742000103

2.744000196

2.748000145

2.749000072

2.751000166

2.753000021

2.755000114

2.756000042

2.759999990

2.762000084

2.763000011

2.765000105

2.767000198

2.769000053

2.772000074

2.777000189

2.779000044

2.781000137

2.784000158

2.786000013

2.788000107

2.790000200

2.791000128

2.792999983

2.796000004

2.798000097

2.800000191

2.802000046

2.803000212

2.805000067

2.809000015

2.810000181

2.812000036

2.814000130

2.815999985

2.818000078

2.820000172

2.822000027

2.824000120

2.826000214

2.827000141

2.831000090

2.833000183

2.834000111

2.836000204

2.838000059

2.840000153

2.843000174

2.845000029

2.847000122

2.849000216

2.850000143

2.853000164

2.856000185

2.858000040

2.860000134

2.861999989

2.863000154

2.865000010

2.868000031

2.870000124

2.871999979

2.874000072

2.875000000

2.877000093

2.881000042

2.883000135

2.884000063

2.887000084

2.888000011

2.892000198

2.893000126

2.894999981

2.897000074

2.899000168

2.901000023

2.904000044

2.906000137

2.907999992

2.910000086

2.911000013

2.913000107

2.916000128

2.919000149

2.921000004

2.922000170

2.924000025

2.927000046

2.929000139

2.930999994

2.933000088

2.935000181

2.936000109

2.940000057

2.942000151

2.943000078

2.945000172

2.947000027

2.949000120

2.952000141

2.953999996

2.955000162

2.957000017

2.959000111

2.961000204

2.963999987

2.966000080

2.967000008

2.969000101

2.971000195

2.972000122

2.976000071

2.978000164

2.979000092

2.981000185

2.983000040

2.984000206

2.988000154

2.989000082

2.991000175

2.993000031

2.995000124

2.996999979

3.000000000

3.002000093

3.003000021

3.005000114

3.007000208

3.011000156

3.012000084

3.015000105

3.017000198

3.019000053

3.023000002

3.024000168

3.026000023

3.028000116

3.030000210

3.032000065

3.035000086

3.037000179

3.039000034

3.041000128

3.042000055

3.044000149

3.047000170

3.049000025

3.051000118

3.053000212

3.054000139

3.055999994

3.059000015

3.065000057

3.067000151

3.071000099

3.073000193

3.074000120

3.076000214

3.078000069

3.080000162

3.083000183

3.085000038

3.087000132

3.088999987

3.091000080

3.092000008

3.096000195

3.097000122

3.099000216

3.101000071

3.103000164

3.107000113

3.108000040

3.110000134

3.111999989

3.114000082

3.115000010

3.118000031

3.120000124

3.121999979

3.124000072

3.125000000

3.127000093

3.130000114

3.132000208

3.134000063

3.136000156

3.137000084

3.139000177

3.142000198

3.144000053

3.146000147

3.148000002

3.149000168

3.151000023

3.155000210

3.157000065

3.157999992

3.160000086

3.162000179

3.163000107

3.167000055

3.169000149

3.171000004

3.173000097

3.176000118

3.179000139

3.180999994

3.182000160

3.185000181

3.186000109

3.188000202

3.190999985

3.193000078

3.195000172

3.197000027

3.198000193

3.200000048

3.203000069

3.205000162

3.207000017

3.209000111

3.210000038

3.212000132

3.215000153

3.217000008

3.219000101

3.221000195

3.223000050

3.224000216

3.228000164

3.230000019

3.232000113

3.233000040

3.235000134

3.236000061

3.240000010

3.242000103

3.243000031

3.245000124

3.246999979

3.249000072

3.252000093

3.254000187

3.256000042

3.257000208

3.259000063

3.262000084

3.264000177

3.266000032

3.268000126

3.269999981

3.271000147

3.274000168

3.276000023

3.278000116

3.280000210

3.281000137

3.282999992

3.287000179

3.288000107

3.290000200

3.292000055

3.294000149

3.295000076

3.299000025

3.301000118

3.302000046

3.304000139

3.305999994

3.307000160

3.311000109

3.313000202

3.315000057

3.317000151

3.318000078

3.322000027

3.324000120

3.326000214

3.327000141

3.328999996

3.331000090

3.334000111

3.336000204

3.338000059

3.340000153

3.342000008

3.344000101

3.347000122

3.349000216

3.350000143

3.351999998

3.354000092

3.355000019

3.359000206

3.361000061

3.361999989

3.364000082

3.366000175

3.367000103

3.371000051

3.373000145

3.374000072

3.376000166

3.378000021

3.380000114

3.383000135

3.384999990

3.386000156

3.388000011

3.390000105

3.391000032

3.394999981

3.397000074

3.398000002

3.400000095

3.402000189

3.403000116

3.407000065

3.409000158

3.411000013

3.412000179

3.414000034

3.417000055

3.419000149

3.421000004

3.423000097

3.424000025

3.426000118

3.429000139

3.430999994

3.433000088

3.435000181

3.436000109

3.438000202

3.440999985

3.443000078

3.445000172

3.447000027

3.448000193

3.450000048

3.453000069

3.455000162

3.462000132

3.466000080

3.468000174

3.469000101

3.471000195

3.473000050

3.474000216

3.476999998

3.479000092

3.481000185

3.483000040

3.484000206

3.486000061

3.489000082

3.491000175

3.493000031

3.495000124

3.496000051

3.498000145

3.506000042

3.508000135

3.509999990

3.512000084

3.515000105

3.517000198

3.519000053

3.521000147

3.523000002

3.526000023

3.528000116

3.530000210

3.531000137

3.532999992

3.537000179

3.539000034

3.540000200

3.542000055

3.544000149

3.546000004

3.549000025

3.551000118

3.552000046

3.554000139

3.555999994

3.557000160

3.561000109

3.563000202

3.564000130

3.567000151

3.569000006

3.573000193

3.574000120

3.576000214

3.578000069

3.580000162

3.581000090

3.585000038

3.586000204

3.588000059

3.590000153

3.592000008

3.594000101

3.597000122

3.599000216

3.601000071

3.603000164

3.604000092

3.606000185

3.609000206

3.611000061

3.613000154

3.615000010

3.617000103

3.620000124

3.621999979

3.624000072

3.626000166

3.627000093

3.629000187

3.632000208

3.634000063

3.636000156

3.638000011

3.639000177

3.641000032

3.644000053

3.646000147

3.648000002

3.649000168

3.651000023

3.653000116

3.656000137

3.657999992

3.660000086

3.663000107

3.664000034

3.666000128

3.669000149

3.671000004

3.673000097

3.675000191

3.676000118

3.678000212

3.680999994

3.683000088

3.685000181

3.687000036

3.688000202

3.690000057

3.693000078

3.695000172

3.697000027

3.699000120

3.700000048

3.702000141

3.706000090

3.707000017

3.709000111

3.711000204

3.713000059

3.715000153

3.717000008

3.719000101

3.721000195

3.723000050

3.724000216

3.728000164

3.730000019

3.731000185

3.733000040

3.735000134

3.736999989

3.740000010

3.742000103

3.744000196

3.746000051

3.746999979

3.749000072

3.752000093

3.754000187

3.756000042

3.758000135

3.759000063

3.761000156

3.764000177

3.766000032

3.768000126

3.769999981

3.771000147

3.773000002

3.776000023

3.778000116

3.780000210

3.782000065

3.782999992

3.785000086

3.788000107

3.790000200

3.792000055

3.794000149

3.795000076

3.797000170

3.800000191

3.802000046

3.804000139

3.805999994

3.807000160

3.809000015

3.812000036

3.814000130

3.815999985

3.818000078

3.820000172

3.823000193

3.826000214

3.828000069

3.830000162

3.831000090

3.833000183

3.837000132

3.838000059

3.840000153

3.842000008

3.844000101

3.845000029

3.849000216

3.850000143

3.851999998

3.854000092

3.856000185

3.857000113

3.861000061

3.863000154

3.864000082

3.866000175

3.868000031

3.869000196

3.873000145

3.875000000

3.876000166

3.878000021

3.880000114

3.881000042

3.884999990

3.887000084

3.889000177

3.890000105

3.892000198

3.896000147

3.897000074

3.899000168

3.901000023

3.903000116

3.904000044

3.907999992

3.910000086

3.911000013

3.913000107

3.915000200

3.919000149

3.921000004

3.923000097

3.925000191

3.927000046

3.928000212

3.932000160

3.934000015

3.936000109

3.938000202

3.939000130

3.943000078

3.944000006

3.946000099

3.948000193

3.955000162

3.957000017

3.958000183

3.960000038

3.962000132

3.963999987

3.967000008

3.969000101

3.971000195

3.972000122

3.974000216

3.976000071

3.979000092

3.982000113

3.983000040

3.985000134

3.988000154

3.989000082

3.993000031

3.994000196

3.996000051

3.998000145

4.000000000

4.001000166

4.005000114

4.007000208

4.009000063

4.009999990

4.012000084

4.015000105

4.017000198

4.019000053

4.021000147

4.022000074

4.024000168

4.027000189

4.029000044

4.031000137

4.032999992

4.034000158

4.036000013

4.040000200

4.041000128

4.042999983

4.045000076

4.047000170

4.048000097

4.052000046

4.053000212

4.055000067

4.057000160

4.059000015

4.060000181

4.064000130

4.065999985

4.067000151

4.069000006

4.071000099

4.072000027

4.076000214

4.078000069

4.080000162

4.082000017

4.083000183

4.087000132

4.088999987

4.090000153

4.092000008

4.094000101

4.095000029

4.099000216

4.101000071

4.101999998

4.104000092

4.106000185

4.107000113

4.111000061

4.113000154

4.115000010

4.117000103

4.118000031

4.121999979

4.124000072

4.126000166

4.128000021

4.129000187

4.131000042

4.134000063

4.136000156

4.138000011

4.140000105

4.142000198

4.143000126

4.147000074

4.148000002

4.151000023

4.153000116

4.155000210

4.156000137

4.160000086

4.161000013

4.163000107

4.165000200

4.167000055

4.167999983

4.171000004

4.174000025

4.176000118

4.178000212

4.179000139

4.183000088

4.184000015

4.186000109

4.188000202

4.190000057

4.190999985

4.195000172

4.197000027

4.198000193

4.200000048

4.202000141

4.203999996

4.207000017

4.209000111

4.211000204

4.213000059

4.216000080

4.220000029

4.224000216

4.226000071

4.228000164

4.231000185

4.233000040

4.235000134

4.236999989

4.239000082

4.240000010

4.244000196

4.246000051

4.246999979

4.249000072

4.251000166

4.253000021

4.256000042

4.258000135

4.259999990

4.261000156

4.263000011

4.265000105

4.268000126

4.269999981

4.272000074

4.273000002

4.275000095

4.277000189

4.280000210

4.282000065

4.282999992

4.285000086

4.287000179

4.289000034

4.292000055

4.294000149

4.295000076

4.297000170

4.299000025

4.301000118

4.304000139

4.305999994

4.307000160

4.309000015

4.312000036

4.313000202

4.315999985

4.318000078

4.320000172

4.322000027

4.323000193

4.327000141

4.328999996

4.330000162

4.332000017

4.334000111

4.336000204

4.338999987

4.341000080

4.343000174

4.344000101

4.346000195

4.348000050

4.351000071

4.353000164

4.355000019

4.357000113

4.358000040

4.360000134

4.363000154

4.365000010

4.367000103

4.369000196

4.370000124

4.371999979

4.375000000

4.377000093

4.379000187

4.381000042

4.382000208

4.384000063

4.387000084

4.389000177

4.391000032

4.393000126

4.394000053

4.396000147

4.403000116

4.405000210

4.406000137

4.407999992

4.411000013

4.413000107

4.415000200

4.417000055

4.419000149

4.422000170

4.424000025

4.426000118

4.428000212

4.430000067

4.430999994

4.435000181

4.436000109

4.438000202

4.440000057

4.442000151

4.443000078

4.447000027

4.449000120

4.451000214

4.452000141

4.453999996

4.458000183

4.460000038

4.461000204

4.463000059

4.465000153

4.467000008

4.470000029

4.472000122

4.475000143

4.476000071

4.478000164

4.480000019

4.483000040

4.485000134

4.486999989

4.489000082

4.490000010

4.492000103

4.495000124

4.496999979

4.499000072

4.501000166

4.502000093

4.504000187

4.507000208

4.509000063

4.511000156

4.513000011

4.515000105

4.519000053

4.521000147

4.523000002

4.525000095

4.527000189

4.530000210

4.532000065

4.534000158

4.536000013

4.537000179

4.539000034

4.542000055

4.544000149

4.546000004

4.548000097

4.549000025

4.551000118

4.554000139

4.555999994

4.558000088

4.560000181

4.561000109

4.563000202

4.565999985

4.568000078

4.570000172

4.572000027

4.574000120

4.578000069

4.580000162

4.581000090

4.583000183

4.585000038

4.586000204

4.590000153

4.592000008

4.594000101

4.595000029

4.597000122

4.599000216

4.601999998

4.604000092

4.606000185

4.608000040

4.609000206

4.611000061

4.613000154

4.615000010

4.617000103

4.619000196

4.621000051

4.621999979

4.626000166

4.628000021

4.629000187

4.631000042

4.633000135

4.634000063

4.639000177

4.641000032

4.642000198

4.644000053

4.646000147

4.648000002

4.651000023

4.653000116

4.655000210

4.656000137

4.657999992

4.660000086

4.663000107

4.665000200

4.666000128

4.667999983

4.670000076

4.671000004

4.675000191

4.677000046

4.678000212

4.680000067

4.682000160

4.684000015

4.687000036

4.689000130

4.690000057

4.692000151

4.694000006

4.696000099

4.699000120

4.701000214

4.703000069

4.703999996

4.706000090

4.710000038

4.711000204

4.713999987

4.716000080

4.717000008

4.721000195

4.723000050

4.724000216

4.726999998

4.728000164

4.730000019

4.733000040

4.735000134

4.736999989

4.739000082

4.740000010

4.742000103

4.745000124

4.746999979

4.749000072

4.751000166

4.752000093

4.754000187

4.757000208

4.759000063

4.761000156

4.763000011

4.764000177

4.766000032

4.769000053

4.771000147

4.773000002

4.775000095

4.776000023

4.778000116

4.782000065

4.782999992

4.785000086

4.787000179

4.789000034

4.790000200

4.794000149

4.796000004

4.797000170

4.799000025

4.801000118

4.802000046

4.807000160

4.808000088

4.810000181

4.813000202

4.814000130

4.818000078

4.820000172

4.822000027

4.823000193

4.825000048

4.827000141

4.830000162

4.832000017

4.833000183

4.835000038

4.837000132

4.838000059

4.842000008

4.844000101

4.846000195

4.853000164

4.855000019

4.857000113

4.859000206

4.860000134

4.861999989

4.865000010

4.867000103

4.869000196

4.871000051

4.871999979

4.874000072

4.877000093

4.879000187

4.881000042

4.883000135

4.884000063

4.886000156

4.889000177

4.891000032

4.893000126

4.894999981

4.896000147

4.898000002

4.901000023

4.903000116

4.905000210

4.907000065

4.907999992

4.910000086

4.913000107

4.915000200

4.916000128

4.917999983

4.920000076

4.922000170

4.925000191

4.927000046

4.928000212

4.930000067

4.932000160

4.934000015

4.937000036

4.939000130

4.940999985

4.942000151

4.944000006

4.946000099

4.949000120

4.951000214

4.952000141

4.953999996

4.956000090

4.957000017

4.961000204

4.963000059

4.963999987

4.966000080

4.969000101

4.970000029

4.974000216

4.976000071

4.976999998

4.979000092

4.981000185

4.983000040

4.986000061

4.988000154

4.989000082

4.991000175

4.993000031

4.994000196

4.998000145

4.999000072

5.001000166

5.003000021

5.005000114

5.006000042

5.009999990

5.012000084

5.014000177

5.016000032

5.017000198

5.021000147

5.023000002

5.024000168

5.026000023

5.028000116

5.029000044

5.032999992

5.035000086

5.037000179

5.038000107

5.040000200

5.044000149

5.045000076

5.047000170

5.049000025

5.051000118

5.052000046

5.055999994

5.058000088

5.059000015

5.061000109

5.063000202

5.065000057

5.068000078

5.070000172

5.072000027

5.074000120

5.075000048

5.077000141

5.080000162

5.082000017

5.084000111

5.086000204

5.087000132

5.088999987

5.092000008

5.094000101

5.096000195

5.098000050

5.099000216

5.101000071

5.104000092

5.106000185

5.108000040

5.110000134

5.111999989

5.115000010

5.117000103

5.119000196

5.121000051

5.123000145

5.124000072

5.128000021

5.130000114

5.131000042

5.134000063

5.136000156

5.137000084

5.141000032

5.143000126

5.144000053

5.146000147

5.148000002

5.149000168

5.153000116

5.155000210

5.156000137

5.157999992

5.160000086

5.162000179

5.165000200

5.167000055

5.167999983

5.171000004

5.173000097

5.176000118

5.178000212

5.180000067

5.180999994

5.183000088

5.185000181

5.188000202

5.190000057

5.192000151

5.194000006

5.195000172

5.197000027

5.201000214

5.202000141

5.203999996

5.206000090

5.208000183

5.209000111

5.213000059

5.215000153

5.217000008

5.218000174

5.220000029

5.222000122

5.224000216

5.226000071

5.228000164

5.230000019

5.231000185

5.235000134

5.236999989

5.238000154

5.240000010

5.242000103

5.244000196

5.246999979

5.249000072

5.251000166

5.253000021

5.254000187

5.256000042

5.259000063

5.261000156

5.263000011

5.265000105

5.266000032

5.268000126

5.271000147

5.273000002

5.275000095

5.277000189

5.278000116

5.280000210

5.282999992

5.285000086

5.287000179

5.289000034

5.295000076

5.298000097

5.300000191

5.302000046

5.304000139

5.305000067

5.309000015

5.311000109

5.313000202

5.314000130

5.315999985

5.319000006

5.321000099

5.323000193

5.325000048

5.327000141

5.328000069

5.332000017

5.334000111

5.336000204

5.337000132

5.338999987

5.340000153

5.344000101

5.346000195

5.348000050

5.349000216

5.351000071

5.355000019

5.357000113

5.358000040

5.360000134

5.361999989

5.364000082

5.367000103

5.369000196

5.370000124

5.371999979

5.374000072

5.376000166

5.379000187

5.381000042

5.382000208

5.384999990

5.386000156

5.388000011

5.391000032

5.393000126

5.394999981

5.397000074

5.398000002

5.400000095

5.403000116

5.405000210

5.407000065

5.409000158

5.411000013

5.414000034

5.416000128

5.417999983

5.420000076

5.422000170

5.426000118

5.427000046

5.429000139

5.430999994

5.433000088

5.434000015

5.438000202

5.440000057

5.440999985

5.443000078

5.445000172

5.447000027

5.450000048

5.452000141

5.453999996

5.456000090

5.458000183

5.459000111

5.463000059

5.465000153

5.467000008

5.469000101

5.470000029

5.472000122

5.475000143

5.476999998

5.479000092

5.481000185

5.482000113

5.484000206

5.486999989

5.489000082

5.491000175

5.493000031

5.494000196

5.496000051

5.500000000

5.502000093

5.503000021

5.505000114

5.507000208

5.509999990

5.512000084

5.514000177

5.516000032

5.518000126

5.519000053

5.522000074

5.524000168

5.526000023

5.528000116

5.530000210

5.534000158

5.535000086

5.537000179

5.540000200

5.542000055

5.542999983

5.547000170

5.549000025

5.550000191

5.552000046

5.554000139

5.555000067

5.559000015

5.561000109

5.562000036

5.564000130

5.565999985

5.568000078

5.571000099

5.573000193

5.574000120

5.577000141

5.578000069

5.582000017

5.583000183

5.586000204

5.588000059

5.588999987

5.591000080

5.594000101

5.596000195

5.598000050

5.600000143

5.601000071

5.603000164

5.606000185

5.609000206

5.611000061

5.611999989

5.614000082

5.617000103

5.619000196

5.621000051

5.623000145

5.624000072

5.626000166

5.630000114

5.636000156

5.637000084

5.639000177

5.643000126

5.644000053

5.646000147

5.648000002

5.650000095

5.651000023

5.655000210

5.657000065

5.657999992

5.660000086

5.662000179

5.663000107

5.667000055

5.669000149

5.670000076

5.672000170

5.674000025

5.676000118

5.679000139

5.680000067

5.682000160

5.684000015

5.686000109

5.688000202

5.690999985

5.693000078

5.694000006

5.696000099

5.698000193

5.699000120

5.703000069

5.705000162

5.707000017

5.709000111

5.710000038

5.713999987

5.716000080

5.718000174

5.719000101

5.721000195

5.723000050

5.726000071

5.728000164

5.730000019

5.732000113

5.733000040

5.736999989

5.739000082

5.740000010

5.742000103

5.749000072

5.751000166

5.753000021

5.755000114

5.757000208

5.759000063

5.762000084

5.764000177

5.765000105

5.767000198

5.769000053

5.771000147

5.774000168

5.776000023

5.778000116

5.779000044

5.781000137

5.785000086

5.786000013

5.788000107

5.790000200

5.792999983

5.795000076

5.798000097

5.800000191

5.802000046

5.804000139

5.805000067

5.807000160

5.810000181

5.812000036

5.813000202

5.815000057

5.817000151

5.818000078

5.822000027

5.824000120

5.825000048

5.827000141

5.828999996

5.831000090

5.834000111

5.836000204

5.837000132

5.838999987

5.841000080

5.843000174

5.846000195

5.847000122

5.849000216

5.851000071

5.853000164

5.854000092

5.858000040

5.859000206

5.861000061

5.863000154

5.865000010

5.867000103

5.870000124

5.871000051

5.873000145

5.875000000

5.876000166

5.877000093

5.881000042

5.883000135

5.884000063

5.886000156

5.888000011

5.890000105

5.893000126

5.894999981

5.896000147

5.898000002

5.900000095

5.902000189

5.905000210

5.907000065

5.909000158

5.911000013

5.913000107

5.916000128

5.917999983

5.920000076

5.922000170

5.924000025

5.925000191

5.929000139

5.930999994

5.932000160

5.934000015

5.936000109

5.937000036

5.940999985

5.943000078

5.944000006

5.946000099

5.948000193

5.949000120

5.953000069

5.955000162

5.958000183

5.960000038

5.961000204

5.966000080

5.968000174

5.970000029

5.972000122

5.973000050

5.976999998

5.979000092

5.980000019

5.982000113

5.984000206

5.986000061

5.989000082

5.991000175

5.993000031

5.995000124

5.996000051

5.998000145

6.001000166

6.003000021

6.005000114

6.007000208

6.009000063

6.012000084

6.014000177

6.016000032

6.018000126

6.019999981

6.022000074

6.025000095

6.027000189

6.029000044

6.031000137

6.032000065

6.036000013

6.038000107

6.039000034

6.041000128

6.042999983

6.045000076

6.048000097

6.050000191

6.052000046

6.054000139

6.055999994

6.057000160

6.061000109

6.063000202

6.065000057

6.065999985

6.068000078

6.072000027

6.074000120

6.076000214

6.078000069

6.078999996

6.081000090

6.084000111

6.086000204

6.088000059

6.090000153

6.092000008

6.094000101

6.097000122

6.099000216

6.101000071

6.101999998

6.104000092

6.107000113

6.109000206

6.111000061

6.113000154

6.115000010

6.117000103

6.120000124

6.123000145

6.125000000

6.127000093

6.128000021

6.132000208

6.134000063

6.134999990

6.137000084

6.139000177

6.141000032

6.144000053

6.146000147

6.148000002

6.150000095

6.152000189

6.156000137

6.157000065

6.159000158

6.162000179

6.163000107

6.165000200

6.167999983

6.171000004

6.173000097

6.175000191

6.177000046

6.180000067

6.183000088

6.184000015

6.186000109

6.188000202

6.192000151

6.194000006

6.195000172

6.203999996

6.205000162

6.208000183

6.210000038

6.212000132

6.213000059

6.217000008

6.219000101

6.221000195

6.223000050

6.224000216

6.228000164

6.230000019

6.232000113

6.234000206

6.235000134

6.236999989

6.240000010

6.242000103

6.244000196

6.246000051

6.248000145

6.251000166

6.253000021

6.255000114

6.257000208

6.259000063

6.261000156

6.264000177

6.266000032

6.268000126

6.269000053

6.271000147

6.275000095

6.277000189

6.279000044

6.281000137

6.282999992

6.284000158

6.289000034

6.291000128

6.292999983

6.295000076

6.297000170

6.300000191

6.302000046

6.303000212

6.305999994

6.308000088

6.311000109

6.313000202

6.315000057

6.317000151

6.319000006

6.323000193

6.324000120

6.326000214

6.328000069

6.330000162

6.332000017

6.335000038

6.337000132

6.338999987

6.341000080

6.343000174

6.347000122

6.349000216

6.350000143

6.351999998

6.354000092

6.356000185

6.359000206

6.361000061

6.363000154

6.365000010

6.367000103

6.369000196

6.371999979

6.374000072

6.376000166

6.378000021

6.380000114

6.383000135

6.384999990

6.387000084

6.389000177

6.391000032

6.392000198

6.396000147

6.398000002

6.400000095

6.401000023

6.403000116

6.406000137

6.407999992

6.410000086

6.412000179

6.414000034

6.416000128

6.419000149

6.421000004

6.423000097

6.425000191

6.427000046

6.430000067

6.432000160

6.434000015

6.436000109

6.438000202

6.442000151

6.444000006

6.445000172

6.447000027

6.449000120

6.451000214

6.455000162

6.457000017

6.459000111

6.461000204

6.463000059

6.465000153

6.468000174

6.470000029

6.472000122

6.474000216

6.476000071

6.479000092

6.481000185

6.483000040

6.485000134

6.486999989

6.489000082

6.492000103

6.494000196

6.496000051

6.498000145

6.499000072

6.503000021

6.505000114

6.508000135

6.509000063

6.511000156

6.514000177

6.517000198

6.519000053

6.519999981

6.522000074

6.526000023

6.528000116

6.529000044

6.532000065

6.534000158

6.538000107

6.539000034

6.541000128

6.542999983

6.545000076

6.547000170

6.551000118

6.553000212

6.554000139

6.555999994

6.558000088

6.560000181

6.563000202

6.565000057

6.567000151

6.569000006

6.571000099

6.574000120

6.576000214

6.578000069

6.580000162

6.582000017

6.586000204

6.588000059

6.590000153

6.592000008

6.594000101

6.596000195

6.599000216

6.601000071

6.603000164

6.605000019

6.609000206

6.611000061

6.613000154

6.615000010

6.618000031

6.619000196

6.623000145

6.625000000

6.627000093

6.629000187

6.631000042

6.634000063

6.636000156

6.638000011

6.640000105

6.642000198

6.643000126

6.647000074

6.649000168

6.651000023

6.652000189

6.654000044

6.657999992

6.660000086

6.661000013

6.663000107

6.665000200

6.667000055

6.670000076

6.672000170

6.679000139

6.682000160

6.684000015

6.686000109

6.688000202

6.690000057

6.692000151

6.695000172

6.697000027

6.699000120

6.700000048

6.702000141

6.705000162

6.707000017

6.709000111

6.711000204

6.713000059

6.715000153

6.718000174

6.720000029

6.722000122

6.724000216

6.726000071

6.729000092

6.731000185

6.733000040

6.735000134

6.736999989

6.739000082

6.742000103

6.744000196

6.746000051

6.748000145

6.749000072

6.753000021

6.755000114

6.757000208

6.759000063

6.761000156

6.762000084

6.766000032

6.768000126

6.769999981

6.772000074

6.774000168

6.777000189

6.779000044

6.781000137

6.784000158

6.785000086

6.787000179

6.791000128

6.792999983

6.794000149

6.796000004

6.798000097

6.802000046

6.803000212

6.805999994

6.808000088

6.810000181

6.813000202

6.815000057

6.817000151

6.819000006

6.821000099

6.825000048

6.826000214

6.828000069

6.830000162

6.832000017

6.834000111

6.837000132

6.838999987

6.841000080

6.843000174

6.845000029

6.847000122

6.850000143

6.851999998

6.854000092

6.856000185

6.857000113

6.861000061

6.863000154

6.864000082

6.866000175

6.868000031

6.870000124

6.873000145

6.875000000

6.877000093

6.879000187

6.881000042

6.884999990

6.887000084

6.888000011

6.890000105

6.892000198

6.894000053

6.897000074

6.899000168

6.901000023

6.903000116

6.905000210

6.909000158

6.911000013

6.913000107

6.915000200

6.917000055

6.920000076

6.922000170

6.924000025

6.926000118

6.928000212

6.930000067

6.933000088

6.935000181

6.937000036

6.939000130

6.940000057

6.944000006

6.946000099

6.949000120

6.951000214

6.953000069

6.953999996

6.958000183

6.960000038

6.962000132

6.963000059

6.965000153

6.969000101

6.971000195

6.972000122

6.974000216

6.976000071

6.978000164

6.982000113

6.984000206

6.986000061

6.986999989

6.989000082

6.993000031

6.995000124

6.996999979

6.999000072

7.000000000

7.002000093

7.005000114

7.007000208

7.009000063

7.011000156

7.013000011

7.016000032

7.018000126

7.019999981

7.022000074

7.024000168

7.028000116

7.030000210

7.031000137

7.032999992

7.035000086

7.037000179

7.040000200

7.044000149

7.046000004

7.048000097

7.049000025

7.053000212

7.055000067

7.057000160

7.059000015

7.060000181

7.064000130

7.065999985

7.068000078

7.070000172

7.071000099

7.073000193

7.077000141

7.078999996

7.081000090

7.083000183

7.084000111

7.088000059

7.090000153

7.092000008

7.094000101

7.096000195

7.097000122

7.101000071

7.103000164

7.105000019

7.107000113

7.111000061

7.114000082

7.116000175

7.118000031

7.120000124

7.121000051

7.125000000

7.127000093

7.129000187

7.130000114

7.132000208

7.136000156

7.138000011

7.140000105

7.142000198

7.144000053

7.144999981

7.153000116

7.155000210

7.157000065

7.160000086

7.162000179

7.164000034

7.167000055

7.167999983

7.172000170

7.174000025

7.176000118

7.178000212

7.180000067

7.182000160

7.185000181

7.187000036

7.189000130

7.190000057

7.192000151

7.196000099

7.198000193

7.199000120

7.202000141

7.203999996

7.205000162

7.209000111

7.211000204

7.213000059

7.215000153

7.216000080

7.220000029

7.222000122

7.223000050

7.225000143

7.226999998

7.229000092

7.232000113

7.234000206

7.236000061

7.239000082

7.240000010

7.244000196

7.246000051

7.248000145

7.250000000

7.252000093

7.255000114

7.257000208

7.259000063

7.261000156

7.263000011

7.267000198

7.269000053

7.269999981

7.272000074

7.274000168

7.276000023

7.280000210

7.282000065

7.284000158

7.286000013

7.288000107

7.289000034

7.292999983

7.295000076

7.297000170

7.299000025

7.300000191

7.303000212

7.305000067

7.307000160

7.309000015

7.311000109

7.312000036

7.315999985

7.318000078

7.320000172

7.322000027

7.323000193

7.327000141

7.328999996

7.331000090

7.333000183

7.335000038

7.336000204

7.340000153

7.342000008

7.344000101

7.346000195

7.347000122

7.351000071

7.353000164

7.354000092

7.357000113

7.358000040

7.360000134

7.364000082

7.366000175

7.368000031

7.370000124

7.371000051

7.375000000

7.377000093

7.379000187

7.381000042

7.383000135

7.384999990

7.388000011

7.390000105

7.392000198

7.394000053

7.396000147

7.399000168

7.402000189

7.404000044

7.406000137

7.407000065

7.411000013

7.413000107

7.415000200

7.417000055

7.417999983

7.422000170

7.424000025

7.426000118

7.428000212

7.430000067

7.430999994

7.435000181

7.437000036

7.439000130

7.440000057

7.443000078

7.447000027

7.448000193

7.450000048

7.452000141

7.453999996

7.456000090

7.459000111

7.461000204

7.463000059

7.465000153

7.467000008

7.469000101

7.472000122

7.474000216

7.476000071

7.478000164

7.479000092

7.483000040

7.485000134

7.486000061

7.489000082

7.490000010

7.492000103

7.495000124

7.496999979

7.499000072

7.502000093

7.506000042

7.508000135

7.509999990

7.512000084

7.514000177

7.515000105

7.519000053

7.521000147

7.523000002

7.525000095

7.527000189

7.530000210

7.532000065

7.534000158

7.536000013

7.538000107

7.539000034

7.542999983

7.545000076

7.547000170

7.548000097

7.550000191

7.554000139

7.555999994

7.558000088

7.560000181

7.562000036

7.563000202

7.567000151

7.569000006

7.571000099

7.572000027

7.574000120

7.578000069

7.580000162

7.582000017

7.584000111

7.586000204

7.590000153

7.591000080

7.594000101

7.596000195

7.598000050

7.600000143

7.601999998

7.604000092

7.607000113

7.609000206

7.611000061

7.614000082

7.616000175

7.618000031

7.620000124

7.621999979

7.629000187

7.631000042

7.633000135

7.634000063

7.638000011

7.640000105

7.641000032

7.643000126

7.644999981

7.647000074

7.651000023

7.653000116

7.655000210

7.657000065

7.657999992

7.662000179

7.664000034

7.665000200

7.667000055

7.669000149

7.671000004

7.674000025

7.676000118

7.678000212

7.683000088

7.686000109

7.688000202

7.690000057

7.692000151

7.694000006

7.695000172

7.699000120

7.701000214

7.703000069

7.705000162

7.709000111

7.711000204

7.713000059

7.715000153

7.717000008

7.719000101

7.722000122

7.724000216

7.726000071

7.728000164

7.729000092

7.733000040

7.735000134

7.736000061

7.738000154

7.740000010

7.742000103

7.745000124

7.746999979

7.749000072

7.751000166

7.753000021

7.755000114

7.758000135

7.759999990

7.762000084

7.764000177

7.766000032

7.769000053

7.772000074

7.774000168

7.776000023

7.780000210

7.782999992

7.785000086

7.787000179

7.789000034

7.791000128

7.794000149

7.796000004

7.798000097

7.801000118

7.802000046

7.805999994

7.808000088

7.810000181

7.812000036

7.814000130

7.817000151

7.819000006

7.821000099

7.823000193

7.825000048

7.827000141

7.830000162

7.832000017

7.834000111

7.836000204

7.837000132

7.841000080

7.843000174

7.845000029

7.847000122

7.849000216

7.850000143

7.854000092

7.856000185

7.857000113

7.859000206

7.861000061

7.865000010

7.867000103

7.868000031

7.871000051

7.871999979

7.874000072

7.877000093

7.879000187

7.881000042

7.883000135

7.884999990

7.889000177

7.890000105

7.892000198

7.894000053

7.896000147

7.898000002

7.901000023

7.903000116

7.905000210

7.907000065

7.909000158

7.912000179

7.914000034

7.916000128

7.917999983

7.920000076

7.921000004

7.925000191

7.927000046

7.929000139

7.930000067

7.932000160

7.937000036

7.939000130

7.940999985

7.943000078

7.944000006

7.946000099

7.949000120

7.951000214

7.953000069

7.955000162

7.957000017

7.958000183

7.962000132

7.963999987

7.966000080

7.968000174

7.969000101

7.973000050

7.975000143

7.976000071

7.978000164

7.980000019

7.982000113

7.985000134

7.986999989

7.989000082

7.991000175

7.993000031

7.995000124

7.998000145

8.001000166

8.003000021

8.005000114

8.008000135

8.011000156

8.013000011

8.014000177

8.016000032

8.019999981

8.021000147

8.023000002

8.025000095

8.027000189

8.029000044

8.032000065

8.034000158

8.036000013

8.038000107

8.040000200

8.042000055

8.045000076

8.047000170

8.049000025

8.050000191

8.052000046

8.055999994

8.058000088

8.059000015

8.062000036

8.063000202

8.065000057

8.068000078

8.070000172

8.072000027

8.074000120

8.076000214

8.080000162

