0.000000000

0.007728828

0.015457655

0.023186483

0.030915311

0.038644138

0.046372966

0.054101794

0.061830621

0.069559449

0.077288277

0.085017104

0.092745932

0.100474760

0.108203587

0.115932415

0.123661243

0.131390070

0.139118898

0.146847726

0.154576553

0.162305381

0.170034209

0.177763036

0.185491864

0.193220692

0.200949519

0.208678347

0.216407175

0.224136002

0.231864830

0.239593657

0.247322485

0.255051313

0.262780140

0.270508968

0.278237796

0.285966623

0.293695451

0.301424279

0.309153106

0.316881934

0.324610762

0.332339589

0.340068417

0.347797245

0.355526072

0.363254900

0.370983728

0.378712555

0.386441383

0.394170211

0.401899038

0.409627866

0.417356694

0.425085521

0.432814349

0.440543177

0.448272004

0.456000832

0.463729660

0.471458487

0.479187315

0.486916143

0.494644970

0.502373798

0.510102626

0.517831453

0.525560281

0.533289109

0.541017936

0.548746764

0.556475592

0.564204419

0.571933247

0.579662075

0.587390902

0.595119730

0.602848558

0.610577385

0.618306213

0.626035041

0.633763868

0.641492696

0.649221524

0.656950351

0.664679179

0.672408006

0.680136834

0.687865662

0.695594489

0.703323317

0.711052145

0.718780972

0.726509800

0.734238628

0.741967455

0.749696283

0.757425111

0.765153938

0.772882766

0.780611594

0.788340421

0.796069249

0.803798077

0.811526904

0.819255732

0.826984560

0.834713387

0.842442215

0.850171043

0.857899870

0.865628698

0.873357526

0.881086353

0.888815181

0.896544009

0.904272836

0.912001664

0.919730492

0.927459319

0.935188147

0.942916975

0.950645802

0.958374630

0.966103458

0.973832285

0.981561113

0.989289941

0.997018768

1.004747596

1.012476424

1.020205251

1.027934079

1.035662907

1.043391734

1.051120562

1.058849390

1.066578217

1.074307045

1.082035873

1.089764700

1.097493528

1.105222356

1.112951183

1.120680011

1.128408838

1.136137666

1.143866494

1.151595321

1.159324149

1.167052977

1.174781804

1.182510632

1.190239460

1.197968287

1.205697115

1.213425943

1.221154770

1.228883598

1.236612426

1.244341253

1.252070081

1.259798909

1.267527736

1.275256564

1.282985392

1.290714219

1.298443047

1.306171875

1.313900702

1.321629530

1.329358358

1.337087185

1.344816013

1.352544841

1.360273668

1.368002496

1.375731324

1.383460151

1.391188979

1.398917807

1.406646634

1.414375462

1.422104290

1.429833117

1.437561945

1.445290773

1.453019600

1.460748428

1.468477256

1.476206083

1.483934911

1.491663739

1.499392566

1.507121394

1.514850222

1.522579049

1.530307877

1.538036705

1.545765532

1.553494360

1.561223188

1.568952015

1.576680843

1.584409670

1.592138498

1.599867326

1.607596153

1.615324981

1.623053809

1.630782636

1.638511464

1.646240292

1.653969119

1.661697947

1.669426775

1.677155602

1.684884430

1.692613258

1.700342085

1.708070913

1.715799741

1.723528568

1.731257396

1.738986224

1.746715051

1.754443879

1.762172707

1.769901534

1.777630362

1.785359190

1.793088017

1.800816845

1.808545673

1.816274500

1.824003328

1.831732156

1.839460983

1.847189811

1.854918639

1.862647466

1.870376294

1.878105122

1.885833949

1.893562777

1.901291605

1.909020432

1.916749260

1.924478088

1.932206915

1.939935743

1.947664571

1.955393398

1.963122226

1.970851054

1.978579881

1.986308709

1.994037537

2.001766364

2.009495192

2.017224019

2.024952847

2.032681675

2.040410502

2.048139330

2.055868158

2.063596985

2.071325813

2.079054641

2.086783468

2.094512296

2.102241124

2.109969951

2.117698779

2.125427607

2.133156434

2.140885262

2.148614090

2.156342917

2.164071745

2.171800573

2.179529400

2.187258228

2.194987056

2.202715883

2.210444711

2.218173539

2.225902366

2.233631194

2.241360022

2.249088849

2.256817677

2.264546505

2.272275332

2.280004160

2.287732988

2.295461815

2.303190643

2.310919471

2.318648298

2.326377126

2.334105954

2.341834781

2.349563609

2.357292437

2.365021264

2.372750092

2.380478920

2.388207747

2.395936575

2.403665403

2.411394230

2.419123058

2.426851886

2.434580713

2.442309541

2.450038369

2.457767196

2.465496024

2.473224851

2.480953679

2.488682507

2.496411334

2.504140162

2.511868990

2.519597817

2.527326645

2.535055473

2.542784300

2.550513128

2.558241956

2.565970783

2.573699611

2.581428439

2.589157266

2.596886094

2.604614922

2.612343749

2.620072577

2.627801405

2.635530232

2.643259060

2.650987888

2.658716715

2.666445543

2.674174371

2.681903198

2.689632026

2.697360854

2.705089681

2.712818509

2.720547337

2.728276164

2.736004992

2.743733820

2.751462647

2.759191475

2.766920303

2.774649130

2.782377958

2.790106786

2.797835613

2.805564441

2.813293269

2.821022096

2.828750924

2.836479752

2.844208579

2.851937407

2.859666235

2.867395062

2.875123890

2.882852718

2.890581545

2.898310373

2.906039201

2.913768028

2.921496856

2.929225683

2.936954511

2.944683339

2.952412166

2.960140994

2.967869822

2.975598649

2.983327477

2.991056305

2.998785132

3.006513960

3.014242788

3.021971615

3.029700443

3.037429271

3.045158098

3.052886926

3.060615754

3.068344581

3.076073409

3.083802237

3.091531064

3.099259892

3.106988720

3.114717547

3.122446375

3.130175203

3.137904030

3.145632858

3.153361686

3.161090513

3.168819341

3.176548169

3.184276996

3.192005824

3.199734652

3.207463479

3.215192307

3.222921135

3.230649962

3.238378790

3.246107618

3.253836445

3.261565273

3.269294101

3.277022928

3.284751756

3.292480584

3.300209411

3.307938239

3.315667067

3.323395894

3.331124722

3.338853550

3.346582377

3.354311205

3.362040032

3.369768860

3.377497688

3.385226515

3.392955343

3.400684171

3.408412998

3.416141826

3.423870654

3.431599481

3.439328309

3.447057137

3.454785964

3.462514792

3.470243620

3.477972447

3.485701275

3.493430103

3.501158930

3.508887758

3.516616586

3.524345413

3.532074241

3.539803069

3.547531896

3.555260724

3.562989552

3.570718379

3.578447207

3.586176035

3.593904862

3.601633690

3.609362518

3.617091345

3.624820173

3.632549001

3.640277828

3.648006656

3.655735484

3.663464311

3.671193139

3.678921967

3.686650794

3.694379622

3.702108450

3.709837277

3.717566105

3.725294933

3.733023760

3.740752588

3.748481416

3.756210243

3.763939071

3.771667899

3.779396726

3.787125554

3.794854382

3.802583209

3.810312037

3.818040864

3.825769692

3.833498520

3.841227347

3.848956175

3.856685003

3.864413830

3.872142658

3.879871486

3.887600313

3.895329141

3.903057969

3.910786796

3.918515624

3.926244452

3.933973279

3.941702107

3.949430935

3.957159762

3.964888590

3.972617418

3.980346245

3.988075073

3.995803901

4.003532728

4.011261556

4.018990384

4.026719211

4.034448039

4.042176867

4.049905694

4.057634522

4.065363350

4.073092177

4.080821005

4.088549833

4.096278660

4.104007488

4.111736316

4.119465143

4.127193971

4.134922799

4.142651626

4.150380454

4.158109282

4.165838109

4.173566937

4.181295765

4.189024592

4.196753420

4.204482248

4.212211075

4.219939903

4.227668731

4.235397558

4.243126386

4.250855214

4.258584041

4.266312869

4.274041696

4.281770524

4.289499352

4.297228179

4.304957007

4.312685835

4.320414662

4.328143490

4.335872318

4.343601145

4.351329973

4.359058801

4.366787628

4.374516456

4.382245284

4.389974111

4.397702939

4.405431767

4.413160594

4.420889422

4.428618250

4.436347077

4.444075905

4.451804733

4.459533560

4.467262388

4.474991216

4.482720043

4.490448871

4.498177699

4.505906526

4.513635354

4.521364182

4.529093009

4.536821837

4.544550665

4.552279492

4.560008320

4.567737148

4.575465975

4.583194803

4.590923631

4.598652458

4.606381286

4.614110114

4.621838941

4.629567769

4.637296597

4.645025424

4.652754252

4.660483080

4.668211907

4.675940735

4.683669563

4.691398390

4.699127218

4.706856045

4.714584873

4.722313701

4.730042528

4.737771356

4.745500184

4.753229011

4.760957839

4.768686667

4.776415494

4.784144322

4.791873150

4.799601977

4.807330805

4.815059633

4.822788460

4.830517288

4.838246116

4.845974943

4.853703771

4.861432599

4.869161426

4.876890254

4.884619082

4.892347909

4.900076737

4.907805565

4.915534392

4.923263220

4.930992048

4.938720875

4.946449703

4.954178531

4.961907358

4.969636186

4.977365014

4.985093841

4.992822669

5.000551497

5.008280324

5.016009152

5.023737980

5.031466807

5.039195635

5.046924463

5.054653290

5.062382118

5.070110946

5.077839773

5.085568601

5.093297429

5.101026256

5.108755084

5.116483912

5.124212739

5.131941567

5.139670395

5.147399222

5.155128050

5.162856877

5.170585705

5.178314533

5.186043360

5.193772188

5.201501016

5.209229843

5.216958671

5.224687499

5.232416326

5.240145154

5.247873982

5.255602809

5.263331637

5.271060465

5.278789292

5.286518120

5.294246948

5.301975775

5.309704603

5.317433431

5.325162258

5.332891086

5.340619914

5.348348741

5.356077569

5.363806397

5.371535224

5.379264052

5.386992880

5.394721707

5.402450535

5.410179363

5.417908190

5.425637018

5.433365846

5.441094673

5.448823501

5.456552329

5.464281156

5.472009984

5.479738812

5.487467639

5.495196467

5.502925295

5.510654122

5.518382950

5.526111778

5.533840605

5.541569433

5.549298261

5.557027088

5.564755916

5.572484744

5.580213571

5.587942399

5.595671227

5.603400054

5.611128882

5.618857709

5.626586537

5.634315365

5.642044192

5.649773020

5.657501848

5.665230675

5.672959503

5.680688331

5.688417158

5.696145986

5.703874814

5.711603641

5.719332469

5.727061297

5.734790124

5.742518952

5.750247780

5.757976607

5.765705435

5.773434263

5.781163090

5.788891918

5.796620746

5.804349573

5.812078401

5.819807229

5.827536056

5.835264884

5.842993712

5.850722539

5.858451367

5.866180195

5.873909022

5.881637850

5.889366678

5.897095505

5.904824333

5.912553161

5.920281988

5.928010816

5.935739644

5.943468471

5.951197299

5.958926127

5.966654954

5.974383782

5.982112610

5.989841437

5.997570265

6.005299093

6.013027920

6.020756748

6.028485576

6.036214403

6.043943231

6.051672058

6.059400886

6.067129714

6.074858541

6.082587369

6.090316197

6.098045024

6.105773852

6.113502680

6.121231507

6.128960335

6.136689163

6.144417990

6.152146818

6.159875646

6.167604473

6.175333301

6.183062129

6.190790956

6.198519784

6.206248612

6.213977439

6.221706267

6.229435095

6.237163922

6.244892750

6.252621578

6.260350405

6.268079233

6.275808061

6.283536888

6.291265716

6.298994544

6.306723371

6.314452199

6.322181027

6.329909854

6.337638682

6.345367510

6.353096337

6.360825165

6.368553993

6.376282820

6.384011648

6.391740476

6.399469303

6.407198131

6.414926959

6.422655786

6.430384614

6.438113442

6.445842269

6.453571097

6.461299925

6.469028752

6.476757580

6.484486408

6.492215235

6.499944063

6.507672890

6.515401718

6.523130546

6.530859373

6.538588201

6.546317029

6.554045856

6.561774684

6.569503512

6.577232339

6.584961167

6.592689995

6.600418822

6.608147650

6.615876478

6.623605305

6.631334133

6.639062961

6.646791788

6.654520616

6.662249444

6.669978271

6.677707099

6.685435927

6.693164754

6.700893582

6.708622410

6.716351237

6.724080065

6.731808893

6.739537720

6.747266548

6.754995376

6.762724203

6.770453031

6.778181859

6.785910686

6.793639514

6.801368342

6.809097169

6.816825997

6.824554825

6.832283652

6.840012480

6.847741308

6.855470135

6.863198963

6.870927791

6.878656618

6.886385446

6.894114274

6.901843101

6.909571929

6.917300757

6.925029584

6.932758412

6.940487240

6.948216067

6.955944895

6.963673722

6.971402550

6.979131378

6.986860205

6.994589033

7.002317861

7.010046688

7.017775516

7.025504344

7.033233171

7.040961999

7.048690827

7.056419654

7.064148482

7.071877310

7.079606137

7.087334965

7.095063793

7.102792620

7.110521448

7.118250276

7.125979103

7.133707931

7.141436759

7.149165586

7.156894414

7.164623242

7.172352069

7.180080897

7.187809725

7.195538552

7.203267380

7.210996208

7.218725035

7.226453863

7.234182691

7.241911518

7.249640346

7.257369174

7.265098001

7.272826829

7.280555657

7.288284484

7.296013312

7.303742140

7.311470967

7.319199795

7.326928623

7.334657450

7.342386278

7.350115106

7.357843933

7.365572761

7.373301589

7.381030416

7.388759244

7.396488071

7.404216899

7.411945727

7.419674554

7.427403382

7.435132210

7.442861037

7.450589865

7.458318693

7.466047520

7.473776348

7.481505176

7.489234003

7.496962831

7.504691659

7.512420486

7.520149314

7.527878142

7.535606969

7.543335797

7.551064625

7.558793452

7.566522280

7.574251108

7.581979935

7.589708763

7.597437591

7.605166418

7.612895246

7.620624074

7.628352901

7.636081729

7.643810557

7.651539384

7.659268212

7.666997040

7.674725867

7.682454695

7.690183523

7.697912350

7.705641178

7.713370006

7.721098833

7.728827661

7.736556489

7.744285316

7.752014144

7.759742972

7.767471799

7.775200627

7.782929455

7.790658282

7.798387110

7.806115938

7.813844765

7.821573593

7.829302421

7.837031248

7.844760076

7.852488903

7.860217731

7.867946559

7.875675386

7.883404214

7.891133042

7.898861869

7.906590697

7.914319525

7.922048352

7.929777180

7.937506008

7.945234835

7.952963663

7.960692491

7.968421318

7.976150146

7.983878974

7.991607801

7.999336629

8.007065457

8.014794284

8.022523112

8.030251940

8.037980767

8.045709595

8.053438423

8.061167250

8.068896078

8.076624906

8.084353733

8.092082561

8.099811389

8.107540216

8.115269044

8.122997872

8.130726699

8.138455527

8.146184355

8.153913182

8.161642010

8.169370838

8.177099665

8.184828493

8.192557321

8.200286148

8.208014976

8.215743804

8.223472631

8.231201459

8.238930287

8.246659114

8.254387942

8.262116770

8.269845597

8.277574425

8.285303253

8.293032080

8.300760908

8.308489735

8.316218563

8.323947391

8.331676218

8.339405046

8.347133874

8.354862701

8.362591529

8.370320357

8.378049184

8.385778012

8.393506840

8.401235667

8.408964495

8.416693323

8.424422150

8.432150978

8.439879806

8.447608633

8.455337461

8.463066289

8.470795116

8.478523944

8.486252772

8.493981599

8.501710427

8.509439255

8.517168082

8.524896910

8.532625738

8.540354565

8.548083393

8.555812221

8.563541048

8.571269876

8.578998704

8.586727531

8.594456359

8.602185187

8.609914014

8.617642842

8.625371670

8.633100497

8.640829325

8.648558153

8.656286980

8.664015808

8.671744636

8.679473463

8.687202291

8.694931119

8.702659946

8.710388774

8.718117602

8.725846429

8.733575257

8.741304084

8.749032912

8.756761740

8.764490567

8.772219395

8.779948223

8.787677050

8.795405878

8.803134706

8.810863533

8.818592361

8.826321189

8.834050016

8.841778844

8.849507672

8.857236499

8.864965327

8.872694155

8.880422982

8.888151810

8.895880638

8.903609465

8.911338293

8.919067121

8.926795948

8.934524776

8.942253604

8.949982431

8.957711259

8.965440087

8.973168914

8.980897742

8.988626570

8.996355397

9.004084225

9.011813053

9.019541880

9.027270708

9.034999536

9.042728363

9.050457191

9.058186019

9.065914846

9.073643674

9.081372502

9.089101329

9.096830157

9.104558985

9.112287812

9.120016640

9.127745468

9.135474295

9.143203123

9.150931951

9.158660778

9.166389606

9.174118434

9.181847261

9.189576089

9.197304916

9.205033744

9.212762572

9.220491399

9.228220227

9.235949055

9.243677882

9.251406710

9.259135538

9.266864365

9.274593193

9.282322021

9.290050848

9.297779676

9.305508504

9.313237331

9.320966159

9.328694987

9.336423814

9.344152642

9.351881470

9.359610297

9.367339125

9.375067953

9.382796780

9.390525608

9.398254436

9.405983263

9.413712091

9.421440919

9.429169746

9.436898574

9.444627402

9.452356229

9.460085057

9.467813885

9.475542712

9.483271540

9.491000368

9.498729195

9.506458023

9.514186851

9.521915678

9.529644506

9.537373334

9.545102161

9.552830989

9.560559817

9.568288644

9.576017472

9.583746300

9.591475127

9.599203955

9.606932783

9.614661610

9.622390438

9.630119266

9.637848093

9.645576921

9.653305748

9.661034576

9.668763404

9.676492231

9.684221059

9.691949887

9.699678714

9.707407542

9.715136370

9.722865197

9.730594025

9.738322853

9.746051680

9.753780508

9.761509336

9.769238163

9.776966991

9.784695819

9.792424646

9.800153474

9.807882302

9.815611129

9.823339957

9.831068785

9.838797612

9.846526440

9.854255268

9.861984095

9.869712923

9.877441751

9.885170578

9.892899406

9.900628234

9.908357061

9.916085889

9.923814717

9.931543544

9.939272372

9.947001200

9.954730027

9.962458855

9.970187683

9.977916510

9.985645338

9.993374166

10.001102993

10.008831821

10.016560649

10.024289476

10.032018304

10.039747132

10.047475959

10.055204787

10.062933615

10.070662442

10.078391270

10.086120097

10.093848925

10.101577753

10.109306580

10.117035408

10.124764236

10.132493063

10.140221891

10.147950719

10.155679546

10.163408374

10.171137202

10.178866029

10.186594857

10.194323685

10.202052512

10.209781340

10.217510168

10.225238995

10.232967823

10.240696651

10.248425478

10.256154306

10.263883134

10.271611961

10.279340789

10.287069617

10.294798444

10.302527272

10.310256100

10.317984927

10.325713755

10.333442583

10.341171410

10.348900238

10.356629066

10.364357893

10.372086721

10.379815549

10.387544376

10.395273204

10.403002032

10.410730859

10.418459687

10.426188515

10.433917342

10.441646170

10.449374998

10.457103825

10.464832653

10.472561481

10.480290308

10.488019136

10.495747964

10.503476791

10.511205619

10.518934447

10.526663274

10.534392102

10.542120929

10.549849757

10.557578585

10.565307412

10.573036240

10.580765068

10.588493895

10.596222723

10.603951551

10.611680378

10.619409206

10.627138034

10.634866861

10.642595689

10.650324517

10.658053344

10.665782172

10.673511000

10.681239827

10.688968655

10.696697483

10.704426310

10.712155138

10.719883966

10.727612793

10.735341621

10.743070449

10.750799276

10.758528104

10.766256932

10.773985759

10.781714587

10.789443415

10.797172242

10.804901070

10.812629898

10.820358725

10.828087553

10.835816381

10.843545208

10.851274036

10.859002864

10.866731691

10.874460519

10.882189347

10.889918174

10.897647002

10.905375830

10.913104657

10.920833485

10.928562313

10.936291140

10.944019968

10.951748796

10.959477623

10.967206451

10.974935279

10.982664106

10.990392934

10.998121761

11.005850589

11.013579417

11.021308244

11.029037072

11.036765900

11.044494727

11.052223555

11.059952383

11.067681210

11.075410038

11.083138866

11.090867693

11.098596521

11.106325349

11.114054176

11.121783004

11.129511832

11.137240659

11.144969487

11.152698315

11.160427142

11.168155970

11.175884798

11.183613625

11.191342453

11.199071281

11.206800108

11.214528936

11.222257764

11.229986591

11.237715419

11.245444247

11.253173074

11.260901902

11.268630730

11.276359557

11.284088385

11.291817213

11.299546040

11.307274868

11.315003696

11.322732523

11.330461351

11.338190179

11.345919006

11.353647834

11.361376662

11.369105489

11.376834317

11.384563145

11.392291972

11.400020800

11.407749628

11.415478455

11.423207283

11.430936110

11.438664938

11.446393766

11.454122593

11.461851421

11.469580249

11.477309076

11.485037904

11.492766732

11.500495559

11.508224387

11.515953215

11.523682042

11.531410870

11.539139698

11.546868525

11.554597353

11.562326181

11.570055008

11.577783836

11.585512664

11.593241491

11.600970319

11.608699147

11.616427974

11.624156802

11.631885630

11.639614457

11.647343285

11.655072113

11.662800940

11.670529768

11.678258596

11.685987423

11.693716251

11.701445079

11.709173906

11.716902734

11.724631562

11.732360389

11.740089217

11.747818045

11.755546872

11.763275700

11.771004528

11.778733355

11.786462183

11.794191011

11.801919838

11.809648666

11.817377494

11.825106321

11.832835149

11.840563977

11.848292804

11.856021632

11.863750460

11.871479287

11.879208115

11.886936942

11.894665770

11.902394598

11.910123425

11.917852253

11.925581081

11.933309908

11.941038736

11.948767564

11.956496391

11.964225219

11.971954047

11.979682874

11.987411702

11.995140530

12.002869357

12.010598185

12.018327013

12.026055840

12.033784668

12.041513496

12.049242323

12.056971151

12.064699979

12.072428806

12.080157634

12.087886462

12.095615289

12.103344117

12.111072945

12.118801772

12.126530600

12.134259428

12.141988255

12.149717083

12.157445911

12.165174738

12.172903566

12.180632394

12.188361221

12.196090049

12.203818877

12.211547704

12.219276532

12.227005360

12.234734187

12.242463015

12.250191843

12.257920670

12.265649498

12.273378326

12.281107153

12.288835981

12.296564809

12.304293636

12.312022464

12.319751292

12.327480119

12.335208947

12.342937774

12.350666602

12.358395430

12.366124257

12.373853085

12.381581913

12.389310740

12.397039568

12.404768396

12.412497223

12.420226051

12.427954879

12.435683706

12.443412534

12.451141362

12.458870189

12.466599017

12.474327845

12.482056672

12.489785500

12.497514328

12.505243155

12.512971983

12.520700811

12.528429638

12.536158466

12.543887294

12.551616121

12.559344949

12.567073777

12.574802604

12.582531432

12.590260260

12.597989087

12.605717915

12.613446743

12.621175570

12.628904398

12.636633226

12.644362053

12.652090881

12.659819709

12.667548536

12.675277364

12.683006192

12.690735019

12.698463847

12.706192675

12.713921502

12.721650330

12.729379158

12.737107985

12.744836813

12.752565641

12.760294468

12.768023296

12.775752123

12.783480951

12.791209779

12.798938606

12.806667434

12.814396262

12.822125089

12.829853917

12.837582745

12.845311572

12.853040400

12.860769228

12.868498055

12.876226883

12.883955711

12.891684538

12.899413366

12.907142194

12.914871021

12.922599849

12.930328677

12.938057504

12.945786332

12.953515160

12.961243987

12.968972815

12.976701643

12.984430470

12.992159298

12.999888126

13.007616953

13.015345781

13.023074609

13.030803436

13.038532264

13.046261092

13.053989919

13.061718747

13.069447575

13.077176402

13.084905230

13.092634058

13.100362885

13.108091713

13.115820541

13.123549368

13.131278196

13.139007024

13.146735851

13.154464679

13.162193507

13.169922334

13.177651162

13.185379990

13.193108817

13.200837645

13.208566473

13.216295300

13.224024128

13.231752955

13.239481783

13.247210611

13.254939438

13.262668266

13.270397094

13.278125921

13.285854749

13.293583577

13.301312404

13.309041232

13.316770060

13.324498887

13.332227715

13.339956543

13.347685370

13.355414198

13.363143026

13.370871853

13.378600681

13.386329509

13.394058336

13.401787164

13.409515992

13.417244819

13.424973647

13.432702475

13.440431302

13.448160130

13.455888958

13.463617785

13.471346613

13.479075441

13.486804268

13.494533096

13.502261924

13.509990751

13.517719579

13.525448407

13.533177234

13.540906062

13.548634890

13.556363717

13.564092545

13.571821373

13.579550200

13.587279028

13.595007856

13.602736683

13.610465511

13.618194339

13.625923166

13.633651994

13.641380822

13.649109649

13.656838477

13.664567305

13.672296132

13.680024960

13.687753787

13.695482615

13.703211443

13.710940270

13.718669098

13.726397926

13.734126753

13.741855581

13.749584409

13.757313236

13.765042064

13.772770892

13.780499719

13.788228547

13.795957375

13.803686202

13.811415030

13.819143858

13.826872685

13.834601513

13.842330341

13.850059168

13.857787996

13.865516824

13.873245651

13.880974479

13.888703307

13.896432134

13.904160962

13.911889790

13.919618617

13.927347445

13.935076273

13.942805100

13.950533928

13.958262756

13.965991583

13.973720411

13.981449239

13.989178066

13.996906894

14.004635722

14.012364549

14.020093377

14.027822205

14.035551032

14.043279860

14.051008688

14.058737515

14.066466343

14.074195171

14.081923998

14.089652826

14.097381654

14.105110481

14.112839309

14.120568136

14.128296964

14.136025792

14.143754619

14.151483447

14.159212275

14.166941102

14.174669930

14.182398758

14.190127585

14.197856413

14.205585241

14.213314068

14.221042896

14.228771724

14.236500551

14.244229379

14.251958207

14.259687034

14.267415862

14.275144690

14.282873517

14.290602345

14.298331173

14.306060000

14.313788828

14.321517656

14.329246483

14.336975311

14.344704139

14.352432966

14.360161794

14.367890622

14.375619449

14.383348277

14.391077105

14.398805932

14.406534760

14.414263588

14.421992415

14.429721243

14.437450071

14.445178898

14.452907726

14.460636554

14.468365381

14.476094209

14.483823037

14.491551864

14.499280692

14.507009520

14.514738347

14.522467175

14.530196003

14.537924830

14.545653658

14.553382486

14.561111313

14.568840141

14.576568968

14.584297796

14.592026624

14.599755451

14.607484279

14.615213107

14.622941934

14.630670762

14.638399590

14.646128417

14.653857245

14.661586073

14.669314900

14.677043728

14.684772556

14.692501383

14.700230211

14.707959039

14.715687866

14.723416694

14.731145522

14.738874349

14.746603177

14.754332005

14.762060832

14.769789660

14.777518488

14.785247315

14.792976143

14.800704971

14.808433798

14.816162626

14.823891454

14.831620281

14.839349109

14.847077937

14.854806764

14.862535592

14.870264420

14.877993247

14.885722075

14.893450903

14.901179730

14.908908558

14.916637386

14.924366213

14.932095041

14.939823869

14.947552696

14.955281524

14.963010352

14.970739179

14.978468007

14.986196835

14.993925662

15.001654490

15.009383318

15.017112145

15.024840973

15.032569800

15.040298628

15.048027456

15.055756283

15.063485111

15.071213939

15.078942766

15.086671594

15.094400422

15.102129249

15.109858077

15.117586905

15.125315732

15.133044560

15.140773388

15.148502215

15.156231043

15.163959871

15.171688698

15.179417526

15.187146354

15.194875181

15.202604009

15.210332837

15.218061664

15.225790492

15.233519320

15.241248147

15.248976975

15.256705803

15.264434630

15.272163458

15.279892286

15.287621113

15.295349941

15.303078769

15.310807596

15.318536424

15.326265252

15.333994079

15.341722907

15.349451735

15.357180562

15.364909390

15.372638218

15.380367045

15.388095873

15.395824701

15.403553528

15.411282356

15.419011184

15.426740011

15.434468839

15.442197667

15.449926494

15.457655322

15.465384149

15.473112977

15.480841805

15.488570632

15.496299460

15.504028288

15.511757115

15.519485943

15.527214771

15.534943598

15.542672426

15.550401254

15.558130081

15.565858909

15.573587737

15.581316564

15.589045392

15.596774220

15.604503047

15.612231875

15.619960703

15.627689530

15.635418358

15.643147186

15.650876013

15.658604841

15.666333669

15.674062496

15.681791324

15.689520152

15.697248979

15.704977807

15.712706635

15.720435462

15.728164290

15.735893118

15.743621945

15.751350773

15.759079601

15.766808428

15.774537256

15.782266084

15.789994911

15.797723739

15.805452567

15.813181394

15.820910222

15.828639050

15.836367877

15.844096705

15.851825533

15.859554360

15.867283188

15.875012016

15.882740843

15.890469671

15.898198499

15.905927326

15.913656154

15.921384981

15.929113809

15.936842637

15.944571464

15.952300292

15.960029120

15.967757947

15.975486775

15.983215603

15.990944430

15.998673258

16.006402086

16.014130913

16.021859741

16.029588569

16.037317396

16.045046224

16.052775052

16.060503879

16.068232707

16.075961535

16.083690362

16.091419190

16.099148018

16.106876845

16.114605673

16.122334501

16.130063328

16.137792156

16.145520984

16.153249811

16.160978639

16.168707467

16.176436294

16.184165122

16.191893950

16.199622777

16.207351605

16.215080433

16.222809260

16.230538088

16.238266916

16.245995743

16.253724571

16.261453399

16.269182226

16.276911054

16.284639882

16.292368709

16.300097537

16.307826365

16.315555192

16.323284020

16.331012848

16.338741675

16.346470503

16.354199331

16.361928158

16.369656986

16.377385813

16.385114641

16.392843469

16.400572296

16.408301124

16.416029952

16.423758779

16.431487607

16.439216435

16.446945262

16.454674090

16.462402918

16.470131745

16.477860573

16.485589401

16.493318228

16.501047056

16.508775884

16.516504711

16.524233539

16.531962367

16.539691194

16.547420022

16.555148850

16.562877677

16.570606505

16.578335333

16.586064160

16.593792988

16.601521816

16.609250643

16.616979471

16.624708299

16.632437126

16.640165954

16.647894782

16.655623609

16.663352437

16.671081265

16.678810092

16.686538920

16.694267748

16.701996575

16.709725403

16.717454231

16.725183058

16.732911886

16.740640714

16.748369541

16.756098369

16.763827197

16.771556024

16.779284852

16.787013680

16.794742507

16.802471335

16.810200162

16.817928990

16.825657818

16.833386645

16.841115473

16.848844301

16.856573128

16.864301956

16.872030784

16.879759611

16.887488439

16.895217267

16.902946094

16.910674922

16.918403750

16.926132577

16.933861405

16.941590233

16.949319060

16.957047888

16.964776716

16.972505543

16.980234371

16.987963199

16.995692026

17.003420854

17.011149682

17.018878509

17.026607337

17.034336165

17.042064992

17.049793820

17.057522648

17.065251475

17.072980303

17.080709131

17.088437958

17.096166786

17.103895614

17.111624441

17.119353269

17.127082097

17.134810924

17.142539752

17.150268580

17.157997407

17.165726235

17.173455063

17.181183890

17.188912718

17.196641546

17.204370373

17.212099201

17.219828029

17.227556856

17.235285684

17.243014512

17.250743339

17.258472167

17.266200994

17.273929822

17.281658650

17.289387477

17.297116305

17.304845133

17.312573960

17.320302788

17.328031616

17.335760443

17.343489271

17.351218099

17.358946926

17.366675754

17.374404582

17.382133409

17.389862237

17.397591065

17.405319892

17.413048720

17.420777548

17.428506375

17.436235203

17.443964031

17.451692858

17.459421686

17.467150514

17.474879341

17.482608169

17.490336997

17.498065824

17.505794652

17.513523480

17.521252307

17.528981135

17.536709963

17.544438790

17.552167618

17.559896446

17.567625273

17.575354101

17.583082929

17.590811756

17.598540584

17.606269412

17.613998239

17.621727067

17.629455895

17.637184722

17.644913550

17.652642378

17.660371205

17.668100033

17.675828861

17.683557688

17.691286516

17.699015344

17.706744171

17.714472999

17.722201826

17.729930654

17.737659482

17.745388309

17.753117137

17.760845965

17.768574792

17.776303620

17.784032448

17.791761275

17.799490103

17.807218931

17.814947758

17.822676586

17.830405414

17.838134241

17.845863069

17.853591897

17.861320724

17.869049552

17.876778380

17.884507207

17.892236035

17.899964863

17.907693690

17.915422518

17.923151346

17.930880173

17.938609001

17.946337829

17.954066656

17.961795484

17.969524312

17.977253139

17.984981967

17.992710795

18.000439622

18.008168450

18.015897278

18.023626105

18.031354933

18.039083761

18.046812588

18.054541416

18.062270244

18.069999071

18.077727899

18.085456727

18.093185554

18.100914382

18.108643210

18.116372037

18.124100865

18.131829693

18.139558520

18.147287348

18.155016175

18.162745003

18.170473831

18.178202658

18.185931486

18.193660314

18.201389141

18.209117969

18.216846797

18.224575624

18.232304452

18.240033280

18.247762107

18.255490935

18.263219763

18.270948590

18.278677418

18.286406246

18.294135073

18.301863901

18.309592729

18.317321556

18.325050384

18.332779212

18.340508039

18.348236867

18.355965695

18.363694522

18.371423350

18.379152178

18.386881005

18.394609833

18.402338661

18.410067488

18.417796316

18.425525144

18.433253971

18.440982799

18.448711627

18.456440454

18.464169282

18.471898110

18.479626937

18.487355765

18.495084593

18.502813420

18.510542248

18.518271076

18.525999903

18.533728731

18.541457559

18.549186386

18.556915214

18.564644042

18.572372869

18.580101697

18.587830525

18.595559352

18.603288180

18.611017007

18.618745835

18.626474663

18.634203490

18.641932318

18.649661146

18.657389973

18.665118801

18.672847629

18.680576456

18.688305284

18.696034112

18.703762939

18.711491767

18.719220595

18.726949422

18.734678250

18.742407078

18.750135905

18.757864733

18.765593561

18.773322388

18.781051216

18.788780044

18.796508871

18.804237699

18.811966527

18.819695354

18.827424182

18.835153010

18.842881837

18.850610665

18.858339493

18.866068320

18.873797148

18.881525976

18.889254803

18.896983631

18.904712459

18.912441286

18.920170114

18.927898942

18.935627769

18.943356597

18.951085425

18.958814252

18.966543080

18.974271908

18.982000735

18.989729563

18.997458391

19.005187218

19.012916046

19.020644874

19.028373701

19.036102529

19.043831357

19.051560184

19.059289012

19.067017839

19.074746667

19.082475495

19.090204322

19.097933150

19.105661978

19.113390805

19.121119633

19.128848461

19.136577288

19.144306116

19.152034944

19.159763771

19.167492599

19.175221427

19.182950254

19.190679082

19.198407910

19.206136737

19.213865565

19.221594393

19.229323220

19.237052048

19.244780876

19.252509703

19.260238531

19.267967359

19.275696186

19.283425014

19.291153842

19.298882669

19.306611497

19.314340325

19.322069152

19.329797980

19.337526808

19.345255635

19.352984463

19.360713291

19.368442118

19.376170946

19.383899774

19.391628601

19.399357429

19.407086257

19.414815084

19.422543912

19.430272740

19.438001567

19.445730395

19.453459223

19.461188050

19.468916878

19.476645706

19.484374533

19.492103361

19.499832188

19.507561016

19.515289844

19.523018671

19.530747499

19.538476327

19.546205154

19.553933982

19.561662810

19.569391637

19.577120465

19.584849293

19.592578120

19.600306948

19.608035776

19.615764603

19.623493431

19.631222259

19.638951086

19.646679914

19.654408742

19.662137569

19.669866397

19.677595225

19.685324052

19.693052880

19.700781708

19.708510535

19.716239363

19.723968191

19.731697018

19.739425846

19.747154674

19.754883501

19.762612329

19.770341157

19.778069984

19.785798812

19.793527640

19.801256467

19.808985295

19.816714123

19.824442950

19.832171778

19.839900606

19.847629433

19.855358261

19.863087089

19.870815916

