nSeg: 40

breaks: 
0.000000000000000
0.331999999999997
0.663999999999994
0.995999999999991
1.327999999999988
1.659999999999985
1.991999999999982
2.323999999999979
2.655999999999977
2.987999999999974
3.319999999999971
3.651999999999968
3.983999999999965
4.315999999999962
4.647999999999959
4.979999999999956
5.311999999999953
5.643999999999950
5.975999999999948
6.307999999999945
6.639999999999942
6.971999999999939
7.303999999999936
7.635999999999934
7.967999999999930
8.299999999999928
8.631999999999923
8.963999999999922
9.295999999999918
9.627999999999917
9.959999999999912
10.291999999999911
10.623999999999906
10.955999999999904
11.287999999999901
11.619999999999898
11.951999999999895
12.283999999999892
12.615999999999890
12.947999999999888
13.279999999999884

coefs_q:
q1:
0.042583051899921
-0.075766407833455
0.000000000000000
-1.468966840644048
q2:
0.476345891333641
-0.735507688395698
0.000000000000000
1.290203857735111
q3:
-0.084036288692113
0.148705712073847
-0.000000000000000
-2.688015694631149
q4:
-0.463290161695303
0.636882940697607
-0.000000000000000
1.504241752412824
q5:
-0.065838389783602
0.108844182372781
-0.000000000000000
-0.968484581931068
q6:
0.081606842238024
-0.137355175420115
0.000000000000000
-0.542108332927952
q7:
-0.114051178682449
0.145713683997024
-0.000000000000000
-0.470075712495788

q1:
0.043252225047552
-0.033353688141134
-0.036227871863564
-1.475759817309295
q2:
0.377198513909343
-0.261067180627396
-0.330862856515664
1.226564835132136
q3:
-0.088175284602932
0.065005568536503
0.070952145162636
-2.674700011097275
q4:
-0.357618960089726
0.175445939649089
0.269693188275101
1.557487727000418
q5:
-0.066184734472874
0.043269146148315
0.050501625069003
-0.958896655037479
q6:
0.105647767574105
-0.056074760551044
-0.064218738742424
-0.554261818967282
q7:
-0.077963469442973
0.032118710029306
0.059040354816741
-0.458188198194440

q1:
0.042660405638432
0.009725528006227
-0.044072421028353
-1.489881059849457
q2:
-0.035578386104976
0.114622539226307
-0.379482477460825
1.101745839078514
q3:
-0.055996344215714
-0.022817014928016
0.084958744960653
-2.647205443930177
q4:
0.052881296928797
-0.180742544600275
0.267934715431307
1.653277378930331
q5:
-0.055129849988785
-0.022650849386667
0.057346899593870
-0.939782805678801
q6:
0.051597913775364
0.049150415952764
-0.066517621149053
-0.577897111351760
q7:
0.073293851506358
-0.045532905535895
0.054586841908553
-0.437899571592364

q1:
0.106268712125049
0.052215292022105
-0.023508068778947
-1.501879986448950
q2:
-0.102262204110694
0.079186466665751
-0.315137887504662
0.987089842771230
q3:
-0.123481004399317
-0.078589373766867
0.051291823913952
-2.623563274083551
q4:
0.143358511085017
-0.128072772859194
0.165408030034765
1.724244695857634
q5:
-0.173022136576842
-0.077560179975496
0.024076837845632
-0.925257744254707
q6:
0.065551385698380
0.100541938073026
-0.016819759612491
-0.592675213080540
q7:
0.239996335630722
0.027467770564438
0.048589217098030
-0.422113416884352

q1:
0.064548681071708
0.158058929298653
0.046302972699544
-1.500040450577325
q2:
0.025807747468560
-0.022666688628500
-0.296373321196295
0.887450092491731
q3:
-0.077063640234655
-0.201576454148585
-0.041723230953977
-2.619715532994196
q4:
0.016560091134448
0.014712304181482
0.127772354433765
1.770289582624121
q5:
-0.148405607822713
-0.249890228006030
-0.084636697604234
-0.932144863105615
q6:
-0.015336829346024
0.165831118228611
0.071616095079651
-0.584778427158570
q7:
0.168813867969857
0.266504120852635
0.146187885048497
-0.394171675040390

q1:
-0.196155779732422
0.222349415646074
0.172598543221193
-1.464883858029010
q2:
0.124110523218865
0.003037827850186
-0.302890102974695
0.787500154975289
q3:
0.225877761071925
-0.278331839822301
-0.201052784552310
-2.658606303963155
q4:
-0.145237411185382
0.031206154951392
0.143017282865879
1.814937659381317
q5:
0.271980931231593
-0.397702213397451
-0.299637388150187
-0.993218956627884
q6:
-0.211477151809234
0.150555636199972
0.176656497549940
-0.543284555993537
q7:
-0.357343999669667
0.434642733350611
0.378968640643973
-0.310084510179437

q1:
-0.265097277933165
0.026978259032584
0.255375331214506
-1.390251096478256
q2:
0.064728976518877
0.126651908976175
-0.259833110348344
0.691817228483994
q3:
0.302471764064475
-0.053357589794666
-0.311173675185142
-2.747768823235414
q4:
-0.118741910084581
-0.113450306589247
0.115712224522111
1.860544193243866
q5:
0.470876847955200
-0.126809205890787
-0.473775179353881
-1.126581927976794
q6:
-0.151868260273380
-0.060075607002023
0.206695867243659
-0.475778627079351
q7:
-0.566904615996895
0.078728109679627
0.549407760530010
-0.149435638671306

q1:
0.040986701926932
-0.237058629788847
0.185628648123428
-1.312193902235918
q2:
-0.047207332652440
0.191121969588976
-0.154332182664715
0.621881431850329
q3:
-0.047669309061533
0.247904287213548
-0.246584171642073
-2.845891007330622
q4:
0.056878136909574
-0.231717249033488
0.001116596055364
1.882110420037056
q5:
-0.009534427651799
0.342184134672588
-0.402270702998323
-1.280621264775635
q6:
0.108471303489919
-0.211336394234308
0.116587082833198
-0.419334895864611
q7:
0.048482161223513
-0.485908887853275
0.414223742176360
0.020899948847294

q1:
0.154806869409401
-0.196235874669623
0.041774872643217
-1.275194859015365
q2:
-0.052136520525629
0.144103466267146
-0.043037337960483
0.589981852678238
q3:
-0.169952259639477
0.200425655388262
-0.097738630698273
-2.902176378400067
q4:
0.088190076759027
-0.175066624671553
-0.133935650014708
1.859021747343193
q5:
-0.234610274566244
0.332687844731396
-0.178213205836203
-1.376807140465085
q6:
0.130029928053485
-0.103298975958350
0.012128139929236
-0.399952888284722
q7:
0.320917287969190
-0.437620655274657
0.107611933857889
0.106637584044355

q1:
0.044075916049637
-0.042048232737861
-0.037335451016067
-1.277290444799306
q2:
-0.008573774228972
0.092175491823620
0.035407276125650
0.589669213922832
q3:
-0.030111379172890
0.031153204787344
-0.020854449119973
-2.918753181884057
q4:
0.015760671552092
-0.087229308219562
-0.221017899734557
1.798485828023381
q5:
-0.048079519053826
0.099016011263419
-0.034887525645925
-1.407889154529090
q6:
0.006376828128574
0.026210832382920
-0.013465123737807
-0.402554009116046
q7:
0.071209351052586
-0.117987036457346
-0.076849819797134
0.105872212311687

q1:
-0.046803803400895
0.001851379647577
-0.050680806242041
-1.292707608650081
q2:
0.011281559017562
0.083636012691564
0.093776695624691
0.611270629158031
q3:
0.092481826734238
0.001162271131146
-0.010125711115034
-2.923344935037847
q4:
-0.023947874393309
-0.071531679353679
-0.273726547608873
1.716069873857021
q5:
0.093799416211524
0.051128810285808
0.014960555108418
-1.410317311831556
q6:
-0.080763058677288
0.032562153198980
0.006047507475384
-0.403902011413213
q7:
-0.142430250641483
-0.047062522808971
-0.131646273473551
0.069958930230024

q1:
-0.065287268508940
-0.044765208539715
-0.064928197434231
-1.311042325457616
q2:
0.002152613871784
0.094872445473055
0.153041503735344
0.652036029490645
q3:
0.115058783330916
0.093274170558446
0.021227187525910
-2.923194246954055
q4:
-0.026337396347743
-0.095383762249415
-0.329142474221099
1.616431794897429
q5:
0.074779890838547
0.144553028832485
0.079926925695691
-1.396282255195589
q6:
-0.104866251919020
-0.047877853243598
0.000962695060570
-0.401260581247224
q7:
-0.144568778255631
-0.188923052447887
-0.209993484458827
0.015852802916403

q1:
0.025436490587912
-0.109791327974618
-0.116240967556989
-1.339921833681393
q2:
-0.007044127209410
0.097016448889353
0.216748616663663
0.713381802704786
q3:
-0.009283911318969
0.207872718756038
0.121207954778318
-2.901655265060975
q4:
-0.041899912402360
-0.121615809011767
-0.401186331879811
1.495679113271735
q5:
-0.087419546968444
0.219033800107678
0.200637752903824
-1.351076779970243
q6:
-0.045027931086172
-0.152324640154941
-0.065504532747744
-0.410055769196542
q7:
0.075068970885744
-0.332913555590494
-0.383243238327568
-0.079979291529740

q1:
0.213337148966578
-0.084456583349058
-0.180731274116449
-1.389684641947784
q2:
0.061851376980569
0.090000498188780
0.278838243093602
0.795778109116162
q3:
-0.156929886121023
0.198625943082344
0.256165510508659
-2.838841400389695
q4:
-0.154402620851829
-0.163348121764517
-0.495794356897537
1.347546969341507
q5:
-0.171066052820999
0.131963931327108
0.317168999740171
-1.263521327495262
q6:
0.018017761563143
-0.197172459516768
-0.181537569838751
-0.450240873885677
q7:
0.168303798500738
-0.258144860588294
-0.579474632498924
-0.241164008859923

q1:
0.356437316792206
0.128027217021653
-0.166265823737147
-1.451189629260157
q2:
0.192160390783960
0.151604469661426
0.359051092419870
0.900536032786130
q3:
-0.120243966832806
0.042323776505807
0.336160817411925
-2.737643854953423
q4:
-0.271022534434142
-0.317133132132937
-0.655314133191490
1.159288093150538
q5:
-0.037990222011507
-0.038417857282606
0.348226296322946
-1.149935681304167
q6:
-0.074682110967084
-0.179226768999878
-0.306502113706276
-0.531585135652740
q7:
-0.115178573465890
-0.090514277281560
-0.695229466271714
-0.455844374824914

q1:
0.088650606350058
0.483038784546687
0.036608088783539
-1.479234612432269
q2:
-0.015487495174055
0.342996218882249
0.523258521016369
1.043483434588859
q3:
0.000216006787319
-0.077439214459667
0.324502492011243
-2.625773619603148
q4:
0.101836457794684
-0.587071576429340
-0.955510096434164
0.896850220213369
q5:
0.059863649436758
-0.076256118406067
0.310154536394307
-1.039949348990758
q6:
-0.052229426025499
-0.253610151523093
-0.450203971319901
-0.655831873441211
q7:
-0.121039252469347
-0.205232136453586
-0.793417275631782
-0.700852290429329

q1:
-0.791435839653545
0.571334788471343
0.386660115025522
-1.410594147056064
q2:
-0.832063370016320
0.327570673688890
0.745886729349985
1.254444923698571
q3:
-0.112491831807988
-0.077224071699497
0.273154281006401
-2.526566547598152
q4:
1.189648176252089
-0.485642464465836
-1.311651158011359
0.518638131569238
q5:
-0.242199886090818
-0.016631923567057
0.279315706459230
-0.943192624885728
q6:
0.775370623498496
-0.305630659844489
-0.635871920693936
-0.835164820097303
q7:
1.005051698222763
-0.325787231913054
-0.969715705929505
-0.991317687894846

q1:
-0.827786152067934
-0.216935307823581
0.504320742600578
-1.248210277507798
q2:
-0.731650002930593
-0.501164442847358
0.688253597989374
1.507736634617751
q3:
-0.060591539270177
-0.189265936180252
0.184679598390326
-2.448507839873209
q4:
1.136413301373453
0.699247119081235
-1.240734412679047
0.073174915258486
q5:
-0.177918737942080
-0.257863010113509
0.188183388477282
-0.861156199245685
q6:
0.765128233619995
0.466638481160007
-0.582417324017185
-1.051587933685694
q7:
0.978249099563579
0.675244259516809
-0.853695972765059
-1.312393642410035

q1:
0.884494747991817
-1.041410315283237
0.086549995729118
-1.134979579408030
q2:
1.043426082843089
-1.229887845766222
0.113544238169670
1.654222210147372
q3:
0.260621748988521
-0.249615109293347
0.038971091293092
-2.410273170842892
q4:
-1.218616650449582
1.831114767249185
-0.400654266417355
-0.220088768746791
q5:
0.515353992070417
-0.435070073103819
-0.041870395150869
-0.833612830468326
q6:
-1.225126854406833
1.228706201845515
-0.019562889259357
-1.165516341163739
q7:
-1.544650378753060
1.649580362682126
-0.081854198195019
-1.485594174561956

q1:
0.661472987288364
-0.160453546283394
-0.312468806311000
-1.188665865115662
q2:
0.780840099003240
-0.190635467254514
-0.358069501753210
1.594539257364326
q3:
0.094383103354011
0.009964152699218
-0.040593026296158
-2.415311056149046
q4:
-1.387282901376821
0.617372583401412
0.412243533998637
-0.195867697249559
q5:
0.151098951798546
0.078222502998311
-0.160343788425896
-0.876609911760116
q6:
-0.605837529958811
0.008479854856319
0.391182881565649
-1.081411050962472
q7:
-0.908694829364836
0.111108585444091
0.502694532582880
-1.387471926857858

q1:
-0.380612846130659
0.498373549055810
-0.200279365390558
-1.285885154577564
q2:
-0.403812756215687
0.587081271352706
-0.226449494792611
1.483221928971681
q3:
-0.181911037920876
0.103969723639812
-0.002766979351600
-2.424235762095132
q4:
0.330815418134519
-0.764361186369890
0.363443317813102
-0.041720309342267
q5:
-0.260791618755087
0.228717058989662
-0.058439853845890
-0.915692681700497
q6:
0.528060069062273
-0.594934324982652
0.196479997483708
-0.972773892280518
q7:
0.645882367733739
-0.793951464603278
0.275990696702032
-1.241583622303827

q1:
-0.495656353828417
0.119283154309677
0.004782660126782
-1.311373464372935
q2:
-0.681862306196381
0.184883766161886
0.029842897662232
1.457973870150063
q3:
-0.210417881794963
-0.077213670129379
0.006116030413863
-2.420351359886328
q4:
1.103931252243950
-0.434869029907912
-0.034701113991124
0.006797905916537
q5:
-0.175985277237493
-0.031031393290403
0.007191787166264
-0.919428108535296
q6:
0.547044422693368
-0.068986496196632
-0.023941715147813
-0.953794549659445
q7:
0.831597505816865
-0.150652626340479
-0.037617861491293
-1.213831560183624

q1:
0.182752580156026
-0.374390574103422
-0.079913003244741
-1.314775985823749
q2:
-0.062090087718031
-0.494251090809704
-0.072867054120843
1.463308020257074
q3:
0.206264426455423
-0.286789880397161
-0.114733148360947
-2.434531746765451
q4:
0.588741749798558
0.664646497327053
0.041585005192030
-0.012258201389770
q5:
0.197542986498513
-0.206312729418945
-0.071606461573239
-0.926900909487948
q6:
-0.231037768591113
0.475869748805958
0.111143524718482
-0.949328421728908
q7:
-0.137779657492056
0.677618489453111
0.137334805062099
-1.212494440128742

q1:
0.595565930718929
-0.192369004268021
-0.268077183264058
-1.375886214369798
q2:
0.678352213479783
-0.556092818176863
-0.421581231904380
1.382365678536440
q3:
0.232730371945265
-0.081350511647561
-0.236955758519793
-2.496686163471163
q4:
-0.863523489409398
1.251033280126412
0.677590691306575
0.096352648104452
q5:
0.060413009669056
-0.009559914866428
-0.143276179475982
-0.966185908273991
q6:
-0.471983012559324
0.245756131289211
0.350723316910076
-0.868431185455707
q7:
-0.728324900868901
0.540389950591025
0.541713607156749
-1.097251423955825

q1:
-0.085876519635978
0.400814662728026
-0.198873224655338
-1.464297161502912
q2:
0.098096421583070
0.119545986448994
-0.566514780038031
1.205929805287155
q3:
-0.310725291634770
0.150448938809920
-0.214015080701890
-2.575805633219833
q4:
-0.984469667011909
0.390963884674661
1.222733750020526
0.427606553538792
q5:
-0.306937784437757
0.050611442763952
-0.129647072214004
-1.012596556008437
q6:
0.248321168022167
-0.224338949219870
0.357833821357097
-0.742174740477686
q7:
0.267601555391080
-0.185021650674392
0.659695882729070
-0.884491153911802

q1:
-0.248065659551172
0.315281649170592
0.038870750895002
-1.489286273666069
q2:
-0.118012855983017
0.217250022345731
-0.454698505118183
1.034613511675777
q3:
0.078443783013500
-0.159033451658309
-0.216865138967556
-2.641646351850464
q4:
-0.011030398715624
-0.589567903669194
1.156797215714341
0.840621716490513
q5:
0.107806274177575
-0.255098590536052
-0.197536805274341
-1.061292982553092
q6:
-0.062824507541793
0.022988934130206
0.290985616347329
-0.639014291921148
q7:
-0.023703094877587
0.081509498495122
0.625329848205553
-0.676073237474333

q1:
-0.139455971868721
0.068208252257628
0.166189398169169
-1.450707385904528
q2:
-0.006959039226506
0.099709217786648
-0.349468037394235
0.903281168559005
q3:
0.260769145617506
-0.080903443776864
-0.296524188252032
-2.728304280500369
q4:
0.357316987917769
-0.600554180789956
0.761676683673909
1.159290209023851
q5:
0.288590672120694
-0.147723541455189
-0.331273753095432
-1.151048086477454
q6:
-0.171234255031912
-0.039584275381419
0.285475963051926
-0.542172158166672
q7:
-0.328263814984504
0.057901215997046
0.671614205416952
-0.460346824684655

q1:
-0.023244660732132
-0.070689895723617
0.165365492538461
-1.393117622469881
q2:
0.014379047401432
0.092778014717049
-0.285562276203008
0.797993467323053
q3:
0.050391500200423
0.178822625258171
-0.264015020000238
-2.826125130109132
q4:
0.168604835571075
-0.244666460823858
0.481063430658123
1.359047173328710
q5:
0.105884597130951
0.139712767977021
-0.333933329890183
-1.266752858881542
q6:
0.026949859571801
-0.210133593393203
0.202569630618752
-0.458023484945918
q7:
-0.097184399155713
-0.269049543727519
0.601512960610435
-0.243001411700796

q1:
0.050257452973832
-0.093841577812820
0.110741043324365
-1.346858625682219
q2:
-0.011029616686480
0.107099545928875
-0.219202926068562
0.713939347669925
q3:
-0.128278377260570
0.229012559457792
-0.128613738674540
-2.892223526600348
q4:
0.010250265128568
-0.076736044595070
0.374357798859040
1.497962103728824
q5:
-0.097630573559568
0.245173826719447
-0.206150980450958
-1.358344244354641
q6:
0.133326618382087
-0.183291533259689
0.071952488569994
-0.412945919699946
q7:
0.174174828883540
-0.365845205286608
0.390727903937748
-0.076511227352519

q1:
0.043088914639362
-0.043785154650884
0.065048968146415
-1.318597053642503
q2:
-0.014606823449044
0.096114047709141
-0.151736012980741
0.652565294713703
q3:
-0.104610827556814
0.101247295706264
-0.018967466760074
-2.914374873630535
q4:
-0.009146819406588
-0.066526780527017
0.326794540918508
1.614165841144790
q5:
-0.103918643179552
0.147933775454118
-0.075639256529335
-1.403335059124925
q6:
0.090471506274644
-0.050498221351130
-0.005665709960797
-0.404381816119454
q7:
0.154170759453883
-0.192367075718603
0.205401426644018
0.019259332631803

q1:
-0.039979774458158
-0.000868595670080
0.050223923039855
-1.300250159505099
q2:
0.009948788955040
0.081565651553894
-0.092746352825414
0.612248485726184
q3:
0.029010190434717
-0.002945088540321
0.013668866019019
-2.913340357793350
q4:
-0.019462656226545
-0.075637012655978
0.279596161581754
1.714994058797529
q5:
0.051380619148228
0.044430806847285
-0.011774215205270
-1.415944276897582
q6:
-0.010429932526537
0.039611398898414
-0.009280135015099
-0.408518200182517
q7:
-0.075567907366668
-0.038812999302538
0.128649641737000
0.071890919229904

q1:
-0.150287729602333
-0.040688451030406
0.036426983535294
-1.285134591724085
q2:
0.053167095139068
0.091474645353113
-0.035296974252288
0.590811258609198
q3:
0.169426062178920
0.025949061132656
0.021306184919674
-2.908065304129787
q4:
-0.081198106698591
-0.095021818257617
0.222937429718441
1.798770746755467
q5:
0.239317693031511
0.095605903518920
0.034717972636310
-1.413075733806618
q6:
-0.131556199294129
0.029223186101983
0.013572947205032
-0.407614754964442
q7:
-0.325364842277725
-0.114078635039739
0.077889619135364
0.107559116440300

q1:
-0.042328154425978
-0.190375029714327
-0.040286092071957
-1.283025361499695
q2:
0.047053909381398
0.144429072111625
0.043023059946004
0.591120980711850
q3:
0.049533194971193
0.194697419062859
0.094560816344584
-2.891931401754004
q4:
-0.054389298137980
-0.175895132529412
0.132993002057148
1.859340895128929
q5:
0.011079353154613
0.333966325778302
0.177335952762986
-1.382253622054189
q6:
-0.108374424836942
-0.101806788394968
-0.010524808756239
-0.404701655997117
q7:
-0.050089530041335
-0.438142017948349
-0.105447637656679
0.108937745752048

q1:
0.257945784951117
-0.232533871522601
-0.180691847282615
-1.318933213402641
q2:
-0.064984813100414
0.191294765855497
0.154483374151087
0.623046094734096
q3:
-0.295158648227972
0.244032481254167
0.240219143249835
-2.837264246443826
q4:
0.117662478593783
-0.230066873474840
-0.001786383936263
1.882116364732658
q5:
-0.473305754363053
0.345001361520296
0.402753224946119
-1.286161539517749
q6:
0.148953662304156
-0.209747715532561
-0.113960904060178
-0.423383337532507
q7:
0.567476113487456
-0.488031189869518
-0.412937142652208
0.023802369568413

q1:
0.193932214841028
0.024380130288710
-0.249798889372267
-1.395114357176626
q2:
-0.124193242850253
0.126569892007485
0.260014440561596
0.693041771058905
q3:
-0.223821626589874
-0.049945532380891
0.304656010275762
-2.741414398862759
q4:
0.144399091183915
-0.112875044795433
-0.115643100801993
1.860470178245381
q5:
-0.274077708423183
-0.126411169825300
0.475325168588857
-1.131740363715105
q6:
0.210270466775681
-0.061389867877623
-0.203978581752358
-0.478886724744040
q7:
0.358944404240326
0.077175019163983
-0.549341391326444
-0.146319081936127

q1:
-0.061655271426283
0.217536616270372
-0.169482529514652
-1.468263486130328
q2:
-0.025835495240902
0.002873422128634
0.302989620854787
0.788772831870011
q3:
0.073691027215995
-0.272871872464404
0.197480631867125
-2.653964410782146
q4:
-0.016497584744905
0.030946450023745
-0.142843394266193
1.814919323323238
q5:
0.148941136330159
-0.399392567414788
0.300758327825149
-0.997895653049064
q6:
0.016799548114265
0.148039517030953
-0.175210898233453
-0.545679535842044
q7:
-0.168405389175239
0.434683645787345
-0.379404314562605
-0.307058540923863

q1:
-0.104095144160924
0.156127965929795
-0.045425888224198
-1.502810165629120
q2:
0.102230136484360
-0.022858731131303
0.296354498265901
0.888736672454199
q3:
0.121123660681927
-0.199475609357273
0.040661267902330
-2.615781193704537
q4:
-0.143137739179266
0.014514855617819
-0.127750240793194
1.770302639247013
q5:
0.173911407889114
-0.251047195629951
0.084812326494297
-0.936616127808638
q6:
-0.064337571757961
0.164771866952761
-0.071357518750861
-0.586917277484404
q7:
-0.240407332562567
0.266951878168808
-0.146461320609164
-0.391270891970045

q1:
-0.042482366107280
0.052449202345515
0.023821731643205
-1.504491807615346
q2:
0.035623548386359
0.078962484807119
0.314980944486272
0.988347832333459
q3:
0.055889959874872
-0.078836443318074
-0.051738333585884
-2.619836208514258
q4:
-0.052836688348004
-0.128050332604729
-0.165444019152848
1.724251409647078
q5:
0.055381216792846
-0.077831433372395
-0.024375378334480
-0.929765683443954
q6:
-0.051432796213660
0.100691645481833
0.016776367377424
-0.594800552223826
q7:
-0.073547904223329
0.027506174936493
-0.048701246978205
-0.419269100990702

q1:
-0.044075699915120
0.010136765702664
0.044600273035200
-1.492356447169311
q2:
-0.376808061698904
0.114443538999932
0.379191744390212
1.102928688067397
q3:
0.089051960588437
-0.023170043282702
-0.085604487137342
-2.643657745633895
q4:
0.357555331423289
-0.180675674199340
-0.267941053411798
1.653276250210001
q5:
0.066504966695397
-0.022671741446721
-0.057742432374426
-0.944410560335435
q6:
-0.106041501477840
0.049464580453028
0.066628234387797
-0.580014312994843
q7:
0.078255248219863
-0.045747537669941
-0.054757379405709
-0.435097513434043

q1:
-0.043360485197844
-0.033762631412795
0.036756485619437
-1.478044764041365
q2:
-0.475919152658312
-0.260857290452176
0.330582378908067
1.227645718972499
q3:
0.084776863120168
0.065525709463381
-0.071542405965356
-2.671373529997391
q4:
0.463231658838134
0.175449435898254
-0.269676164527758
1.557489536342802
q5:
0.066157745362084
0.043567205381895
-0.050805138347948
-0.963646310687889
q6:
-0.082021855794801
-0.056152755018901
0.064407760431927
-0.556322076990593
q7:
0.114553548874163
0.032194689557042
-0.059256924979192
-0.455455738637581

coefs_qdot:
qdot1:
0.127749155699763
-0.151532815666911
0.000000000000000
qdot2:
1.429037674000922
-1.471015376791395
0.000000000000000
qdot3:
-0.252108866076340
0.297411424147695
-0.000000000000000
qdot4:
-1.389870485085909
1.273765881395214
-0.000000000000000
qdot5:
-0.197515169350805
0.217688364745563
-0.000000000000000
qdot6:
0.244820526714072
-0.274710350840230
0.000000000000000
qdot7:
-0.342153536047347
0.291427367994048
-0.000000000000000

qdot1:
0.129756675142657
-0.066707376282269
-0.036227871863564
qdot2:
1.131595541728029
-0.522134361254791
-0.330862856515664
qdot3:
-0.264525853808796
0.130011137073006
0.070952145162636
qdot4:
-1.072856880269179
0.350891879298178
0.269693188275101
qdot5:
-0.198554203418622
0.086538292296629
0.050501625069003
qdot6:
0.316943302722314
-0.112149521102087
-0.064218738742424
qdot7:
-0.233890408328918
0.064237420058611
0.059040354816741

qdot1:
0.127981216915295
0.019451056012454
-0.044072421028353
qdot2:
-0.106735158314927
0.229245078452613
-0.379482477460825
qdot3:
-0.167989032647142
-0.045634029856032
0.084958744960653
qdot4:
0.158643890786391
-0.361485089200550
0.267934715431307
qdot5:
-0.165389549966354
-0.045301698773335
0.057346899593870
qdot6:
0.154793741326091
0.098300831905528
-0.066517621149053
qdot7:
0.219881554519075
-0.091065811071789
0.054586841908553

qdot1:
0.318806136375148
0.104430584044210
-0.023508068778947
qdot2:
-0.306786612332083
0.158372933331502
-0.315137887504662
qdot3:
-0.370443013197950
-0.157178747533733
0.051291823913952
qdot4:
0.430075533255050
-0.256145545718387
0.165408030034765
qdot5:
-0.519066409730527
-0.155120359950993
0.024076837845632
qdot6:
0.196654157095140
0.201083876146051
-0.016819759612491
qdot7:
0.719989006892167
0.054935541128875
0.048589217098030

qdot1:
0.193646043215125
0.316117858597306
0.046302972699544
qdot2:
0.077423242405680
-0.045333377256999
-0.296373321196295
qdot3:
-0.231190920703966
-0.403152908297170
-0.041723230953977
qdot4:
0.049680273403345
0.029424608362963
0.127772354433765
qdot5:
-0.445216823468139
-0.499780456012060
-0.084636697604234
qdot6:
-0.046010488038071
0.331662236457223
0.071616095079651
qdot7:
0.506441603909572
0.533008241705270
0.146187885048497

qdot1:
-0.588467339197265
0.444698831292148
0.172598543221193
qdot2:
0.372331569656596
0.006075655700372
-0.302890102974695
qdot3:
0.677633283215775
-0.556663679644602
-0.201052784552310
qdot4:
-0.435712233556145
0.062412309902784
0.143017282865879
qdot5:
0.815942793694779
-0.795404426794902
-0.299637388150187
qdot6:
-0.634431455427703
0.301111272399944
0.176656497549940
qdot7:
-1.072031999008999
0.869285466701223
0.378968640643973

qdot1:
-0.795291833799496
0.053956518065167
0.255375331214506
qdot2:
0.194186929556631
0.253303817952349
-0.259833110348344
qdot3:
0.907415292193425
-0.106715179589332
-0.311173675185142
qdot4:
-0.356225730253742
-0.226900613178493
0.115712224522111
qdot5:
1.412630543865599
-0.253618411781574
-0.473775179353881
qdot6:
-0.455604780820140
-0.120151214004047
0.206695867243659
qdot7:
-1.700713847990685
0.157456219359253
0.549407760530010

qdot1:
0.122960105780796
-0.474117259577693
0.185628648123428
qdot2:
-0.141621997957319
0.382243939177951
-0.154332182664715
qdot3:
-0.143007927184598
0.495808574427097
-0.246584171642073
qdot4:
0.170634410728722
-0.463434498066975
0.001116596055364
qdot5:
-0.028603282955397
0.684368269345176
-0.402270702998323
qdot6:
0.325413910469756
-0.422672788468617
0.116587082833198
qdot7:
0.145446483670540
-0.971817775706551
0.414223742176360

qdot1:
0.464420608228202
-0.392471749339245
0.041774872643217
qdot2:
-0.156409561576887
0.288206932534292
-0.043037337960483
qdot3:
-0.509856778918431
0.400851310776524
-0.097738630698273
qdot4:
0.264570230277082
-0.350133249343105
-0.133935650014708
qdot5:
-0.703830823698733
0.665375689462792
-0.178213205836203
qdot6:
0.390089784160456
-0.206597951916701
0.012128139929236
qdot7:
0.962751863907571
-0.875241310549313
0.107611933857889

qdot1:
0.132227748148910
-0.084096465475722
-0.037335451016067
qdot2:
-0.025721322686916
0.184350983647240
0.035407276125650
qdot3:
-0.090334137518671
0.062306409574689
-0.020854449119973
qdot4:
0.047282014656275
-0.174458616439124
-0.221017899734557
qdot5:
-0.144238557161478
0.198032022526837
-0.034887525645925
qdot6:
0.019130484385722
0.052421664765840
-0.013465123737807
qdot7:
0.213628053157758
-0.235974072914692
-0.076849819797134

qdot1:
-0.140411410202686
0.003702759295153
-0.050680806242041
qdot2:
0.033844677052686
0.167272025383128
0.093776695624691
qdot3:
0.277445480202713
0.002324542262292
-0.010125711115034
qdot4:
-0.071843623179928
-0.143063358707358
-0.273726547608873
qdot5:
0.281398248634572
0.102257620571617
0.014960555108418
qdot6:
-0.242289176031863
0.065124306397959
0.006047507475384
qdot7:
-0.427290751924450
-0.094125045617942
-0.131646273473551

qdot1:
-0.195861805526820
-0.089530417079430
-0.064928197434231
qdot2:
0.006457841615353
0.189744890946111
0.153041503735344
qdot3:
0.345176349992749
0.186548341116892
0.021227187525910
qdot4:
-0.079012189043230
-0.190767524498830
-0.329142474221099
qdot5:
0.224339672515641
0.289106057664971
0.079926925695691
qdot6:
-0.314598755757061
-0.095755706487197
0.000962695060570
qdot7:
-0.433706334766892
-0.377846104895774
-0.209993484458827

qdot1:
0.076309471763737
-0.219582655949237
-0.116240967556989
qdot2:
-0.021132381628230
0.194032897778705
0.216748616663663
qdot3:
-0.027851733956908
0.415745437512075
0.121207954778318
qdot4:
-0.125699737207079
-0.243231618023534
-0.401186331879811
qdot5:
-0.262258640905333
0.438067600215355
0.200637752903824
qdot6:
-0.135083793258515
-0.304649280309883
-0.065504532747744
qdot7:
0.225206912657231
-0.665827111180988
-0.383243238327568

qdot1:
0.640011446899735
-0.168913166698116
-0.180731274116449
qdot2:
0.185554130941706
0.180000996377561
0.278838243093602
qdot3:
-0.470789658363068
0.397251886164689
0.256165510508659
qdot4:
-0.463207862555486
-0.326696243529034
-0.495794356897537
qdot5:
-0.513198158462997
0.263927862654215
0.317168999740171
qdot6:
0.054053284689428
-0.394344919033536
-0.181537569838751
qdot7:
0.504911395502214
-0.516289721176588
-0.579474632498924

qdot1:
1.069311950376618
0.256054434043305
-0.166265823737147
qdot2:
0.576481172351880
0.303208939322852
0.359051092419870
qdot3:
-0.360731900498418
0.084647553011614
0.336160817411925
qdot4:
-0.813067603302426
-0.634266264265874
-0.655314133191490
qdot5:
-0.113970666034522
-0.076835714565212
0.348226296322946
qdot6:
-0.224046332901251
-0.358453537999756
-0.306502113706276
qdot7:
-0.345535720397670
-0.181028554563121
-0.695229466271714

qdot1:
0.265951819050173
0.966077569093373
0.036608088783539
qdot2:
-0.046462485522165
0.685992437764497
0.523258521016369
qdot3:
0.000648020361958
-0.154878428919334
0.324502492011243
qdot4:
0.305509373384053
-1.174143152858681
-0.955510096434164
qdot5:
0.179590948310273
-0.152512236812134
0.310154536394307
qdot6:
-0.156688278076496
-0.507220303046185
-0.450203971319901
qdot7:
-0.363117757408040
-0.410464272907172
-0.793417275631782

qdot1:
-2.374307518960636
1.142669576942686
0.386660115025522
qdot2:
-2.496190110048959
0.655141347377780
0.745886729349985
qdot3:
-0.337475495423963
-0.154448143398994
0.273154281006401
qdot4:
3.568944528756268
-0.971284928931672
-1.311651158011359
qdot5:
-0.726599658272454
-0.033263847134114
0.279315706459230
qdot6:
2.326111870495488
-0.611261319688978
-0.635871920693936
qdot7:
3.015155094668288
-0.651574463826108
-0.969715705929505

qdot1:
-2.483358456203803
-0.433870615647163
0.504320742600578
qdot2:
-2.194950008791778
-1.002328885694715
0.688253597989374
qdot3:
-0.181774617810530
-0.378531872360503
0.184679598390326
qdot4:
3.409239904120360
1.398494238162471
-1.240734412679047
qdot5:
-0.533756213826239
-0.515726020227019
0.188183388477282
qdot6:
2.295384700859984
0.933276962320013
-0.582417324017185
qdot7:
2.934747298690737
1.350488519033619
-0.853695972765059

qdot1:
2.653484243975452
-2.082820630566474
0.086549995729118
qdot2:
3.130278248529268
-2.459775691532444
0.113544238169670
qdot3:
0.781865246965564
-0.499230218586694
0.038971091293092
qdot4:
-3.655849951348745
3.662229534498370
-0.400654266417355
qdot5:
1.546061976211250
-0.870140146207639
-0.041870395150869
qdot6:
-3.675380563220500
2.457412403691030
-0.019562889259357
qdot7:
-4.633951136259181
3.299160725364252
-0.081854198195019

qdot1:
1.984418961865091
-0.320907092566788
-0.312468806311000
qdot2:
2.342520297009719
-0.381270934509027
-0.358069501753210
qdot3:
0.283149310062032
0.019928305398436
-0.040593026296158
qdot4:
-4.161848704130463
1.234745166802824
0.412243533998637
qdot5:
0.453296855395639
0.156445005996623
-0.160343788425896
qdot6:
-1.817512589876434
0.016959709712638
0.391182881565649
qdot7:
-2.726084488094508
0.222217170888182
0.502694532582880

qdot1:
-1.141838538391978
0.996747098111621
-0.200279365390558
qdot2:
-1.211438268647061
1.174162542705413
-0.226449494792611
qdot3:
-0.545733113762628
0.207939447279624
-0.002766979351600
qdot4:
0.992446254403558
-1.528722372739780
0.363443317813102
qdot5:
-0.782374856265262
0.457434117979324
-0.058439853845890
qdot6:
1.584180207186820
-1.189868649965304
0.196479997483708
qdot7:
1.937647103201217
-1.587902929206556
0.275990696702032

qdot1:
-1.486969061485250
0.238566308619354
0.004782660126782
qdot2:
-2.045586918589143
0.369767532323772
0.029842897662232
qdot3:
-0.631253645384889
-0.154427340258758
0.006116030413863
qdot4:
3.311793756731849
-0.869738059815823
-0.034701113991124
qdot5:
-0.527955831712481
-0.062062786580805
0.007191787166264
qdot6:
1.641133268080105
-0.137972992393265
-0.023941715147813
qdot7:
2.494792517450596
-0.301305252680959
-0.037617861491293

qdot1:
0.548257740468079
-0.748781148206843
-0.079913003244741
qdot2:
-0.186270263154094
-0.988502181619408
-0.072867054120843
qdot3:
0.618793279366268
-0.573579760794321
-0.114733148360947
qdot4:
1.766225249395675
1.329292994654106
0.041585005192030
qdot5:
0.592628959495538
-0.412625458837889
-0.071606461573239
qdot6:
-0.693113305773340
0.951739497611916
0.111143524718482
qdot7:
-0.413338972476167
1.355236978906223
0.137334805062099

qdot1:
1.786697792156787
-0.384738008536042
-0.268077183264058
qdot2:
2.035056640439349
-1.112185636353725
-0.421581231904380
qdot3:
0.698191115835796
-0.162701023295123
-0.236955758519793
qdot4:
-2.590570468228193
2.502066560252824
0.677590691306575
qdot5:
0.181239029007168
-0.019119829732855
-0.143276179475982
qdot6:
-1.415949037677971
0.491512262578422
0.350723316910076
qdot7:
-2.184974702606702
1.080779901182050
0.541713607156749

qdot1:
-0.257629558907934
0.801629325456051
-0.198873224655338
qdot2:
0.294289264749211
0.239091972897987
-0.566514780038031
qdot3:
-0.932175874904311
0.300897877619840
-0.214015080701890
qdot4:
-2.953409001035728
0.781927769349323
1.222733750020526
qdot5:
-0.920813353313270
0.101222885527903
-0.129647072214004
qdot6:
0.744963504066500
-0.448677898439741
0.357833821357097
qdot7:
0.802804666173239
-0.370043301348784
0.659695882729070

qdot1:
-0.744196978653516
0.630563298341184
0.038870750895002
qdot2:
-0.354038567949050
0.434500044691462
-0.454698505118183
qdot3:
0.235331349040501
-0.318066903316619
-0.216865138967556
qdot4:
-0.033091196146872
-1.179135807338389
1.156797215714341
qdot5:
0.323418822532725
-0.510197181072105
-0.197536805274341
qdot6:
-0.188473522625379
0.045977868260413
0.290985616347329
qdot7:
-0.071109284632762
0.163018996990244
0.625329848205553

qdot1:
-0.418367915606163
0.136416504515257
0.166189398169169
qdot2:
-0.020877117679517
0.199418435573296
-0.349468037394235
qdot3:
0.782307436852519
-0.161806887553728
-0.296524188252032
qdot4:
1.071950963753308
-1.201108361579911
0.761676683673909
qdot5:
0.865772016362082
-0.295447082910378
-0.331273753095432
qdot6:
-0.513702765095737
-0.079168550762837
0.285475963051926
qdot7:
-0.984791444953511
0.115802431994091
0.671614205416952

qdot1:
-0.069733982196396
-0.141379791447235
0.165365492538461
qdot2:
0.043137142204296
0.185556029434097
-0.285562276203008
qdot3:
0.151174500601270
0.357645250516343
-0.264015020000238
qdot4:
0.505814506713225
-0.489332921647717
0.481063430658123
qdot5:
0.317653791392853
0.279425535954042
-0.333933329890183
qdot6:
0.080849578715404
-0.420267186786405
0.202569630618752
qdot7:
-0.291553197467140
-0.538099087455038
0.601512960610435

qdot1:
0.150772358921495
-0.187683155625641
0.110741043324365
qdot2:
-0.033088850059439
0.214199091857750
-0.219202926068562
qdot3:
-0.384835131781711
0.458025118915584
-0.128613738674540
qdot4:
0.030750795385703
-0.153472089190140
0.374357798859040
qdot5:
-0.292891720678703
0.490347653438894
-0.206150980450958
qdot6:
0.399979855146261
-0.366583066519377
0.071952488569994
qdot7:
0.522524486650619
-0.731690410573217
0.390727903937748

qdot1:
0.129266743918087
-0.087570309301769
0.065048968146415
qdot2:
-0.043820470347132
0.192228095418282
-0.151736012980741
qdot3:
-0.313832482670443
0.202494591412529
-0.018967466760074
qdot4:
-0.027440458219764
-0.133053561054033
0.326794540918508
qdot5:
-0.311755929538657
0.295867550908236
-0.075639256529335
qdot6:
0.271414518823932
-0.100996442702261
-0.005665709960797
qdot7:
0.462512278361648
-0.384734151437207
0.205401426644018

qdot1:
-0.119939323374475
-0.001737191340160
0.050223923039855
qdot2:
0.029846366865120
0.163131303107787
-0.092746352825414
qdot3:
0.087030571304150
-0.005890177080643
0.013668866019019
qdot4:
-0.058387968679635
-0.151274025311956
0.279596161581754
qdot5:
0.154141857444685
0.088861613694570
-0.011774215205270
qdot6:
-0.031289797579612
0.079222797796827
-0.009280135015099
qdot7:
-0.226703722100003
-0.077625998605077
0.128649641737000

qdot1:
-0.450863188806998
-0.081376902060811
0.036426983535294
qdot2:
0.159501285417205
0.182949290706226
-0.035296974252288
qdot3:
0.508278186536761
0.051898122265313
0.021306184919674
qdot4:
-0.243594320095773
-0.190043636515234
0.222937429718441
qdot5:
0.717953079094534
0.191211807037841
0.034717972636310
qdot6:
-0.394668597882388
0.058446372203965
0.013572947205032
qdot7:
-0.976094526833176
-0.228157270079478
0.077889619135364

qdot1:
-0.126984463277935
-0.380750059428654
-0.040286092071957
qdot2:
0.141161728144194
0.288858144223249
0.043023059946004
qdot3:
0.148599584913580
0.389394838125717
0.094560816344584
qdot4:
-0.163167894413941
-0.351790265058825
0.132993002057148
qdot5:
0.033238059463838
0.667932651556604
0.177335952762986
qdot6:
-0.325123274510826
-0.203613576789937
-0.010524808756239
qdot7:
-0.150268590124005
-0.876284035896698
-0.105447637656679

qdot1:
0.773837354853352
-0.465067743045202
-0.180691847282615
qdot2:
-0.194954439301241
0.382589531710993
0.154483374151087
qdot3:
-0.885475944683916
0.488064962508333
0.240219143249835
qdot4:
0.352987435781350
-0.460133746949681
-0.001786383936263
qdot5:
-1.419917263089158
0.690002723040593
0.402753224946119
qdot6:
0.446860986912469
-0.419495431065123
-0.113960904060178
qdot7:
1.702428340462369
-0.976062379739036
-0.412937142652208

qdot1:
0.581796644523084
0.048760260577420
-0.249798889372267
qdot2:
-0.372579728550758
0.253139784014970
0.260014440561596
qdot3:
-0.671464879769622
-0.099891064761782
0.304656010275762
qdot4:
0.433197273551745
-0.225750089590867
-0.115643100801993
qdot5:
-0.822233125269550
-0.252822339650600
0.475325168588857
qdot6:
0.630811400327042
-0.122779735755246
-0.203978581752358
qdot7:
1.076833212720977
0.154350038327967
-0.549341391326444

qdot1:
-0.184965814278848
0.435073232540744
-0.169482529514652
qdot2:
-0.077506485722705
0.005746844257269
0.302989620854787
qdot3:
0.221073081647986
-0.545743744928807
0.197480631867125
qdot4:
-0.049492754234716
0.061892900047490
-0.142843394266193
qdot5:
0.446823408990478
-0.798785134829577
0.300758327825149
qdot6:
0.050398644342796
0.296079034061906
-0.175210898233453
qdot7:
-0.505216167525716
0.869367291574689
-0.379404314562605

qdot1:
-0.312285432482773
0.312255931859590
-0.045425888224198
qdot2:
0.306690409453081
-0.045717462262606
0.296354498265901
qdot3:
0.363370982045782
-0.398951218714546
0.040661267902330
qdot4:
-0.429413217537798
0.029029711235638
-0.127750240793194
qdot5:
0.521734223667343
-0.502094391259902
0.084812326494297
qdot6:
-0.193012715273882
0.329543733905523
-0.071357518750861
qdot7:
-0.721221997687701
0.533903756337617
-0.146461320609164

qdot1:
-0.127447098321841
0.104898404691030
0.023821731643205
qdot2:
0.106870645159076
0.157924969614238
0.314980944486272
qdot3:
0.167669879624617
-0.157672886636148
-0.051738333585884
qdot4:
-0.158510065044013
-0.256100665209457
-0.165444019152848
qdot5:
0.166143650378538
-0.155662866744789
-0.024375378334480
qdot6:
-0.154298388640981
0.201383290963666
0.016776367377424
qdot7:
-0.220643712669986
0.055012349872987
-0.048701246978205

qdot1:
-0.132227099745360
0.020273531405328
0.044600273035200
qdot2:
-1.130424185096712
0.228887077999863
0.379191744390212
qdot3:
0.267155881765312
-0.046340086565403
-0.085604487137342
qdot4:
1.072665994269866
-0.361351348398681
-0.267941053411798
qdot5:
0.199514900086192
-0.045343482893441
-0.057742432374426
qdot6:
-0.318124504433521
0.098929160906055
0.066628234387797
qdot7:
0.234765744659588
-0.091495075339882
-0.054757379405709

qdot1:
-0.130081455593531
-0.067525262825590
0.036756485619437
qdot2:
-1.427757457974935
-0.521714580904351
0.330582378908067
qdot3:
0.254330589360503
0.131051418926763
-0.071542405965356
qdot4:
1.389694976514404
0.350898871796508
-0.269676164527758
qdot5:
0.198473236086253
0.087134410763790
-0.050805138347948
qdot6:
-0.246065567384403
-0.112305510037802
0.064407760431927
qdot7:
0.343660646622490
0.064389379114084
-0.059256924979192

coefs_qdotdot:
qdotdot1:
0.255498311399527
-0.151532815666911
qdotdot2:
2.858075348001844
-1.471015376791395
qdotdot3:
-0.504217732152680
0.297411424147695
qdotdot4:
-2.779740970171818
1.273765881395214
qdotdot5:
-0.395030338701611
0.217688364745563
qdotdot6:
0.489641053428143
-0.274710350840230
qdotdot7:
-0.684307072094695
0.291427367994048

qdotdot1:
0.259513350285313
-0.066707376282269
qdotdot2:
2.263191083456059
-0.522134361254791
qdotdot3:
-0.529051707617591
0.130011137073006
qdotdot4:
-2.145713760538357
0.350891879298178
qdotdot5:
-0.397108406837243
0.086538292296629
qdotdot6:
0.633886605444629
-0.112149521102087
qdotdot7:
-0.467780816657836
0.064237420058611

qdotdot1:
0.255962433830591
0.019451056012454
qdotdot2:
-0.213470316629855
0.229245078452613
qdotdot3:
-0.335978065294283
-0.045634029856032
qdotdot4:
0.317287781572782
-0.361485089200550
qdotdot5:
-0.330779099932708
-0.045301698773335
qdotdot6:
0.309587482652182
0.098300831905528
qdotdot7:
0.439763109038149
-0.091065811071789

qdotdot1:
0.637612272750295
0.104430584044210
qdotdot2:
-0.613573224664166
0.158372933331502
qdotdot3:
-0.740886026395900
-0.157178747533733
qdotdot4:
0.860151066510099
-0.256145545718387
qdotdot5:
-1.038132819461055
-0.155120359950993
qdotdot6:
0.393308314190279
0.201083876146051
qdotdot7:
1.439978013784335
0.054935541128875

qdotdot1:
0.387292086430251
0.316117858597306
qdotdot2:
0.154846484811360
-0.045333377256999
qdotdot3:
-0.462381841407931
-0.403152908297170
qdotdot4:
0.099360546806690
0.029424608362963
qdotdot5:
-0.890433646936279
-0.499780456012060
qdotdot6:
-0.092020976076141
0.331662236457223
qdotdot7:
1.012883207819143
0.533008241705270

qdotdot1:
-1.176934678394530
0.444698831292148
qdotdot2:
0.744663139313191
0.006075655700372
qdotdot3:
1.355266566431549
-0.556663679644602
qdotdot4:
-0.871424467112289
0.062412309902784
qdotdot5:
1.631885587389557
-0.795404426794902
qdotdot6:
-1.268862910855406
0.301111272399944
qdotdot7:
-2.144063998017999
0.869285466701223

qdotdot1:
-1.590583667598992
0.053956518065167
qdotdot2:
0.388373859113263
0.253303817952349
qdotdot3:
1.814830584386849
-0.106715179589332
qdotdot4:
-0.712451460507484
-0.226900613178493
qdotdot5:
2.825261087731199
-0.253618411781574
qdotdot6:
-0.911209561640280
-0.120151214004047
qdotdot7:
-3.401427695981369
0.157456219359253

qdotdot1:
0.245920211561591
-0.474117259577693
qdotdot2:
-0.283243995914639
0.382243939177951
qdotdot3:
-0.286015854369197
0.495808574427097
qdotdot4:
0.341268821457444
-0.463434498066975
qdotdot5:
-0.057206565910794
0.684368269345176
qdotdot6:
0.650827820939512
-0.422672788468617
qdotdot7:
0.290892967341079
-0.971817775706551

qdotdot1:
0.928841216456404
-0.392471749339245
qdotdot2:
-0.312819123153774
0.288206932534292
qdotdot3:
-1.019713557836862
0.400851310776524
qdotdot4:
0.529140460554164
-0.350133249343105
qdotdot5:
-1.407661647397467
0.665375689462792
qdotdot6:
0.780179568320912
-0.206597951916701
qdotdot7:
1.925503727815141
-0.875241310549313

qdotdot1:
0.264455496297819
-0.084096465475722
qdotdot2:
-0.051442645373833
0.184350983647240
qdotdot3:
-0.180668275037341
0.062306409574689
qdotdot4:
0.094564029312550
-0.174458616439124
qdotdot5:
-0.288477114322956
0.198032022526837
qdotdot6:
0.038260968771444
0.052421664765840
qdotdot7:
0.427256106315516
-0.235974072914692

qdotdot1:
-0.280822820405372
0.003702759295153
qdotdot2:
0.067689354105371
0.167272025383128
qdotdot3:
0.554890960405427
0.002324542262292
qdotdot4:
-0.143687246359856
-0.143063358707358
qdotdot5:
0.562796497269143
0.102257620571617
qdotdot6:
-0.484578352063726
0.065124306397959
qdotdot7:
-0.854581503848899
-0.094125045617942

qdotdot1:
-0.391723611053640
-0.089530417079430
qdotdot2:
0.012915683230706
0.189744890946111
qdotdot3:
0.690352699985498
0.186548341116892
qdotdot4:
-0.158024378086461
-0.190767524498830
qdotdot5:
0.448679345031282
0.289106057664971
qdotdot6:
-0.629197511514122
-0.095755706487197
qdotdot7:
-0.867412669533785
-0.377846104895774

qdotdot1:
0.152618943527475
-0.219582655949237
qdotdot2:
-0.042264763256460
0.194032897778705
qdotdot3:
-0.055703467913815
0.415745437512075
qdotdot4:
-0.251399474414159
-0.243231618023534
qdotdot5:
-0.524517281810667
0.438067600215355
qdotdot6:
-0.270167586517029
-0.304649280309883
qdotdot7:
0.450413825314462
-0.665827111180988

qdotdot1:
1.280022893799471
-0.168913166698116
qdotdot2:
0.371108261883411
0.180000996377561
qdotdot3:
-0.941579316726137
0.397251886164689
qdotdot4:
-0.926415725110971
-0.326696243529034
qdotdot5:
-1.026396316925994
0.263927862654215
qdotdot6:
0.108106569378855
-0.394344919033536
qdotdot7:
1.009822791004428
-0.516289721176588

qdotdot1:
2.138623900753235
0.256054434043305
qdotdot2:
1.152962344703759
0.303208939322852
qdotdot3:
-0.721463800996837
0.084647553011614
qdotdot4:
-1.626135206604853
-0.634266264265874
qdotdot5:
-0.227941332069045
-0.076835714565212
qdotdot6:
-0.448092665802501
-0.358453537999756
qdotdot7:
-0.691071440795340
-0.181028554563121

qdotdot1:
0.531903638100345
0.966077569093373
qdotdot2:
-0.092924971044330
0.685992437764497
qdotdot3:
0.001296040723917
-0.154878428919334
qdotdot4:
0.611018746768105
-1.174143152858681
qdotdot5:
0.359181896620546
-0.152512236812134
qdotdot6:
-0.313376556152992
-0.507220303046185
qdotdot7:
-0.726235514816079
-0.410464272907172

qdotdot1:
-4.748615037921272
1.142669576942686
qdotdot2:
-4.992380220097918
0.655141347377780
qdotdot3:
-0.674950990847926
-0.154448143398994
qdotdot4:
7.137889057512536
-0.971284928931672
qdotdot5:
-1.453199316544908
-0.033263847134114
qdotdot6:
4.652223740990975
-0.611261319688978
qdotdot7:
6.030310189336577
-0.651574463826108

qdotdot1:
-4.966716912407605
-0.433870615647163
qdotdot2:
-4.389900017583556
-1.002328885694715
qdotdot3:
-0.363549235621059
-0.378531872360503
qdotdot4:
6.818479808240721
1.398494238162471
qdotdot5:
-1.067512427652478
-0.515726020227019
qdotdot6:
4.590769401719967
0.933276962320013
qdotdot7:
5.869494597381474
1.350488519033619

qdotdot1:
5.306968487950905
-2.082820630566474
qdotdot2:
6.260556497058537
-2.459775691532444
qdotdot3:
1.563730493931129
-0.499230218586694
qdotdot4:
-7.311699902697491
3.662229534498370
qdotdot5:
3.092123952422500
-0.870140146207639
qdotdot6:
-7.350761126441000
2.457412403691030
qdotdot7:
-9.267902272518361
3.299160725364252

qdotdot1:
3.968837923730182
-0.320907092566788
qdotdot2:
4.685040594019439
-0.381270934509027
qdotdot3:
0.566298620124064
0.019928305398436
qdotdot4:
-8.323697408260927
1.234745166802824
qdotdot5:
0.906593710791278
0.156445005996623
qdotdot6:
-3.635025179752868
0.016959709712638
qdotdot7:
-5.452168976189016
0.222217170888182

qdotdot1:
-2.283677076783956
0.996747098111621
qdotdot2:
-2.422876537294122
1.174162542705413
qdotdot3:
-1.091466227525256
0.207939447279624
qdotdot4:
1.984892508807116
-1.528722372739780
qdotdot5:
-1.564749712530524
0.457434117979324
qdotdot6:
3.168360414373639
-1.189868649965304
qdotdot7:
3.875294206402434
-1.587902929206556

qdotdot1:
-2.973938122970499
0.238566308619354
qdotdot2:
-4.091173837178285
0.369767532323772
qdotdot3:
-1.262507290769779
-0.154427340258758
qdotdot4:
6.623587513463699
-0.869738059815823
qdotdot5:
-1.055911663424961
-0.062062786580805
qdotdot6:
3.282266536160209
-0.137972992393265
qdotdot7:
4.989585034901191
-0.301305252680959

qdotdot1:
1.096515480936157
-0.748781148206843
qdotdot2:
-0.372540526308188
-0.988502181619408
qdotdot3:
1.237586558732536
-0.573579760794321
qdotdot4:
3.532450498791350
1.329292994654106
qdotdot5:
1.185257918991077
-0.412625458837889
qdotdot6:
-1.386226611546680
0.951739497611916
qdotdot7:
-0.826677944952334
1.355236978906223

qdotdot1:
3.573395584313575
-0.384738008536042
qdotdot2:
4.070113280878697
-1.112185636353725
qdotdot3:
1.396382231671591
-0.162701023295123
qdotdot4:
-5.181140936456386
2.502066560252824
qdotdot5:
0.362478058014337
-0.019119829732855
qdotdot6:
-2.831898075355942
0.491512262578422
qdotdot7:
-4.369949405213404
1.080779901182050

qdotdot1:
-0.515259117815868
0.801629325456051
qdotdot2:
0.588578529498421
0.239091972897987
qdotdot3:
-1.864351749808622
0.300897877619840
qdotdot4:
-5.906818002071455
0.781927769349323
qdotdot5:
-1.841626706626541
0.101222885527903
qdotdot6:
1.489927008133001
-0.448677898439741
qdotdot7:
1.605609332346479
-0.370043301348784

qdotdot1:
-1.488393957307031
0.630563298341184
qdotdot2:
-0.708077135898099
0.434500044691462
qdotdot3:
0.470662698081002
-0.318066903316619
qdotdot4:
-0.066182392293744
-1.179135807338389
qdotdot5:
0.646837645065450
-0.510197181072105
qdotdot6:
-0.376947045250757
0.045977868260413
qdotdot7:
-0.142218569265523
0.163018996990244

qdotdot1:
-0.836735831212325
0.136416504515257
qdotdot2:
-0.041754235359034
0.199418435573296
qdotdot3:
1.564614873705037
-0.161806887553728
qdotdot4:
2.143901927506616
-1.201108361579911
qdotdot5:
1.731544032724163
-0.295447082910378
qdotdot6:
-1.027405530191473
-0.079168550762837
qdotdot7:
-1.969582889907022
0.115802431994091

qdotdot1:
-0.139467964392792
-0.141379791447235
qdotdot2:
0.086274284408593
0.185556029434097
qdotdot3:
0.302349001202540
0.357645250516343
qdotdot4:
1.011629013426449
-0.489332921647717
qdotdot5:
0.635307582785706
0.279425535954042
qdotdot6:
0.161699157430809
-0.420267186786405
qdotdot7:
-0.583106394934280
-0.538099087455038

qdotdot1:
0.301544717842989
-0.187683155625641
qdotdot2:
-0.066177700118878
0.214199091857750
qdotdot3:
-0.769670263563423
0.458025118915584
qdotdot4:
0.061501590771406
-0.153472089190140
qdotdot5:
-0.585783441357406
0.490347653438894
qdotdot6:
0.799959710292522
-0.366583066519377
qdotdot7:
1.045048973301238
-0.731690410573217

qdotdot1:
0.258533487836173
-0.087570309301769
qdotdot2:
-0.087640940694264
0.192228095418282
qdotdot3:
-0.627664965340887
0.202494591412529
qdotdot4:
-0.054880916439528
-0.133053561054033
qdotdot5:
-0.623511859077314
0.295867550908236
qdotdot6:
0.542829037647863
-0.100996442702261
qdotdot7:
0.925024556723296
-0.384734151437207

qdotdot1:
-0.239878646748949
-0.001737191340160
qdotdot2:
0.059692733730239
0.163131303107787
qdotdot3:
0.174061142608300
-0.005890177080643
qdotdot4:
-0.116775937359269
-0.151274025311956
qdotdot5:
0.308283714889369
0.088861613694570
qdotdot6:
-0.062579595159223
0.079222797796827
qdotdot7:
-0.453407444200006
-0.077625998605077

qdotdot1:
-0.901726377613996
-0.081376902060811
qdotdot2:
0.319002570834411
0.182949290706226
qdotdot3:
1.016556373073521
0.051898122265313
qdotdot4:
-0.487188640191546
-0.190043636515234
qdotdot5:
1.435906158189067
0.191211807037841
qdotdot6:
-0.789337195764775
0.058446372203965
qdotdot7:
-1.952189053666351
-0.228157270079478

qdotdot1:
-0.253968926555869
-0.380750059428654
qdotdot2:
0.282323456288387
0.288858144223249
qdotdot3:
0.297199169827159
0.389394838125717
qdotdot4:
-0.326335788827883
-0.351790265058825
qdotdot5:
0.066476118927676
0.667932651556604
qdotdot6:
-0.650246549021651
-0.203613576789937
qdotdot7:
-0.300537180248010
-0.876284035896698

qdotdot1:
1.547674709706703
-0.465067743045202
qdotdot2:
-0.389908878602483
0.382589531710993
qdotdot3:
-1.770951889367832
0.488064962508333
qdotdot4:
0.705974871562699
-0.460133746949681
qdotdot5:
-2.839834526178316
0.690002723040593
qdotdot6:
0.893721973824937
-0.419495431065123
qdotdot7:
3.404856680924737
-0.976062379739036

qdotdot1:
1.163593289046167
0.048760260577420
qdotdot2:
-0.745159457101515
0.253139784014970
qdotdot3:
-1.342929759539244
-0.099891064761782
qdotdot4:
0.866394547103491
-0.225750089590867
qdotdot5:
-1.644466250539100
-0.252822339650600
qdotdot6:
1.261622800654084
-0.122779735755246
qdotdot7:
2.153666425441953
0.154350038327967

qdotdot1:
-0.369931628557696
0.435073232540744
qdotdot2:
-0.155012971445409
0.005746844257269
qdotdot3:
0.442146163295973
-0.545743744928807
qdotdot4:
-0.098985508469432
0.061892900047490
qdotdot5:
0.893646817980956
-0.798785134829577
qdotdot6:
0.100797288685593
0.296079034061906
qdotdot7:
-1.010432335051432
0.869367291574689

qdotdot1:
-0.624570864965546
0.312255931859590
qdotdot2:
0.613380818906162
-0.045717462262606
qdotdot3:
0.726741964091564
-0.398951218714546
qdotdot4:
-0.858826435075597
0.029029711235638
qdotdot5:
1.043468447334685
-0.502094391259902
qdotdot6:
-0.386025430547764
0.329543733905523
qdotdot7:
-1.442443995375403
0.533903756337617

qdotdot1:
-0.254894196643683
0.104898404691030
qdotdot2:
0.213741290318151
0.157924969614238
qdotdot3:
0.335339759249235
-0.157672886636148
qdotdot4:
-0.317020130088025
-0.256100665209457
qdotdot5:
0.332287300757076
-0.155662866744789
qdotdot6:
-0.308596777281963
0.201383290963666
qdotdot7:
-0.441287425339971
0.055012349872987

qdotdot1:
-0.264454199490719
0.020273531405328
qdotdot2:
-2.260848370193425
0.228887077999863
qdotdot3:
0.534311763530623
-0.046340086565403
qdotdot4:
2.145331988539732
-0.361351348398681
qdotdot5:
0.399029800172384
-0.045343482893441
qdotdot6:
-0.636249008867041
0.098929160906055
qdotdot7:
0.469531489319177
-0.091495075339882

qdotdot1:
-0.260162911187061
-0.067525262825590
qdotdot2:
-2.855514915949871
-0.521714580904351
qdotdot3:
0.508661178721007
0.131051418926763
qdotdot4:
2.779389953028807
0.350898871796508
qdotdot5:
0.396946472172506
0.087134410763790
qdotdot6:
-0.492131134768806
-0.112305510037802
qdotdot7:
0.687321293244981
0.064389379114084

