1582995646.101999998

1582995646.102999926

1582995646.105000019

1582995646.107000113

1582995646.108999968

1582995646.111999989

1582995646.114000082

1582995646.115999937

1582995646.117000103

1582995646.118999958

1582995646.121000051

1582995646.124000072

1582995646.125999928

1582995646.128000021

1582995646.130000114

1582995646.131999969

1582995646.134999990

1582995646.137000084

1582995646.138999939

1582995646.147000074

1582995646.181999922

1582995646.186000109

1582995646.187999964

1582995646.190000057

1582995646.191999912

1582995646.194000006

1582995646.197000027

1582995646.198999882

1582995646.200999975

1582995646.203000069

1582995646.204999924

1582995646.209000111

1582995646.210999966

1582995646.213000059

1582995646.214999914

1582995646.217000008

1582995646.220999956

1582995646.223999977

1582995646.226000071

1582995646.227999926

1582995646.232000113

1582995646.233999968

1582995646.234999895

1582995646.236999989

1582995646.239000082

1582995646.240999937

1582995646.243999958

1582995646.246000051

1582995646.247999907

1582995646.250000000

1582995646.252000093

1582995646.253000021

1582995646.256999969

1582995646.259000063

1582995646.260999918

1582995646.263000011

1582995646.263999939

1582995646.267999887

1582995646.269999981

1582995646.272000074

1582995646.273000002

1582995646.275000095

1582995646.276999950

1582995646.279999971

1582995646.282000065

1582995646.283999920

1582995646.286000013

1582995646.288000107

1582995646.289999962

1582995646.293999910

1582995646.296000004

1582995646.298000097

1582995646.299999952

1582995646.301000118

1582995646.305000067

1582995646.306999922

1582995646.308000088

1582995646.309999943

1582995646.312000036

1582995646.315999985

1582995646.338000059

1582995646.341000080

1582995646.342999935

1582995646.349999905

1582995646.352999926

1582995646.355000019

1582995646.357000113

1582995646.358999968

1582995646.359999895

1582995646.364000082

1582995646.380000114

1582995646.381999969

1582995646.384000063

1582995646.385999918

1582995646.388999939

1582995646.391000032

1582995646.392999887

1582995646.394999981

1582995646.395999908

1582995646.400000095

1582995646.401999950

1582995646.403000116

1582995646.405999899

1582995646.407999992

1582995646.410000086

1582995646.414000034

1582995646.414999962

1582995646.417000055

1582995646.418999910

1582995646.421000004

1582995646.421999931

1582995646.426000118

1582995646.427999973

1582995646.430000067

1582995646.431999922

1582995646.433000088

1582995646.437000036

1582995646.438999891

1582995646.440999985

1582995646.443000078

1582995646.444000006

1582995646.447999954

1582995646.450000048

1582995646.450999975

1582995646.453000069

1582995646.454999924

1582995646.457000017

1582995646.460000038

1582995646.461999893

1582995646.463999987

1582995646.466000080

1582995646.467999935

1582995646.469000101

1582995646.473000050

1582995646.474999905

1582995646.476999998

1582995646.480000019

1582995646.482000113

1582995646.484999895

1582995646.486999989

1582995646.489000082

1582995646.490999937

1582995646.492000103

1582995646.496000051

1582995646.497999907

1582995646.499000072

1582995646.500999928

1582995646.503000021

1582995646.505000114

1582995646.507999897

1582995646.509999990

1582995646.510999918

1582995646.513999939

1582995646.515000105

1582995646.519000053

1582995646.522000074

1582995646.523999929

1582995646.525000095

1582995646.526999950

1582995646.529000044

1582995646.532000065

1582995646.533999920

1582995646.536000013

1582995646.536999941

1582995646.539000034

1582995646.540999889

1582995646.543999910

1582995646.546000004

1582995646.548000097

1582995646.549999952

1582995646.551000118

1582995646.552999973

1582995646.555999994

1582995646.558000088

1582995646.559999943

1582995646.562000036

1582995646.562999964

1582995646.565000057

1582995646.568000078

1582995646.569999933

1582995646.572000027

1582995646.573999882

1582995646.575999975

1582995646.576999903

1582995646.581000090

1582995646.582999945

1582995646.585000038

1582995646.585999966

1582995646.588000059

1582995646.592000008

1582995646.594000101

1582995646.595000029

1582995646.596999884

1582995646.598999977

1582995646.601000071

1582995646.604000092

1582995646.605999947

1582995646.608000040

1582995646.609999895

1582995646.611999989

1582995646.615000010

1582995646.617000103

1582995646.618999958

1582995646.621000051

1582995646.622999907

1582995646.625000000

1582995646.628000021

1582995646.630000114

1582995646.631999969

1582995646.632999897

1582995646.634999990

1582995646.640000105

1582995646.641999960

1582995646.642999887

1582995646.644999981

1582995646.647000074

1582995646.648999929

1582995646.651999950

1582995646.654000044

1582995646.655999899

1582995646.657999992

1582995646.660000086

1582995646.661000013

1582995646.664999962

1582995646.667000055

1582995646.668999910

1582995646.671000004

1582995646.673000097

1582995646.676000118

1582995646.680000067

1582995646.681999922

1582995646.684000015

1582995646.684999943

1582995646.688999891

1582995646.690999985

1582995646.693000078

1582995646.694000006

1582995646.696000099

1582995646.700000048

1582995646.701999903

1582995646.703999996

1582995646.704999924

1582995646.707000017

1582995646.709000111

1582995646.713000059

1582995646.714999914

1582995646.716000080

1582995646.717999935

1582995646.720000029

1582995646.723000050

1582995646.724999905

1582995646.726999998

1582995646.729000092

1582995646.730999947

1582995646.734999895

1582995646.736000061

1582995646.737999916

1582995646.740000010

1582995646.742000103

1582995646.743999958

1582995646.746999979

1582995646.749000072

1582995646.750000000

1582995646.753000021

1582995646.755000114

1582995646.756999969

1582995646.759999990

1582995646.762000084

1582995646.763999939

1582995646.766000032

1582995646.767999887

1582995646.769000053

1582995646.773000002

1582995646.775000095

1582995646.776999950

1582995646.778000116

1582995646.779999971

1582995646.783999920

1582995646.786000013

1582995646.786999941

1582995646.789000034

1582995646.790999889

1582995646.792999983

1582995646.796000004

1582995646.798000097

1582995646.799999952

1582995646.802000046

1582995646.803999901

1582995646.805000067

1582995646.809000015

1582995646.811000109

1582995646.812000036

1582995646.815000057

1582995646.815999985

1582995646.819999933

1582995646.822000027

1582995646.823999882

1582995646.825999975

1582995646.826999903

1582995646.831000090

1582995646.832999945

1582995646.835000038

1582995646.835999966

1582995646.838000059

1582995646.839999914

1582995646.842999935

1582995646.845000029

1582995646.846999884

1582995646.848999977

1582995646.851000071

1582995646.851999998

1582995646.855999947

1582995646.858000040

1582995646.859999895

1582995646.861000061

1582995646.862999916

1582995646.867000103

1582995646.869999886

1582995646.871000051

1582995646.872999907

1582995646.875000000

1582995646.877000093

1582995646.880000114

1582995646.881999969

1582995646.884000063

1582995646.885999918

1582995646.888000011

1582995646.888999939

1582995646.892999887

1582995646.894999981

1582995646.897000074

1582995646.898999929

1582995646.900000095

1582995646.904000044

1582995646.905999899

1582995646.907000065

1582995646.908999920

1582995646.911000013

1582995646.914999962

1582995646.917000055

1582995646.917999983

1582995646.920000076

1582995646.921999931

1582995646.924000025

1582995646.927000046

1582995646.928999901

1582995646.930999994

1582995646.933000088

1582995646.934999943

1582995646.938999891

1582995646.940000057

1582995646.941999912

1582995646.944000006

1582995646.946000099

1582995646.947000027

1582995646.950999975

1582995646.953000069

1582995646.953999996

1582995646.956000090

1582995646.957999945

1582995646.960000038

1582995646.963000059

1582995646.966000080

1582995646.967999935

1582995646.970000029

1582995646.970999956

1582995646.974999905

1582995646.976999998

1582995646.977999926

1582995646.980000019

1582995646.982000113

1582995646.984999895

1582995646.987999916

1582995646.990000010

1582995646.992000103

1582995646.993999958

1582995646.996000051

1582995646.996999979

1582995647.000999928

1582995647.003000021

1582995647.003999949

1582995647.006000042

1582995647.007999897

1582995647.012000084

1582995647.013999939

1582995647.016000032

1582995647.017999887

1582995647.019999981

1582995647.023000002

1582995647.025000095

1582995647.026999950

1582995647.028000116

1582995647.029999971

1582995647.032000065

1582995647.035000086

1582995647.036999941

1582995647.039000034

1582995647.040999889

1582995647.042000055

1582995647.043999910

1582995647.048000097

1582995647.049999952

1582995647.052000046

1582995647.052999973

1582995647.055000067

1582995647.059000015

1582995647.061000109

1582995647.062000036

1582995647.063999891

1582995647.065999985

1582995647.068000078

1582995647.071000099

1582995647.072999954

1582995647.075000048

1582995647.076999903

1582995647.078000069

1582995647.079999924

1582995647.084000111

1582995647.085999966

1582995647.088000059

1582995647.089999914

1582995647.091000080

1582995647.095000029

1582995647.096999884

1582995647.098999977

1582995647.101000071

1582995647.102999926

1582995647.105000019

1582995647.108000040

1582995647.109999895

1582995647.111999989

1582995647.114000082

1582995647.115999937

1582995647.118999958

1582995647.121000051

1582995647.122999907

1582995647.125000000

1582995647.127000093

1582995647.128000021

1582995647.131999969

1582995647.134000063

1582995647.135999918

1582995647.138000011

1582995647.138999939

1582995647.142999887

1582995647.144999981

1582995647.145999908

1582995647.148000002

1582995647.150000095

1582995647.151999950

1582995647.154999971

1582995647.157000065

1582995647.158999920

1582995647.161000013

1582995647.161999941

1582995647.164000034

1582995647.167000055

1582995647.168999910

1582995647.171000004

1582995647.173000097

1582995647.174000025

1582995647.176000118

1582995647.180000067

1582995647.180999994

1582995647.183000088

1582995647.184999943

1582995647.187000036

1582995647.187999964

1582995647.191999912

1582995647.194000006

1582995647.194999933

1582995647.198999882

1582995647.203000069

1582995647.203999996

1582995647.206000090

1582995647.207999945

1582995647.210000038

1582995647.213999987

1582995647.217000008

1582995647.217999935

1582995647.220000029

1582995647.221999884

1582995647.223999977

1582995647.227999926

1582995647.230000019

1582995647.232000113

1582995647.233999968

1582995647.234999895

1582995647.239000082

1582995647.240999937

1582995647.242000103

1582995647.243999958

1582995647.246000051

1582995647.247999907

1582995647.250999928

1582995647.253000021

1582995647.255000114

1582995647.256999969

1582995647.259000063

1582995647.259999990

1582995647.263999939

1582995647.266000032

1582995647.267999887

1582995647.269000053

1582995647.270999908

1582995647.275000095

1582995647.276999950

1582995647.279000044

1582995647.280999899

1582995647.282999992

1582995647.286999941

1582995647.289000034

1582995647.289999962

1582995647.292000055

1582995647.293999910

1582995647.296000004

1582995647.299000025

1582995647.301000118

1582995647.302999973

1582995647.303999901

1582995647.305999994

1582995647.308000088

1582995647.312000036

1582995647.313999891

1582995647.315999985

1582995647.318000078

1582995647.319999933

1582995647.322999954

1582995647.325000048

1582995647.326999903

1582995647.328999996

1582995647.331000090

1582995647.335000038

1582995647.336999893

1582995647.338999987

1582995647.341000080

1582995647.342999935

1582995647.345000029

1582995647.348000050

1582995647.349999905

1582995647.351999998

1582995647.354000092

1582995647.355999947

1582995647.358999968

1582995647.361000061

1582995647.362999916

1582995647.365000010

1582995647.367000103

1582995647.368000031

1582995647.371999979

1582995647.374000072

1582995647.375999928

1582995647.378000021

1582995647.378999949

1582995647.382999897

1582995647.384999990

1582995647.385999918

1582995647.388000011

1582995647.390000105

1582995647.391000032

1582995647.394999981

1582995647.397000074

1582995647.398000002

1582995647.400000095

1582995647.401999950

1582995647.404000044

1582995647.407000065

1582995647.408999920

1582995647.411000013

1582995647.413000107

1582995647.414000034

1582995647.415999889

1582995647.420000076

1582995647.421999931

1582995647.423000097

1582995647.424999952

1582995647.426000118

1582995647.427999973

1582995647.430999994

1582995647.433000088

1582995647.434999943

1582995647.437000036

1582995647.438999891

1582995647.440000057

1582995647.444000006

1582995647.447000027

1582995647.450000048

1582995647.451999903

1582995647.453000069

1582995647.457000017

1582995647.459000111

1582995647.460999966

1582995647.463000059

1582995647.463999987

1582995647.467999935

1582995647.470000029

1582995647.471999884

1582995647.473000050

1582995647.474999905

1582995647.476999998

1582995647.480000019

1582995647.482000113

1582995647.483999968

1582995647.484999895

1582995647.486999989

1582995647.489000082

1582995647.492000103

1582995647.493999958

1582995647.496000051

1582995647.497999907

1582995647.499000072

1582995647.500999928

1582995647.505000114

1582995647.506999969

1582995647.507999897

1582995647.509999990

1582995647.512000084

1582995647.516000032

1582995647.517999887

1582995647.519999981

1582995647.520999908

1582995647.523000002

1582995647.526999950

1582995647.529000044

1582995647.529999971

1582995647.532999992

1582995647.533999920

1582995647.536000013

1582995647.539000034

1582995647.540999889

1582995647.542999983

1582995647.545000076

1582995647.546999931

1582995647.548000097

1582995647.552000046

1582995647.553999901

1582995647.555000067

1582995647.556999922

1582995647.559000015

1582995647.562999964

1582995647.565999985

1582995647.575999975

1582995647.578000069

1582995647.578999996

1582995647.581000090

1582995647.582999945

1582995647.585000038

1582995647.588000059

1582995647.589999914

1582995647.592000008

1582995647.594000101

1582995647.595000029

1582995647.596999884

1582995647.601000071

1582995647.602999926

1582995647.605000019

1582995647.605999947

1582995647.608000040

1582995647.611999989

1582995647.614000082

1582995647.615999937

1582995647.618000031

1582995647.619999886

1582995647.622999907

1582995647.625000000

1582995647.627000093

1582995647.628999949

1582995647.631000042

1582995647.631999969

1582995647.635999918

1582995647.638000011

1582995647.640000105

1582995647.641999960

1582995647.642999887

1582995647.647000074

1582995647.648999929

1582995647.650000095

1582995647.651999950

1582995647.654000044

1582995647.655999899

1582995647.658999920

1582995647.661000013

1582995647.663000107

1582995647.664999962

1582995647.667000055

1582995647.667999983

1582995647.671999931

1582995647.674000025

1582995647.676000118

1582995647.677999973

1582995647.678999901

1582995647.684000015

1582995647.686000109

1582995647.687000036

1582995647.688999891

1582995647.690999985

1582995647.693000078

1582995647.696000099

1582995647.697999954

1582995647.700000048

1582995647.701999903

1582995647.703999996

1582995647.704999924

1582995647.709000111

1582995647.710999966

1582995647.713999987

1582995647.714999914

1582995647.719000101

1582995647.720999956

1582995647.723000050

1582995647.724999905

1582995647.726000071

1582995647.727999926

1582995647.732000113

1582995647.733999968

1582995647.736000061

1582995647.737999916

1582995647.740000010

1582995647.743000031

1582995647.744999886

1582995647.746999979

1582995647.749000072

1582995647.750000000

1582995647.752000093

1582995647.756000042

1582995647.756999969

1582995647.759000063

1582995647.760999918

1582995647.763000011

1582995647.763999939

1582995647.767999887

1582995647.769999981

1582995647.772000074

1582995647.773000002

1582995647.775000095

1582995647.779000044

1582995647.780999899

1582995647.782000065

1582995647.783999920

1582995647.786000013

1582995647.788000107

1582995647.790999889

1582995647.792999983

1582995647.795000076

1582995647.798000097

1582995647.799999952

1582995647.801000118

1582995647.805000067

1582995647.806999922

1582995647.809000015

1582995647.809999943

1582995647.812000036

1582995647.815999985

1582995647.818000078

1582995647.819999933

1582995647.822000027

1582995647.823999882

1582995647.826999903

1582995647.828999996

1582995647.831000090

1582995647.832999945

1582995647.835000038

1582995647.835999966

1582995647.839999914

1582995647.842000008

1582995647.844000101

1582995647.845999956

1582995647.848000050

1582995647.851000071

1582995647.852999926

1582995647.854000092

1582995647.855999947

1582995647.858000040

1582995647.859999895

1582995647.862999916

1582995647.865000010

1582995647.867000103

1582995647.868000031

1582995647.869999886

1582995647.871999979

1582995647.875000000

1582995647.877000093

1582995647.878999949

1582995647.881000042

1582995647.882999897

1582995647.884999990

1582995647.888000011

1582995647.890000105

1582995647.891000032

1582995647.892999887

1582995647.894999981

1582995647.898999929

1582995647.901000023

1582995647.901999950

1582995647.904000044

1582995647.905999899

1582995647.907999992

1582995647.911000013

1582995647.914000034

1582995647.915999889

1582995647.917999983

1582995647.920000076

1582995647.924000025

1582995647.926000118

1582995647.927999973

1582995647.928999901

1582995647.930999994

1582995647.934999943

1582995647.937000036

1582995647.937999964

1582995647.940000057

1582995647.941999912

1582995647.944000006

1582995647.947000027

1582995647.948999882

1582995647.950999975

1582995647.953000069

1582995647.954999924

1582995647.956000090

1582995647.960000038

1582995647.961999893

1582995647.963999987

1582995647.966000080

1582995647.967999935

1582995647.970999956

1582995647.973000050

1582995647.974999905

1582995647.976999998

1582995647.979000092

1582995647.980000019

1582995647.983999968

1582995647.986000061

1582995647.987999916

1582995647.989000082

1582995647.990999937

1582995647.994999886

1582995647.996999979

1582995647.997999907

1582995648.000000000

1582995648.002000093

1582995648.003999949

1582995648.006999969

1582995648.009000063

1582995648.010999918

1582995648.013000011

1582995648.015000105

1582995648.017999887

1582995648.019999981

1582995648.022000074

1582995648.023999929

1582995648.026000023

1582995648.029000044

1582995648.032000065

1582995648.033999920

1582995648.035000086

1582995648.059000015

1582995648.092000008

1582995648.131999969

1582995648.168999910

1582995648.170000076

1582995648.171999931

1582995648.176000118

1582995648.177999973

1582995648.178999901

1582995648.180999994

1582995648.183000088

1582995648.187000036

1582995648.187999964

1582995648.190000057

1582995648.191999912

1582995648.194000006

1582995648.196000099

1582995648.198999882

1582995648.200999975

1582995648.203000069

1582995648.204999924

1582995648.206000090

1582995648.207999945

1582995648.211999893

1582995648.213999987

1582995648.216000080

1582995648.217999935

1582995648.219000101

1582995648.223000050

1582995648.224999905

1582995648.226999998

1582995648.229000092

1582995648.230000019

1582995648.233999968

1582995648.236000061

1582995648.236999989

1582995648.239000082

1582995648.240999937

1582995648.243000031

1582995648.246000051

1582995648.247999907

1582995648.250000000

1582995648.252000093

1582995648.253000021

1582995648.255000114

1582995648.257999897

1582995648.260999918

1582995648.263000011

1582995648.265000105

1582995648.266000032

1582995648.267999887

1582995648.272000074

1582995648.273999929

1582995648.275000095

1582995648.276999950

1582995648.279000044

1582995648.282999992

1582995648.285000086

1582995648.286000013

1582995648.288000107

1582995648.289999962

1582995648.292000055

1582995648.295000076

1582995648.296999931

1582995648.299000025

1582995648.301000118

1582995648.302999973

1582995648.303999901

1582995648.308000088

1582995648.309999943

1582995648.312000036

1582995648.313999891

1582995648.318000078

1582995648.319999933

1582995648.321000099

1582995648.322999954

1582995648.325000048

1582995648.326999903

1582995648.329999924

1582995648.332000017

1582995648.334000111

1582995648.335999966

1582995648.338000059

1582995648.342000008

1582995648.344000101

1582995648.345000029

1582995648.346999884

1582995648.348999977

1582995648.351000071

1582995648.354000092

1582995648.355999947

1582995648.358000040

1582995648.359999895

1582995648.361000061

1582995648.362999916

1582995648.367000103

1582995648.368000031

1582995648.369999886

1582995648.371999979

1582995648.374000072

1582995648.378999949

1582995648.380000114

1582995648.381999969

1582995648.384000063

1582995648.385999918

1582995648.387000084

1582995648.391000032

1582995648.392999887

1582995648.394000053

1582995648.395999908

1582995648.398000002

1582995648.400000095

1582995648.403000116

1582995648.404999971

1582995648.407000065

1582995648.408999920

1582995648.410000086

1582995648.411999941

1582995648.415999889

1582995648.417999983

1582995648.418999910

1582995648.421000004

1582995648.423000097

1582995648.427000046

1582995648.428999901

1582995648.430000067

1582995648.431999922

1582995648.434000015

1582995648.436000109

1582995648.438999891

1582995648.440999985

1582995648.443000078

1582995648.444999933

1582995648.446000099

1582995648.447999954

1582995648.450999975

1582995648.453000069

1582995648.454999924

1582995648.457000017

1582995648.459000111

1582995648.461999893

1582995648.463999987

1582995648.466000080

1582995648.467999935

1582995648.469000101

1582995648.470999956

1582995648.474999905

1582995648.476999998

1582995648.477999926

1582995648.480000019

1582995648.482000113

1582995648.486000061

1582995648.487999916

1582995648.489000082

1582995648.492000103

1582995648.493999958

1582995648.496000051

1582995648.499000072

1582995648.500999928

1582995648.503000021

1582995648.505000114

1582995648.506999969

1582995648.507999897

1582995648.512000084

1582995648.513999939

1582995648.516000032

1582995648.517999887

1582995648.522000074

1582995648.529999971

1582995648.529999971

1582995648.529999971

1582995648.533999920

1582995648.535000086

1582995648.536999941

1582995648.539000034

1582995648.540999889

1582995648.542999983

1582995648.546000004

1582995648.548000097

1582995648.549999952

1582995648.552000046

1582995648.552999973

1582995648.555000067

1582995648.558000088

1582995648.559999943

1582995648.562000036

1582995648.563999891

1582995648.565999985

1582995648.566999912

1582995648.571000099

1582995648.572999954

1582995648.573999882

1582995648.575999975

1582995648.578000069

1582995648.582000017

1582995648.582999945

1582995648.585000038

1582995648.586999893

1582995648.588999987

1582995648.589999914

1582995648.594000101

1582995648.595999956

1582995648.598000050

1582995648.598999977

1582995648.601000071

1582995648.602999926

1582995648.605999947

1582995648.608999968

1582995648.611000061

1582995648.612999916

1582995648.615000010

1582995648.618000031

1582995648.621000051

1582995648.621999979

1582995648.624000072

1582995648.625999928

1582995648.630000114

1582995648.631000042

1582995648.632999897

1582995648.634999990

1582995648.637000084

1582995648.638000011

1582995648.641999960

1582995648.644000053

1582995648.644999981

1582995648.648999929

1582995648.651000023

1582995648.654000044

1582995648.655999899

1582995648.657999992

1582995648.660000086

1582995648.661000013

1582995648.663000107

1582995648.667000055

1582995648.668999910

1582995648.671000004

1582995648.671999931

1582995648.674000025

1582995648.677999973

1582995648.678999901

1582995648.680999994

1582995648.683000088

1582995648.684999943

1582995648.687000036

1582995648.690000057

1582995648.691999912

1582995648.694000006

1582995648.696000099

1582995648.697000027

1582995648.698999882

1582995648.701999903

1582995648.703999996

1582995648.704999924

1582995648.707000017

1582995648.709000111

1582995648.713000059

1582995648.714999914

1582995648.717000008

1582995648.719000101

1582995648.720000029

1582995648.721999884

1582995648.726999998

1582995648.727999926

1582995648.730000019

1582995648.732000113

1582995648.733999968

1582995648.737999916

1582995648.739000082

1582995648.740999937

1582995648.743000031

1582995648.744999886

1582995648.746999979

1582995648.750000000

1582995648.752000093

1582995648.753999949

1582995648.756000042

1582995648.757999897

1582995648.759000063

1582995648.763000011

1582995648.765000105

1582995648.766999960

1582995648.769000053

1582995648.769999981

1582995648.773999929

1582995648.775000095

1582995648.776999950

1582995648.779000044

1582995648.780999899

1582995648.782999992

1582995648.786000013

1582995648.788000107

1582995648.789999962

1582995648.792000055

1582995648.792999983

1582995648.795000076

1582995648.799000025

1582995648.799999952

1582995648.802000046

1582995648.803999901

1582995648.805999994

1582995648.809999943

1582995648.812000036

1582995648.813999891

1582995648.815999985

1582995648.821000099

1582995648.822999954

1582995648.825000048

1582995648.826999903

1582995648.828000069

1582995648.829999924

1582995648.832999945

1582995648.835000038

1582995648.836999893

1582995648.839999914

1582995648.842000008

1582995648.842999935

1582995648.846999884

1582995648.848999977

1582995648.849999905

1582995648.851999998

1582995648.854000092

1582995648.858000040

1582995648.858999968

1582995648.861000061

1582995648.862999916

1582995648.865000010

1582995648.865999937

1582995648.869999886

1582995648.871999979

1582995648.874000072

1582995648.875999928

1582995648.877000093

1582995648.878999949

1582995648.882999897

1582995648.884999990

1582995648.885999918

1582995648.888000011

1582995648.890000105

1582995648.894000053

1582995648.894999981

1582995648.897000074

1582995648.898999929

1582995648.901000023

1582995648.903000116

1582995648.905999899

1582995648.907999992

1582995648.910000086

1582995648.911999941

1582995648.914000034

1582995648.917999983

1582995648.920000076

1582995648.921999931

1582995648.923000097

1582995648.924999952

1582995648.928999901

1582995648.930999994

1582995648.931999922

1582995648.934000015

1582995648.936000109

1582995648.937999964

1582995648.941999912

1582995648.944000006

1582995648.944999933

1582995648.947000027

1582995648.950000048

1582995648.953000069

1582995648.956000090

1582995648.957999945

1582995648.960000038

1582995648.960999966

1582995648.963000059

1582995648.967000008

1582995648.969000101

1582995648.970999956

1582995648.973000050

1582995648.974999905

1582995648.977999926

1582995648.980000019

1582995648.982000113

1582995648.983999968

1582995648.984999895

1582995648.986999989

1582995648.990999937

1582995648.993000031

1582995648.994999886

1582995648.996999979

1582995648.997999907

1582995649.002000093

1582995649.003999949

1582995649.005000114

1582995649.007999897

1582995649.009000063

1582995649.013000011

1582995649.015000105

1582995649.016000032

1582995649.017999887

1582995649.019999981

1582995649.022000074

1582995649.025000095

1582995649.026999950

1582995649.029000044

1582995649.030999899

1582995649.032999992

1582995649.033999920

1582995649.038000107

1582995649.039999962

1582995649.040999889

1582995649.042999983

1582995649.045000076

1582995649.049000025

1582995649.049999952

1582995649.052000046

1582995649.053999901

1582995649.055999994

1582995649.058000088

1582995649.061000109

1582995649.062999964

1582995649.065000057

1582995649.066999912

1582995649.068000078

1582995649.069999933

1582995649.075000048

1582995649.076999903

1582995649.078999996

1582995649.079999924

1582995649.082000017

1582995649.085999966

1582995649.088000059

1582995649.088999987

1582995649.091000080

1582995649.092999935

1582995649.095000029

1582995649.098000050

1582995649.099999905

1582995649.101999998

1582995649.104000092

1582995649.105000019

1582995649.107000113

1582995649.111000061

1582995649.112999916

1582995649.115000010

1582995649.117000103

1582995649.121000051

1582995649.122999907

1582995649.125000000

1582995649.127000093

1582995649.128999949

1582995649.132999897

1582995649.134000063

1582995649.135999918

1582995649.138000011

1582995649.140000105

1582995649.141000032

1582995649.144999981

1582995649.147000074

1582995649.148999929

1582995649.151000023

1582995649.151999950

1582995649.154000044

1582995649.157000065

1582995649.158999920

1582995649.161000013

1582995649.163000107

1582995649.164000034

1582995649.165999889

1582995649.170000076

1582995649.171999931

1582995649.174000025

1582995649.174999952

1582995649.177000046

1582995649.180999994

1582995649.181999922

1582995649.184000015

1582995649.186000109

1582995649.188999891

1582995649.190999985

1582995649.194000006

1582995649.196000099

1582995649.197999954

1582995649.200000048

1582995649.201999903

1582995649.203000069

1582995649.207000017

1582995649.209000111

1582995649.210999966

1582995649.213000059

1582995649.217000008

1582995649.219000101

1582995649.220000029

1582995649.221999884

1582995649.223999977

1582995649.226000071

1582995649.229000092

1582995649.230999947

1582995649.233000040

1582995649.234999895

1582995649.236000061

1582995649.237999916

1582995649.242000103

1582995649.243000031

1582995649.244999886

1582995649.246999979

1582995649.249000072

1582995649.253000021

1582995649.253999949

1582995649.256000042

1582995649.257999897

1582995649.259999990

1582995649.262000084

1582995649.265000105

1582995649.266999960

1582995649.269000053

1582995649.270999908

1582995649.272000074

1582995649.273999929

1582995649.278000116

1582995649.279999971

1582995649.280999899

1582995649.282999992

1582995649.285000086

1582995649.289000034

1582995649.290999889

1582995649.292000055

1582995649.293999910

1582995649.296000004

1582995649.298000097

1582995649.301000118

1582995649.303999901

1582995649.305999994

1582995649.308000088

1582995649.309999943

1582995649.312999964

1582995649.315000057

1582995649.316999912

1582995649.319000006

1582995649.321000099

1582995649.322000027

1582995649.325999975

1582995649.328000069

1582995649.328999996

1582995649.331000090

1582995649.332999945

1582995649.336999893

1582995649.338999987

1582995649.339999914

1582995649.342000008

1582995649.344000101

1582995649.345999956

1582995649.349999905

1582995649.351999998

1582995649.354000092

1582995649.355999947

1582995649.357000113

1582995649.361000061

1582995649.362999916

1582995649.365000010

1582995649.367000103

1582995649.368999958

1582995649.369999886

1582995649.374000072

1582995649.375999928

1582995649.378000021

1582995649.378999949

1582995649.381000042

1582995649.384999990

1582995649.387000084

1582995649.388000011

1582995649.390000105

1582995649.391999960

1582995649.394000053

1582995649.397000074

1582995649.398999929

1582995649.401000023

1582995649.403000116

1582995649.404000044

1582995649.405999899

1582995649.408999920

1582995649.411999941

1582995649.415999889

1582995649.417999983

1582995649.424999952

1582995649.426000118

1582995649.427999973

1582995649.430000067

1582995649.434000015

1582995649.434999943

1582995649.437000036

1582995649.438999891

1582995649.440999985

1582995649.443000078

1582995649.446000099

1582995649.447999954

1582995649.450000048

1582995649.451999903

1582995649.453999996

1582995649.454999924

1582995649.459000111

1582995649.460999966

1582995649.463000059

1582995649.463999987

1582995649.466000080

1582995649.470000029

1582995649.470999956

1582995649.473000050

1582995649.474999905

1582995649.476999998

1582995649.477999926

1582995649.482000113

1582995649.483999968

1582995649.486000061

1582995649.487999916

1582995649.489000082

1582995649.490999937

1582995649.494999886

1582995649.496999979

1582995649.497999907

1582995649.500000000

1582995649.502000093

1582995649.506000042

1582995649.506999969

1582995649.509000063

1582995649.512000084

1582995649.513999939

1582995649.516999960

1582995649.519000053

1582995649.520999908

1582995649.523000002

1582995649.525000095

1582995649.526000023

1582995649.529999971

1582995649.532000065

1582995649.532999992

1582995649.536999941

1582995649.538000107

1582995649.546000004

1582995649.548000097

1582995649.549999952

1582995649.553999901

1582995649.555999994

1582995649.556999922

1582995649.559000015

1582995649.561000109

1582995649.562999964

1582995649.565999985

1582995649.568000078

1582995649.569999933

1582995649.572000027

1582995649.572999954

1582995649.575000048

1582995649.578000069

1582995649.579999924

1582995649.582000017

1582995649.584000111

1582995649.585000038

1582995649.586999893

1582995649.591000080

1582995649.592000008

1582995649.594000101

1582995649.595999956

1582995649.598000050

1582995649.601000071

1582995649.602999926

1582995649.605000019

1582995649.607000113

1582995649.608999968

1582995649.611999989

1582995649.615000010

1582995649.615999937

1582995649.618000031

1582995649.619999886

1582995649.621999979

1582995649.625999928

1582995649.628000021

1582995649.628999949

1582995649.631000042

1582995649.632999897

1582995649.637000084

1582995649.638000011

1582995649.640000105

1582995649.641999960

1582995649.644000053

1582995649.645999908

1582995649.648999929

1582995649.651999950

1582995649.654000044

1582995649.655999899

1582995649.657000065

1582995649.658999920

1582995649.663000107

1582995649.664000034

1582995649.665999889

1582995649.667999983

1582995649.670000076

1582995649.674000025

1582995649.676000118

1582995649.677000046

1582995649.678999901

1582995649.680999994

1582995649.683000088

1582995649.686000109

1582995649.687999964

1582995649.690000057

1582995649.691999912

1582995649.693000078

1582995649.694999933

1582995649.697999954

1582995649.700000048

1582995649.701999903

1582995649.703999996

1582995649.706000090

1582995649.707000017

1582995649.710999966

1582995649.713000059

1582995649.714999914

1582995649.717000008

1582995649.720999956

1582995649.723000050

1582995649.723999977

1582995649.726000071

1582995649.727999926

1582995649.730000019

1582995649.733000040

1582995649.734999895

1582995649.736999989

1582995649.739000082

1582995649.740999937

1582995649.743999958

1582995649.746000051

1582995649.747999907

1582995649.750000000

1582995649.752000093

1582995649.753000021

1582995649.756999969

1582995649.759000063

1582995649.759999990

1582995649.762000084

1582995649.763999939

1582995649.766000032

1582995649.769999981

1582995649.772000074

1582995649.773999929

1582995649.776000023

1582995649.776999950

1582995649.779000044

1582995649.782999992

1582995649.785000086

1582995649.786000013

1582995649.788000107

1582995649.789999962

1582995649.793999910

1582995649.795000076

1582995649.796999931

1582995649.799000025

1582995649.801000118

1582995649.802999973

1582995649.805999994

1582995649.808000088

1582995649.809999943

1582995649.812000036

1582995649.813999891

1582995649.818000078

1582995649.819999933

1582995649.822000027

1582995649.822999954

1582995649.825000048

1582995649.828999996

1582995649.829999924

1582995649.832000017

1582995649.834000111

1582995649.835999966

1582995649.838000059

1582995649.841000080

1582995649.842999935

1582995649.845000029

1582995649.846999884

1582995649.848000050

1582995649.849999905

1582995649.854000092

1582995649.855000019

1582995649.857000113

1582995649.858999968

1582995649.861000061

1582995649.865000010

1582995649.865999937

1582995649.868000031

1582995649.869999886

1582995649.871999979

1582995649.872999907

1582995649.877000093

1582995649.878999949

1582995649.881000042

1582995649.884000063

1582995649.884999990

1582995649.887000084

1582995649.890000105

1582995649.891999960

1582995649.894000053

1582995649.895999908

1582995649.898000002

1582995649.898999929

1582995649.903000116

1582995649.904999971

1582995649.905999899

1582995649.907999992

1582995649.910000086

1582995649.914999962

1582995649.917000055

1582995649.918999910

1582995649.920000076

1582995649.921999931

1582995649.926000118

1582995649.927999973

1582995649.930000067

1582995649.931999922

1582995649.933000088

1582995649.934999943

1582995649.938999891

1582995649.940999985

1582995649.943000078

1582995649.944000006

1582995649.946000099

1582995649.950000048

1582995649.950999975

1582995649.953000069

1582995649.954999924

1582995649.957000017

1582995649.959000111

1582995649.963000059

1582995649.964999914

1582995649.967000008

1582995649.969000101

1582995649.970999956

1582995649.973999977

1582995649.976000071

1582995649.977999926

1582995649.980000019

1582995649.982000113

1582995649.983000040

1582995649.986999989

1582995649.989000082

1582995649.990999937

1582995649.992000103

1582995649.993999958

1582995649.997999907

1582995650.000999928

1582995650.002000093

1582995650.003999949

1582995650.006000042

1582995650.007999897

1582995650.010999918

1582995650.013000011

1582995650.015000105

1582995650.016999960

1582995650.019000053

1582995650.022000074

1582995650.023999929

1582995650.026000023

1582995650.028000116

1582995650.029999971

1582995650.032999992

1582995650.035000086

1582995650.036999941

1582995650.039000034

1582995650.040999889

1582995650.042000055

1582995650.046000004

1582995650.046999931

1582995650.049000025

1582995650.051000118

1582995650.052999973

1582995650.053999901

1582995650.058000088

1582995650.059999943

1582995650.062000036

1582995650.063999891

1582995650.065000057

1582995650.066999912

1582995650.071000099

1582995650.072999954

1582995650.073999882

1582995650.075999975

1582995650.078000069

1582995650.082000017

1582995650.082999945

1582995650.085000038

1582995650.086999893

1582995650.088999987

1582995650.091000080

1582995650.094000101

1582995650.095999956

1582995650.098000050

1582995650.099999905

1582995650.101999998

1582995650.102999926

1582995650.107000113

1582995650.108999968

1582995650.111000061

1582995650.112999916

1582995650.114000082

1582995650.118999958

1582995650.121000051

1582995650.122999907

1582995650.125000000

1582995650.127000093

1582995650.130000114

1582995650.131999969

1582995650.134000063

1582995650.135999918

1582995650.137000084

1582995650.138999939

1582995650.142999887

1582995650.144000053

1582995650.145999908

1582995650.148000002

1582995650.150000095

1582995650.154000044

1582995650.155999899

1582995650.157000065

1582995650.158999920

1582995650.161000013

1582995650.163000107

1582995650.165999889

1582995650.167999983

1582995650.170000076

1582995650.171999931

1582995650.173000097

1582995650.174999952

1582995650.177999973

1582995650.180000067

1582995650.181999922

1582995650.184000015

1582995650.186000109

1582995650.187000036

1582995650.190999985

1582995650.193000078

1582995650.194000006

1582995650.196000099

1582995650.197999954

1582995650.201999903

1582995650.203000069

1582995650.204999924

1582995650.207000017

1582995650.209000111

1582995650.211999893

1582995650.213999987

1582995650.216000080

1582995650.217999935

1582995650.220000029

1582995650.221999884

1582995650.224999905

1582995650.226999998

1582995650.229000092

1582995650.232000113

1582995650.233000040

1582995650.234999895

1582995650.239000082

1582995650.240000010

1582995650.242000103

1582995650.243999958

1582995650.246000051

1582995650.250000000

1582995650.252000093

1582995650.253000021

1582995650.255000114

1582995650.256999969

1582995650.257999897

1582995650.262000084

1582995650.263999939

1582995650.265000105

1582995650.266999960

1582995650.269000053

1582995650.269999981

1582995650.273999929

1582995650.276000023

1582995650.276999950

1582995650.279000044

1582995650.280999899

1582995650.282999992

1582995650.286000013

1582995650.288000107

1582995650.289999962

1582995650.292000055

1582995650.292999983

1582995650.295000076

1582995650.299000025

1582995650.302000046

1582995650.341000080

1582995650.381999969

1582995650.418999910

1582995650.434999943

1582995650.437000036

1582995650.437999964

1582995650.441999912

1582995650.444000006

1582995650.444999933

1582995650.447000027

1582995650.448999882

1582995650.450999975

1582995650.453999996

1582995650.456000090

1582995650.457999945

1582995650.460000038

1582995650.460999966

1582995650.463999987

1582995650.467000008

1582995650.469000101

1582995650.470999956

1582995650.471999884

1582995650.473999977

1582995650.476000071

1582995650.480000019

1582995650.480999947

1582995650.483000040

1582995650.484999895

1582995650.486999989

1582995650.490999937

1582995650.492000103

1582995650.493999958

1582995650.496000051

1582995650.497999907

1582995650.499000072

1582995650.503000021

1582995650.505000114

1582995650.506999969

1582995650.509000063

1582995650.509999990

1582995650.515000105

1582995650.516999960

1582995650.519000053

1582995650.520999908

1582995650.523000002

1582995650.523999929

1582995650.528000116

1582995650.529999971

1582995650.530999899

1582995650.532999992

1582995650.535000086

1582995650.539000034

1582995650.540999889

1582995650.542000055

1582995650.543999910

1582995650.546000004

1582995650.548000097

1582995650.551000118

1582995650.552999973

1582995650.555000067

1582995650.556999922

1582995650.559000015

1582995650.604000092

1582995650.687999964

1582995650.688999891

1582995650.690999985

1582995650.696000099

1582995650.697000027

1582995650.698999882

1582995650.700999975

1582995650.703000069

1582995650.703999996

1582995650.707999945

1582995650.710000038

1582995650.710999966

1582995650.713999987

1582995650.716000080

1582995650.719000101

1582995650.720999956

1582995650.723000050

1582995650.724999905

1582995650.726000071

1582995650.727999926

1582995650.732000113

1582995650.733999968

1582995650.734999895

1582995650.736999989

1582995650.739000082

1582995650.743000031

1582995650.743999958

1582995650.746000051

1582995650.747999907

1582995650.750000000

1582995650.750999928

1582995650.755000114

1582995650.756999969

1582995650.759000063

1582995650.759999990

1582995650.762000084

1582995650.763999939

1582995650.767999887

1582995650.769999981

1582995650.770999908

1582995650.773000002

1582995650.775000095

1582995650.779000044

1582995650.779999971

1582995650.782000065

1582995650.783999920

1582995650.786000013

1582995650.786999941

1582995650.790999889

1582995650.792999983

1582995650.795000076

1582995650.796999931

1582995650.798000097

1582995650.799999952

1582995650.803999901

1582995650.805999994

1582995650.806999922

1582995650.809000015

1582995650.812000036

1582995650.815999985

1582995650.818000078

1582995650.819999933

1582995650.822000027

1582995650.823999882

1582995650.825000048

1582995650.828999996

1582995650.831000090

1582995650.832999945

1582995650.834000111

1582995650.835999966

1582995650.839999914

1582995650.841000080

1582995650.842999935

1582995650.845000029

1582995650.846999884

1582995650.848000050

1582995650.851999998

1582995650.854000092

1582995650.855000019

1582995650.858000040

1582995650.858999968

1582995650.861000061

1582995650.865000010

1582995650.867000103

1582995650.868000031

1582995650.869999886

1582995650.871999979

1582995650.875999928

1582995650.877000093

1582995650.878999949

1582995650.881000042

1582995650.882999897

1582995650.884000063

1582995650.888000011

1582995650.890000105

1582995650.891999960

1582995650.894000053

1582995650.894999981

1582995650.897000074

1582995650.901000023

1582995650.901999950

1582995650.904000044

1582995650.905999899

1582995650.907999992

1582995650.911000013

1582995650.914000034

1582995650.914999962

1582995650.917000055

1582995650.918999910

1582995650.923000097

1582995650.924999952

1582995650.927000046

1582995650.928999901

1582995650.930999994

1582995650.933000088

1582995650.936000109

1582995650.937999964

1582995650.940000057

1582995650.941999912

1582995650.943000078

1582995650.944999933

1582995650.948999882

1582995650.950000048

1582995650.951999903

1582995650.953999996

1582995650.956000090

1582995650.960000038

1582995650.960999966

1582995650.963000059

1582995650.964999914

1582995650.967000008

1582995650.969000101

1582995650.973000050

1582995650.974999905

1582995650.976999998

1582995650.979000092

1582995650.980999947

1582995650.983999968

1582995650.986000061

1582995650.987999916

1582995650.990000010

1582995650.990999937

1582995650.993000031

1582995650.996999979

1582995650.999000072

1582995651.000000000

1582995651.002000093

1582995651.003999949

1582995651.007999897

1582995651.009000063

1582995651.010999918

1582995651.013000011

1582995651.015000105

1582995651.019000053

1582995651.020999908

1582995651.023000002

1582995651.023999929

1582995651.026000023

1582995651.028000116

1582995651.032000065

1582995651.032999992

1582995651.035000086

1582995651.036999941

1582995651.039000034

1582995651.042999983

1582995651.045000076

1582995651.046999931

1582995651.049000025

1582995651.051000118

1582995651.052999973

1582995651.055999994

1582995651.058000088

1582995651.059999943

1582995651.062000036

1582995651.062999964

1582995651.065000057

1582995651.069000006

1582995651.069999933

1582995651.072000027

1582995651.073999882

1582995651.075999975

1582995651.078999996

1582995651.081000090

1582995651.082999945

1582995651.085000038

1582995651.086999893

1582995651.088000059

1582995651.092000008

1582995651.094000101

1582995651.095000029

1582995651.096999884

1582995651.098999977

1582995651.101000071

1582995651.104000092

1582995651.105999947

1582995651.108000040

1582995651.109999895

1582995651.111000061

1582995651.115999937

1582995651.118000031

1582995651.119999886

1582995651.121999979

1582995651.124000072

1582995651.127000093

1582995651.128999949

1582995651.131000042

1582995651.132999897

1582995651.134999990

1582995651.135999918

1582995651.140000105

1582995651.141999960

1582995651.142999887

1582995651.144999981

1582995651.147000074

1582995651.148999929

1582995651.153000116

1582995651.154000044

1582995651.155999899

1582995651.158999920

1582995651.161000013

1582995651.164000034

1582995651.165999889

1582995651.167999983

1582995651.170000076

1582995651.171999931

1582995651.174000025

1582995651.177000046

1582995651.178999901

1582995651.180999994

1582995651.183000088

1582995651.184999943

1582995651.186000109

1582995651.190000057

1582995651.191999912

1582995651.193000078

1582995651.194999933

1582995651.197000027

1582995651.200999975

1582995651.201999903

1582995651.203999996

1582995651.206000090

1582995651.207999945

1582995651.209000111

1582995651.213000059

1582995651.216000080

1582995651.217999935

1582995651.220000029

1582995651.221999884

1582995651.226000071

1582995651.227999926

1582995651.229000092

1582995651.230999947

1582995651.233000040

1582995651.236999989

1582995651.237999916

1582995651.240000010

1582995651.242000103

1582995651.243999958

1582995651.246000051

1582995651.249000072

1582995651.250999928

1582995651.253000021

1582995651.255000114

1582995651.256000042

1582995651.257999897

1582995651.262000084

1582995651.263000011

1582995651.265000105

1582995651.266999960

1582995651.269000053

1582995651.273000002

1582995651.275000095

1582995651.276999950

1582995651.279000044

1582995651.280999899

1582995651.282999992

1582995651.286000013

1582995651.288000107

1582995651.289999962

1582995651.292000055

1582995651.292999983

1582995651.295000076

1582995651.299000025

1582995651.301000118

1582995651.302000046

1582995651.303999901

1582995651.305999994

1582995651.309999943

1582995651.311000109

1582995651.312999964

1582995651.315999985

1582995651.316999912

1582995651.321000099

1582995651.322999954

1582995651.325000048

1582995651.326999903

1582995651.328000069

1582995651.329999924

1582995651.334000111

1582995651.335999966

1582995651.336999893

1582995651.338999987

1582995651.341000080

1582995651.345000029

1582995651.345999956

1582995651.348000050

1582995651.349999905

1582995651.351999998

1582995651.352999926

1582995651.357000113

1582995651.358999968

1582995651.359999895

1582995651.362999916

1582995651.364000082

1582995651.365999937

1582995651.369999886

1582995651.371999979

1582995651.374000072

1582995651.375999928

1582995651.377000093

1582995651.381000042

1582995651.382999897

1582995651.384000063

1582995651.385999918

1582995651.388000011

1582995651.391000032

1582995651.394999981

1582995651.395999908

1582995651.398000002

1582995651.400000095

1582995651.401999950

1582995651.404999971

1582995651.407000065

1582995651.408999920

1582995651.411000013

1582995651.413000107

1582995651.414999962

1582995651.417999983

1582995651.420000076

1582995651.421999931

1582995651.424000025

1582995651.424999952

1582995651.427000046

1582995651.430999994

1582995651.431999922

1582995651.434000015

1582995651.436000109

1582995651.437999964

1582995651.441999912

1582995651.443000078

1582995651.444999933

1582995651.447000027

1582995651.450000048

1582995651.453999996

1582995651.454999924

1582995651.457000017

1582995651.459000111

1582995651.460999966

1582995651.463000059

1582995651.466000080

1582995651.467999935

1582995651.470000029

1582995651.471999884

1582995651.473000050

1582995651.474999905

1582995651.479000092

1582995651.480000019

1582995651.482000113

1582995651.490000010

1582995651.492000103

1582995651.493999958

1582995651.496000051

1582995651.496999979

1582995651.499000072

1582995651.503000021

1582995651.505000114

1582995651.506999969

1582995651.509000063

1582995651.510999918

1582995651.515000105

