1583247755.296000004

1583247755.298000097

1583247755.299999952

1583247755.301000118

1583247755.302999973

1583247755.305999994

1583247755.308000088

1583247755.309999943

1583247755.312000036

1583247755.312999964

1583247755.336999893

1583247755.339999914

1583247755.345999956

1583247755.352999926

1583247755.355000019

1583247755.357000113

1583247755.358999968

1583247755.361000061

1583247755.364000082

1583247755.365999937

1583247755.368000031

1583247755.369999886

1583247755.371999979

1583247755.375999928

1583247755.378000021

1583247755.380000114

1583247755.381999969

1583247755.384000063

1583247755.388000011

1583247755.390000105

1583247755.392999887

1583247755.394999981

1583247755.397000074

1583247755.401000023

1583247755.401999950

1583247755.404000044

1583247755.405999899

1583247755.407999992

1583247755.408999920

1583247755.413000107

1583247755.414999962

1583247755.417000055

1583247755.418999910

1583247755.420000076

1583247755.421999931

1583247755.424999952

1583247755.427000046

1583247755.428999901

1583247755.430999994

1583247755.431999922

1583247755.436000109

1583247755.437999964

1583247755.440000057

1583247755.441999912

1583247755.443000078

1583247755.444999933

1583247755.463000059

1583247755.464999914

1583247755.467000008

1583247755.469000101

1583247755.477999926

1583247755.479000092

1583247755.493000031

1583247755.496000051

1583247755.497999907

1583247755.500000000

1583247755.502000093

1583247755.503999949

1583247755.505000114

1583247755.509000063

1583247755.509999990

1583247755.512000084

1583247755.515000105

1583247755.516000032

1583247755.519999981

1583247755.522000074

1583247755.523999929

1583247755.526000023

1583247755.526999950

1583247755.529999971

1583247755.532999992

1583247755.539000034

1583247755.539999962

1583247755.543999910

1583247755.546000004

1583247755.548000097

1583247755.549999952

1583247755.551000118

1583247755.552999973

1583247755.556999922

1583247755.558000088

1583247755.559999943

1583247755.562999964

1583247755.565000057

1583247755.568000078

1583247755.569999933

1583247755.572000027

1583247755.573999882

1583247755.575000048

1583247755.576999903

1583247755.579999924

1583247755.582000017

1583247755.584000111

1583247755.585999966

1583247755.586999893

1583247755.588999987

1583247755.592000008

1583247755.594000101

1583247755.595999956

1583247755.598000050

1583247755.598999977

1583247755.601000071

1583247755.605000019

1583247755.605999947

1583247755.608000040

1583247755.609999895

1583247755.611999989

1583247755.612999916

1583247755.617000103

1583247755.618000031

1583247755.619999886

1583247755.621999979

1583247755.624000072

1583247755.627000093

1583247755.630000114

1583247755.631000042

1583247755.632999897

1583247755.634999990

1583247755.638000011

1583247755.641000032

1583247755.642999887

1583247755.644000053

1583247755.645999908

1583247755.648000002

1583247755.651000023

1583247755.653000116

1583247755.654999971

1583247755.657000065

1583247755.657999992

1583247755.660000086

1583247755.663000107

1583247755.665999889

1583247755.667999983

1583247755.670000076

1583247755.671000004

1583247755.673000097

1583247755.677000046

1583247755.678999901

1583247755.680000067

1583247755.681999922

1583247755.684000015

1583247755.684999943

1583247755.688999891

1583247755.690000057

1583247755.691999912

1583247755.694000006

1583247755.696000099

1583247755.697000027

1583247755.700999975

1583247755.703000069

1583247755.704999924

1583247755.706000090

1583247755.707999945

1583247755.711999893

1583247755.713000059

1583247755.714999914

1583247755.717000008

1583247755.719000101

1583247755.720000029

1583247755.723999977

1583247755.726000071

1583247755.726999998

1583247755.729000092

1583247755.730999947

1583247755.734999895

1583247755.736999989

1583247755.739000082

1583247755.740999937

1583247755.742000103

1583247755.743999958

1583247755.746999979

1583247755.749000072

1583247755.750999928

1583247755.753000021

1583247755.753999949

1583247755.756000042

1583247755.759999990

1583247755.760999918

1583247755.763000011

1583247755.765000105

1583247755.766999960

1583247755.767999887

1583247755.772000074

1583247755.773000002

1583247755.775000095

1583247755.776999950

1583247755.779000044

1583247755.779999971

1583247755.783999920

1583247755.785000086

1583247755.786999941

1583247755.789000034

1583247755.790999889

1583247755.792000055

1583247755.796000004

1583247755.796999931

1583247755.799000025

1583247755.802000046

1583247755.803999901

1583247755.806999922

1583247755.809000015

1583247755.811000109

1583247755.812999964

1583247755.813999891

1583247755.815999985

1583247755.819999933

1583247755.821000099

1583247755.822999954

1583247755.825000048

1583247755.826999903

1583247755.828000069

1583247755.831000090

1583247755.832999945

1583247755.835000038

1583247755.836999893

1583247755.838000059

1583247755.839999914

1583247755.842999935

1583247755.848999977

1583247755.851000071

1583247755.854000092

1583247755.855999947

1583247755.858000040

1583247755.859999895

1583247755.861999989

1583247755.862999916

1583247755.867000103

1583247755.868999958

1583247755.871000051

1583247755.871999979

1583247755.874000072

1583247755.875999928

1583247755.878999949

1583247755.881000042

1583247755.882999897

1583247755.884000063

1583247755.885999918

1583247755.888000011

1583247755.891000032

1583247755.892999887

1583247755.894999981

1583247755.897000074

1583247755.898000002

1583247755.900000095

1583247755.903000116

1583247755.904999971

1583247755.907000065

1583247755.908999920

1583247755.911000013

1583247755.911999941

1583247755.915999889

1583247755.917000055

1583247755.918999910

1583247755.921000004

1583247755.923000097

1583247755.924000025

1583247755.927999973

1583247755.930000067

1583247755.931999922

1583247755.934000015

1583247755.934999943

1583247755.940000057

1583247755.941999912

1583247755.944000006

1583247755.944999933

1583247755.947000027

1583247755.950999975

1583247755.951999903

1583247755.953999996

1583247755.956000090

1583247755.957999945

1583247755.959000111

1583247755.963000059

1583247755.964999914

1583247755.967000008

1583247755.969000101

1583247755.970000029

1583247755.971999884

1583247755.976000071

1583247755.976999998

1583247755.979000092

1583247755.980999947

1583247755.983000040

1583247755.983999968

1583247755.987999916

1583247755.989000082

1583247755.990999937

1583247755.993000031

1583247755.994999886

1583247755.996000051

1583247756.000000000

1583247756.002000093

1583247756.003000021

1583247756.005000114

1583247756.006999969

1583247756.007999897

1583247756.012000084

1583247756.013000011

1583247756.015000105

1583247756.016999960

1583247756.019000053

1583247756.019999981

1583247756.023999929

1583247756.026000023

1583247756.026999950

1583247756.029000044

1583247756.030999899

1583247756.035000086

1583247756.036999941

1583247756.038000107

1583247756.039999962

1583247756.042000055

1583247756.046000004

1583247756.046999931

1583247756.049000025

1583247756.051000118

1583247756.052999973

1583247756.055000067

1583247756.058000088

1583247756.059999943

1583247756.062999964

1583247756.063999891

1583247756.065999985

1583247756.069999933

1583247756.071000099

1583247756.073999882

1583247756.075999975

1583247756.078000069

1583247756.078999996

1583247756.082999945

1583247756.085000038

1583247756.086999893

1583247756.088999987

1583247756.089999914

1583247756.092000008

1583247756.095000029

1583247756.096999884

1583247756.098999977

1583247756.101000071

1583247756.102999926

1583247756.104000092

1583247756.108000040

1583247756.108999968

1583247756.111000061

1583247756.112999916

1583247756.115000010

1583247756.115999937

1583247756.119999886

1583247756.121999979

1583247756.122999907

1583247756.125000000

1583247756.127000093

1583247756.131000042

1583247756.134000063

1583247756.137000084

1583247756.140000105

1583247756.142999887

1583247756.144999981

1583247756.147000074

1583247756.148000002

1583247756.150000095

1583247756.154000044

1583247756.155999899

1583247756.157999992

1583247756.163000107

1583247756.167000055

1583247756.168999910

1583247756.171000004

1583247756.171999931

1583247756.174000025

1583247756.177999973

1583247756.178999901

1583247756.180999994

1583247756.183000088

1583247756.184999943

1583247756.186000109

1583247756.190000057

1583247756.191999912

1583247756.194000006

1583247756.196000099

1583247756.197000027

1583247756.198999882

1583247756.201999903

1583247756.203999996

1583247756.206000090

1583247756.209000111

1583247756.210000038

1583247756.211999893

1583247756.214999914

1583247756.217000008

1583247756.219000101

1583247756.220999956

1583247756.221999884

1583247756.223999977

1583247756.226999998

1583247756.230000019

1583247756.232000113

1583247756.233000040

1583247756.234999895

1583247756.239000082

1583247756.240999937

1583247756.242000103

1583247756.243999958

1583247756.246000051

1583247756.250000000

1583247756.250999928

1583247756.253000021

1583247756.255000114

1583247756.256999969

1583247756.257999897

1583247756.262000084

1583247756.263999939

1583247756.266000032

1583247756.266999960

1583247756.269000053

1583247756.269999981

1583247756.273999929

1583247756.276000023

1583247756.278000116

1583247756.279999971

1583247756.280999899

1583247756.282999992

1583247756.286000013

1583247756.288000107

1583247756.289999962

1583247756.292000055

1583247756.292999983

1583247756.295000076

1583247756.299000025

1583247756.299999952

1583247756.302000046

1583247756.303999901

1583247756.305999994

1583247756.306999922

1583247756.311000109

1583247756.312999964

1583247756.315000057

1583247756.315999985

1583247756.318000078

1583247756.322000027

1583247756.322999954

1583247756.325000048

1583247756.326999903

1583247756.328999996

1583247756.332000017

1583247756.334000111

1583247756.335999966

1583247756.338000059

1583247756.339999914

1583247756.342000008

1583247756.345999956

1583247756.348000050

1583247756.349999905

1583247756.351000071

1583247756.352999926

1583247756.355000019

1583247756.358000040

1583247756.359999895

1583247756.361999989

1583247756.362999916

1583247756.365000010

1583247756.367000103

1583247756.369999886

1583247756.371999979

1583247756.374000072

1583247756.375999928

1583247756.377000093

1583247756.378999949

1583247756.382999897

1583247756.384000063

1583247756.385999918

1583247756.388000011

1583247756.390000105

1583247756.391000032

1583247756.394999981

1583247756.397000074

1583247756.398000002

1583247756.400000095

1583247756.401999950

1583247756.404999971

1583247756.407999992

1583247756.408999920

1583247756.411000013

1583247756.413000107

1583247756.414000034

1583247756.417999983

1583247756.420000076

1583247756.421000004

1583247756.423000097

1583247756.424999952

1583247756.426000118

1583247756.428999901

1583247756.430999994

1583247756.433000088

1583247756.434999943

1583247756.436000109

1583247756.437999964

1583247756.441999912

1583247756.443000078

1583247756.444999933

1583247756.447000027

1583247756.448999882

1583247756.450000048

1583247756.453999996

1583247756.456000090

1583247756.457999945

1583247756.459000111

1583247756.460999966

1583247756.464999914

1583247756.466000080

1583247756.471999884

1583247756.473999977

1583247756.476999998

1583247756.479000092

1583247756.482000113

1583247756.483999968

1583247756.484999895

1583247756.486999989

1583247756.490999937

1583247756.492000103

1583247756.493999958

1583247756.496000051

1583247756.496999979

1583247756.499000072

1583247756.503000021

1583247756.505000114

1583247756.506999969

1583247756.507999897

1583247756.509999990

1583247756.513999939

1583247756.516999960

1583247756.519000053

1583247756.519999981

1583247756.522000074

1583247756.526000023

1583247756.528000116

1583247756.529999971

1583247756.530999899

1583247756.532999992

1583247756.536999941

1583247756.539000034

1583247756.540999889

1583247756.542000055

1583247756.543999910

1583247756.546000004

1583247756.549000025

1583247756.551000118

1583247756.552999973

1583247756.553999901

1583247756.555999994

1583247756.558000088

1583247756.561000109

1583247756.562999964

1583247756.565000057

1583247756.566999912

1583247756.569000006

1583247756.569999933

1583247756.573999882

1583247756.575999975

1583247756.576999903

1583247756.578999996

1583247756.581000090

1583247756.584000111

1583247756.585999966

1583247756.588000059

1583247756.589999914

1583247756.591000080

1583247756.592999935

1583247756.596999884

1583247756.598000050

1583247756.599999905

1583247756.601999998

1583247756.604000092

1583247756.605000019

1583247756.608999968

1583247756.611000061

1583247756.612999916

1583247756.614000082

1583247756.615999937

1583247756.618999958

1583247756.621999979

1583247756.624000072

1583247756.625999928

1583247756.628999949

1583247756.631000042

1583247756.634000063

1583247756.635999918

1583247756.638000011

1583247756.640000105

1583247756.641000032

1583247756.642999887

1583247756.645999908

1583247756.648000002

1583247756.650000095

1583247756.651999950

1583247756.653000116

1583247756.654999971

1583247756.657999992

1583247756.660000086

1583247756.661999941

1583247756.664000034

1583247756.665999889

1583247756.667000055

1583247756.671000004

1583247756.671999931

1583247756.674000025

1583247756.676000118

1583247756.677999973

1583247756.678999901

1583247756.683000088

1583247756.684999943

1583247756.686000109

1583247756.687999964

1583247756.690000057

1583247756.693000078

1583247756.694999933

1583247756.697000027

1583247756.698999882

1583247756.700000048

1583247756.701999903

1583247756.706000090

1583247756.707000017

1583247756.709000111

1583247756.710999966

1583247756.711999893

1583247756.713999987

1583247756.717999935

1583247756.719000101

1583247756.720999956

1583247756.723000050

1583247756.723999977

1583247756.726000071

1583247756.729000092

1583247756.730999947

1583247756.732000113

1583247756.733999968

1583247756.736000061

1583247756.737999916

1583247756.740999937

1583247756.743000031

1583247756.744999886

1583247756.746000051

1583247756.747999907

1583247756.750000000

1583247756.753999949

1583247756.756000042

1583247756.757999897

1583247756.759999990

1583247756.760999918

1583247756.763000011

1583247756.766000032

1583247756.767999887

1583247756.769999981

1583247756.772000074

1583247756.773999929

1583247756.775000095

1583247756.779000044

1583247756.783999920

1583247756.786000013

1583247756.789999962

1583247756.790999889

1583247756.792999983

1583247756.795000076

1583247756.796999931

1583247756.798000097

1583247756.802000046

1583247756.803999901

1583247756.805999994

1583247756.806999922

1583247756.809000015

1583247756.811000109

1583247756.813999891

1583247756.815999985

1583247756.818000078

1583247756.819000006

1583247756.821000099

1583247756.822999954

1583247756.825999975

1583247756.828999996

1583247756.829999924

1583247756.832000017

1583247756.834000111

1583247756.836999893

1583247756.838999987

1583247756.841000080

1583247756.842999935

1583247756.844000101

1583247756.845999956

1583247756.848999977

1583247756.851000071

1583247756.852999926

1583247756.855000019

1583247756.855999947

1583247756.858000040

1583247756.861000061

1583247756.862999916

1583247756.865000010

1583247756.867000103

1583247756.868999958

1583247756.869999886

1583247756.874000072

1583247756.875000000

1583247756.877000093

1583247756.878999949

1583247756.881000042

1583247756.881999969

1583247756.885999918

1583247756.887000084

1583247756.890000105

1583247756.891999960

1583247756.894000053

1583247756.894999981

1583247756.898999929

1583247756.900000095

1583247756.901999950

1583247756.904000044

1583247756.904999971

1583247756.907000065

1583247756.910000086

1583247756.911999941

1583247756.914000034

1583247756.915999889

1583247756.917000055

1583247756.918999910

1583247756.923000097

1583247756.924000025

1583247756.926000118

1583247756.928999901

1583247756.930999994

1583247756.934000015

1583247756.936000109

1583247756.937999964

1583247756.940000057

1583247756.941999912

1583247756.943000078

1583247756.947000027

1583247756.947999954

1583247756.950000048

1583247756.951999903

1583247756.953999996

1583247756.954999924

1583247756.959000111

1583247756.960999966

1583247756.961999893

1583247756.963999987

1583247756.966000080

1583247756.967000008

1583247756.970999956

1583247756.971999884

1583247756.973999977

1583247756.976000071

1583247756.977999926

1583247756.979000092

1583247756.983000040

1583247756.984999895

1583247756.986000061

1583247756.987999916

1583247756.990000010

1583247756.993000031

1583247756.994999886

1583247756.996999979

1583247756.999000072

1583247757.000000000

1583247757.002000093

1583247757.006000042

1583247757.006999969

1583247757.009000063

1583247757.010999918

1583247757.013000011

1583247757.013999939

1583247757.017999887

1583247757.019999981

1583247757.022000074

1583247757.023999929

1583247757.026000023

1583247757.028000116

1583247757.032000065

1583247757.033999920

1583247757.035000086

1583247757.036999941

1583247757.039000034

1583247757.042999983

1583247757.043999910

1583247757.046000004

1583247757.048000097

1583247757.049999952

1583247757.051000118

1583247757.055000067

1583247757.056999922

1583247757.059000015

1583247757.059999943

1583247757.062000036

1583247757.063999891

1583247757.066999912

1583247757.069000006

1583247757.071000099

1583247757.072999954

1583247757.073999882

1583247757.075999975

1583247757.079999924

1583247757.081000090

1583247757.082999945

1583247757.085000038

1583247757.086999893

1583247757.092999935

1583247757.095000029

1583247757.096999884

1583247757.098000050

1583247757.099999905

1583247757.102999926

1583247757.105000019

1583247757.107000113

1583247757.108000040

1583247757.109999895

1583247757.111999989

1583247757.115000010

1583247757.117000103

1583247757.118999958

1583247757.119999886

1583247757.121999979

1583247757.124000072

1583247757.127000093

1583247757.128999949

1583247757.131000042

1583247757.132999897

1583247757.134000063

1583247757.135999918

1583247757.138999939

1583247757.141999960

1583247757.144999981

1583247757.145999908

1583247757.148000002

1583247757.151999950

1583247757.154000044

1583247757.155999899

1583247757.157000065

1583247757.158999920

1583247757.163000107

1583247757.164999962

1583247757.167000055

1583247757.168999910

1583247757.170000076

1583247757.171999931

1583247757.176000118

1583247757.177999973

1583247757.178999901

1583247757.180999994

1583247757.183000088

1583247757.184999943

1583247757.187999964

1583247757.190000057

1583247757.191999912

1583247757.193000078

1583247757.194999933

1583247757.197000027

1583247757.200000048

1583247757.201999903

1583247757.203999996

1583247757.204999924

1583247757.207000017

1583247757.209000111

1583247757.213000059

1583247757.213999987

1583247757.216000080

1583247757.217999935

1583247757.219000101

1583247757.220999956

1583247757.223999977

1583247757.226000071

1583247757.227999926

1583247757.230000019

1583247757.232000113

1583247757.234999895

1583247757.236999989

1583247757.239000082

1583247757.240999937

1583247757.243000031

1583247757.246000051

1583247757.247999907

1583247757.250000000

1583247757.252000093

1583247757.253000021

1583247757.255000114

1583247757.259000063

1583247757.259999990

1583247757.262000084

1583247757.263999939

1583247757.266000032

1583247757.266999960

1583247757.270999908

1583247757.273000002

1583247757.275000095

1583247757.276000023

1583247757.278000116

1583247757.279999971

1583247757.282999992

1583247757.285000086

1583247757.286999941

1583247757.289000034

1583247757.289999962

1583247757.292000055

1583247757.295000076

1583247757.298000097

1583247757.299999952

1583247757.302000046

1583247757.302999973

1583247757.305000067

1583247757.309000015

1583247757.309999943

1583247757.312000036

1583247757.313999891

1583247757.315999985

1583247757.316999912

1583247757.321000099

1583247757.322000027

1583247757.323999882

1583247757.325999975

1583247757.328000069

1583247757.331000090

1583247757.332999945

1583247757.334000111

1583247757.336999893

1583247757.338000059

1583247757.339999914

1583247757.344000101

1583247757.345999956

1583247757.346999884

1583247757.348999977

1583247757.351000071

1583247757.354000092

1583247757.355999947

1583247757.358000040

1583247757.359999895

1583247757.361000061

1583247757.362999916

1583247757.367000103

1583247757.368999958

1583247757.371000051

1583247757.372999907

1583247757.374000072

1583247757.375999928

1583247757.380000114

1583247757.381000042

1583247757.382999897

1583247757.384999990

1583247757.387000084

1583247757.388000011

1583247757.391999960

1583247757.392999887

1583247757.394999981

1583247757.403000116

1583247757.404999971

1583247757.407000065

1583247757.407999992

1583247757.410000086

1583247757.411999941

1583247757.414999962

1583247757.417000055

1583247757.418999910

1583247757.420000076

1583247757.421999931

1583247757.424000025

1583247757.427000046

1583247757.430000067

1583247757.431999922

1583247757.434999943

1583247757.437000036

1583247757.440000057

1583247757.441999912

1583247757.444000006

1583247757.446000099

1583247757.447000027

1583247757.448999882

1583247757.451999903

1583247757.453999996

1583247757.456000090

1583247757.457000017

1583247757.459000111

1583247757.460999966

1583247757.463999987

1583247757.466000080

1583247757.467999935

1583247757.470000029

1583247757.470999956

1583247757.473000050

1583247757.476000071

1583247757.477999926

1583247757.480000019

1583247757.482000113

1583247757.483000040

1583247757.484999895

1583247757.489000082

1583247757.490000010

1583247757.492000103

1583247757.493999958

1583247757.496000051

1583247757.499000072

1583247757.500999928

1583247757.503000021

1583247757.505000114

1583247757.506999969

1583247757.507999897

1583247757.512000084

1583247757.513999939

1583247757.515000105

1583247757.517999887

1583247757.519999981

1583247757.520999908

1583247757.526000023

1583247757.528000116

1583247757.530999899

1583247757.532999992

1583247757.536000013

1583247757.538000107

1583247757.539999962

1583247757.542000055

1583247757.543999910

1583247757.546999931

1583247757.549000025

1583247757.551000118

1583247757.552999973

1583247757.553999901

1583247757.555999994

1583247757.559999943

1583247757.561000109

1583247757.562999964

1583247757.565000057

1583247757.566999912

1583247757.569000006

1583247757.572999954

1583247757.575000048

1583247757.576999903

1583247757.578000069

1583247757.579999924

1583247757.582000017

1583247757.585000038

1583247757.586999893

1583247757.588999987

1583247757.589999914

1583247757.592000008

1583247757.594000101

1583247757.596999884

1583247757.598999977

1583247757.601000071

1583247757.601999998

1583247757.604000092

1583247757.605999947

1583247757.608999968

1583247757.611000061

1583247757.612999916

1583247757.615000010

1583247757.615999937

1583247757.618000031

1583247757.621000051

1583247757.622999907

1583247757.625000000

1583247757.627000093

1583247757.628999949

1583247757.631999969

1583247757.634000063

1583247757.635999918

1583247757.637000084

1583247757.638999939

1583247757.641000032

1583247757.644000053

1583247757.645999908

1583247757.648000002

1583247757.650000095

1583247757.651000023

1583247757.653000116

1583247757.657000065

1583247757.657999992

1583247757.660000086

1583247757.661999941

1583247757.664000034

1583247757.664999962

1583247757.668999910

1583247757.671000004

1583247757.673000097

1583247757.674000025

1583247757.676000118

1583247757.677999973

1583247757.680999994

1583247757.683000088

1583247757.684999943

1583247757.687000036

1583247757.687999964

1583247757.690000057

1583247757.694000006

1583247757.694999933

1583247757.697000027

1583247757.698999882

1583247757.700999975

1583247757.703999996

1583247757.707000017

1583247757.709000111

1583247757.710999966

1583247757.717999935

1583247757.720000029

1583247757.721999884

1583247757.723999977

1583247757.724999905

1583247757.726999998

1583247757.730000019

1583247757.733000040

1583247757.733999968

1583247757.736000061

1583247757.737999916

1583247757.740999937

1583247757.743000031

1583247757.744999886

1583247757.746999979

1583247757.749000072

1583247757.750000000

1583247757.753999949

1583247757.755000114

1583247757.756999969

1583247757.759000063

1583247757.760999918

1583247757.763999939

1583247757.766000032

1583247757.767999887

1583247757.769999981

1583247757.770999908

1583247757.773000002

1583247757.776999950

1583247757.779000044

1583247757.779999971

1583247757.782000065

1583247757.783999920

1583247757.786000013

1583247757.789000034

1583247757.790999889

1583247757.792999983

1583247757.793999910

1583247757.796000004

1583247757.798000097

1583247757.801000118

1583247757.802999973

1583247757.805000067

1583247757.806999922

1583247757.808000088

1583247757.809999943

1583247757.812999964

1583247757.815000057

1583247757.816999912

1583247757.819000006

1583247757.821000099

1583247757.822000027

1583247757.825999975

1583247757.826999903

1583247757.828999996

1583247757.831000090

1583247757.832999945

1583247757.836999893

1583247757.838000059

1583247757.839999914

1583247757.842999935

1583247757.844000101

1583247757.845999956

1583247757.848999977

1583247757.851000071

1583247757.852999926

1583247757.855000019

1583247757.855999947

1583247757.858000040

1583247757.861000061

1583247757.862999916

1583247757.865000010

1583247757.867000103

1583247757.868000031

1583247757.869999886

1583247757.874000072

1583247757.875000000

1583247757.877000093

1583247757.878999949

1583247757.880000114

1583247757.881999969

1583247757.885999918

1583247757.887000084

1583247757.888999939

1583247757.891000032

1583247757.892999887

1583247757.895999908

1583247757.898000002

1583247757.900000095

1583247757.901999950

1583247757.904000044

1583247757.904999971

1583247757.908999920

1583247757.911000013

1583247757.911999941

1583247757.914000034

1583247757.915999889

1583247757.917999983

1583247757.921000004

1583247757.923000097

1583247757.924999952

1583247757.926000118

1583247757.927999973

1583247757.930000067

1583247757.933000088

1583247757.934999943

1583247757.937000036

1583247757.938999891

1583247757.940000057

1583247757.941999912

1583247757.946000099

1583247757.947000027

1583247757.948999882

1583247757.950999975

1583247757.953000069

1583247757.953999996

1583247757.957999945

1583247757.959000111

1583247757.960999966

1583247757.963000059

1583247757.964999914

1583247757.966000080

1583247757.970000029

1583247757.970999956

1583247757.973000050

1583247757.974999905

1583247757.976000071

1583247757.979000092

1583247757.982000113

1583247757.983999968

1583247757.986000061

1583247757.987999916

1583247757.989000082

1583247757.990999937

1583247757.994999886

1583247757.996000051

1583247757.997999907

1583247758.000000000

1583247758.002000093

1583247758.003000021

1583247758.006999969

1583247758.007999897

1583247758.009999990

1583247758.012000084

1583247758.013999939

1583247758.019999981

1583247758.022000074

1583247758.023999929

1583247758.025000095

1583247758.026999950

1583247758.029999971

1583247758.032999992

1583247758.035000086

1583247758.036999941

1583247758.038000107

1583247758.042000055

1583247758.043999910

1583247758.046000004

1583247758.048000097

1583247758.049000025

1583247758.051000118

1583247758.053999901

1583247758.055999994

1583247758.058000088

1583247758.059999943

1583247758.062000036

1583247758.062999964

1583247758.066999912

1583247758.069000006

1583247758.069999933

1583247758.072000027

1583247758.073999882

1583247758.078000069

1583247758.078999996

1583247758.081000090

1583247758.082999945

1583247758.085000038

1583247758.085999966

1583247758.089999914

1583247758.092000008

1583247758.094000101

1583247758.095000029

1583247758.096999884

1583247758.098999977

1583247758.101999998

1583247758.104000092

1583247758.105999947

1583247758.107000113

1583247758.108999968

1583247758.111000061

1583247758.115000010

1583247758.117000103

1583247758.118999958

1583247758.121000051

1583247758.121999979

1583247758.124000072

1583247758.127000093

1583247758.128999949

1583247758.131000042

1583247758.132999897

1583247758.134999990

1583247758.138000011

1583247758.140000105

1583247758.141999960

1583247758.144000053

1583247758.145999908

1583247758.147000074

1583247758.151000023

1583247758.153000116

1583247758.154999971

1583247758.155999899

1583247758.157999992

1583247758.160000086

1583247758.163000107

1583247758.164999962

1583247758.167999983

1583247758.170000076

1583247758.171000004

1583247758.174999952

1583247758.177000046

1583247758.178999901

1583247758.180000067

1583247758.181999922

1583247758.184000015

1583247758.187000036

1583247758.188999891

1583247758.190999985

1583247758.193000078

1583247758.194999933

1583247758.197999954

1583247758.200000048

1583247758.201999903

1583247758.203999996

1583247758.206000090

1583247758.207000017

1583247758.210999966

1583247758.213000059

1583247758.214999914

1583247758.216000080

1583247758.217999935

1583247758.220000029

1583247758.223000050

1583247758.224999905

1583247758.226999998

1583247758.227999926

1583247758.230000019

1583247758.232000113

1583247758.234999895

1583247758.236999989

1583247758.239000082

1583247758.240999937

1583247758.243000031

1583247758.246000051

1583247758.247999907

1583247758.250999928

1583247758.253000021

1583247758.255000114

1583247758.256000042

1583247758.259999990

1583247758.262000084

1583247758.263000011

1583247758.265000105

1583247758.266999960

1583247758.269000053

1583247758.272000074

1583247758.273999929

1583247758.276000023

1583247758.276999950

1583247758.279000044

1583247758.280999899

1583247758.283999920

1583247758.286000013

1583247758.288000107

1583247758.289000034

1583247758.290999889

1583247758.292999983

1583247758.296000004

1583247758.298000097

1583247758.299999952

1583247758.302000046

1583247758.302999973

1583247758.305000067

1583247758.308000088

1583247758.309999943

1583247758.312000036

1583247758.313999891

1583247758.315000057

1583247758.316999912

1583247758.319999933

1583247758.322000027

1583247758.323999882

1583247758.331000090

1583247758.335000038

1583247758.336999893

1583247758.338999987

1583247758.339999914

1583247758.344000101

1583247758.345999956

1583247758.348000050

1583247758.349999905

1583247758.351000071

1583247758.352999926

1583247758.355999947

1583247758.358000040

1583247758.359999895

1583247758.361999989

1583247758.362999916

1583247758.365000010

1583247758.368999958

1583247758.369999886

1583247758.371999979

1583247758.374000072

1583247758.375999928

1583247758.378999949

1583247758.381000042

1583247758.382999897

1583247758.384999990

1583247758.387000084

1583247758.388999939

1583247758.391999960

1583247758.394000053

1583247758.395999908

1583247758.398000002

1583247758.400000095

1583247758.401000023

1583247758.404999971

1583247758.407000065

1583247758.408999920

1583247758.411000013

1583247758.411999941

1583247758.414000034

1583247758.417999983

1583247758.418999910

1583247758.421000004

1583247758.423000097

1583247758.424000025

1583247758.426000118

1583247758.430000067

1583247758.430999994

1583247758.433000088

1583247758.434999943

1583247758.437000036

1583247758.440999985

1583247758.443000078

1583247758.444000006

1583247758.446000099

1583247758.447999954

1583247758.450999975

1583247758.453000069

1583247758.454999924

1583247758.456000090

1583247758.457999945

1583247758.460000038

1583247758.463000059

1583247758.464999914

1583247758.467000008

1583247758.469000101

1583247758.470999956

1583247758.473000050

1583247758.476000071

1583247758.477999926

1583247758.479000092

1583247758.480999947

1583247758.483000040

1583247758.484999895

1583247758.487999916

1583247758.490000010

1583247758.492000103

1583247758.493999958

1583247758.494999886

1583247758.496999979

1583247758.500000000

1583247758.502000093

1583247758.503999949

1583247758.505000114

1583247758.506999969

1583247758.509000063

1583247758.512000084

1583247758.513999939

1583247758.516000032

1583247758.516999960

1583247758.519000053

1583247758.520999908

1583247758.525000095

1583247758.528000116

1583247758.529000044

1583247758.530999899

1583247758.532999992

1583247758.536999941

1583247758.539000034

1583247758.539999962

1583247758.542000055

1583247758.543999910

1583247758.545000076

1583247758.549000025

1583247758.551000118

1583247758.552999973

1583247758.553999901

1583247758.555999994

1583247758.558000088

1583247758.562000036

1583247758.563999891

1583247758.565000057

1583247758.566999912

1583247758.569000006

1583247758.572999954

1583247758.573999882

1583247758.575999975

1583247758.578000069

1583247758.579999924

1583247758.581000090

1583247758.585000038

1583247758.586999893

1583247758.588999987

1583247758.591000080

1583247758.592000008

1583247758.594000101

1583247758.598000050

1583247758.598999977

1583247758.601000071

1583247758.602999926

1583247758.605000019

1583247758.605999947

1583247758.609999895

1583247758.611000061

1583247758.612999916

1583247758.615000010

1583247758.615999937

1583247758.619999886

1583247758.621999979

1583247758.624000072

1583247758.625999928

1583247758.628000021

1583247758.628999949

1583247758.632999897

1583247758.635999918

1583247758.638000011

1583247758.640000105

1583247758.645999908

1583247758.648000002

1583247758.650000095

1583247758.651000023

1583247758.653000116

1583247758.655999899

1583247758.657999992

1583247758.661000013

1583247758.663000107

1583247758.664000034

1583247758.665999889

1583247758.670000076

1583247758.671000004

1583247758.673000097

1583247758.674999952

1583247758.677000046

1583247758.677999973

1583247758.681999922

1583247758.684000015

1583247758.684999943

1583247758.687999964

1583247758.688999891

1583247758.690999985

1583247758.694000006

1583247758.696000099

1583247758.697999954

1583247758.700000048

1583247758.700999975

1583247758.703000069

1583247758.707000017

1583247758.707999945

1583247758.710000038

1583247758.711999893

1583247758.713000059

1583247758.714999914

1583247758.719000101

1583247758.720000029

1583247758.721999884

1583247758.723999977

1583247758.726000071

1583247758.726999998

1583247758.730999947

1583247758.732000113

1583247758.733999968

1583247758.736999989

1583247758.739000082

1583247758.742000103

1583247758.743999958

1583247758.746000051

1583247758.747999907

1583247758.749000072

1583247758.753000021

1583247758.755000114

1583247758.756999969

1583247758.759000063

1583247758.759999990

1583247758.762000084

1583247758.765000105

1583247758.766999960

1583247758.769000053

1583247758.770999908

1583247758.772000074

1583247758.773999929

1583247758.778000116

1583247758.779000044

1583247758.780999899

1583247758.782999992

1583247758.785000086

1583247758.786999941

1583247758.789999962

1583247758.792000055

1583247758.792999983

1583247758.796000004

1583247758.798000097

1583247758.799999952

1583247758.802999973

1583247758.805000067

1583247758.806999922

1583247758.808000088

1583247758.809999943

1583247758.812000036

1583247758.815000057

1583247758.816999912

1583247758.819000006

1583247758.821000099

1583247758.822000027

1583247758.823999882

1583247758.828000069

1583247758.828999996

1583247758.831000090

1583247758.832999945

1583247758.834000111

1583247758.835999966

1583247758.839999914

1583247758.842000008

1583247758.842999935

1583247758.845000029

1583247758.846999884

1583247758.849999905

1583247758.851999998

1583247758.854000092

1583247758.855000019

1583247758.857000113

1583247758.858999968

1583247758.861999989

1583247758.864000082

1583247758.865999937

1583247758.868000031

1583247758.868999958

1583247758.871000051

1583247758.874000072

1583247758.875999928

1583247758.878000021

1583247758.880000114

1583247758.881999969

1583247758.882999897

1583247758.887000084

1583247758.888999939

1583247758.890000105

1583247758.891999960

1583247758.894000053

1583247758.894999981

1583247758.898999929

1583247758.901000023

1583247758.901999950

1583247758.904000044

1583247758.905999899

1583247758.907999992

1583247758.911000013

1583247758.913000107

1583247758.914999962

1583247758.915999889

1583247758.917999983

1583247758.920000076

1583247758.923000097

1583247758.924999952

1583247758.927000046

1583247758.928999901

1583247758.930000067

1583247758.933000088

1583247758.936000109

1583247758.940000057

1583247758.940999985

1583247758.943000078

1583247758.944999933

1583247758.950999975

1583247758.953000069

1583247758.954999924

1583247758.956000090

1583247758.960000038

1583247758.961999893

1583247758.963000059

1583247758.964999914

1583247758.967000008

1583247758.967999935

1583247758.971999884

1583247758.973999977

1583247758.976000071

1583247758.977999926

1583247758.979000092

1583247758.980999947

1583247758.984999895

1583247758.986000061

1583247758.987999916

1583247758.990000010

1583247758.992000103

1583247758.994999886

1583247758.996999979

1583247758.999000072

1583247759.000999928

1583247759.002000093

1583247759.003999949

1583247759.007999897

1583247759.009999990

1583247759.012000084

1583247759.013000011

1583247759.015000105

1583247759.016999960

1583247759.019999981

1583247759.022000074

1583247759.023999929

1583247759.026000023

1583247759.026999950

1583247759.029000044

1583247759.032000065

1583247759.033999920

1583247759.036000013

1583247759.039000034

1583247759.040999889

1583247759.045000076

1583247759.046999931

1583247759.048000097

1583247759.049999952

1583247759.052000046

1583247759.055000067

1583247759.056999922

1583247759.059000015

1583247759.061000109

1583247759.062000036

1583247759.063999891

1583247759.069000006

1583247759.071000099

1583247759.072000027

1583247759.073999882

1583247759.075999975

1583247759.078000069

1583247759.082000017

1583247759.082999945

1583247759.085000038

1583247759.086999893

1583247759.088999987

1583247759.089999914

1583247759.094000101

1583247759.095000029

1583247759.096999884

1583247759.098999977

1583247759.099999905

1583247759.101999998

1583247759.105999947

1583247759.107000113

1583247759.108999968

1583247759.111000061

1583247759.112999916

1583247759.115999937

1583247759.118000031

1583247759.119999886

1583247759.121999979

1583247759.122999907

1583247759.125000000

1583247759.128000021

1583247759.130000114

1583247759.131999969

1583247759.134000063

1583247759.135999918

1583247759.138000011

1583247759.141000032

1583247759.142999887

1583247759.144000053

1583247759.145999908

1583247759.148000002

1583247759.148999929

1583247759.153000116

1583247759.154999971

1583247759.157000065

1583247759.158999920

1583247759.160000086

1583247759.161999941

1583247759.164999962

1583247759.167000055

1583247759.168999910

1583247759.171000004

1583247759.173000097

1583247759.176000118

1583247759.178999901

1583247759.180999994

1583247759.183000088

1583247759.184000015

1583247759.186000109

1583247759.188999891

1583247759.190999985

1583247759.193000078

1583247759.194999933

1583247759.197000027

1583247759.200000048

1583247759.201999903

1583247759.204999924

1583247759.207000017

1583247759.209000111

1583247759.210000038

1583247759.213999987

1583247759.216000080

1583247759.217999935

1583247759.219000101

1583247759.220999956

1583247759.223000050

1583247759.226000071

1583247759.227999926

1583247759.230000019

1583247759.230999947

1583247759.233000040

1583247759.234999895

1583247759.237999916

1583247759.242000103

1583247759.243999958

1583247759.244999886

1583247759.246999979

1583247759.250000000

1583247759.252000093

1583247759.253999949

1583247759.256000042

1583247759.262000084

1583247759.263000011

1583247759.265000105

1583247759.266999960

1583247759.269000053

1583247759.270999908

1583247759.273999929

1583247759.276000023

1583247759.278000116

1583247759.279999971

1583247759.280999899

1583247759.282999992

1583247759.286000013

1583247759.288000107

1583247759.289999962

1583247759.292000055

1583247759.292999983

1583247759.295000076

1583247759.299000025

1583247759.299999952

1583247759.302000046

1583247759.303999901

1583247759.305999994

1583247759.309000015

1583247759.311000109

1583247759.312999964

1583247759.315000057

1583247759.315999985

1583247759.318000078

1583247759.321000099

1583247759.322999954

1583247759.325000048

1583247759.326999903

1583247759.328000069

1583247759.329999924

1583247759.334000111

1583247759.335999966

1583247759.336999893

1583247759.339999914

1583247759.342999935

1583247759.346999884

1583247759.348999977

1583247759.351000071

1583247759.352999926

1583247759.354000092

1583247759.355999947

1583247759.358999968

1583247759.361000061

1583247759.362999916

1583247759.365000010

1583247759.365999937

1583247759.368000031

1583247759.371999979

1583247759.372999907

1583247759.375000000

1583247759.377000093

1583247759.378999949

1583247759.381999969

1583247759.384000063

1583247759.385999918

1583247759.388000011

1583247759.390000105

1583247759.391000032

1583247759.394999981

1583247759.397000074

1583247759.398999929

1583247759.400000095

1583247759.401999950

1583247759.404000044

1583247759.407000065

1583247759.408999920

1583247759.411000013

1583247759.413000107

1583247759.414000034

1583247759.415999889

1583247759.420000076

1583247759.421000004

1583247759.423000097

1583247759.424999952

1583247759.427000046

1583247759.430000067

1583247759.431999922

1583247759.434000015

1583247759.436000109

1583247759.437999964

1583247759.440000057

1583247759.443000078

1583247759.444999933

1583247759.447000027

1583247759.448999882

1583247759.450000048

1583247759.451999903

1583247759.454999924

1583247759.457000017

1583247759.459000111

1583247759.460999966

1583247759.461999893

1583247759.463999987

1583247759.467000008

1583247759.469000101

1583247759.470999956

1583247759.473000050

1583247759.473999977

1583247759.479000092

1583247759.480999947

1583247759.483000040

1583247759.484999895

1583247759.486000061

1583247759.487999916

1583247759.490999937

1583247759.493000031

1583247759.494999886

1583247759.496999979

1583247759.499000072

1583247759.500000000

1583247759.503999949

1583247759.506000042

1583247759.506999969

1583247759.509000063

1583247759.510999918

1583247759.512000084

1583247759.516000032

1583247759.517999887

1583247759.519000053

1583247759.520999908

1583247759.523000002

1583247759.525000095

1583247759.528000116

1583247759.529999971

1583247759.530999899

1583247759.533999920

1583247759.536000013

1583247759.539000034

1583247759.542000055

1583247759.543999910

1583247759.546000004

1583247759.548000097

1583247759.551000118

1583247759.552999973

1583247759.555000067

1583247759.556999922

1583247759.559000015

1583247759.561000109

1583247759.563999891

1583247759.565999985

1583247759.568000078

1583247759.569000006

1583247759.575999975

1583247759.578000069

1583247759.579999924

1583247759.582000017

1583247759.582999945

1583247759.585000038

1583247759.588999987

1583247759.589999914

1583247759.592000008

1583247759.594000101

1583247759.595999956

1583247759.598999977

1583247759.601000071

1583247759.602999926

1583247759.605000019

1583247759.605999947

1583247759.608000040

1583247759.611000061

1583247759.614000082

1583247759.615999937

1583247759.618000031

1583247759.618999958

1583247759.621000051

1583247759.625000000

1583247759.627000093

1583247759.628000021

1583247759.630000114

1583247759.631999969

1583247759.634000063

1583247759.637000084

1583247759.638999939

1583247759.641000032

1583247759.644000053

1583247759.645999908

1583247759.648999929

1583247759.651000023

1583247759.653000116

1583247759.654999971

1583247759.657000065

1583247759.660000086

1583247759.661999941

1583247759.664000034

1583247759.665999889

1583247759.667000055

1583247759.668999910

1583247759.671999931

1583247759.674000025

1583247759.676000118

1583247759.677999973

1583247759.678999901

1583247759.680999994

1583247759.684000015

1583247759.686000109

1583247759.687999964

1583247759.690000057

1583247759.691999912

1583247759.693000078

1583247759.697000027

1583247759.698999882

1583247759.700000048

1583247759.701999903

1583247759.703999996

1583247759.706000090

1583247759.709000111

1583247759.710999966

1583247759.713000059

1583247759.714999914

1583247759.716000080

1583247759.717999935

1583247759.721999884

1583247759.723000050

1583247759.724999905

1583247759.726999998

1583247759.729000092

1583247759.730000019

1583247759.733999968

1583247759.734999895

1583247759.736999989

1583247759.739000082

1583247759.740999937

1583247759.743999958

1583247759.746000051

1583247759.749000072

1583247759.750999928

1583247759.752000093

1583247759.753999949

1583247759.757999897

1583247759.759000063

1583247759.760999918

1583247759.763000011

1583247759.765000105

1583247759.766000032

1583247759.769999981

1583247759.772000074

1583247759.773000002

1583247759.775000095

1583247759.776999950

1583247759.779000044

1583247759.782000065

1583247759.783999920

1583247759.786000013

1583247759.786999941

1583247759.789000034

1583247759.790999889

1583247759.793999910

1583247759.796000004

1583247759.798000097

1583247759.799000025

1583247759.801000118

1583247759.802999973

1583247759.805999994

1583247759.808000088

1583247759.809000015

1583247759.811000109

1583247759.812999964

1583247759.815000057

1583247759.818000078

1583247759.819999933

1583247759.822000027

1583247759.823999882

1583247759.825000048

1583247759.826999903

1583247759.829999924

1583247759.832000017

1583247759.834000111

1583247759.835999966

1583247759.836999893

1583247759.838999987

1583247759.842000008

1583247759.845999956

1583247759.848000050

1583247759.848999977

1583247759.851000071

1583247759.854000092

1583247759.855999947

1583247759.858000040

1583247759.859999895

1583247759.861999989

1583247759.865000010

1583247759.867000103

1583247759.868999958

1583247759.869999886

1583247759.871999979

1583247759.874000072

1583247759.877000093

1583247759.878999949

1583247759.885999918

1583247759.888000011

1583247759.891000032

1583247759.892999887

1583247759.894999981

1583247759.897000074

1583247759.898000002

1583247759.900000095

1583247759.903000116

1583247759.904999971

1583247759.907000065

1583247759.908999920

1583247759.910000086

1583247759.911999941

1583247759.914999962

1583247759.917000055

1583247759.918999910

1583247759.921000004

1583247759.921999931

1583247759.924000025

1583247759.927000046

1583247759.928999901

1583247759.930999994

1583247759.933000088

1583247759.934000015

1583247759.936000109

1583247759.938999891

1583247759.940999985

1583247759.943000078

1583247759.947000027

1583247759.950000048

1583247759.951999903

1583247759.953999996

1583247759.956000090

1583247759.957999945

1583247759.959000111

1583247759.963000059

1583247759.964999914

1583247759.966000080

1583247759.967999935

1583247759.970000029

1583247759.971999884

1583247759.974999905

1583247759.976999998

1583247759.979000092

1583247759.980000019

1583247759.982000113

1583247759.983999968

1583247759.986999989

1583247759.989000082

1583247759.990999937

1583247759.993000031

1583247759.993999958

1583247759.996000051

1583247759.999000072

1583247760.000999928

1583247760.003000021

1583247760.005000114

1583247760.006000042

1583247760.009999990

1583247760.012000084

1583247760.013999939

1583247760.016000032

1583247760.016999960

1583247760.019000053

1583247760.023999929

1583247760.025000095

1583247760.026999950

1583247760.029000044

1583247760.030999899

1583247760.032999992

1583247760.036000013

1583247760.038000107

1583247760.039999962

1583247760.042000055

1583247760.042999983

1583247760.045000076

1583247760.049000025

1583247760.051000118

1583247760.052000046

1583247760.053999901

1583247760.055999994

1583247760.059000015

1583247760.061000109

1583247760.062999964

1583247760.065000057

1583247760.066999912

1583247760.068000078

1583247760.072000027

1583247760.073999882

1583247760.075999975

1583247760.078000069

1583247760.078999996

1583247760.081000090

1583247760.084000111

1583247760.085999966

1583247760.088000059

1583247760.089999914

1583247760.092000008

1583247760.095000029

1583247760.096999884

1583247760.099999905

1583247760.101000071

1583247760.102999926

1583247760.105000019

1583247760.108000040

1583247760.109999895

1583247760.111999989

1583247760.114000082

1583247760.115999937

1583247760.118999958

1583247760.121000051

1583247760.122999907

1583247760.125000000

1583247760.125999928

1583247760.128000021

1583247760.131000042

1583247760.132999897

1583247760.134999990

1583247760.137000084

1583247760.138999939

1583247760.140000105

1583247760.144000053

1583247760.145999908

1583247760.148999929

1583247760.151999950

1583247760.158999920

1583247760.161000013

1583247760.161999941

1583247760.164999962

1583247760.167999983

1583247760.170000076

1583247760.171999931

1583247760.174000025

1583247760.176000118

1583247760.177000046

1583247760.180999994

1583247760.183000088

1583247760.184000015

1583247760.186000109

1583247760.187999964

1583247760.190000057

1583247760.193000078

1583247760.194999933

1583247760.196000099

1583247760.197999954

1583247760.204999924

1583247760.206000090

1583247760.207999945

1583247760.210000038

1583247760.211999893

1583247760.213999987

1583247760.217000008

1583247760.219000101

1583247760.220999956

1583247760.223000050

1583247760.223999977

1583247760.226000071

1583247760.229000092

1583247760.230999947

1583247760.233000040

1583247760.234999895

1583247760.236999989

1583247760.240000010

1583247760.242000103

1583247760.243999958

1583247760.246000051

1583247760.249000072

1583247760.252000093

1583247760.253999949

1583247760.256000042

1583247760.257999897

1583247760.259999990

1583247760.260999918

1583247760.265000105

1583247760.266999960

1583247760.269000053

1583247760.269999981

1583247760.272000074

1583247760.273999929

1583247760.276999950

1583247760.279000044

1583247760.280999899

1583247760.282999992

1583247760.283999920

1583247760.286000013

1583247760.289000034

1583247760.290999889

1583247760.293999910

1583247760.296000004

1583247760.296999931

1583247760.299000025

1583247760.302000046

1583247760.303999901

1583247760.305999994

1583247760.308000088

1583247760.309000015

1583247760.311000109

1583247760.313999891

1583247760.315999985

1583247760.318000078

1583247760.319999933

1583247760.321000099

1583247760.322999954

1583247760.325999975

1583247760.328000069

1583247760.329999924

1583247760.332000017

1583247760.334000111

1583247760.336999893

1583247760.338999987

1583247760.341000080

1583247760.342999935

1583247760.344000101

1583247760.345999956

1583247760.348999977

1583247760.351999998

1583247760.352999926

1583247760.355000019

1583247760.357000113

1583247760.358000040

1583247760.361999989

1583247760.364000082

1583247760.365999937

1583247760.367000103

1583247760.368999958

1583247760.371000051

1583247760.374000072

1583247760.375999928

1583247760.378000021

1583247760.380000114

1583247760.381000042

1583247760.382999897

1583247760.385999918

1583247760.388000011

1583247760.390000105

1583247760.391999960

1583247760.392999887

1583247760.397000074

1583247760.398999929

1583247760.401000023

1583247760.401999950

1583247760.404000044

1583247760.405999899

1583247760.408999920

1583247760.411000013

1583247760.413000107

1583247760.414999962

1583247760.415999889

1583247760.417999983

1583247760.421999931

1583247760.424000025

1583247760.426000118

1583247760.428999901

1583247760.430000067

1583247760.431999922

1583247760.434999943

1583247760.437000036

1583247760.438999891

1583247760.440999985

1583247760.441999912

1583247760.444000006

1583247760.447000027

1583247760.450999975

1583247760.453000069

1583247760.453999996

1583247760.456000090

1583247760.460000038

1583247760.461999893

1583247760.463000059

1583247760.464999914

1583247760.467000008

1583247760.470000029

1583247760.471999884

1583247760.473999977

1583247760.476000071

1583247760.476999998

1583247760.479000092

1583247760.482000113

1583247760.484999895

1583247760.486000061

1583247760.487999916

1583247760.490000010

1583247760.492000103

1583247760.494999886

1583247760.496999979

1583247760.497999907

1583247760.500000000

1583247760.502000093

1583247760.503999949

1583247760.506999969

1583247760.509000063

1583247760.509999990

1583247760.516000032

1583247760.519000053

1583247760.520999908

1583247760.522000074

1583247760.523999929

1583247760.526000023

1583247760.528000116

1583247760.530999899

1583247760.532999992

1583247760.535000086

1583247760.536999941

1583247760.538000107

1583247760.539999962

1583247760.542999983

1583247760.546000004

1583247760.548000097

1583247760.551000118

1583247760.553999901

1583247760.555999994

1583247760.558000088

1583247760.559999943

1583247760.562000036

1583247760.562999964

1583247760.568000078

1583247760.569999933

1583247760.572000027

1583247760.573999882

1583247760.575000048

1583247760.576999903

1583247760.579999924

1583247760.582000017

1583247760.584000111

1583247760.585999966

1583247760.586999893

1583247760.592000008

1583247760.592999935

1583247760.595000029

1583247760.596999884

1583247760.598999977

1583247760.599999905

1583247760.604000092

1583247760.605999947

1583247760.607000113

1583247760.608999968

1583247760.611000061

1583247760.611999989

1583247760.615999937

1583247760.618000031

1583247760.618999958

1583247760.621000051

1583247760.622999907

1583247760.625000000

1583247760.628000021

1583247760.630000114

1583247760.631999969

1583247760.634000063

1583247760.634999990

1583247760.637000084

1583247760.640000105

1583247760.641999960

1583247760.644000053

1583247760.645999908

1583247760.647000074

1583247760.651000023

1583247760.653000116

1583247760.654999971

1583247760.657000065

1583247760.657999992

1583247760.660000086

1583247760.663000107

1583247760.664999962

1583247760.667000055

1583247760.668999910

1583247760.670000076

1583247760.671999931

1583247760.674999952

1583247760.677000046

1583247760.678999901

1583247760.680999994

1583247760.681999922

1583247760.684000015

1583247760.687999964

1583247760.690000057

1583247760.690999985

1583247760.693000078

1583247760.694999933

1583247760.697000027

1583247760.700000048

1583247760.703000069

1583247760.703999996

1583247760.706000090

1583247760.707999945

1583247760.710000038

1583247760.713000059

1583247760.714999914

1583247760.717000008

1583247760.719000101

1583247760.720000029

1583247760.721999884

1583247760.724999905

1583247760.726999998

1583247760.729000092

1583247760.730999947

1583247760.732000113

1583247760.733999968

1583247760.736999989

1583247760.739000082

1583247760.740999937

1583247760.743000031

1583247760.743999958

1583247760.746000051

1583247760.750000000

1583247760.753000021

1583247760.755000114

1583247760.756000042

1583247760.757999897

1583247760.760999918

1583247760.763000011

1583247760.765000105

1583247760.766999960

1583247760.769000053

1583247760.772000074

1583247760.773999929

1583247760.776000023

1583247760.776999950

1583247760.779000044

1583247760.780999899

1583247760.785000086

1583247760.786000013

1583247760.788000107

1583247760.789999962

1583247760.792000055

1583247760.792999983

1583247760.796999931

1583247760.799000025

1583247760.799999952

1583247760.802000046

1583247760.803999901

1583247760.805000067

1583247760.809000015

1583247760.811000109

1583247760.812000036

1583247760.813999891

1583247760.815999985

1583247760.818000078

1583247760.821000099

1583247760.822999954

1583247760.828000069

1583247760.829999924

1583247760.832999945

1583247760.835000038

1583247760.838000059

1583247760.839999914

1583247760.841000080

1583247760.842999935

1583247760.846999884

1583247760.848000050

1583247760.849999905

1583247760.852999926

1583247760.855000019

1583247760.858000040

1583247760.859999895

1583247760.861999989

1583247760.864000082

1583247760.865999937

1583247760.868999958

1583247760.871000051

1583247760.872999907

1583247760.875000000

1583247760.875999928

1583247760.878000021

1583247760.881999969

1583247760.882999897

1583247760.884999990

1583247760.887000084

1583247760.888999939

1583247760.890000105

1583247760.894000053

1583247760.895999908

1583247760.897000074

1583247760.898999929

1583247760.901000023

1583247760.901999950

1583247760.905999899

1583247760.907999992

1583247760.908999920

1583247760.911000013

1583247760.913000107

1583247760.914999962

1583247760.917999983

1583247760.920000076

1583247760.921000004

1583247760.923000097

1583247760.924999952

1583247760.927000046

1583247760.930000067

1583247760.931999922

1583247760.933000088

1583247760.934999943

1583247760.937000036

1583247760.938999891

1583247760.941999912

1583247760.944000006

1583247760.946000099

1583247760.947000027

1583247760.948999882

1583247760.950999975

1583247760.954999924

1583247760.956000090

1583247760.957999945

1583247760.960000038

1583247760.961999893

1583247760.964999914

1583247760.967000008

1583247760.969000101

1583247760.970999956

1583247760.971999884

1583247760.974999905

1583247760.979000092

1583247760.980999947

1583247760.982000113

1583247760.983999968

1583247760.986000061

1583247760.986999989

1583247760.990999937

1583247760.993000031

1583247760.993999958

1583247760.996000051

1583247760.997999907

1583247760.999000072

1583247761.003000021

1583247761.005000114

1583247761.006999969

1583247761.007999897

1583247761.009999990

1583247761.012000084

1583247761.015000105

1583247761.016999960

1583247761.019000053

1583247761.020999908

1583247761.022000074

1583247761.023999929

1583247761.026999950

1583247761.029000044

1583247761.030999899

1583247761.032999992

1583247761.033999920

1583247761.036000013

1583247761.039999962

1583247761.040999889

1583247761.042999983

1583247761.045000076

1583247761.046999931

1583247761.049999952

1583247761.052999973

1583247761.055000067

1583247761.056999922

1583247761.059000015

1583247761.062000036

1583247761.063999891

1583247761.065999985

1583247761.068000078

1583247761.069999933

1583247761.072000027

1583247761.075000048

1583247761.076999903

1583247761.078999996

1583247761.081000090

1583247761.082000017

1583247761.084000111

1583247761.086999893

1583247761.088999987

1583247761.091000080

1583247761.092999935

1583247761.094000101

1583247761.098000050

1583247761.099999905

1583247761.101999998

1583247761.104000092

1583247761.105000019

1583247761.107000113

1583247761.111999989

1583247761.112999916

1583247761.115000010

1583247761.117000103

1583247761.118999958

1583247761.119999886

1583247761.124000072

1583247761.125999928

1583247761.128000021

1583247761.128999949

1583247761.131000042

1583247761.137000084

1583247761.138999939

1583247761.141000032

1583247761.141999960

1583247761.144000053

1583247761.148000002

1583247761.148999929

1583247761.151000023

1583247761.153000116

1583247761.154999971

1583247761.157000065

1583247761.160000086

1583247761.161999941

1583247761.164000034

1583247761.164999962

1583247761.167000055

1583247761.171000004

1583247761.173000097

1583247761.174999952

1583247761.176000118

1583247761.177999973

1583247761.180000067

1583247761.184000015

1583247761.184999943

1583247761.187000036

1583247761.188999891

1583247761.190999985

1583247761.191999912

1583247761.196000099

1583247761.197999954

1583247761.198999882

1583247761.200999975

1583247761.203000069

1583247761.204999924

1583247761.207999945

1583247761.210000038

1583247761.211999893

1583247761.213999987

1583247761.214999914

1583247761.219000101

1583247761.220999956

1583247761.223000050

1583247761.223999977

1583247761.226000071

1583247761.227999926

1583247761.230999947

1583247761.233000040

1583247761.234999895

1583247761.236999989

1583247761.239000082

1583247761.240000010

1583247761.243999958

1583247761.246999979

1583247761.247999907

1583247761.250000000

1583247761.252000093

1583247761.253999949

1583247761.257999897

1583247761.259999990

1583247761.260999918

1583247761.263000011

1583247761.265000105

1583247761.269000053

1583247761.270999908

1583247761.272000074

1583247761.273999929

1583247761.276000023

1583247761.278000116

1583247761.280999899

1583247761.282999992

1583247761.285000086

1583247761.286999941

1583247761.288000107

1583247761.289999962

1583247761.292999983

1583247761.295000076

1583247761.296999931

1583247761.299000025

1583247761.301000118

1583247761.303999901

1583247761.305999994

1583247761.308000088

1583247761.309000015

1583247761.311000109

1583247761.312999964

1583247761.315999985

1583247761.318000078

1583247761.319999933

1583247761.322000027

1583247761.322999954

1583247761.325000048

1583247761.328999996

1583247761.331000090

1583247761.332000017

1583247761.334000111

1583247761.335999966

1583247761.338000059

1583247761.341000080

1583247761.342999935

1583247761.344000101

1583247761.345999956

1583247761.348000050

1583247761.348999977

1583247761.352999926

1583247761.355999947

1583247761.358000040

1583247761.359999895

1583247761.361999989

1583247761.365000010

1583247761.367000103

1583247761.368999958

1583247761.371000051

1583247761.372999907

1583247761.377000093

1583247761.378000021

1583247761.380000114

1583247761.382999897

1583247761.384999990

1583247761.385999918

1583247761.390000105

1583247761.391999960

1583247761.392999887

1583247761.394999981

1583247761.397000074

1583247761.398999929

1583247761.401999950

1583247761.404000044

1583247761.405999899

1583247761.407999992

1583247761.408999920

1583247761.411000013

1583247761.414000034

1583247761.415999889

1583247761.417999983

1583247761.420000076

1583247761.421000004

1583247761.423000097

1583247761.427000046

1583247761.427999973

1583247761.430000067

1583247761.431999922

1583247761.434000015

1583247761.437000036

1583247761.438999891

1583247761.440999985

1583247761.443000078

1583247761.444000006

1583247761.450000048

1583247761.451999903

1583247761.453999996

1583247761.457000017

1583247761.459000111

1583247761.461999893

1583247761.463999987

1583247761.466000080

1583247761.467999935

1583247761.470000029

1583247761.473000050

1583247761.474999905

1583247761.476999998

1583247761.477999926

1583247761.480000019

1583247761.482000113

1583247761.486000061

1583247761.486999989

1583247761.489000082

1583247761.492000103

1583247761.493000031

1583247761.494999886

1583247761.497999907

1583247761.500000000

1583247761.502000093

1583247761.503999949

1583247761.505000114

1583247761.506999969

1583247761.509999990

1583247761.512000084

1583247761.513999939

1583247761.516000032

1583247761.517999887

1583247761.519999981

1583247761.523999929

1583247761.525000095

1583247761.526999950

1583247761.529000044

1583247761.530999899

1583247761.533999920

1583247761.536000013

1583247761.538000107

1583247761.539000034

1583247761.540999889

1583247761.542999983

1583247761.546000004

1583247761.548000097

1583247761.549999952

1583247761.552000046

1583247761.553999901

1583247761.556999922

1583247761.559000015

1583247761.561000109

1583247761.562999964

1583247761.565000057

1583247761.566999912

1583247761.569999933

1583247761.572000027

1583247761.573999882

1583247761.575999975

1583247761.576999903

1583247761.578999996

1583247761.582999945

1583247761.585000038

1583247761.585999966

1583247761.588000059

1583247761.589999914

1583247761.592000008

1583247761.595000029

1583247761.596999884

1583247761.598999977

1583247761.601000071

1583247761.601999998

1583247761.605999947

1583247761.608000040

1583247761.609999895

1583247761.611000061

1583247761.612999916

1583247761.615000010

1583247761.618000031

1583247761.619999886

1583247761.621999979

1583247761.624000072

1583247761.625000000

1583247761.627000093

1583247761.631000042

1583247761.632999897

1583247761.634000063

1583247761.635999918

1583247761.638000011

1583247761.638999939

1583247761.642999887

1583247761.644999981

1583247761.645999908

1583247761.648000002

1583247761.650000095

1583247761.651999950

1583247761.655999899

1583247761.658999920

1583247761.661000013

1583247761.663000107

1583247761.664000034

1583247761.667999983

1583247761.670000076

1583247761.671999931

1583247761.674000025

1583247761.674999952

1583247761.677000046

1583247761.680000067

1583247761.681999922

1583247761.684000015

1583247761.686000109

1583247761.687999964

1583247761.690999985

1583247761.693000078

1583247761.694999933

1583247761.696000099

1583247761.697999954

1583247761.700000048

1583247761.703000069

1583247761.704999924

1583247761.707000017

1583247761.709000111

1583247761.710000038

1583247761.711999893

1583247761.716000080

1583247761.717999935

1583247761.719000101

1583247761.720999956

1583247761.723000050

1583247761.724999905

1583247761.727999926

1583247761.730000019

1583247761.730999947

1583247761.733000040

1583247761.734999895

1583247761.736999989

1583247761.740000010

1583247761.742000103

1583247761.743999958

1583247761.746000051

1583247761.746999979

1583247761.749000072

1583247761.752000093

1583247761.753999949

1583247761.756000042

1583247761.759000063

1583247761.765000105

1583247761.766999960

1583247761.769000053

1583247761.770999908

1583247761.772000074

1583247761.776000023

1583247761.776999950

1583247761.779000044

1583247761.780999899

1583247761.782999992

1583247761.785000086

1583247761.788000107

1583247761.790999889

1583247761.792000055

1583247761.793999910

1583247761.796000004

1583247761.798000097

1583247761.801000118

1583247761.802999973

1583247761.803999901

1583247761.805999994

1583247761.808000088

1583247761.809999943

1583247761.812999964

1583247761.815000057

1583247761.816999912

1583247761.818000078

1583247761.819999933

1583247761.822000027

1583247761.825000048

1583247761.826999903

1583247761.828000069

1583247761.829999924

1583247761.832000017

1583247761.832999945

1583247761.836999893

1583247761.838999987

1583247761.839999914

1583247761.842000008

1583247761.844000101

1583247761.845999956

1583247761.848999977

1583247761.851000071

1583247761.851999998

1583247761.854000092

1583247761.855999947

1583247761.858000040

1583247761.861000061

1583247761.862999916

1583247761.865000010

1583247761.867000103

1583247761.868000031

1583247761.869999886

1583247761.872999907

1583247761.875000000

1583247761.877000093

1583247761.878999949

1583247761.880000114

1583247761.881999969

1583247761.884999990

1583247761.887000084

1583247761.888999939

1583247761.891000032

1583247761.891999960

1583247761.894000053

1583247761.897000074

1583247761.898999929

1583247761.901000023

1583247761.903000116

1583247761.904000044

1583247761.905999899

1583247761.908999920

1583247761.911000013

1583247761.913000107

1583247761.914999962

1583247761.915999889

1583247761.920000076

1583247761.921999931

1583247761.924000025

1583247761.924999952

1583247761.927999973

1583247761.930000067

1583247761.933000088

1583247761.934999943

1583247761.937000036

1583247761.938999891

1583247761.940000057

1583247761.941999912

1583247761.946000099

1583247761.947999954

1583247761.948999882

1583247761.950999975

1583247761.953000069

1583247761.953999996

1583247761.957999945

1583247761.960999966

1583247761.963000059

1583247761.963999987

1583247761.966000080

1583247761.970000029

1583247761.971999884

1583247761.973999977

1583247761.976000071

1583247761.976999998

1583247761.979000092

1583247761.982000113

1583247761.983999968

1583247761.986000061

1583247761.987999916

1583247761.989000082

1583247761.990999937

1583247761.993999958

1583247761.996000051

1583247761.997999907

1583247762.000000000

1583247762.000999928

1583247762.005000114

1583247762.006999969

1583247762.009000063

1583247762.010999918

1583247762.012000084

1583247762.013999939

1583247762.017999887

1583247762.019999981

1583247762.020999908

1583247762.023000002

1583247762.025000095

1583247762.026999950

1583247762.029999971

1583247762.032000065

1583247762.032999992

1583247762.035000086

1583247762.036999941

1583247762.039000034

1583247762.042000055

1583247762.043999910

1583247762.046000004

1583247762.048000097

1583247762.049000025

1583247762.051000118

1583247762.053999901

1583247762.055999994

1583247762.058000088

1583247762.061000109

1583247762.063999891

1583247762.072000027

1583247762.073999882

1583247762.075000048

1583247762.078999996

1583247762.081000090

1583247762.082999945

1583247762.084000111

1583247762.085999966

1583247762.088000059

1583247762.091000080

1583247762.092999935

1583247762.095000029

1583247762.096999884

1583247762.098999977

1583247762.101999998

1583247762.104000092

1583247762.107000113

1583247762.108999968

1583247762.109999895

1583247762.111999989

1583247762.115000010

1583247762.117000103

1583247762.118999958

1583247762.121000051

1583247762.122999907

1583247762.127000093

1583247762.128999949

1583247762.130000114

1583247762.131999969

1583247762.134000063

1583247762.135999918

1583247762.138999939

1583247762.141000032

1583247762.142999887

1583247762.144999981

1583247762.147000074

1583247762.151000023

1583247762.153000116

1583247762.154999971

1583247762.155999899

1583247762.157999992

1583247762.160000086

1583247762.163000107

1583247762.164999962

1583247762.167000055

1583247762.168999910

1583247762.171000004

1583247762.174999952

1583247762.177000046

1583247762.178999901

1583247762.180999994

1583247762.183000088

1583247762.187000036

1583247762.188999891

1583247762.190999985

1583247762.191999912

1583247762.194999933

1583247762.200000048

1583247762.201999903

1583247762.203999996

1583247762.206000090

1583247762.207999945

1583247762.210999966

1583247762.213000059

1583247762.214999914

1583247762.217000008

1583247762.219000101

1583247762.220999956

1583247762.223999977

1583247762.226000071

1583247762.227999926

1583247762.230000019

1583247762.232000113

1583247762.236000061

1583247762.237999916

1583247762.240000010

1583247762.240999937

1583247762.243000031

1583247762.244999886

1583247762.247999907

1583247762.250000000

1583247762.252000093

1583247762.253999949

1583247762.256000042

1583247762.259999990

1583247762.263000011

1583247762.265000105

1583247762.266999960

1583247762.269000053

1583247762.272000074

1583247762.275000095

1583247762.276000023

1583247762.278000116

1583247762.279999971

1583247762.283999920

1583247762.286000013

1583247762.288000107

1583247762.289999962

1583247762.290999889

1583247762.295000076

1583247762.296999931

1583247762.299000025

1583247762.301000118

1583247762.302999973

1583247762.305000067

1583247762.308000088

1583247762.309999943

1583247762.312000036

1583247762.313999891

1583247762.315999985

1583247762.319000006

1583247762.321000099

1583247762.322999954

1583247762.325000048

1583247762.326999903

1583247762.328999996

1583247762.332000017

1583247762.335000038

1583247762.336999893

1583247762.338999987

1583247762.341000080

1583247762.344000101

1583247762.345999956

1583247762.348000050

1583247762.349999905

1583247762.351999998

1583247762.352999926

