0.000000000

0.010553023

0.021106045

0.031659068

0.042212090

0.052765113

0.063318136

0.073871158

0.084424181

0.094977204

0.105530226

0.116083249

0.126636271

0.137189294

0.147742317

0.158295339

0.168848362

0.179401385

0.189954407

0.200507430

0.211060452

0.221613475

0.232166498

0.242719520

0.253272543

0.263825566

0.274378588

0.284931611

0.295484633

0.306037656

0.316590679

0.327143701

0.337696724

0.348249747

0.358802769

0.369355792

0.379908814

0.390461837

0.401014860

0.411567882

0.422120905

0.432673928

0.443226950

0.453779973

0.464332995

0.474886018

0.485439041

0.495992063

0.506545086

0.517098109

0.527651131

0.538204154

0.548757176

0.559310199

0.569863222

0.580416244

0.590969267

0.601522290

0.612075312

0.622628335

0.633181357

0.643734380

0.654287403

0.664840425

0.675393448

0.685946471

0.696499493

0.707052516

0.717605538

0.728158561

0.738711584

0.749264606

0.759817629

0.770370652

0.780923674

0.791476697

0.802029719

0.812582742

0.823135765

0.833688787

0.844241810

0.854794833

0.865347855

0.875900878

0.886453900

0.897006923

0.907559946

0.918112968

0.928665991

0.939219014

0.949772036

0.960325059

0.970878081

0.981431104

0.991984127

1.002537149

1.013090172

1.023643195

1.034196217

1.044749240

1.055302262

1.065855285

1.076408308

1.086961330

1.097514353

1.108067376

1.118620398

1.129173421

1.139726443

1.150279466

1.160832489

1.171385511

1.181938534

1.192491557

1.203044579

1.213597602

1.224150624

1.234703647

1.245256670

1.255809692

1.266362715

1.276915738

1.287468760

1.298021783

1.308574805

1.319127828

1.329680851

1.340233873

1.350786896

1.361339919

1.371892941

1.382445964

1.392998986

1.403552009

1.414105032

1.424658054

1.435211077

1.445764100

1.456317122

1.466870145

1.477423167

1.487976190

1.498529213

1.509082235

1.519635258

1.530188281

1.540741303

1.551294326

1.561847348

1.572400371

1.582953394

1.593506416

1.604059439

1.614612462

1.625165484

1.635718507

1.646271529

1.656824552

1.667377575

1.677930597

1.688483620

1.699036643

1.709589665

1.720142688

1.730695710

1.741248733

1.751801756

1.762354778

1.772907801

1.783460824

1.794013846

1.804566869

1.815119891

1.825672914

1.836225937

1.846778959

1.857331982

1.867885005

1.878438027

1.888991050

1.899544072

1.910097095

1.920650118

1.931203140

1.941756163

1.952309186

1.962862208

1.973415231

1.983968253

1.994521276

2.005074299

2.015627321

2.026180344

2.036733367

2.047286389

2.057839412

2.068392434

2.078945457

2.089498480

2.100051502

2.110604525

2.121157548

2.131710570

2.142263593

2.152816615

2.163369638

2.173922661

2.184475683

2.195028706

2.205581729

2.216134751

2.226687774

2.237240796

2.247793819

2.258346842

2.268899864

2.279452887

2.290005910

2.300558932

2.311111955

2.321664977

2.332218000

2.342771023

2.353324045

2.363877068

2.374430091

2.384983113

2.395536136

2.406089158

2.416642181

2.427195204

2.437748226

2.448301249

2.458854272

2.469407294

2.479960317

2.490513339

2.501066362

2.511619385

2.522172407

2.532725430

2.543278453

2.553831475

2.564384498

2.574937520

2.585490543

2.596043566

2.606596588

2.617149611

2.627702634

2.638255656

2.648808679

2.659361701

2.669914724

2.680467747

2.691020769

2.701573792

2.712126815

2.722679837

2.733232860

2.743785882

2.754338905

2.764891928

2.775444950

2.785997973

2.796550996

2.807104018

2.817657041

2.828210063

2.838763086

2.849316109

2.859869131

2.870422154

2.880975177

2.891528199

2.902081222

2.912634244

2.923187267

2.933740290

2.944293312

2.954846335

2.965399358

2.975952380

2.986505403

2.997058425

3.007611448

3.018164471

3.028717493

3.039270516

3.049823539

3.060376561

3.070929584

3.081482606

3.092035629

3.102588652

3.113141674

3.123694697

3.134247720

3.144800742

3.155353765

3.165906787

3.176459810

3.187012833

3.197565855

3.208118878

3.218671901

3.229224923

3.239777946

3.250330968

3.260883991

3.271437014

3.281990036

3.292543059

3.303096082

3.313649104

3.324202127

3.334755149

3.345308172

3.355861195

3.366414217

3.376967240

3.387520263

3.398073285

3.408626308

3.419179330

3.429732353

3.440285376

3.450838398

3.461391421

3.471944444

3.482497466

3.493050489

3.503603511

3.514156534

3.524709557

3.535262579

3.545815602

3.556368625

3.566921647

3.577474670

3.588027692

3.598580715

3.609133738

3.619686760

3.630239783

3.640792806

3.651345828

3.661898851

3.672451873

3.683004896

3.693557919

3.704110941

3.714663964

3.725216987

3.735770009

3.746323032

3.756876054

3.767429077

3.777982100

3.788535122

3.799088145

3.809641168

3.820194190

3.830747213

3.841300235

3.851853258

3.862406281

3.872959303

3.883512326

3.894065349

3.904618371

3.915171394

3.925724416

3.936277439

3.946830462

3.957383484

3.967936507

3.978489530

3.989042552

3.999595575

4.010148597

4.020701620

4.031254643

4.041807665

4.052360688

4.062913711

4.073466733

4.084019756

4.094572778

4.105125801

4.115678824

4.126231846

4.136784869

4.147337892

4.157890914

4.168443937

4.178996959

4.189549982

4.200103005

4.210656027

4.221209050

4.231762073

4.242315095

4.252868118

4.263421140

4.273974163

4.284527186

4.295080208

4.305633231

4.316186254

4.326739276

4.337292299

4.347845321

4.358398344

4.368951367

4.379504389

4.390057412

4.400610435

4.411163457

4.421716480

4.432269502

4.442822525

4.453375548

4.463928570

4.474481593

4.485034616

4.495587638

4.506140661

4.516693683

4.527246706

4.537799729

4.548352751

4.558905774

4.569458797

4.580011819

4.590564842

4.601117864

4.611670887

4.622223910

4.632776932

4.643329955

4.653882978

4.664436000

4.674989023

4.685542045

4.696095068

4.706648091

4.717201113

4.727754136

4.738307159

4.748860181

4.759413204

4.769966226

4.780519249

4.791072272

4.801625294

4.812178317

4.822731340

4.833284362

4.843837385

4.854390407

4.864943430

4.875496453

4.886049475

4.896602498

4.907155521

4.917708543

4.928261566

4.938814588

4.949367611

4.959920634

4.970473656

4.981026679

4.991579702

5.002132724

5.012685747

5.023238769

5.033791792

5.044344815

5.054897837

5.065450860

5.076003883

5.086556905

5.097109928

5.107662950

5.118215973

5.128768996

5.139322018

5.149875041

5.160428064

5.170981086

5.181534109

5.192087131

5.202640154

5.213193177

5.223746199

5.234299222

5.244852245

5.255405267

5.265958290

5.276511312

5.287064335

5.297617358

5.308170380

5.318723403

5.329276426

5.339829448

5.350382471

5.360935493

5.371488516

5.382041539

5.392594561

5.403147584

5.413700607

5.424253629

5.434806652

5.445359674

5.455912697

5.466465720

5.477018742

5.487571765

5.498124788

5.508677810

5.519230833

5.529783855

5.540336878

5.550889901

5.561442923

5.571995946

5.582548969

5.593101991

5.603655014

5.614208036

5.624761059

5.635314082

5.645867104

5.656420127

5.666973150

5.677526172

5.688079195

5.698632217

5.709185240

5.719738263

5.730291285

5.740844308

5.751397331

5.761950353

5.772503376

5.783056398

5.793609421

5.804162444

5.814715466

5.825268489

5.835821512

5.846374534

5.856927557

5.867480579

5.878033602

5.888586625

5.899139647

5.909692670

5.920245693

5.930798715

5.941351738

5.951904760

5.962457783

5.973010806

5.983563828

5.994116851

6.004669874

6.015222896

6.025775919

6.036328941

6.046881964

6.057434987

6.067988009

6.078541032

6.089094055

6.099647077

6.110200100

6.120753122

6.131306145

6.141859168

6.152412190

6.162965213

6.173518236

6.184071258

6.194624281

6.205177303

6.215730326

6.226283349

6.236836371

6.247389394

6.257942417

6.268495439

6.279048462

6.289601484

6.300154507

6.310707530

6.321260552

6.331813575

6.342366598

6.352919620

6.363472643

6.374025665

6.384578688

6.395131711

6.405684733

6.416237756

6.426790779

6.437343801

6.447896824

6.458449846

6.469002869

6.479555892

6.490108914

6.500661937

6.511214960

6.521767982

6.532321005

6.542874027

6.553427050

6.563980073

6.574533095

6.585086118

6.595639141

6.606192163

6.616745186

6.627298208

6.637851231

6.648404254

6.658957276

6.669510299

6.680063322

6.690616344

6.701169367

6.711722389

6.722275412

6.732828435

6.743381457

6.753934480

6.764487503

6.775040525

6.785593548

6.796146570

6.806699593

6.817252616

6.827805638

6.838358661

6.848911684

6.859464706

6.870017729

6.880570751

6.891123774

6.901676797

6.912229819

6.922782842

6.933335865

6.943888887

6.954441910

6.964994932

6.975547955

6.986100978

6.996654000

7.007207023

7.017760046

7.028313068

7.038866091

7.049419113

7.059972136

7.070525159

7.081078181

7.091631204

7.102184227

7.112737249

7.123290272

7.133843294

7.144396317

7.154949340

7.165502362

7.176055385

7.186608408

7.197161430

7.207714453

7.218267475

7.228820498

7.239373521

7.249926543

7.260479566

7.271032589

7.281585611

7.292138634

7.302691656

7.313244679

7.323797702

7.334350724

7.344903747

7.355456770

7.366009792

7.376562815

7.387115837

7.397668860

7.408221883

7.418774905

7.429327928

7.439880951

7.450433973

7.460986996

7.471540018

7.482093041

7.492646064

7.503199086

7.513752109

7.524305132

7.534858154

7.545411177

7.555964199

7.566517222

7.577070245

7.587623267

7.598176290

7.608729313

7.619282335

7.629835358

7.640388380

7.650941403

7.661494426

7.672047448

7.682600471

7.693153494

7.703706516

7.714259539

7.724812561

7.735365584

7.745918607

7.756471629

7.767024652

7.777577675

7.788130697

7.798683720

7.809236742

7.819789765

7.830342788

7.840895810

7.851448833

7.862001856

7.872554878

7.883107901

7.893660923

7.904213946

7.914766969

7.925319991

7.935873014

7.946426037

7.956979059

7.967532082

7.978085104

7.988638127

7.999191150

8.009744172

8.020297195

8.030850218

8.041403240

8.051956263

8.062509285

8.073062308

8.083615331

8.094168353

8.104721376

8.115274399

8.125827421

8.136380444

8.146933466

8.157486489

8.168039512

8.178592534

8.189145557

8.199698580

8.210251602

8.220804625

8.231357647

8.241910670

8.252463693

8.263016715

8.273569738

8.284122761

8.294675783

8.305228806

8.315781828

8.326334851

8.336887874

8.347440896

8.357993919

8.368546942

8.379099964

8.389652987

8.400206009

8.410759032

8.421312055

8.431865077

8.442418100

8.452971123

8.463524145

8.474077168

8.484630190

8.495183213

8.505736236

8.516289258

8.526842281

8.537395304

8.547948326

8.558501349

8.569054371

8.579607394

8.590160417

8.600713439

8.611266462

8.621819485

8.632372507

8.642925530

8.653478552

8.664031575

8.674584598

8.685137620

8.695690643

8.706243666

8.716796688

8.727349711

8.737902733

8.748455756

8.759008779

8.769561801

8.780114824

8.790667847

8.801220869

8.811773892

8.822326914

8.832879937

8.843432960

8.853985982

8.864539005

8.875092028

8.885645050

8.896198073

8.906751095

8.917304118

8.927857141

8.938410163

8.948963186

8.959516209

8.970069231

8.980622254

8.991175276

9.001728299

9.012281322

9.022834344

9.033387367

9.043940390

9.054493412

9.065046435

9.075599457

9.086152480

9.096705503

9.107258525

9.117811548

9.128364571

9.138917593

9.149470616

9.160023638

9.170576661

9.181129684

9.191682706

9.202235729

9.212788752

9.223341774

9.233894797

9.244447819

9.255000842

9.265553865

9.276106887

9.286659910

9.297212933

9.307765955

9.318318978

9.328872000

9.339425023

9.349978046

9.360531068

9.371084091

9.381637114

9.392190136

9.402743159

9.413296181

9.423849204

9.434402227

9.444955249

9.455508272

9.466061295

9.476614317

9.487167340

9.497720362

9.508273385

9.518826408

9.529379430

9.539932453

9.550485476

9.561038498

9.571591521

9.582144543

9.592697566

9.603250589

9.613803611

9.624356634

9.634909657

9.645462679

9.656015702

9.666568724

9.677121747

9.687674770

9.698227792

9.708780815

9.719333838

9.729886860

9.740439883

9.750992905

9.761545928

9.772098951

9.782651973

9.793204996

9.803758019

9.814311041

9.824864064

9.835417086

9.845970109

9.856523132

9.867076154

9.877629177

9.888182200

9.898735222

9.909288245

9.919841267

9.930394290

9.940947313

9.951500335

9.962053358

9.972606381

9.983159403

9.993712426

10.004265448

10.014818471

10.025371494

10.035924516

10.046477539

10.057030562

10.067583584

10.078136607

10.088689629

10.099242652

10.109795675

10.120348697

10.130901720

10.141454743

10.152007765

10.162560788

10.173113810

10.183666833

10.194219856

10.204772878

10.215325901

10.225878924

10.236431946

10.246984969

10.257537991

10.268091014

10.278644037

10.289197059

10.299750082

10.310303105

10.320856127

10.331409150

10.341962172

10.352515195

10.363068218

10.373621240

10.384174263

10.394727286

10.405280308

10.415833331

10.426386353

10.436939376

10.447492399

10.458045421

10.468598444

10.479151467

10.489704489

10.500257512

10.510810534

10.521363557

10.531916580

10.542469602

10.553022625

10.563575648

10.574128670

10.584681693

10.595234715

10.605787738

10.616340761

10.626893783

10.637446806

10.647999829

10.658552851

10.669105874

10.679658896

10.690211919

10.700764942

10.711317964

10.721870987

10.732424010

10.742977032

10.753530055

10.764083077

10.774636100

10.785189123

10.795742145

10.806295168

10.816848191

10.827401213

10.837954236

10.848507258

10.859060281

10.869613304

10.880166326

10.890719349

10.901272372

10.911825394

10.922378417

10.932931439

10.943484462

10.954037485

10.964590507

10.975143530

10.985696553

10.996249575

11.006802598

11.017355620

11.027908643

11.038461666

11.049014688

11.059567711

11.070120734

11.080673756

11.091226779

11.101779801

11.112332824

11.122885847

11.133438869

11.143991892

11.154544915

11.165097937

11.175650960

11.186203982

11.196757005

11.207310028

11.217863050

11.228416073

11.238969096

11.249522118

11.260075141

11.270628163

11.281181186

11.291734209

11.302287231

11.312840254

11.323393276

11.333946299

11.344499322

11.355052344

11.365605367

11.376158390

11.386711412

11.397264435

11.407817457

11.418370480

11.428923503

11.439476525

11.450029548

11.460582571

11.471135593

11.481688616

11.492241638

11.502794661

11.513347684

11.523900706

11.534453729

11.545006752

11.555559774

11.566112797

11.576665819

11.587218842

11.597771865

11.608324887

11.618877910

11.629430933

11.639983955

11.650536978

11.661090000

11.671643023

11.682196046

11.692749068

11.703302091

11.713855114

11.724408136

11.734961159

11.745514181

11.756067204

11.766620227

11.777173249

11.787726272

11.798279295

11.808832317

11.819385340

11.829938362

11.840491385

11.851044408

11.861597430

11.872150453

11.882703476

11.893256498

11.903809521

11.914362543

11.924915566

11.935468589

11.946021611

11.956574634

11.967127657

11.977680679

11.988233702

11.998786724

12.009339747

12.019892770

12.030445792

12.040998815

12.051551838

12.062104860

12.072657883

12.083210905

12.093763928

12.104316951

12.114869973

12.125422996

12.135976019

12.146529041

12.157082064

12.167635086

12.178188109

12.188741132

12.199294154

12.209847177

12.220400200

12.230953222

12.241506245

12.252059267

12.262612290

12.273165313

12.283718335

12.294271358

12.304824381

12.315377403

12.325930426

12.336483448

12.347036471

12.357589494

12.368142516

12.378695539

12.389248562

12.399801584

12.410354607

12.420907629

12.431460652

12.442013675

12.452566697

12.463119720

12.473672743

12.484225765

12.494778788

12.505331810

12.515884833

12.526437856

12.536990878

12.547543901

12.558096924

12.568649946

12.579202969

12.589755991

12.600309014

12.610862037

12.621415059

12.631968082

12.642521105

12.653074127

12.663627150

12.674180172

12.684733195

12.695286218

12.705839240

12.716392263

12.726945286

12.737498308

12.748051331

12.758604353

12.769157376

12.779710399

12.790263421

12.800816444

12.811369467

12.821922489

12.832475512

12.843028534

12.853581557

12.864134580

12.874687602

12.885240625

12.895793648

12.906346670

12.916899693

12.927452715

12.938005738

12.948558761

12.959111783

12.969664806

12.980217829

12.990770851

13.001323874

13.011876896

13.022429919

13.032982942

13.043535964

13.054088987

13.064642010

13.075195032

13.085748055

13.096301077

13.106854100

13.117407123

13.127960145

13.138513168

13.149066191

13.159619213

13.170172236

13.180725258

13.191278281

13.201831304

13.212384326

13.222937349

13.233490372

13.244043394

13.254596417

13.265149439

13.275702462

13.286255485

13.296808507

13.307361530

13.317914553

13.328467575

13.339020598

13.349573620

13.360126643

13.370679666

13.381232688

13.391785711

13.402338734

13.412891756

13.423444779

13.433997801

13.444550824

13.455103847

13.465656869

13.476209892

13.486762915

13.497315937

13.507868960

13.518421982

13.528975005

13.539528028

13.550081050

13.560634073

13.571187096

13.581740118

13.592293141

13.602846163

13.613399186

13.623952209

13.634505231

13.645058254

13.655611277

13.666164299

13.676717322

13.687270344

13.697823367

13.708376390

13.718929412

13.729482435

13.740035458

13.750588480

13.761141503

13.771694525

13.782247548

13.792800571

13.803353593

13.813906616

13.824459639

13.835012661

13.845565684

13.856118706

13.866671729

13.877224752

13.887777774

13.898330797

13.908883820

13.919436842

13.929989865

13.940542887

13.951095910

13.961648933

13.972201955

13.982754978

13.993308001

14.003861023

14.014414046

14.024967068

14.035520091

14.046073114

14.056626136

14.067179159

14.077732182

14.088285204

14.098838227

14.109391249

14.119944272

14.130497295

14.141050317

14.151603340

14.162156363

14.172709385

14.183262408

14.193815430

14.204368453

14.214921476

14.225474498

14.236027521

14.246580544

14.257133566

14.267686589

14.278239611

14.288792634

14.299345657

14.309898679

14.320451702

14.331004725

14.341557747

14.352110770

14.362663792

14.373216815

14.383769838

14.394322860

14.404875883

14.415428906

14.425981928

14.436534951

14.447087973

14.457640996

14.468194019

14.478747041

14.489300064

14.499853087

14.510406109

14.520959132

14.531512154

14.542065177

14.552618200

14.563171222

14.573724245

14.584277268

14.594830290

14.605383313

14.615936335

14.626489358

14.637042381

14.647595403

14.658148426

14.668701449

14.679254471

14.689807494

14.700360516

14.710913539

14.721466562

14.732019584

14.742572607

14.753125630

14.763678652

14.774231675

14.784784697

14.795337720

14.805890743

14.816443765

14.826996788

14.837549811

14.848102833

14.858655856

14.869208878

14.879761901

14.890314924

14.900867946

14.911420969

14.921973992

14.932527014

14.943080037

14.953633059

14.964186082

14.974739105

14.985292127

14.995845150

15.006398173

15.016951195

15.027504218

15.038057240

15.048610263

15.059163286

15.069716308

15.080269331

15.090822354

15.101375376

15.111928399

15.122481421

15.133034444

15.143587467

15.154140489

15.164693512

15.175246535

15.185799557

15.196352580

15.206905602

15.217458625

15.228011648

15.238564670

15.249117693

15.259670716

15.270223738

15.280776761

15.291329783

15.301882806

15.312435829

15.322988851

15.333541874

15.344094897

15.354647919

15.365200942

15.375753964

15.386306987

15.396860010

15.407413032

15.417966055

15.428519078

15.439072100

15.449625123

15.460178145

15.470731168

15.481284191

15.491837213

15.502390236

15.512943259

15.523496281

15.534049304

15.544602326

15.555155349

15.565708372

15.576261394

15.586814417

15.597367440

15.607920462

15.618473485

15.629026507

15.639579530

15.650132553

15.660685575

15.671238598

15.681791621

15.692344643

15.702897666

15.713450688

15.724003711

15.734556734

15.745109756

15.755662779

15.766215802

15.776768824

15.787321847

15.797874869

15.808427892

15.818980915

15.829533937

15.840086960

15.850639983

15.861193005

15.871746028

15.882299050

15.892852073

15.903405096

15.913958118

15.924511141

15.935064164

15.945617186

15.956170209

15.966723231

15.977276254

15.987829277

15.998382299

16.008935322

16.019488345

16.030041367

16.040594390

16.051147412

16.061700435

16.072253458

16.082806480

16.093359503

16.103912526

16.114465548

16.125018571

16.135571593

16.146124616

16.156677639

16.167230661

16.177783684

16.188336707

16.198889729

16.209442752

16.219995774

16.230548797

16.241101820

16.251654842

16.262207865

16.272760888

16.283313910

16.293866933

16.304419955

16.314972978

16.325526001

16.336079023

16.346632046

16.357185069

16.367738091

16.378291114

16.388844136

16.399397159

16.409950182

16.420503204

16.431056227

16.441609250

16.452162272

16.462715295

16.473268317

16.483821340

16.494374363

16.504927385

16.515480408

16.526033431

16.536586453

16.547139476

16.557692498

16.568245521

16.578798544

16.589351566

16.599904589

16.610457612

16.621010634

16.631563657

16.642116679

16.652669702

16.663222725

16.673775747

16.684328770

16.694881793

16.705434815

16.715987838

16.726540860

16.737093883

16.747646906

16.758199928

16.768752951

16.779305974

16.789858996

16.800412019

16.810965041

16.821518064

16.832071087

16.842624109

16.853177132

16.863730155

16.874283177

16.884836200

16.895389222

16.905942245

16.916495268

16.927048290

16.937601313

16.948154336

16.958707358

16.969260381

16.979813403

16.990366426

17.000919449

17.011472471

17.022025494

17.032578517

17.043131539

17.053684562

17.064237584

17.074790607

17.085343630

17.095896652

17.106449675

17.117002698

17.127555720

17.138108743

17.148661765

17.159214788

17.169767811

17.180320833

17.190873856

17.201426879

17.211979901

17.222532924

17.233085946

17.243638969

17.254191992

17.264745014

17.275298037

17.285851060

17.296404082

17.306957105

17.317510127

17.328063150

17.338616173

17.349169195

17.359722218

17.370275241

17.380828263

17.391381286

17.401934308

17.412487331

17.423040354

17.433593376

17.444146399

17.454699422

17.465252444

17.475805467

17.486358489

17.496911512

17.507464535

17.518017557

17.528570580

17.539123603

17.549676625

17.560229648

17.570782670

17.581335693

17.591888716

17.602441738

17.612994761

17.623547784

17.634100806

17.644653829

17.655206851

17.665759874

17.676312897

17.686865919

17.697418942

17.707971965

17.718524987

17.729078010

17.739631032

17.750184055

17.760737078

17.771290100

17.781843123

17.792396146

17.802949168

17.813502191

17.824055213

17.834608236

17.845161259

17.855714281

17.866267304

17.876820327

17.887373349

17.897926372

17.908479394

17.919032417

17.929585440

17.940138462

17.950691485

17.961244508

17.971797530

17.982350553

17.992903575

18.003456598

18.014009621

18.024562643

18.035115666

18.045668689

18.056221711

18.066774734

18.077327756

18.087880779

18.098433802

18.108986824

18.119539847

18.130092870

18.140645892

18.151198915

18.161751937

18.172304960

18.182857983

18.193411005

18.203964028

18.214517051

18.225070073

18.235623096

18.246176118

18.256729141

18.267282164

18.277835186

18.288388209

18.298941232

18.309494254

18.320047277

18.330600299

18.341153322

18.351706345

18.362259367

18.372812390

18.383365413

18.393918435

18.404471458

18.415024480

18.425577503

18.436130526

18.446683548

18.457236571

18.467789594

18.478342616

18.488895639

18.499448661

18.510001684

18.520554707

18.531107729

18.541660752

18.552213775

18.562766797

18.573319820

18.583872842

18.594425865

18.604978888

18.615531910

18.626084933

18.636637956

18.647190978

18.657744001

18.668297023

18.678850046

18.689403069

18.699956091

18.710509114

18.721062137

18.731615159

18.742168182

18.752721204

18.763274227

18.773827250

18.784380272

18.794933295

18.805486318

18.816039340

18.826592363

18.837145385

18.847698408

18.858251431

18.868804453

18.879357476

18.889910499

18.900463521

18.911016544

18.921569566

18.932122589

18.942675612

18.953228634

18.963781657

18.974334680

18.984887702

18.995440725

19.005993747

19.016546770

19.027099793

19.037652815

19.048205838

19.058758861

19.069311883

19.079864906

19.090417928

19.100970951

19.111523974

19.122076996

19.132630019

19.143183042

19.153736064

19.164289087

19.174842109

19.185395132

19.195948155

19.206501177

19.217054200

19.227607223

19.238160245

19.248713268

19.259266290

19.269819313

19.280372336

19.290925358

19.301478381

19.312031404

19.322584426

19.333137449

19.343690471

19.354243494

19.364796517

19.375349539

19.385902562

19.396455585

19.407008607

19.417561630

19.428114652

19.438667675

19.449220698

19.459773720

19.470326743

19.480879766

19.491432788

19.501985811

19.512538833

19.523091856

19.533644879

19.544197901

19.554750924

19.565303947

19.575856969

19.586409992

19.596963014

19.607516037

19.618069060

19.628622082

19.639175105

19.649728128

19.660281150

19.670834173

19.681387195

19.691940218

19.702493241

19.713046263

19.723599286

19.734152309

19.744705331

19.755258354

19.765811376

19.776364399

19.786917422

19.797470444

19.808023467

19.818576490

19.829129512

19.839682535

19.850235557

19.860788580

19.871341603

19.881894625

19.892447648

19.903000671

19.913553693

19.924106716

19.934659738

19.945212761

19.955765784

19.966318806

19.976871829

19.987424852

19.997977874

20.008530897

20.019083919

20.029636942

20.040189965

20.050742987

20.061296010

20.071849033

20.082402055

20.092955078

20.103508100

20.114061123

20.124614146

20.135167168

20.145720191

20.156273214

20.166826236

20.177379259

20.187932281

20.198485304

20.209038327

20.219591349

20.230144372

20.240697395

20.251250417

20.261803440

20.272356462

20.282909485

20.293462508

20.304015530

20.314568553

20.325121576

20.335674598

20.346227621

20.356780643

20.367333666

20.377886689

20.388439711

20.398992734

20.409545757

20.420098779

20.430651802

20.441204824

20.451757847

20.462310870

20.472863892

20.483416915

20.493969938

20.504522960

20.515075983

20.525629005

20.536182028

20.546735051

20.557288073

20.567841096

20.578394119

20.588947141

20.599500164

20.610053186

20.620606209

20.631159232

20.641712254

20.652265277

20.662818300

20.673371322

20.683924345

20.694477367

20.705030390

20.715583413

20.726136435

20.736689458

20.747242481

20.757795503

20.768348526

20.778901548

20.789454571

20.800007594

20.810560616

20.821113639

20.831666662

20.842219684

20.852772707

20.863325729

20.873878752

20.884431775

20.894984797

20.905537820

20.916090843

20.926643865

20.937196888

20.947749910

20.958302933

20.968855956

20.979408978

20.989962001

21.000515024

21.011068046

21.021621069

21.032174091

21.042727114

21.053280137

21.063833159

21.074386182

21.084939205

21.095492227

21.106045250

21.116598272

21.127151295

21.137704318

21.148257340

21.158810363

21.169363386

21.179916408

21.190469431

21.201022453

21.211575476

21.222128499

21.232681521

21.243234544

21.253787567

21.264340589

21.274893612

21.285446634

21.295999657

21.306552680

21.317105702

21.327658725

21.338211748

21.348764770

21.359317793

21.369870815

21.380423838

21.390976861

21.401529883

21.412082906

21.422635929

21.433188951

21.443741974

21.454294996

21.464848019

21.475401042

21.485954064

21.496507087

21.507060110

21.517613132

21.528166155

21.538719177

21.549272200

21.559825223

21.570378245

21.580931268

21.591484291

21.602037313

21.612590336

21.623143358

21.633696381

21.644249404

21.654802426

21.665355449

21.675908472

21.686461494

21.697014517

21.707567539

21.718120562

21.728673585

21.739226607

21.749779630

21.760332653

21.770885675

21.781438698

21.791991720

21.802544743

21.813097766

21.823650788

21.834203811

21.844756834

21.855309856

21.865862879

21.876415901

21.886968924

21.897521947

21.908074969

21.918627992

21.929181015

21.939734037

21.950287060

21.960840082

21.971393105

21.981946128

21.992499150

22.003052173

22.013605196

22.024158218

22.034711241

22.045264263

22.055817286

22.066370309

22.076923331

22.087476354

22.098029377

22.108582399

22.119135422

22.129688444

22.140241467

22.150794490

22.161347512

22.171900535

22.182453558

22.193006580

22.203559603

22.214112625

22.224665648

22.235218671

22.245771693

22.256324716

22.266877739

22.277430761

22.287983784

22.298536806

22.309089829

22.319642852

22.330195874

22.340748897

22.351301920

22.361854942

22.372407965

22.382960987

22.393514010

22.404067033

22.414620055

22.425173078

22.435726101

22.446279123

22.456832146

22.467385168

22.477938191

22.488491214

22.499044236

22.509597259

22.520150282

22.530703304

22.541256327

22.551809349

22.562362372

22.572915395

22.583468417

22.594021440

22.604574462

22.615127485

22.625680508

22.636233530

22.646786553

22.657339576

22.667892598

22.678445621

22.688998643

22.699551666

22.710104689

22.720657711

22.731210734

22.741763757

22.752316779

22.762869802

22.773422824

22.783975847

22.794528870

22.805081892

22.815634915

22.826187938

22.836740960

22.847293983

22.857847005

22.868400028

22.878953051

22.889506073

22.900059096

22.910612119

22.921165141

22.931718164

22.942271186

22.952824209

22.963377232

22.973930254

22.984483277

22.995036300

23.005589322

23.016142345

23.026695367

23.037248390

23.047801413

23.058354435

23.068907458

23.079460481

23.090013503

23.100566526

23.111119548

23.121672571

23.132225594

23.142778616

23.153331639

23.163884662

23.174437684

23.184990707

23.195543729

23.206096752

23.216649775

23.227202797

23.237755820

23.248308843

23.258861865

23.269414888

23.279967910

23.290520933

23.301073956

23.311626978

23.322180001

23.332733024

23.343286046

23.353839069

23.364392091

23.374945114

23.385498137

23.396051159

23.406604182

23.417157205

23.427710227

23.438263250

23.448816272

23.459369295

23.469922318

23.480475340

23.491028363

23.501581386

23.512134408

23.522687431

23.533240453

23.543793476

23.554346499

23.564899521

23.575452544

23.586005567

23.596558589

23.607111612

23.617664634

23.628217657

23.638770680

23.649323702

23.659876725

23.670429748

23.680982770

23.691535793

23.702088815

23.712641838

23.723194861

23.733747883

23.744300906

23.754853929

23.765406951

23.775959974

23.786512996

23.797066019

23.807619042

23.818172064

23.828725087

23.839278110

23.849831132

23.860384155

23.870937177

23.881490200

23.892043223

23.902596245

23.913149268

23.923702291

23.934255313

23.944808336

23.955361358

23.965914381

23.976467404

23.987020426

23.997573449

24.008126472

24.018679494

24.029232517

24.039785539

24.050338562

24.060891585

24.071444607

24.081997630

24.092550653

24.103103675

24.113656698

24.124209720

24.134762743

24.145315766

24.155868788

24.166421811

24.176974834

24.187527856

24.198080879

24.208633901

24.219186924

24.229739947

24.240292969

24.250845992

24.261399015

24.271952037

24.282505060

24.293058082

24.303611105

24.314164128

24.324717150

24.335270173

24.345823196

24.356376218

24.366929241

24.377482263

24.388035286

24.398588309

24.409141331

24.419694354

24.430247377

24.440800399

24.451353422

24.461906444

24.472459467

24.483012490

24.493565512

24.504118535

24.514671558

24.525224580

24.535777603

24.546330625

24.556883648

24.567436671

24.577989693

24.588542716

24.599095739

24.609648761

24.620201784

24.630754806

24.641307829

24.651860852

24.662413874

24.672966897

24.683519920

24.694072942

24.704625965

24.715178987

24.725732010

24.736285033

24.746838055

24.757391078

24.767944101

24.778497123

24.789050146

24.799603168

24.810156191

24.820709214

24.831262236

24.841815259

24.852368282

24.862921304

24.873474327

24.884027349

24.894580372

24.905133395

24.915686417

24.926239440

24.936792463

24.947345485

24.957898508

24.968451530

24.979004553

24.989557576

25.000110598

25.010663621

25.021216644

25.031769666

25.042322689

25.052875711

25.063428734

25.073981757

25.084534779

25.095087802

25.105640825

25.116193847

25.126746870

25.137299892

25.147852915

25.158405938

25.168958960

25.179511983

25.190065006

25.200618028

25.211171051

25.221724073

25.232277096

25.242830119

25.253383141

25.263936164

25.274489187

25.285042209

25.295595232

25.306148254

25.316701277

25.327254300

25.337807322

25.348360345

25.358913368

25.369466390

25.380019413

25.390572435

25.401125458

25.411678481

25.422231503

25.432784526

25.443337549

25.453890571

25.464443594

25.474996616

25.485549639

25.496102662

25.506655684

25.517208707

25.527761730

25.538314752

25.548867775

25.559420797

25.569973820

25.580526843

25.591079865

25.601632888

25.612185911

25.622738933

25.633291956

25.643844978

25.654398001

25.664951024

25.675504046

25.686057069

25.696610092

25.707163114

25.717716137

25.728269159

25.738822182

25.749375205

25.759928227

25.770481250

25.781034273

25.791587295

25.802140318

25.812693340

25.823246363

25.833799386

25.844352408

25.854905431

25.865458454

25.876011476

25.886564499

25.897117521

25.907670544

25.918223567

25.928776589

25.939329612

