nSeg: 25

breaks: 
0.000000000000000
0.326560001373291
0.653120002746582
0.979680004119873
1.306240005493164
1.632800006866455
1.959360008239746
2.285920009613037
2.612480010986328
2.939040012359619
3.265600013732910
3.592160015106201
3.918720016479492
4.245280017852783
4.571840019226074
4.898400020599365
5.224960021972656
5.551520023345947
5.878080024719238
6.204640026092529
6.531200027465820
6.857760028839111
7.184320030212402
7.510880031585693
7.837440032958984
8.164000034332275

coefs_q:
q1:
0.001887246387536
-0.000668422382284
0.000000000000000
-2.272483110000000
q2:
-0.014592866924904
0.005817054808825
0.000000000000000
1.275395632000000
q3:
0.005304514357039
0.001618272701648
-0.000000000000000
-2.767168282999999
q4:
-0.045386230541852
0.024552171152073
0.000000000000000
1.617390037000000
q5:
-0.008148692359332
0.003269677376629
-0.000000000000000
-0.970281839000000
q6:
-0.000448840600184
0.000255605051248
-0.000000000000000
-0.409875244000000
q7:
0.013539427558236
-0.005408606106785
0.000000000000000
-1.249573946000000

q1:
-0.003884941700459
0.001180475166433
0.000167215957895
-2.272488668492752
q2:
0.025365486205005
-0.008479285120286
-0.000869377934167
1.275507777003328
q3:
-0.012351885638553
0.006814999348806
0.002753969332378
-2.766810979282908
q4:
0.021290716576094
-0.019911811372153
0.001515355896103
1.618427748125061
q5:
0.013631762450341
-0.004713433587533
-0.000471473030215
-0.970216932715870
q6:
0.000196029417126
-0.000184115109789
0.000023345755381
-0.409863616706920
q7:
-0.022695246923126
0.007855700339248
0.000799123095914
-1.249679219291520

q1:
0.008931333496659
-0.002625524534678
-0.000304679365783
-2.272443467306784
q2:
-0.056443565226194
0.016370774509536
0.001707666851624
1.275202978483970
q3:
-0.001426452925130
-0.005285896024460
0.003253313316076
-2.765615034027726
q4:
0.026823575402249
0.000946277930830
-0.004678028730541
1.617540624141793
q5:
-0.024326706029963
0.008641331505979
0.000811221319426
-0.970398820499464
q6:
-0.000133157362798
0.000007930990389
-0.000034188930892
-0.409868800525894
q7:
0.039054998736601
-0.014378379259901
-0.001330922941372
-1.249370872546789

q1:
-0.068728537332532
0.006124324302125
0.000837888691079
-2.272511920959714
q2:
-0.234722259658693
-0.038925857703802
-0.005657921147270
1.275540799656877
q3:
0.055962806046879
-0.006683363432029
-0.000655368068473
-2.765166003537747
q4:
0.227019610141417
0.027224798391415
0.004521517991939
1.617048005881891
q5:
0.038184856733741
-0.015191055957678
-0.001327656706515
-0.970059557405387
q6:
0.000426457061918
-0.000122520615346
-0.000071609318976
-0.409883756673144
q7:
0.007858681565260
0.023883022063274
0.001772913225550
-1.249978746160046

q1:
-0.001709084924696
-0.061207649434963
-0.017150122039946
-2.273978652720980
q2:
0.194816291322923
-0.268878562013256
-0.106174532872778
1.261367877530029
q3:
0.016043476697792
0.048142278626537
0.012883455334381
-2.764143848959963
q4:
-0.235235221457045
0.249631370990050
0.094931669045354
1.629333763005719
q5:
0.052754524229828
0.022217884644550
0.000967024479119
-0.970783331950530
q6:
-0.000479899269148
0.000295270840831
-0.000015196005104
-0.409905355893220
q7:
-0.126330694836194
0.031582015251505
0.019885575887234
-1.246579186655802

q1:
0.020234842114312
-0.062882005761031
-0.057672840011161
-2.286165986722649
q2:
0.045183580557287
-0.078020936927396
-0.219458033723231
1.204806370012000
q3:
0.001232157202137
0.063859751943927
0.049458838591283
-2.754243954815178
q4:
-0.027390100897705
0.019176128263873
0.182713446370865
1.678763670586799
q5:
-0.104367673557269
0.073900437159369
0.032355423779405
-0.966261026165771
q6:
0.000274940824751
-0.000174876877146
0.000024119847842
-0.409895542603660
q7:
0.107315304986268
-0.092181640386084
0.000096162220065
-1.241116846147959

q1:
0.006489269635787
-0.043058335555117
-0.092268718016849
-2.311000781858378
q2:
0.069525304971537
-0.033755486540883
-0.255959742724534
1.126393399959187
q3:
0.003035091748414
0.065066871716793
0.091561116990982
-2.731239671201573
q4:
-0.091758991073803
-0.007657405896435
0.186475000362995
1.739521688185585
q5:
0.090477058084946
-0.028346485701198
0.047231522230145
-0.951448776478892
q6:
-0.000161897322678
0.000094477151179
-0.000002135486780
-0.409896740380499
q7:
-0.082085895307210
0.012953018044989
-0.025776736800447
-1.247178588848149

q1:
0.026704971954772
-0.036700927851593
-0.118314903184477
-2.345497869518924
q2:
0.035584342028088
0.034357064520068
-0.255763291418825
1.041628659234156
q3:
-0.055004870408551
0.068040290413384
0.135028592039008
-2.694294951628097
q4:
0.042279529633083
-0.097551854649654
0.152117864094581
1.796404876821436
q5:
-0.077069380412280
0.060292078936216
0.057663675200843
-0.935896912517782
q6:
0.000089821030038
-0.000064130418570
0.000007774542263
-0.409893000612389
q7:
0.074525885651643
-0.067464892207763
-0.043578134501903
-1.257073538730586

q1:
0.013925344269023
-0.010538600816921
-0.133741443731341
-2.387118628030538
q2:
-0.007604401900328
0.069218332864748
-0.221939709506601
0.963009703637597
q3:
0.034522073497808
0.014153118744921
0.161869671846619
-2.644859635349036
q4:
-0.065841111557567
-0.056131444884529
0.101931045587646
1.837149794316324
q5:
0.041084031933099
-0.015211251983602
0.072385270112398
-0.913320556717974
q6:
-0.000050874695062
0.000023865448508
-0.000005374386416
-0.409894172715856
q7:
-0.026205155335616
0.005546627754476
-0.063798163026800
-1.275903616202064

q1:
0.003951610279511
0.003103780513926
-0.136169358659697
-2.431432137882793
q2:
-0.024398246225752
0.061768452379705
-0.179164664737289
0.897649792125931
q3:
-0.048930425995194
0.047973703851481
0.182157807119019
-2.589287940965851
q4:
0.105157991972272
-0.120634665326503
0.044206304394380
1.862157553581335
q5:
-0.047617767723279
0.025037952589877
0.075594277475878
-0.889873828238330
q6:
0.000072812541521
-0.000025975472960
-0.000006063436004
-0.409895154432282
q7:
0.049375290965011
-0.020126038932682
-0.068559215561177
-1.297058634068312

q1:
0.061968484432628
0.006975094088837
-0.132878001355578
-2.475430998082996
q2:
0.082446434145086
0.037865978416742
-0.146628044879574
0.844879190627891
q3:
-0.021843940849384
0.000037543910922
0.197836360254242
-2.526390496246167
q4:
-0.133590831368056
-0.017613483317870
-0.000940011216781
1.867391019522254
q5:
-0.005586422786332
-0.021612222289445
0.076712983967491
-0.864175958223832
q6:
-0.000055402031124
0.000045357518017
0.000000265964657
-0.409897368885488
q7:
-0.013446773369362
0.028245946323340
-0.065907578592533
-1.319874115292921

q1:
0.079191509197220
0.067684379173096
-0.108497203664632
-2.515921762599213
q2:
-0.005702219487173
0.118637101359669
-0.095520398932865
0.803905601153165
q3:
-0.057690784878570
-0.021362528150396
0.190872473371714
-2.462541761894323
q4:
-0.023320344161026
-0.148489749542904
-0.055182683167903
1.860553444739893
q5:
-0.019527502726050
-0.027085128987774
0.060810376867527
-0.841623870668731
q6:
-0.000026680775443
-0.000008918744062
0.000012165410730
-0.409894374407432
q7:
0.035078146351058
0.015072411333444
-0.051761535656644
-1.338852987570204

q1:
-0.159524291188612
0.145266717229687
-0.038955893330896
-2.541376819681555
q2:
-0.141691273359673
0.113050750948983
-0.019860413564777
0.785165511412891
q3:
0.040282714555968
-0.077881036517912
0.158463494757341
-2.404497648977018
q4:
0.276499318485256
-0.171336224406655
-0.159625053660086
1.825885700798566
q5:
0.037652781945504
-0.046215832938881
0.036873214640095
-0.825334072828245
q6:
0.000069356784058
-0.000035057366258
-0.000002195427917
-0.409892281931937
q7:
-0.053693606681226
0.049437769895167
-0.030695090786038
-1.352927300781388

q1:
0.027744637442757
-0.011016041019193
0.004885007676769
-2.544162210993422
q2:
0.070795535567897
-0.025761356319772
0.008644811265212
0.785801414902497
q3:
-0.030468340821771
-0.038416866555761
0.120485251369892
-2.359652316800491
q4:
-0.073660111277868
0.099544629066124
-0.183069317133080
1.765116043234801
q5:
-0.008445862053778
-0.009328155367385
0.018734769742523
-0.816910026908649
q6:
-0.000028147665973
0.000032890088234
-0.000002903174231
-0.409894322100702
q7:
0.003126359736427
-0.003164782919507
-0.015584184095720
-1.359548845534132

q1:
0.054501325715676
0.016164825505032
0.006566394745535
-2.542775527097547
q2:
0.045846297826416
0.043595614257054
0.014468766561703
0.788342678766834
q3:
-0.000988876524659
-0.068266090817560
0.085646864663553
-2.325464537404027
q4:
-0.069977834612155
0.027381290945952
-0.141620388519630
1.713383308188750
q5:
-0.021954498165436
-0.017602397539026
0.009940328348422
-0.812080894030244
q6:
0.000004940625987
0.000005314382717
0.000009572877855
-0.409892742952691
q7:
0.007205036873586
-0.000101950800044
-0.016650968663663
-1.364866638767293

q1:
0.019243464100347
0.069558684506704
0.034560264292691
-2.537009365801091
q2:
-0.093705367715972
0.088510315500518
0.057609279164755
0.799313287427442
q3:
0.046535069708388
-0.069234873375312
0.040744549607900
-2.304810128468052
q4:
-0.062389301965069
-0.041174594355184
-0.146124729699891
1.667618768080241
q5:
0.043093711133368
-0.039110780392190
-0.008579927114680
-0.811476486915669
q6:
-0.000057204959149
0.000010154615205
0.000014624433837
-0.409888878043844
q7:
0.014036372178093
0.006956679753954
-0.014412488367061
-1.370064137133909

q1:
-0.042775175798671
0.088411121495813
0.086146884357811
-2.517635377640600
q2:
0.084371855887529
-0.003290959529520
0.085438512167676
0.824301767504066
q3:
-0.029555922928361
-0.023645396091679
0.010413568683208
-2.297267318754268
q4:
0.053126892672583
-0.102296145961359
-0.192976534854689
1.613336661694586
q5:
-0.015260708766231
0.003107266708489
-0.020337234592672
-0.816948446616514
q6:
0.000067920968499
-0.000045887939410
0.000002955359436
-0.409885011538783
q7:
-0.041798517889914
0.020707832907216
-0.005378365074438
-1.373539994813801

q1:
-0.037458850900094
0.046505137093143
0.130205137947900
-2.481564600241516
q2:
-0.058071889558921
0.079366460593976
0.110281727899758
0.854789850794369
q3:
0.060236887963104
-0.052600742787903
-0.014485370534017
-2.297417522611923
q4:
0.013559876239348
-0.050248791529006
-0.242791609851031
1.541259371304745
q5:
0.019144640378589
-0.011843344518484
-0.023190088174302
-0.823789862136485
q6:
-0.000043663400681
0.000020652875289
-0.000005285403138
-0.409886574656309
q7:
-0.004018823555264
-0.020241339271380
-0.005226026912078
-1.374543666867544

q1:
-0.030683511291177
0.009807449889013
0.148594576430126
-2.435389933685407
q2:
-0.034822572213067
0.022474591591644
0.143538942041352
0.897244861710242
q3:
-0.000928884676040
0.006412131859959
-0.029568723382077
-2.305659544697832
q4:
0.075075430594310
-0.036964451918977
-0.271271966751174
1.457086959992099
q5:
0.001036930524066
0.006912276846485
-0.024800377640041
-0.831959099822143
q6:
0.000033645957352
-0.000022123285270
-0.000005765580224
-0.409887618775693
q7:
0.013785283601509
-0.024178500348557
-0.019731769799366
-1.378548798514206

q1:
-0.010339884843557
-0.020252572579140
0.145183617150094
-2.386887556049737
q2:
0.001986510492437
-0.011640386097518
0.147076960202392
0.945302971454584
q3:
-0.011609741378941
0.005502122116709
-0.025678004587094
-2.314664056354501
q4:
0.016395481930951
0.036585446234957
-0.271395734847868
1.367172932861347
q5:
-0.000353578054508
0.007928136946575
-0.019954092091399
-0.839284665133677
q6:
0.000009725037721
0.000010838986367
-0.000009450580889
-0.409890689127812
q7:
0.007934417029161
-0.010673333653037
-0.031112984758789
-1.387090765131629

q1:
-0.002312362173093
-0.030382351005275
0.128648276434831
-2.341996241926749
q2:
-0.013162050045238
-0.009694241490104
0.140109924188080
0.992160256192944
q3:
0.049262586603133
-0.005871709365243
-0.025798696999483
-2.322867018607411
q4:
-0.027244477905742
0.052647772040618
-0.242255734965252
1.283018435606686
q5:
0.003484377891256
0.007581743596677
-0.014889185479895
-0.844967718872154
q6:
-0.000041457992128
0.000020366411362
0.000000739853837
-0.409892280751709
q7:
-0.020454649618889
-0.002900143945220
-0.035545539621916
-1.398112926388457

q1:
0.020523197258810
-0.032647725988538
0.108065174405172
-2.303305405704740
q2:
0.032117376684117
-0.022588838732648
0.129567561466204
1.036422379293616
q3:
-0.068251206645660
0.042389861681070
-0.013873329129077
-2.330202447588831
q4:
0.008773839460607
0.025956901813677
-0.216586592563446
1.208573052167566
q5:
-0.013727082336974
0.010995318943538
-0.008822659911251
-0.848900060432528
q6:
0.000038416076168
-0.000020249154536
0.000000778145226
-0.409891311009119
q7:
0.032954738016935
-0.022939155168124
-0.043983621175854
-1.410742283001007

q1:
-0.030381959172780
-0.012541560013474
0.093308161106297
-2.270782525741124
q2:
-0.062267239093416
0.008875912989567
0.125089468416712
1.077443538264466
q3:
0.059932403181826
-0.024474480726737
-0.008022882300027
-2.332589242774167
q4:
0.017265495218202
0.034552456892592
-0.196826656301230
1.140918162888422
q5:
0.018231585672368
-0.002452829136902
-0.006033024428264
-0.851086674947913
q6:
-0.000025988805720
0.000017386307122
-0.000000156746230
-0.409891878463694
q7:
-0.014763873753033
0.009345942708076
-0.048422620655475
-1.426404195755742

q1:
0.032934677273705
-0.042306157901033
0.075397090268814
-2.242707308944763
q2:
0.033194187948753
-0.052126056062004
0.110965701635582
1.117070849507157
q3:
-0.038859720863215
0.034240096269348
-0.004833822875020
-2.335732053390100
q4:
-0.017310663915741
0.051467117319091
-0.168736104028533
1.080928441188781
q5:
-0.014068428752595
0.015408290789716
-0.001802288853130
-0.852683480814329
q6:
-0.000000552503470
-0.000008074406173
0.000002884148157
-0.409890980605674
q7:
0.008733718902590
-0.005117929191120
-0.047041920555572
-1.441734571435614

q1:
-0.161741089494051
-0.010040713133844
0.058302695991777
-2.221450279971439
q2:
-0.233603522588610
-0.019606373875614
0.087540759216644
1.148904993645122
q3:
-0.008112710546183
-0.003829995226023
0.005096899763450
-2.335012456667495
q4:
0.369218597707915
0.034508206022801
-0.140660002319936
1.030711665169781
q5:
-0.015072753555773
0.001625732451414
0.003760341799886
-0.852118804629132
q6:
0.000025609939541
-0.000008615682775
-0.000002566167313
-0.409890919065343
q7:
0.141735957866094
0.003438320579351
-0.047590413546137
-1.457338214137626

coefs_qdot:
qdot1:
0.005661739162609
-0.001336844764567
0.000000000000000
qdot2:
-0.043778600774712
0.011634109617650
0.000000000000000
qdot3:
0.015913543071116
0.003236545403296
-0.000000000000000
qdot4:
-0.136158691625556
0.049104342304147
0.000000000000000
qdot5:
-0.024446077077996
0.006539354753258
-0.000000000000000
qdot6:
-0.001346521800552
0.000511210102497
-0.000000000000000
qdot7:
0.040618282674707
-0.010817212213569
0.000000000000000

qdot1:
-0.011654825101376
0.002360950332866
0.000167215957895
qdot2:
0.076096458615014
-0.016958570240572
-0.000869377934167
qdot3:
-0.037055656915660
0.013629998697612
0.002753969332378
qdot4:
0.063872149728283
-0.039823622744307
0.001515355896103
qdot5:
0.040895287351023
-0.009426867175065
-0.000471473030215
qdot6:
0.000588088251378
-0.000368230219578
0.000023345755381
qdot7:
-0.068085740769378
0.015711400678497
0.000799123095914

qdot1:
0.026794000489976
-0.005251049069355
-0.000304679365783
qdot2:
-0.169330695678581
0.032741549019072
0.001707666851624
qdot3:
-0.004279358775390
-0.010571792048921
0.003253313316076
qdot4:
0.080470726206746
0.001892555861659
-0.004678028730541
qdot5:
-0.072980118089888
0.017282663011957
0.000811221319426
qdot6:
-0.000399472088394
0.000015861980777
-0.000034188930892
qdot7:
0.117164996209803
-0.028756758519802
-0.001330922941372

qdot1:
-0.206185611997597
0.012248648604249
0.000837888691079
qdot2:
-0.704166778976080
-0.077851715407604
-0.005657921147270
qdot3:
0.167888418140636
-0.013366726864057
-0.000655368068473
qdot4:
0.681058830424250
0.054449596782829
0.004521517991939
qdot5:
0.114554570201222
-0.030382111915357
-0.001327656706515
qdot6:
0.001279371185753
-0.000245041230692
-0.000071609318976
qdot7:
0.023576044695781
0.047766044126548
0.001772913225550

qdot1:
-0.005127254774089
-0.122415298869927
-0.017150122039946
qdot2:
0.584448873968770
-0.537757124026513
-0.106174532872778
qdot3:
0.048130430093376
0.096284557253074
0.012883455334381
qdot4:
-0.705705664371134
0.499262741980099
0.094931669045354
qdot5:
0.158263572689484
0.044435769289099
0.000967024479119
qdot6:
-0.001439697807445
0.000590541681661
-0.000015196005104
qdot7:
-0.378992084508583
0.063164030503010
0.019885575887234

qdot1:
0.060704526342937
-0.125764011522062
-0.057672840011161
qdot2:
0.135550741671861
-0.156041873854793
-0.219458033723231
qdot3:
0.003696471606412
0.127719503887854
0.049458838591283
qdot4:
-0.082170302693116
0.038352256527746
0.182713446370865
qdot5:
-0.313103020671807
0.147800874318738
0.032355423779405
qdot6:
0.000824822474253
-0.000349753754291
0.000024119847842
qdot7:
0.321945914958805
-0.184363280772168
0.000096162220065

qdot1:
0.019467808907362
-0.086116671110233
-0.092268718016849
qdot2:
0.208575914914610
-0.067510973081766
-0.255959742724534
qdot3:
0.009105275245242
0.130133743433587
0.091561116990982
qdot4:
-0.275276973221410
-0.015314811792869
0.186475000362995
qdot5:
0.271431174254838
-0.056692971402395
0.047231522230145
qdot6:
-0.000485691968035
0.000188954302358
-0.000002135486780
qdot7:
-0.246257685921631
0.025906036089978
-0.025776736800447

qdot1:
0.080114915864316
-0.073401855703187
-0.118314903184477
qdot2:
0.106753026084264
0.068714129040135
-0.255763291418825
qdot3:
-0.165014611225653
0.136080580826768
0.135028592039008
qdot4:
0.126838588899248
-0.195103709299307
0.152117864094581
qdot5:
-0.231208141236839
0.120584157872432
0.057663675200843
qdot6:
0.000269463090113
-0.000128260837139
0.000007774542263
qdot7:
0.223577656954928
-0.134929784415525
-0.043578134501903

qdot1:
0.041776032807069
-0.021077201633843
-0.133741443731341
qdot2:
-0.022813205700985
0.138436665729496
-0.221939709506601
qdot3:
0.103566220493425
0.028306237489843
0.161869671846619
qdot4:
-0.197523334672700
-0.112262889769058
0.101931045587646
qdot5:
0.123252095799296
-0.030422503967204
0.072385270112398
qdot6:
-0.000152624085185
0.000047730897016
-0.000005374386416
qdot7:
-0.078615466006847
0.011093255508952
-0.063798163026800

qdot1:
0.011854830838532
0.006207561027852
-0.136169358659697
qdot2:
-0.073194738677257
0.123536904759410
-0.179164664737289
qdot3:
-0.146791277985581
0.095947407702961
0.182157807119019
qdot4:
0.315473975916816
-0.241269330653006
0.044206304394380
qdot5:
-0.142853303169838
0.050075905179754
0.075594277475878
qdot6:
0.000218437624562
-0.000051950945919
-0.000006063436004
qdot7:
0.148125872895032
-0.040252077865364
-0.068559215561177

qdot1:
0.185905453297883
0.013950188177674
-0.132878001355578
qdot2:
0.247339302435259
0.075731956833484
-0.146628044879574
qdot3:
-0.065531822548151
0.000075087821845
0.197836360254242
qdot4:
-0.400772494104168
-0.035226966635740
-0.000940011216781
qdot5:
-0.016759268358997
-0.043224444578889
0.076712983967491
qdot6:
-0.000166206093371
0.000090715036034
0.000000265964657
qdot7:
-0.040340320108086
0.056491892646680
-0.065907578592533

qdot1:
0.237574527591660
0.135368758346192
-0.108497203664632
qdot2:
-0.017106658461519
0.237274202719338
-0.095520398932865
qdot3:
-0.173072354635709
-0.042725056300792
0.190872473371714
qdot4:
-0.069961032483077
-0.296979499085809
-0.055182683167903
qdot5:
-0.058582508178149
-0.054170257975548
0.060810376867527
qdot6:
-0.000080042326328
-0.000017837488124
0.000012165410730
qdot7:
0.105234439053175
0.030144822666889
-0.051761535656644

qdot1:
-0.478572873565837
0.290533434459374
-0.038955893330896
qdot2:
-0.425073820079020
0.226101501897966
-0.019860413564777
qdot3:
0.120848143667904
-0.155762073035824
0.158463494757341
qdot4:
0.829497955455770
-0.342672448813309
-0.159625053660086
qdot5:
0.112958345836512
-0.092431665877762
0.036873214640095
qdot6:
0.000208070352174
-0.000070114732516
-0.000002195427917
qdot7:
-0.161080820043677
0.098875539790333
-0.030695090786038

qdot1:
0.083233912328271
-0.022032082038385
0.004885007676769
qdot2:
0.212386606703691
-0.051522712639544
0.008644811265212
qdot3:
-0.091405022465314
-0.076833733111523
0.120485251369892
qdot4:
-0.220980333833603
0.199089258132248
-0.183069317133080
qdot5:
-0.025337586161334
-0.018656310734770
0.018734769742523
qdot6:
-0.000084442997920
0.000065780176468
-0.000002903174231
qdot7:
0.009379079209281
-0.006329565839015
-0.015584184095720

qdot1:
0.163503977147028
0.032329651010063
0.006566394745535
qdot2:
0.137538893479248
0.087191228514108
0.014468766561703
qdot3:
-0.002966629573976
-0.136532181635120
0.085646864663553
qdot4:
-0.209933503836466
0.054762581891904
-0.141620388519630
qdot5:
-0.065863494496307
-0.035204795078052
0.009940328348422
qdot6:
0.000014821877962
0.000010628765434
0.000009572877855
qdot7:
0.021615110620757
-0.000203901600088
-0.016650968663663

qdot1:
0.057730392301042
0.139117369013408
0.034560264292691
qdot2:
-0.281116103147917
0.177020631001037
0.057609279164755
qdot3:
0.139605209125165
-0.138469746750623
0.040744549607900
qdot4:
-0.187167905895207
-0.082349188710368
-0.146124729699891
qdot5:
0.129281133400105
-0.078221560784380
-0.008579927114680
qdot6:
-0.000171614877448
0.000020309230410
0.000014624433837
qdot7:
0.042109116534279
0.013913359507908
-0.014412488367061

qdot1:
-0.128325527396012
0.176822242991625
0.086146884357811
qdot2:
0.253115567662587
-0.006581919059039
0.085438512167676
qdot3:
-0.088667768785084
-0.047290792183359
0.010413568683208
qdot4:
0.159380678017750
-0.204592291922718
-0.192976534854689
qdot5:
-0.045782126298693
0.006214533416978
-0.020337234592672
qdot6:
0.000203762905498
-0.000091775878821
0.000002955359436
qdot7:
-0.125395553669743
0.041415665814433
-0.005378365074438

qdot1:
-0.112376552700283
0.093010274186285
0.130205137947900
qdot2:
-0.174215668676762
0.158732921187952
0.110281727899758
qdot3:
0.180710663889311
-0.105201485575806
-0.014485370534017
qdot4:
0.040679628718043
-0.100497583058013
-0.242791609851031
qdot5:
0.057433921135767
-0.023686689036969
-0.023190088174302
qdot6:
-0.000130990202042
0.000041305750578
-0.000005285403138
qdot7:
-0.012056470665791
-0.040482678542759
-0.005226026912078

qdot1:
-0.092050533873531
0.019614899778025
0.148594576430126
qdot2:
-0.104467716639201
0.044949183183288
0.143538942041352
qdot3:
-0.002786654028121
0.012824263719917
-0.029568723382077
qdot4:
0.225226291782929
-0.073928903837954
-0.271271966751174
qdot5:
0.003110791572199
0.013824553692971
-0.024800377640041
qdot6:
0.000100937872055
-0.000044246570539
-0.000005765580224
qdot7:
0.041355850804527
-0.048357000697115
-0.019731769799366

qdot1:
-0.031019654530672
-0.040505145158280
0.145183617150094
qdot2:
0.005959531477310
-0.023280772195036
0.147076960202392
qdot3:
-0.034829224136823
0.011004244233417
-0.025678004587094
qdot4:
0.049186445792852
0.073170892469915
-0.271395734847868
qdot5:
-0.001060734163525
0.015856273893150
-0.019954092091399
qdot6:
0.000029175113164
0.000021677972734
-0.000009450580889
qdot7:
0.023803251087483
-0.021346667306075
-0.031112984758789

qdot1:
-0.006937086519279
-0.060764702010551
0.128648276434831
qdot2:
-0.039486150135713
-0.019388482980207
0.140109924188080
qdot3:
0.147787759809398
-0.011743418730486
-0.025798696999483
qdot4:
-0.081733433717226
0.105295544081237
-0.242255734965252
qdot5:
0.010453133673769
0.015163487193355
-0.014889185479895
qdot6:
-0.000124373976383
0.000040732822724
0.000000739853837
qdot7:
-0.061363948856668
-0.005800287890440
-0.035545539621916

qdot1:
0.061569591776429
-0.065295451977076
0.108065174405172
qdot2:
0.096352130052352
-0.045177677465296
0.129567561466204
qdot3:
-0.204753619936981
0.084779723362140
-0.013873329129077
qdot4:
0.026321518381821
0.051913803627355
-0.216586592563446
qdot5:
-0.041181247010921
0.021990637887077
-0.008822659911251
qdot6:
0.000115248228505
-0.000040498309073
0.000000778145226
qdot7:
0.098864214050805
-0.045878310336248
-0.043983621175854

qdot1:
-0.091145877518340
-0.025083120026949
0.093308161106297
qdot2:
-0.186801717280249
0.017751825979135
0.125089468416712
qdot3:
0.179797209545478
-0.048948961453474
-0.008022882300027
qdot4:
0.051796485654605
0.069104913785184
-0.196826656301230
qdot5:
0.054694757017104
-0.004905658273803
-0.006033024428264
qdot6:
-0.000077966417161
0.000034772614245
-0.000000156746230
qdot7:
-0.044291621259098
0.018691885416152
-0.048422620655475

qdot1:
0.098804031821114
-0.084612315802067
0.075397090268814
qdot2:
0.099582563846258
-0.104252112124008
0.110965701635582
qdot3:
-0.116579162589646
0.068480192538697
-0.004833822875020
qdot4:
-0.051931991747223
0.102934234638183
-0.168736104028533
qdot5:
-0.042205286257784
0.030816581579431
-0.001802288853130
qdot6:
-0.000001657510411
-0.000016148812346
0.000002884148157
qdot7:
0.026201156707770
-0.010235858382240
-0.047041920555572

qdot1:
-0.485223268482154
-0.020081426267687
0.058302695991777
qdot2:
-0.700810567765831
-0.039212747751228
0.087540759216644
qdot3:
-0.024338131638548
-0.007659990452047
0.005096899763450
qdot4:
1.107655793123745
0.069016412045601
-0.140660002319936
qdot5:
-0.045218260667319
0.003251464902827
0.003760341799886
qdot6:
0.000076829818623
-0.000017231365550
-0.000002566167313
qdot7:
0.425207873598283
0.006876641158703
-0.047590413546137

coefs_qdotdot:
qdotdot1:
0.011323478325218
-0.001336844764567
qdotdot2:
-0.087557201549424
0.011634109617650
qdotdot3:
0.031827086142233
0.003236545403296
qdotdot4:
-0.272317383251111
0.049104342304147
qdotdot5:
-0.048892154155992
0.006539354753258
qdotdot6:
-0.002693043601104
0.000511210102497
qdotdot7:
0.081236565349414
-0.010817212213569

qdotdot1:
-0.023309650202752
0.002360950332866
qdotdot2:
0.152192917230028
-0.016958570240572
qdotdot3:
-0.074111313831321
0.013629998697612
qdotdot4:
0.127744299456566
-0.039823622744307
qdotdot5:
0.081790574702047
-0.009426867175065
qdotdot6:
0.001176176502756
-0.000368230219578
qdotdot7:
-0.136171481538755
0.015711400678497

qdotdot1:
0.053588000979951
-0.005251049069355
qdotdot2:
-0.338661391357162
0.032741549019072
qdotdot3:
-0.008558717550781
-0.010571792048921
qdotdot4:
0.160941452413493
0.001892555861659
qdotdot5:
-0.145960236179777
0.017282663011957
qdotdot6:
-0.000798944176788
0.000015861980777
qdotdot7:
0.234329992419607
-0.028756758519802

qdotdot1:
-0.412371223995194
0.012248648604249
qdotdot2:
-1.408333557952159
-0.077851715407604
qdotdot3:
0.335776836281273
-0.013366726864057
qdotdot4:
1.362117660848500
0.054449596782829
qdotdot5:
0.229109140402444
-0.030382111915357
qdotdot6:
0.002558742371507
-0.000245041230692
qdotdot7:
0.047152089391562
0.047766044126548

qdotdot1:
-0.010254509548178
-0.122415298869927
qdotdot2:
1.168897747937541
-0.537757124026513
qdotdot3:
0.096260860186752
0.096284557253074
qdotdot4:
-1.411411328742268
0.499262741980099
qdotdot5:
0.316527145378967
0.044435769289099
qdotdot6:
-0.002879395614890
0.000590541681661
qdotdot7:
-0.757984169017165
0.063164030503010

qdotdot1:
0.121409052685875
-0.125764011522062
qdotdot2:
0.271101483343722
-0.156041873854793
qdotdot3:
0.007392943212825
0.127719503887854
qdotdot4:
-0.164340605386231
0.038352256527746
qdotdot5:
-0.626206041343614
0.147800874318738
qdotdot6:
0.001649644948505
-0.000349753754291
qdotdot7:
0.643891829917611
-0.184363280772168

qdotdot1:
0.038935617814724
-0.086116671110233
qdotdot2:
0.417151829829220
-0.067510973081766
qdotdot3:
0.018210550490484
0.130133743433587
qdotdot4:
-0.550553946442819
-0.015314811792869
qdotdot5:
0.542862348509675
-0.056692971402395
qdotdot6:
-0.000971383936070
0.000188954302358
qdotdot7:
-0.492515371843263
0.025906036089978

qdotdot1:
0.160229831728632
-0.073401855703187
qdotdot2:
0.213506052168528
0.068714129040135
qdotdot3:
-0.330029222451307
0.136080580826768
qdotdot4:
0.253677177798495
-0.195103709299307
qdotdot5:
-0.462416282473678
0.120584157872432
qdotdot6:
0.000538926180227
-0.000128260837139
qdotdot7:
0.447155313909857
-0.134929784415525

qdotdot1:
0.083552065614138
-0.021077201633843
qdotdot2:
-0.045626411401971
0.138436665729496
qdotdot3:
0.207132440986850
0.028306237489843
qdotdot4:
-0.395046669345400
-0.112262889769058
qdotdot5:
0.246504191598592
-0.030422503967204
qdotdot6:
-0.000305248170369
0.000047730897016
qdotdot7:
-0.157230932013695
0.011093255508952

qdotdot1:
0.023709661677063
0.006207561027852
qdotdot2:
-0.146389477354514
0.123536904759410
qdotdot3:
-0.293582555971162
0.095947407702961
qdotdot4:
0.630947951833633
-0.241269330653006
qdotdot5:
-0.285706606339677
0.050075905179754
qdotdot6:
0.000436875249123
-0.000051950945919
qdotdot7:
0.296251745790065
-0.040252077865364

qdotdot1:
0.371810906595766
0.013950188177674
qdotdot2:
0.494678604870518
0.075731956833484
qdotdot3:
-0.131063645096303
0.000075087821845
qdotdot4:
-0.801544988208336
-0.035226966635740
qdotdot5:
-0.033518536717993
-0.043224444578889
qdotdot6:
-0.000332412186742
0.000090715036034
qdotdot7:
-0.080680640216171
0.056491892646680

qdotdot1:
0.475149055183320
0.135368758346192
qdotdot2:
-0.034213316923038
0.237274202719338
qdotdot3:
-0.346144709271418
-0.042725056300792
qdotdot4:
-0.139922064966154
-0.296979499085809
qdotdot5:
-0.117165016356297
-0.054170257975548
qdotdot6:
-0.000160084652656
-0.000017837488124
qdotdot7:
0.210468878106350
0.030144822666889

qdotdot1:
-0.957145747131675
0.290533434459374
qdotdot2:
-0.850147640158039
0.226101501897966
qdotdot3:
0.241696287335809
-0.155762073035824
qdotdot4:
1.658995910911539
-0.342672448813309
qdotdot5:
0.225916691673023
-0.092431665877762
qdotdot6:
0.000416140704348
-0.000070114732516
qdotdot7:
-0.322161640087354
0.098875539790333

qdotdot1:
0.166467824656541
-0.022032082038385
qdotdot2:
0.424773213407383
-0.051522712639544
qdotdot3:
-0.182810044930627
-0.076833733111523
qdotdot4:
-0.441960667667207
0.199089258132248
qdotdot5:
-0.050675172322668
-0.018656310734770
qdotdot6:
-0.000168885995840
0.000065780176468
qdotdot7:
0.018758158418563
-0.006329565839015

qdotdot1:
0.327007954294057
0.032329651010063
qdotdot2:
0.275077786958495
0.087191228514108
qdotdot3:
-0.005933259147953
-0.136532181635120
qdotdot4:
-0.419867007672931
0.054762581891904
qdotdot5:
-0.131726988992614
-0.035204795078052
qdotdot6:
0.000029643755925
0.000010628765434
qdotdot7:
0.043230221241514
-0.000203901600088

qdotdot1:
0.115460784602083
0.139117369013408
qdotdot2:
-0.562232206295834
0.177020631001037
qdotdot3:
0.279210418250329
-0.138469746750623
qdotdot4:
-0.374335811790415
-0.082349188710368
qdotdot5:
0.258562266800210
-0.078221560784380
qdotdot6:
-0.000343229754896
0.000020309230410
qdotdot7:
0.084218233068558
0.013913359507908

qdotdot1:
-0.256651054792024
0.176822242991625
qdotdot2:
0.506231135325173
-0.006581919059039
qdotdot3:
-0.177335537570168
-0.047290792183359
qdotdot4:
0.318761356035499
-0.204592291922718
qdotdot5:
-0.091564252597386
0.006214533416978
qdotdot6:
0.000407525810996
-0.000091775878821
qdotdot7:
-0.250791107339486
0.041415665814433

qdotdot1:
-0.224753105400566
0.093010274186285
qdotdot2:
-0.348431337353523
0.158732921187952
qdotdot3:
0.361421327778622
-0.105201485575806
qdotdot4:
0.081359257436087
-0.100497583058013
qdotdot5:
0.114867842271535
-0.023686689036969
qdotdot6:
-0.000261980404084
0.000041305750578
qdotdot7:
-0.024112941331581
-0.040482678542759

qdotdot1:
-0.184101067747062
0.019614899778025
qdotdot2:
-0.208935433278402
0.044949183183288
qdotdot3:
-0.005573308056241
0.012824263719917
qdotdot4:
0.450452583565857
-0.073928903837954
qdotdot5:
0.006221583144399
0.013824553692971
qdotdot6:
0.000201875744110
-0.000044246570539
qdotdot7:
0.082711701609054
-0.048357000697115

qdotdot1:
-0.062039309061345
-0.040505145158280
qdotdot2:
0.011919062954620
-0.023280772195036
qdotdot3:
-0.069658448273646
0.011004244233417
qdotdot4:
0.098372891585705
0.073170892469915
qdotdot5:
-0.002121468327051
0.015856273893150
qdotdot6:
0.000058350226328
0.000021677972734
qdotdot7:
0.047606502174966
-0.021346667306075

qdotdot1:
-0.013874173038559
-0.060764702010551
qdotdot2:
-0.078972300271427
-0.019388482980207
qdotdot3:
0.295575519618797
-0.011743418730486
qdotdot4:
-0.163466867434451
0.105295544081237
qdotdot5:
0.020906267347537
0.015163487193355
qdotdot6:
-0.000248747952766
0.000040732822724
qdotdot7:
-0.122727897713335
-0.005800287890440

qdotdot1:
0.123139183552858
-0.065295451977076
qdotdot2:
0.192704260104703
-0.045177677465296
qdotdot3:
-0.409507239873962
0.084779723362140
qdotdot4:
0.052643036763641
0.051913803627355
qdotdot5:
-0.082362494021842
0.021990637887077
qdotdot6:
0.000230496457010
-0.000040498309073
qdotdot7:
0.197728428101611
-0.045878310336248

qdotdot1:
-0.182291755036681
-0.025083120026949
qdotdot2:
-0.373603434560497
0.017751825979135
qdotdot3:
0.359594419090955
-0.048948961453474
qdotdot4:
0.103592971309210
0.069104913785184
qdotdot5:
0.109389514034209
-0.004905658273803
qdotdot6:
-0.000155932834322
0.000034772614245
qdotdot7:
-0.088583242518195
0.018691885416152

qdotdot1:
0.197608063642228
-0.084612315802067
qdotdot2:
0.199165127692516
-0.104252112124008
qdotdot3:
-0.233158325179291
0.068480192538697
qdotdot4:
-0.103863983494446
0.102934234638183
qdotdot5:
-0.084410572515568
0.030816581579431
qdotdot6:
-0.000003315020822
-0.000016148812346
qdotdot7:
0.052402313415541
-0.010235858382240

qdotdot1:
-0.970446536964307
-0.020081426267687
qdotdot2:
-1.401621135531662
-0.039212747751228
qdotdot3:
-0.048676263277096
-0.007659990452047
qdotdot4:
2.215311586247490
0.069016412045601
qdotdot5:
-0.090436521334637
0.003251464902827
qdotdot6:
0.000153659637246
-0.000017231365550
qdotdot7:
0.850415747196567
0.006876641158703

