nSeg: 33

breaks: 
0.000000000000000
0.329424243984800
0.658848487969601
0.988272731954401
1.317696975939202
1.647121219924002
1.976545463908802
2.305969707893603
2.635393951878403
2.964818195863204
3.294242439848004
3.623666683832804
3.953090927817605
4.282515171802405
4.611939415787205
4.941363659772006
5.270787903756807
5.600212147741606
5.929636391726407
6.259060635711208
6.588484879696008
6.917909123680809
7.247333367665608
7.576757611650409
7.906181855635210
8.235606099620011
8.565030343604811
8.894454587589610
9.223878831574410
9.553303075559212
9.882727319544012
10.212151563528812
10.541575807513613
10.871000051498413

coefs_q:
q1:
0.081056734009044
-0.075429712777590
0.000000000000000
-2.276667118000000
q2:
0.115229907719561
-0.140214234583814
0.000000000000000
1.299585819000000
q3:
-0.213872901475716
0.156781792445455
-0.000000000000000
-2.760394335000000
q4:
0.064123460739786
0.015489090314855
-0.000000000000000
1.591542602000000
q5:
-0.047333275253313
0.018601931711984
-0.000000000000000
-0.970480204000000
q6:
-0.012502207749533
0.004136732987001
-0.000000000000000
-0.416120559000000
q7:
0.024126516959858
-0.009761571511547
0.000000000000000
-1.261361837000000

q1:
-0.037881784092762
0.004676447184829
-0.023307841027351
-2.281955059807413
q2:
-0.104930063813801
-0.026335658878950
-0.054865572739720
1.288489103939219
q3:
0.099117501941796
-0.054582964186966
0.033666771735185
-2.751026113974562
q4:
-0.005817740831111
0.078860558042534
0.031081061580365
1.595515847481611
q5:
0.101078688559212
-0.028176253534958
-0.003154013728200
-0.970153644257646
q6:
0.035552092136346
-0.008218858021092
-0.001344750953207
-0.416118583642264
q7:
-0.043436261342736
0.014082007316916
0.001423256298869
-1.261558661618716

q1:
0.001373160429333
-0.032761087071831
-0.032559602289712
-2.290479982668715
q2:
0.066209799418529
-0.130035179708364
-0.106377918022615
1.263805930832141
q3:
0.071856405777567
0.043372160241548
0.029973661121004
-2.742315450346890
q4:
-0.098877551228038
0.073111043417569
0.081144191498519
1.614104696930528
q5:
0.010898475233815
0.071717058149823
0.011189382914542
-0.970636864114813
q6:
-0.265643759029047
0.026916305201189
0.004814641448542
-0.416182530548396
q7:
-0.055528118683734
-0.028844865346155
-0.003439987046468
-1.261114435203698

q1:
-0.019742341740960
-0.031404030062923
-0.053697147492024
-2.304712059674409
q2:
0.094426408240262
-0.064601840354861
-0.170496071208397
1.217017953917256
q3:
-0.075363773643758
0.114385886687768
0.081942986463213
-2.725165827371647
q4:
-0.014612126952497
-0.024606944263525
0.097122617692503
1.645234799439332
q5:
-0.074409435837292
0.082487724043283
0.061988176707346
-0.958778439027979
q6:
0.254583094692550
-0.235612178261084
-0.063934838756962
-0.421172063979242
q7:
0.049374387439633
-0.083721790898016
-0.040522172677601
-1.267362992117746

q1:
0.090408751176907
-0.050914848070439
-0.080814981686784
-2.326514951162165
q2:
0.049328262615617
0.028717204085384
-0.182317340382139
1.157217472604540
q3:
-0.075450828986820
0.039905924218458
0.132770449624042
-2.688452823311167
q4:
-0.037442644363921
-0.039047710886533
0.076153231043582
1.674036618307327
q5:
-0.019883243001044
0.008950907605176
0.092110278809145
-0.932066515461992
q6:
-0.016001847840857
0.015985352240129
-0.136285239877696
-0.458701312608717
q7:
0.049295560927561
-0.034926430134475
-0.079607773191371
-1.288032398545946

q1:
-0.007794568617504
0.038433655447749
-0.084926589130542
-2.355430618545907
q2:
-0.073319583984191
0.077466980943085
-0.147337695505994
1.102037568452072
q3:
0.027847705959163
-0.034660072672570
0.134498560303603
-2.643081723080231
q4:
0.045441251083715
-0.076051255323663
0.038236841116356
1.693547322652141
q5:
-0.019916586608051
-0.010699159275579
0.091534362324327
-0.901462611629692
q6:
0.101176968625569
0.000171162358127
-0.130962892270736
-0.502434292695956
q7:
0.034838760722127
0.013791028536630
-0.086570286884056
-1.316285078585343

q1:
-0.061563565708490
0.030730495825722
-0.062142240886429
-2.379515312709663
q2:
-0.074804228916564
0.005007235373268
-0.120168689147741
1.059286583469892
q3:
0.048106678822399
-0.007138944225646
0.120728950762600
-2.601540425143432
q4:
0.044260906441971
-0.031142905971734
0.002924485572035
1.699514847280872
q5:
0.061244318318546
-0.030382178733923
0.078001173608663
-0.873182052450265
q6:
-0.089022565829228
0.100161601552583
-0.097910847372545
-0.541941071306054
q7:
-0.060447356667089
0.048221225773392
-0.066141946890184
-1.342061364073337

q1:
-0.010864967250452
-0.030111097445862
-0.061938196043418
-2.398852439785259
q2:
0.082285408808897
-0.068919744299847
-0.141223019082051
1.017569297272260
q3:
-0.010426638213844
0.040403574679420
0.131687126501268
-2.560824325759078
q4:
-0.018688514195013
0.012598940956451
-0.003184346083606
1.698680898475606
q5:
-0.054204543334212
0.030143911047431
0.077922682456174
-0.848594221813506
q6:
0.067363915063078
0.012183027214941
-0.060901802975051
-0.566508195920344
q7:
0.016012433544966
-0.011517248539414
-0.054050766938646
-1.360778087833282

q1:
0.061158863607577
-0.040848648313061
-0.085314056643405
-2.422912463695031
q2:
0.066226545213403
0.012400681463707
-0.159841768627576
0.966509457290594
q3:
-0.062574303810538
0.030099212446724
0.154912453849119
-2.513431528581443
q4:
-0.021447250710662
-0.005870408023223
-0.000967804208950
1.698331038972220
q5:
-0.024060574439773
-0.023424961077811
0.080136067470288
-0.821591144410982
q6:
-0.034627391238237
0.078756947589474
-0.030943970527110
-0.582840412166007
q7:
0.028928993209798
0.004307402905308
-0.056425864885908
-1.379261144364489

q1:
0.091138638588811
0.019592988907626
-0.092316186173439
-2.453263509014343
q2:
0.033636654980291
0.077850570229658
-0.130110818269807
0.917566977476773
q3:
0.023054626717920
-0.031741265730261
0.154371521687607
-2.461370217129999
q4:
-0.196053364128183
-0.027066141075960
-0.011817901995417
1.696608439505292
q5:
0.048190159985125
-0.047203370711798
0.056869382666588
-0.798594612507681
q6:
-0.104172913581372
0.044535641050008
0.009671597274381
-0.585725278643429
q7:
-0.040108658187690
0.032897138057445
-0.044169787106452
-1.396347562261612

q1:
-0.076514823194474
0.109662820252395
-0.049736188960256
-2.478290325164675
q2:
-0.053495611192546
0.111092759140838
-0.067868304835960
0.884356173767411
q3:
-0.016571717639237
-0.008957006799553
0.140964524027986
-2.413136882898589
q4:
0.163492188162061
-0.220820334851771
-0.093477716921966
1.682769352933016
q5:
-0.030273051290674
0.000421650350021
0.041458349804102
-0.783260223562089
q6:
0.088827638283043
-0.058415608850705
0.005099199375103
-0.581430298738260
q7:
0.005306722066362
-0.006741155144729
-0.035553372209751
-1.408762006211352

q1:
-0.042585871694798
0.034045306898984
-0.002395247818941
-2.485509331790119
q2:
-0.070734424112703
0.058224505320010
-0.012091092997371
0.872142105091157
q3:
0.013422049127516
-0.025334383464058
0.129668108715209
-2.368264194618814
q4:
0.098922463610350
-0.059245463403648
-0.185738180778257
1.633856750132595
q5:
0.030515000396296
-0.029496380753609
0.031880428721838
-0.770639318612774
q6:
-0.052092572405086
0.029370323908336
-0.004469021658360
-0.582914260598307
q7:
0.001177197358959
-0.001496666430482
-0.038267110354246
-1.421015990150836

q1:
0.055361383290417
-0.008041148863493
0.006171152282362
-2.484126188524485
q2:
0.056296637130551
-0.011680397241072
0.003241664618480
0.871948847509626
q3:
-0.065585124014920
-0.012069738304381
0.117346284179725
-2.327817843753017
q4:
-0.010103828871945
0.038516909960213
-0.192566668825259
1.569777154716738
q5:
-0.053214360732051
0.000660762053628
0.022381276831763
-0.762247201809021
q6:
0.138520794480734
-0.022111344936971
-0.002077737998617
-0.583061456636576
q7:
0.036139003204447
-0.000333274380494
-0.038869937222439
-1.433742438890108

q1:
0.085406816912350
0.046670996645701
0.018896760683263
-2.480986762756631
q2:
0.105879280326981
0.043956034135783
0.013874041901649
0.873761731177703
q3:
-0.066038219013334
-0.076885727990174
0.088042196947326
-2.292815562401512
q4:
-0.081861313354382
0.028531571397736
-0.170479273543588
1.510159689211964
q5:
-0.012385128781399
-0.051929539606242
0.005492098546468
-0.756704932832762
q6:
-0.210592757322342
0.114784979056998
0.028451203858697
-0.581193432877347
q7:
0.005312106801624
0.035381917046473
-0.027324064609506
-1.445291364136657

q1:
-0.118799167590261
0.131076224923198
0.077451004768997
-2.466643731766350
q2:
-0.159590337741736
0.148593639761895
0.077304572654911
0.886887402968780
q3:
0.184973088712251
-0.142149499107885
0.015886682854509
-2.274516808382471
q4:
-0.063854430469897
-0.052369732392374
-0.178332141707234
1.454169460228996
q5:
0.130699859792417
-0.064169424662642
-0.032753714985228
-0.760973872125935
q6:
0.100141203040743
-0.093338100551763
0.035516325596118
-0.566892941061356
q7:
-0.118957812103144
0.040631727347748
-0.002283327272410
-1.450263012340120

q1:
0.002582965496278
0.013670247014862
0.125134001856660
-2.431152036147354
q2:
0.020210686634774
-0.009125139311657
0.123248877975424
0.922773603120083
q3:
-0.098758555178596
0.040654360611816
-0.017548276412691
-2.278096815590599
q4:
0.176435074414054
-0.115475324840251
-0.233624372792677
1.387456601869894
q5:
-0.065908921231223
0.064997682840467
-0.032480866661173
-0.774055008072455
q6:
-0.070255240583648
0.005628719758513
0.006622729137927
-0.561742113312192
q7:
0.092400269005077
-0.076931034606744
-0.014241199123377
-1.450858477144380

q1:
-0.094526670485040
0.016222921382412
0.134981536256242
-2.388354023413449
q2:
-0.046057662538236
0.010848531183566
0.123816605039918
0.963107024871303
q3:
0.059278584838455
-0.056946026518405
-0.022915146137222
-2.282996360704215
q4:
0.085660164856056
0.058890648163504
-0.252264737128039
1.304271066626621
q5:
-0.007473580439023
-0.000138306804881
-0.011114615745324
-0.780057615946302
q6:
0.125202633325283
-0.063802618787202
-0.012541163569247
-0.561461165881809
q7:
0.005774169114318
0.014385631676225
-0.034845171198488
-1.460595216526016

q1:
0.034165772489605
-0.077195209500392
0.114895786338953
-2.345506571599804
q2:
-0.009865902179351
-0.034669000800531
0.115969564844986
1.003425976688580
q3:
0.058501208388653
0.001637382466286
-0.041135154389916
-2.294605803455533
q4:
-0.143874847974816
0.143546253305463
-0.185577113906999
1.230622063842208
q5:
0.036283940257944
-0.007524242562835
-0.013638845277780
-0.784001223670663
q6:
-0.090429837413391
0.059931729697060
-0.013816328281316
-0.568040513068624
q7:
-0.052784727180203
0.020092085561598
-0.023487375263096
-1.470306505080454

q1:
0.014211373488972
-0.043430108182757
0.075158882255756
-2.314812963844796
q2:
0.013776408088721
-0.044419202900513
0.089915993132654
1.037514173026346
q3:
-0.078981145415619
0.059452531503174
-0.021010655665430
-2.305887658235763
q4:
0.101375624151707
0.001358664237867
-0.137841920995607
1.179922735718422
q5:
-0.057564260929129
0.028334186201954
-0.006783545327097
-0.788013600398914
q6:
0.080550062203827
-0.029437612773664
-0.003770826867843
-0.569320932252642
q7:
0.083445228995626
-0.032073620974248
-0.027434383508185
-1.477750429386645

q1:
0.004347594324420
-0.029385395279986
0.051171690077169
-2.294258810022397
q2:
-0.023904883000834
-0.030804354442154
0.065135529625199
1.062806790377615
q3:
0.052398617669929
-0.018602380849608
-0.007553625669714
-2.309180784120375
q4:
-0.115889862324930
0.101545429271857
-0.103942817788225
1.138285808151944
q5:
0.106810693542400
-0.028555003209413
-0.006856287802838
-0.789231307298701
q6:
-0.245839619391246
0.050167817259609
0.003058205072590
-0.570878110990383
q7:
-0.111954069990063
0.050393023453820
-0.021399528196099
-1.487285517887905

q1:
0.004431346172838
-0.025088786359562
0.033226573973870
-2.280435104429537
q2:
0.013848543493418
-0.054428898472438
0.037057629721444
1.080066533069028
q3:
-0.053877274262514
0.033181744185687
-0.002750829924946
-2.311814657945405
q4:
0.101430103911023
-0.012985361573821
-0.074768984439557
1.110921294566406
q5:
-0.079839008250343
0.077003092699680
0.009103687450001
-0.790770333278645
q6:
0.236777956558553
-0.192788775018807
-0.043924596113622
-0.573215012613059
q7:
0.091670090621045
-0.060248131148673
-0.024646039597865
-1.492868645252860

q1:
0.032681952001262
-0.020709407771096
0.018139538496508
-2.272053691649487
q2:
0.088651138264316
-0.040742760560609
0.005705777895703
1.086862647308412
q3:
0.008815615080241
-0.020063696839985
0.001570572904469
-2.311046025089487
q4:
-0.091034095823990
0.087255244320745
-0.050302684464811
1.088507450599340
q5:
-0.065502719961267
-0.001899622100417
0.033844591472798
-0.782269139646811
q6:
0.105267438640794
0.041212422975895
-0.093857521291333
-0.600141712179706
q7:
0.014401226263487
0.030346919747894
-0.034496223557797
-1.504248660424730

q1:
-0.045215142053104
0.011589274218794
0.015135145396000
-2.267157125141869
q2:
-0.112957297975591
0.046868742042734
0.007723824714117
1.087490060752536
q3:
0.039579137184516
-0.011351464840776
-0.008778342981876
-2.312390807912701
q4:
0.032655563503910
-0.002711270260228
-0.022451849726455
1.078151096234535
q5:
0.117905622798240
-0.066634174106982
0.011267897469767
-0.773667730013122
q6:
-0.230024298280287
0.145245362147275
-0.032433806392052
-0.622825039610412
q7:
-0.073941474781626
0.044579258970804
-0.009813723778720
-1.511804462240079

q1:
0.094066591161113
-0.033095617743734
0.008050434439419
-2.262529975865117
q2:
0.208488129815802
-0.064763875421791
0.001828733929714
1.091082551085198
q3:
-0.049399612719775
0.027763517192964
-0.003371815043518
-2.315099548033109
q4:
-0.110225754464415
0.029561332697291
-0.013606788207181
1.071628095863597
q5:
-0.147275502863597
0.049888737848620
0.005751544790160
-0.772971939088728
q6:
0.289206775343503
-0.082081379530079
-0.011626059171314
-0.625970637962280
q7:
0.058168645633770
-0.028495084316371
-0.004515206703063
-1.512842935446854

q1:
0.052684100316543
0.059867829288697
0.016869849987420
-2.260106706967289
q2:
-0.055412852509650
0.141279258211336
0.027034756058368
1.092110072873183
q3:
0.017865766848438
-0.021056773027098
-0.001162450917078
-2.314963397579715
q4:
-0.209822473535168
-0.079371774798991
-0.030015555439082
1.066413209916752
q5:
0.163704762812464
-0.095659625716345
-0.009326495342178
-0.770928283978080
q6:
-0.388248373071861
0.203733790438369
0.028449194321078
-0.628369123220806
q7:
-0.129731887513248
0.028991402018202
-0.004351707619361
-1.515343165822545

q1:
-0.194452883950092
0.111934089039086
0.073465567047689
-2.246169076706609
q2:
-0.186307010010518
0.086516247076237
0.102076118170862
1.114366682302848
q3:
0.024100715844076
-0.003400522815332
-0.009219277109884
-2.316992737723671
q4:
0.456319603378067
-0.286733603945022
-0.150619543050597
1.040410915313529
q5:
-0.043362245125556
0.066125327462276
-0.019055809216147
-0.778529353074996
q6:
0.199528273539451
-0.179961489894211
0.036280366455617
-0.610767590007983
q7:
0.112513034933486
-0.099219084876116
-0.027486408951634
-1.518268382118036

q1:
0.043188965712644
-0.080238393818683
0.083906897483243
-2.216772153840233
q2:
0.104512385934719
-0.097605890689113
0.098422920707629
1.150721470389878
q3:
-0.025726928012162
0.020417557473949
-0.003613453332606
-2.319537234984661
q4:
-0.083668677803402
0.164234617129769
-0.190973679171116
0.975989833938298
q5:
-0.060492462431970
0.023271603008366
0.010393707018706
-0.779181022904240
q6:
0.002939319977406
0.017226862098767
-0.017328365276045
-0.611212456599081
q7:
0.025097585190057
0.011974479538081
-0.056226897106868
-1.534068105495408

q1:
0.032076815058134
-0.037555916683564
0.045102595800329
-2.196294712546281
q2:
-0.059822834497180
0.005680850481664
0.068140583834018
1.176288380086545
q3:
0.004580439839108
-0.005007663957424
0.001462939188962
-2.319431591818592
q4:
-0.052007631903191
0.081547144337988
-0.110007208214348
0.927910178638385
q5:
0.050922442309612
-0.036511448101926
0.006032181058284
-0.775394200592495
q6:
-0.015926934396898
0.020131711882927
-0.005021545285775
-0.614946297004810
q7:
-0.023869042176134
0.036777738619316
-0.040166734497786
-1.550393914757431

q1:
0.034419984447789
-0.005855275033666
0.030801896788402
-2.184365683198751
q2:
0.088578699790944
-0.053440425600120
0.052407421907585
1.197213408004146
q3:
-0.000225900057360
-0.000480940164077
-0.000345140074295
-2.319329350349671
q4:
-0.093149566193255
0.030149419874543
-0.073211651992935
0.898661427742914
q5:
-0.013202745700268
0.013813813077185
-0.001444970199984
-0.775548850370925
q6:
-0.033477602373520
0.004391556914846
0.003057013997967
-0.614985191313424
q7:
-0.032287225205580
0.013188615098774
-0.023706606199527
-1.560487978321025

q1:
-0.034342040729644
0.028161057030379
0.038149962159159
-2.173623720140656
q2:
-0.051986411376565
0.034099488035245
0.046036048172319
1.211844930767816
q3:
0.003090763614534
-0.000704191030912
-0.000735551022227
-2.319503315397014
q4:
0.048100147738156
-0.061907756387632
-0.083673617988974
0.874485534578057
q5:
0.036776211152434
0.000765899514682
0.003357940598107
-0.774997766970915
q6:
-0.018893700556111
-0.028693444642116
-0.004948616993993
-0.614698362028442
q7:
-0.008837902610628
-0.018719969162372
-0.025528768330140
-1.568020519641160

q1:
-0.037534378724834
-0.005778245382396
0.045523402964550
-2.159227851886301
q2:
-0.031972746125298
-0.017277264760377
0.051577696356786
1.228852334814402
q3:
-0.003373253953223
0.002350326370248
-0.000193274132570
-2.319711550366566
q4:
0.123442753671640
-0.014371691975035
-0.108801917597423
0.841922709093834
q5:
-0.053403210707307
0.037110826181229
0.015835452325102
-0.772493743082207
q6:
0.006676631705951
-0.047365573707433
-0.030004301612019
-0.620117813812679
q7:
0.065960999924252
-0.027454227320124
-0.040739668097991
-1.578777760326416

q1:
0.014613291028006
-0.042872448386999
0.029496684950231
-2.146200221473001
q2:
0.023522884497985
-0.048875057921710
0.029785517469401
1.242825342919321
q3:
-0.001588652226173
-0.000983368529679
0.000257034920619
-2.319640752578688
q4:
-0.044835764256878
0.107623415436010
-0.078082539096012
0.808934082060684
q5:
0.003299433132478
-0.015666110759618
0.022899861490336
-0.765159005556547
q6:
0.132999770571362
-0.040767240651139
-0.059037387352344
-0.634903401564017
q7:
-0.009051092121751
0.037733230277461
-0.037353515319853
-1.592819681709469

q1:
0.039082254693953
-0.028430531339907
0.006007754759831
-2.140613416808246
q2:
0.035761646544299
-0.025628032595438
0.005242393201258
1.248174401928409
q3:
0.007956593225621
-0.002553390205365
-0.000908059151830
-2.319719587615560
q4:
-0.061254823818930
0.063313452204601
-0.021771790704373
0.793288285499807
q5:
-0.016829948871629
-0.012405370963883
0.013652434846038
-0.759197375357773
q6:
-0.052654823536247
0.090672805960730
-0.042597284229598
-0.654021183582516
q7:
-0.010834837079846
0.028788282739126
-0.015439716185639
-1.601353582117362

coefs_qdot:
qdot1:
0.243170202027132
-0.150859425555180
0.000000000000000
qdot2:
0.345689723158682
-0.280428469167627
0.000000000000000
qdot3:
-0.641618704427149
0.313563584890909
-0.000000000000000
qdot4:
0.192370382219357
0.030978180629710
-0.000000000000000
qdot5:
-0.141999825759940
0.037203863423968
-0.000000000000000
qdot6:
-0.037506623248599
0.008273465974001
-0.000000000000000
qdot7:
0.072379550879574
-0.019523143023094
0.000000000000000

qdot1:
-0.113645352278285
0.009352894369659
-0.023307841027351
qdot2:
-0.314790191441402
-0.052671317757899
-0.054865572739720
qdot3:
0.297352505825387
-0.109165928373932
0.033666771735185
qdot4:
-0.017453222493332
0.157721116085068
0.031081061580365
qdot5:
0.303236065677636
-0.056352507069915
-0.003154013728200
qdot6:
0.106656276409037
-0.016437716042184
-0.001344750953207
qdot7:
-0.130308784028208
0.028164014633833
0.001423256298869

qdot1:
0.004119481287998
-0.065522174143662
-0.032559602289712
qdot2:
0.198629398255588
-0.260070359416728
-0.106377918022615
qdot3:
0.215569217332701
0.086744320483096
0.029973661121004
qdot4:
-0.296632653684114
0.146222086835139
0.081144191498519
qdot5:
0.032695425701446
0.143434116299646
0.011189382914542
qdot6:
-0.796931277087140
0.053832610402378
0.004814641448542
qdot7:
-0.166584356051201
-0.057689730692309
-0.003439987046468

qdot1:
-0.059227025222879
-0.062808060125846
-0.053697147492024
qdot2:
0.283279224720787
-0.129203680709723
-0.170496071208397
qdot3:
-0.226091320931274
0.228771773375536
0.081942986463213
qdot4:
-0.043836380857490
-0.049213888527050
0.097122617692503
qdot5:
-0.223228307511877
0.164975448086566
0.061988176707346
qdot6:
0.763749284077650
-0.471224356522168
-0.063934838756962
qdot7:
0.148123162318899
-0.167443581796033
-0.040522172677601

qdot1:
0.271226253530720
-0.101829696140877
-0.080814981686784
qdot2:
0.147984787846852
0.057434408170769
-0.182317340382139
qdot3:
-0.226352486960459
0.079811848436917
0.132770449624042
qdot4:
-0.112327933091764
-0.078095421773067
0.076153231043582
qdot5:
-0.059649729003132
0.017901815210353
0.092110278809145
qdot6:
-0.048005543522570
0.031970704480258
-0.136285239877696
qdot7:
0.147886682782683
-0.069852860268951
-0.079607773191371

qdot1:
-0.023383705852513
0.076867310895497
-0.084926589130542
qdot2:
-0.219958751952574
0.154933961886169
-0.147337695505994
qdot3:
0.083543117877488
-0.069320145345141
0.134498560303603
qdot4:
0.136323753251145
-0.152102510647326
0.038236841116356
qdot5:
-0.059749759824152
-0.021398318551157
0.091534362324327
qdot6:
0.303530905876707
0.000342324716254
-0.130962892270736
qdot7:
0.104516282166380
0.027582057073260
-0.086570286884056

qdot1:
-0.184690697125470
0.061460991651443
-0.062142240886429
qdot2:
-0.224412686749691
0.010014470746535
-0.120168689147741
qdot3:
0.144320036467198
-0.014277888451292
0.120728950762600
qdot4:
0.132782719325914
-0.062285811943469
0.002924485572035
qdot5:
0.183732954955638
-0.060764357467846
0.078001173608663
qdot6:
-0.267067697487685
0.200323203105165
-0.097910847372545
qdot7:
-0.181342070001267
0.096442451546784
-0.066141946890184

qdot1:
-0.032594901751355
-0.060222194891724
-0.061938196043418
qdot2:
0.246856226426692
-0.137839488599694
-0.141223019082051
qdot3:
-0.031279914641532
0.080807149358839
0.131687126501268
qdot4:
-0.056065542585038
0.025197881912901
-0.003184346083606
qdot5:
-0.162613630002635
0.060287822094862
0.077922682456174
qdot6:
0.202091745189236
0.024366054429882
-0.060901802975051
qdot7:
0.048037300634899
-0.023034497078828
-0.054050766938646

qdot1:
0.183476590822732
-0.081697296626122
-0.085314056643405
qdot2:
0.198679635640210
0.024801362927413
-0.159841768627576
qdot3:
-0.187722911431613
0.060198424893448
0.154912453849119
qdot4:
-0.064341752131987
-0.011740816046446
-0.000967804208950
qdot5:
-0.072181723319320
-0.046849922155622
0.080136067470288
qdot6:
-0.103882173714710
0.157513895178948
-0.030943970527110
qdot7:
0.086786979629394
0.008614805810616
-0.056425864885908

qdot1:
0.273415915766433
0.039185977815252
-0.092316186173439
qdot2:
0.100909964940873
0.155701140459317
-0.130110818269807
qdot3:
0.069163880153761
-0.063482531460522
0.154371521687607
qdot4:
-0.588160092384550
-0.054132282151920
-0.011817901995417
qdot5:
0.144570479955374
-0.094406741423596
0.056869382666588
qdot6:
-0.312518740744117
0.089071282100016
0.009671597274381
qdot7:
-0.120325974563071
0.065794276114890
-0.044169787106452

qdot1:
-0.229544469583422
0.219325640504790
-0.049736188960256
qdot2:
-0.160486833577639
0.222185518281676
-0.067868304835960
qdot3:
-0.049715152917710
-0.017914013599105
0.140964524027986
qdot4:
0.490476564486184
-0.441640669703542
-0.093477716921966
qdot5:
-0.090819153872021
0.000843300700041
0.041458349804102
qdot6:
0.266482914849130
-0.116831217701409
0.005099199375103
qdot7:
0.015920166199086
-0.013482310289457
-0.035553372209751

qdot1:
-0.127757615084393
0.068090613797968
-0.002395247818941
qdot2:
-0.212203272338108
0.116449010640020
-0.012091092997371
qdot3:
0.040266147382549
-0.050668766928116
0.129668108715209
qdot4:
0.296767390831051
-0.118490926807296
-0.185738180778257
qdot5:
0.091545001188889
-0.058992761507218
0.031880428721838
qdot6:
-0.156277717215258
0.058740647816672
-0.004469021658360
qdot7:
0.003531592076878
-0.002993332860965
-0.038267110354246

qdot1:
0.166084149871250
-0.016082297726987
0.006171152282362
qdot2:
0.168889911391653
-0.023360794482144
0.003241664618480
qdot3:
-0.196755372044759
-0.024139476608762
0.117346284179725
qdot4:
-0.030311486615835
0.077033819920426
-0.192566668825259
qdot5:
-0.159643082196152
0.001321524107257
0.022381276831763
qdot6:
0.415562383442201
-0.044222689873941
-0.002077737998617
qdot7:
0.108417009613340
-0.000666548760988
-0.038869937222439

qdot1:
0.256220450737049
0.093341993291403
0.018896760683263
qdot2:
0.317637840980944
0.087912068271566
0.013874041901649
qdot3:
-0.198114657040003
-0.153771455980348
0.088042196947326
qdot4:
-0.245583940063145
0.057063142795473
-0.170479273543588
qdot5:
-0.037155386344196
-0.103859079212484
0.005492098546468
qdot6:
-0.631778271967026
0.229569958113996
0.028451203858697
qdot7:
0.015936320404873
0.070763834092946
-0.027324064609506

qdot1:
-0.356397502770784
0.262152449846397
0.077451004768997
qdot2:
-0.478771013225209
0.297187279523789
0.077304572654911
qdot3:
0.554919266136754
-0.284298998215770
0.015886682854509
qdot4:
-0.191563291409691
-0.104739464784747
-0.178332141707234
qdot5:
0.392099579377251
-0.128338849325284
-0.032753714985228
qdot6:
0.300423609122230
-0.186676201103526
0.035516325596118
qdot7:
-0.356873436309432
0.081263454695496
-0.002283327272410

qdot1:
0.007748896488833
0.027340494029724
0.125134001856660
qdot2:
0.060632059904323
-0.018250278623314
0.123248877975424
qdot3:
-0.296275665535788
0.081308721223632
-0.017548276412691
qdot4:
0.529305223242161
-0.230950649680502
-0.233624372792677
qdot5:
-0.197726763693668
0.129995365680935
-0.032480866661173
qdot6:
-0.210765721750943
0.011257439517026
0.006622729137927
qdot7:
0.277200807015232
-0.153862069213489
-0.014241199123377

qdot1:
-0.283580011455120
0.032445842764824
0.134981536256242
qdot2:
-0.138172987614709
0.021697062367132
0.123816605039918
qdot3:
0.177835754515366
-0.113892053036809
-0.022915146137222
qdot4:
0.256980494568169
0.117781296327008
-0.252264737128039
qdot5:
-0.022420741317069
-0.000276613609761
-0.011114615745324
qdot6:
0.375607899975848
-0.127605237574405
-0.012541163569247
qdot7:
0.017322507342953
0.028771263352450
-0.034845171198488

qdot1:
0.102497317468815
-0.154390419000783
0.114895786338953
qdot2:
-0.029597706538052
-0.069338001601062
0.115969564844986
qdot3:
0.175503625165958
0.003274764932572
-0.041135154389916
qdot4:
-0.431624543924449
0.287092506610926
-0.185577113906999
qdot5:
0.108851820773831
-0.015048485125670
-0.013638845277780
qdot6:
-0.271289512240172
0.119863459394119
-0.013816328281316
qdot7:
-0.158354181540608
0.040184171123197
-0.023487375263096

qdot1:
0.042634120466916
-0.086860216365514
0.075158882255756
qdot2:
0.041329224266163
-0.088838405801025
0.089915993132654
qdot3:
-0.236943436246857
0.118905063006347
-0.021010655665430
qdot4:
0.304126872455120
0.002717328475734
-0.137841920995607
qdot5:
-0.172692782787386
0.056668372403907
-0.006783545327097
qdot6:
0.241650186611482
-0.058875225547329
-0.003770826867843
qdot7:
0.250335686986878
-0.064147241948497
-0.027434383508185

qdot1:
0.013042782973260
-0.058770790559973
0.051171690077169
qdot2:
-0.071714649002502
-0.061608708884307
0.065135529625199
qdot3:
0.157195853009787
-0.037204761699216
-0.007553625669714
qdot4:
-0.347669586974790
0.203090858543714
-0.103942817788225
qdot5:
0.320432080627201
-0.057110006418825
-0.006856287802838
qdot6:
-0.737518858173737
0.100335634519218
0.003058205072590
qdot7:
-0.335862209970188
0.100786046907640
-0.021399528196099

qdot1:
0.013294038518514
-0.050177572719125
0.033226573973870
qdot2:
0.041545630480253
-0.108857796944876
0.037057629721444
qdot3:
-0.161631822787543
0.066363488371374
-0.002750829924946
qdot4:
0.304290311733070
-0.025970723147642
-0.074768984439557
qdot5:
-0.239517024751029
0.154006185399359
0.009103687450001
qdot6:
0.710333869675659
-0.385577550037615
-0.043924596113622
qdot7:
0.275010271863134
-0.120496262297347
-0.024646039597865

qdot1:
0.098045856003786
-0.041418815542192
0.018139538496508
qdot2:
0.265953414792948
-0.081485521121218
0.005705777895703
qdot3:
0.026446845240724
-0.040127393679969
0.001570572904469
qdot4:
-0.273102287471971
0.174510488641490
-0.050302684464811
qdot5:
-0.196508159883801
-0.003799244200834
0.033844591472798
qdot6:
0.315802315922383
0.082424845951789
-0.093857521291333
qdot7:
0.043203678790462
0.060693839495788
-0.034496223557797

qdot1:
-0.135645426159312
0.023178548437587
0.015135145396000
qdot2:
-0.338871893926773
0.093737484085468
0.007723824714117
qdot3:
0.118737411553549
-0.022702929681553
-0.008778342981876
qdot4:
0.097966690511730
-0.005422540520456
-0.022451849726455
qdot5:
0.353716868394721
-0.133268348213965
0.011267897469767
qdot6:
-0.690072894840860
0.290490724294550
-0.032433806392052
qdot7:
-0.221824424344877
0.089158517941608
-0.009813723778720

qdot1:
0.282199773483340
-0.066191235487468
0.008050434439419
qdot2:
0.625464389447406
-0.129527750843582
0.001828733929714
qdot3:
-0.148198838159326
0.055527034385927
-0.003371815043518
qdot4:
-0.330677263393245
0.059122665394583
-0.013606788207181
qdot5:
-0.441826508590791
0.099777475697240
0.005751544790160
qdot6:
0.867620326030510
-0.164162759060157
-0.011626059171314
qdot7:
0.174505936901309
-0.056990168632741
-0.004515206703063

qdot1:
0.158052300949628
0.119735658577394
0.016869849987420
qdot2:
-0.166238557528951
0.282558516422671
0.027034756058368
qdot3:
0.053597300545314
-0.042113546054196
-0.001162450917078
qdot4:
-0.629467420605504
-0.158743549597982
-0.030015555439082
qdot5:
0.491114288437391
-0.191319251432690
-0.009326495342178
qdot6:
-1.164745119215582
0.407467580876737
0.028449194321078
qdot7:
-0.389195662539744
0.057982804036405
-0.004351707619361

qdot1:
-0.583358651850277
0.223868178078173
0.073465567047689
qdot2:
-0.558921030031554
0.173032494152474
0.102076118170862
qdot3:
0.072302147532227
-0.006801045630664
-0.009219277109884
qdot4:
1.368958810134202
-0.573467207890044
-0.150619543050597
qdot5:
-0.130086735376668
0.132250654924551
-0.019055809216147
qdot6:
0.598584820618353
-0.359922979788422
0.036280366455617
qdot7:
0.337539104800459
-0.198438169752233
-0.027486408951634

qdot1:
0.129566897137931
-0.160476787637366
0.083906897483243
qdot2:
0.313537157804156
-0.195211781378226
0.098422920707629
qdot3:
-0.077180784036486
0.040835114947898
-0.003613453332606
qdot4:
-0.251006033410205
0.328469234259538
-0.190973679171116
qdot5:
-0.181477387295909
0.046543206016732
0.010393707018706
qdot6:
0.008817959932219
0.034453724197534
-0.017328365276045
qdot7:
0.075292755570170
0.023948959076162
-0.056226897106868

qdot1:
0.096230445174402
-0.075111833367128
0.045102595800329
qdot2:
-0.179468503491540
0.011361700963328
0.068140583834018
qdot3:
0.013741319517323
-0.010015327914849
0.001462939188962
qdot4:
-0.156022895709572
0.163094288675977
-0.110007208214348
qdot5:
0.152767326928835
-0.073022896203851
0.006032181058284
qdot6:
-0.047780803190694
0.040263423765853
-0.005021545285775
qdot7:
-0.071607126528401
0.073555477238633
-0.040166734497786

qdot1:
0.103259953343366
-0.011710550067331
0.030801896788402
qdot2:
0.265736099372832
-0.106880851200240
0.052407421907585
qdot3:
-0.000677700172079
-0.000961880328153
-0.000345140074295
qdot4:
-0.279448698579765
0.060298839749087
-0.073211651992935
qdot5:
-0.039608237100803
0.027627626154369
-0.001444970199984
qdot6:
-0.100432807120560
0.008783113829691
0.003057013997967
qdot7:
-0.096861675616740
0.026377230197548
-0.023706606199527

qdot1:
-0.103026122188933
0.056322114060757
0.038149962159159
qdot2:
-0.155959234129694
0.068198976070491
0.046036048172319
qdot3:
0.009272290843601
-0.001408382061824
-0.000735551022227
qdot4:
0.144300443214467
-0.123815512775265
-0.083673617988974
qdot5:
0.110328633457301
0.001531799029363
0.003357940598107
qdot6:
-0.056681101668334
-0.057386889284233
-0.004948616993993
qdot7:
-0.026513707831884
-0.037439938324743
-0.025528768330140

qdot1:
-0.112603136174502
-0.011556490764792
0.045523402964550
qdot2:
-0.095918238375895
-0.034554529520754
0.051577696356786
qdot3:
-0.010119761859668
0.004700652740497
-0.000193274132570
qdot4:
0.370328261014919
-0.028743383950070
-0.108801917597423
qdot5:
-0.160209632121922
0.074221652362458
0.015835452325102
qdot6:
0.020029895117852
-0.094731147414865
-0.030004301612019
qdot7:
0.197882999772756
-0.054908454640248
-0.040739668097991

qdot1:
0.043839873084018
-0.085744896773998
0.029496684950231
qdot2:
0.070568653493955
-0.097750115843420
0.029785517469401
qdot3:
-0.004765956678520
-0.001966737059358
0.000257034920619
qdot4:
-0.134507292770635
0.215246830872021
-0.078082539096012
qdot5:
0.009898299397434
-0.031332221519236
0.022899861490336
qdot6:
0.398999311714087
-0.081534481302279
-0.059037387352344
qdot7:
-0.027153276365254
0.075466460554921
-0.037353515319853

qdot1:
0.117246764081859
-0.056861062679813
0.006007754759831
qdot2:
0.107284939632898
-0.051256065190877
0.005242393201258
qdot3:
0.023869779676864
-0.005106780410730
-0.000908059151830
qdot4:
-0.183764471456790
0.126626904409203
-0.021771790704373
qdot5:
-0.050489846614886
-0.024810741927766
0.013652434846038
qdot6:
-0.157964470608740
0.181345611921460
-0.042597284229598
qdot7:
-0.032504511239538
0.057576565478253
-0.015439716185639

coefs_qdotdot:
qdotdot1:
0.486340404054264
-0.150859425555180
qdotdot2:
0.691379446317365
-0.280428469167627
qdotdot3:
-1.283237408854298
0.313563584890909
qdotdot4:
0.384740764438713
0.030978180629710
qdotdot5:
-0.283999651519880
0.037203863423968
qdotdot6:
-0.075013246497199
0.008273465974001
qdotdot7:
0.144759101759148
-0.019523143023094

qdotdot1:
-0.227290704556571
0.009352894369659
qdotdot2:
-0.629580382882803
-0.052671317757899
qdotdot3:
0.594705011650773
-0.109165928373932
qdotdot4:
-0.034906444986665
0.157721116085068
qdotdot5:
0.606472131355272
-0.056352507069915
qdotdot6:
0.213312552818073
-0.016437716042184
qdotdot7:
-0.260617568056415
0.028164014633833

qdotdot1:
0.008238962575996
-0.065522174143662
qdotdot2:
0.397258796511175
-0.260070359416728
qdotdot3:
0.431138434665401
0.086744320483096
qdotdot4:
-0.593265307368228
0.146222086835139
qdotdot5:
0.065390851402891
0.143434116299646
qdotdot6:
-1.593862554174280
0.053832610402378
qdotdot7:
-0.333168712102402
-0.057689730692309

qdotdot1:
-0.118454050445759
-0.062808060125846
qdotdot2:
0.566558449441574
-0.129203680709723
qdotdot3:
-0.452182641862548
0.228771773375536
qdotdot4:
-0.087672761714980
-0.049213888527050
qdotdot5:
-0.446456615023753
0.164975448086566
qdotdot6:
1.527498568155301
-0.471224356522168
qdotdot7:
0.296246324637797
-0.167443581796033

qdotdot1:
0.542452507061440
-0.101829696140877
qdotdot2:
0.295969575693704
0.057434408170769
qdotdot3:
-0.452704973920919
0.079811848436917
qdotdot4:
-0.224655866183529
-0.078095421773067
qdotdot5:
-0.119299458006264
0.017901815210353
qdotdot6:
-0.096011087045139
0.031970704480258
qdotdot7:
0.295773365565366
-0.069852860268951

qdotdot1:
-0.046767411705026
0.076867310895497
qdotdot2:
-0.439917503905148
0.154933961886169
qdotdot3:
0.167086235754977
-0.069320145345141
qdotdot4:
0.272647506502289
-0.152102510647326
qdotdot5:
-0.119499519648303
-0.021398318551157
qdotdot6:
0.607061811753415
0.000342324716254
qdotdot7:
0.209032564332761
0.027582057073260

qdotdot1:
-0.369381394250941
0.061460991651443
qdotdot2:
-0.448825373499381
0.010014470746535
qdotdot3:
0.288640072934396
-0.014277888451292
qdotdot4:
0.265565438651828
-0.062285811943469
qdotdot5:
0.367465909911276
-0.060764357467846
qdotdot6:
-0.534135394975370
0.200323203105165
qdotdot7:
-0.362684140002534
0.096442451546784

qdotdot1:
-0.065189803502711
-0.060222194891724
qdotdot2:
0.493712452853383
-0.137839488599694
qdotdot3:
-0.062559829283064
0.080807149358839
qdotdot4:
-0.112131085170075
0.025197881912901
qdotdot5:
-0.325227260005270
0.060287822094862
qdotdot6:
0.404183490378471
0.024366054429882
qdotdot7:
0.096074601269798
-0.023034497078828

qdotdot1:
0.366953181645464
-0.081697296626122
qdotdot2:
0.397359271280420
0.024801362927413
qdotdot3:
-0.375445822863227
0.060198424893448
qdotdot4:
-0.128683504263974
-0.011740816046446
qdotdot5:
-0.144363446638639
-0.046849922155622
qdotdot6:
-0.207764347429420
0.157513895178948
qdotdot7:
0.173573959258787
0.008614805810616

qdotdot1:
0.546831831532866
0.039185977815252
qdotdot2:
0.201819929881746
0.155701140459317
qdotdot3:
0.138327760307523
-0.063482531460522
qdotdot4:
-1.176320184769101
-0.054132282151920
qdotdot5:
0.289140959910747
-0.094406741423596
qdotdot6:
-0.625037481488233
0.089071282100016
qdotdot7:
-0.240651949126142
0.065794276114890

qdotdot1:
-0.459088939166844
0.219325640504790
qdotdot2:
-0.320973667155277
0.222185518281676
qdotdot3:
-0.099430305835419
-0.017914013599105
qdotdot4:
0.980953128972368
-0.441640669703542
qdotdot5:
-0.181638307744042
0.000843300700041
qdotdot6:
0.532965829698260
-0.116831217701409
qdotdot7:
0.031840332398172
-0.013482310289457

qdotdot1:
-0.255515230168787
0.068090613797968
qdotdot2:
-0.424406544676216
0.116449010640020
qdotdot3:
0.080532294765098
-0.050668766928116
qdotdot4:
0.593534781662102
-0.118490926807296
qdotdot5:
0.183090002377778
-0.058992761507218
qdotdot6:
-0.312555434430515
0.058740647816672
qdotdot7:
0.007063184153756
-0.002993332860965

qdotdot1:
0.332168299742500
-0.016082297726987
qdotdot2:
0.337779822783306
-0.023360794482144
qdotdot3:
-0.393510744089518
-0.024139476608762
qdotdot4:
-0.060622973231670
0.077033819920426
qdotdot5:
-0.319286164392303
0.001321524107257
qdotdot6:
0.831124766884402
-0.044222689873941
qdotdot7:
0.216834019226680
-0.000666548760988

qdotdot1:
0.512440901474098
0.093341993291403
qdotdot2:
0.635275681961887
0.087912068271566
qdotdot3:
-0.396229314080006
-0.153771455980348
qdotdot4:
-0.491167880126290
0.057063142795473
qdotdot5:
-0.074310772688392
-0.103859079212484
qdotdot6:
-1.263556543934053
0.229569958113996
qdotdot7:
0.031872640809747
0.070763834092946

qdotdot1:
-0.712795005541568
0.262152449846397
qdotdot2:
-0.957542026450417
0.297187279523789
qdotdot3:
1.109838532273508
-0.284298998215770
qdotdot4:
-0.383126582819381
-0.104739464784747
qdotdot5:
0.784199158754503
-0.128338849325284
qdotdot6:
0.600847218244460
-0.186676201103526
qdotdot7:
-0.713746872618864
0.081263454695496

qdotdot1:
0.015497792977666
0.027340494029724
qdotdot2:
0.121264119808646
-0.018250278623314
qdotdot3:
-0.592551331071576
0.081308721223632
qdotdot4:
1.058610446484322
-0.230950649680502
qdotdot5:
-0.395453527387337
0.129995365680935
qdotdot6:
-0.421531443501886
0.011257439517026
qdotdot7:
0.554401614030464
-0.153862069213489

qdotdot1:
-0.567160022910240
0.032445842764824
qdotdot2:
-0.276345975229419
0.021697062367132
qdotdot3:
0.355671509030732
-0.113892053036809
qdotdot4:
0.513960989136338
0.117781296327008
qdotdot5:
-0.044841482634138
-0.000276613609761
qdotdot6:
0.751215799951696
-0.127605237574405
qdotdot7:
0.034645014685906
0.028771263352450

qdotdot1:
0.204994634937630
-0.154390419000783
qdotdot2:
-0.059195413076104
-0.069338001601062
qdotdot3:
0.351007250331916
0.003274764932572
qdotdot4:
-0.863249087848898
0.287092506610926
qdotdot5:
0.217703641547663
-0.015048485125670
qdotdot6:
-0.542579024480345
0.119863459394119
qdotdot7:
-0.316708363081216
0.040184171123197

qdotdot1:
0.085268240933832
-0.086860216365514
qdotdot2:
0.082658448532325
-0.088838405801025
qdotdot3:
-0.473886872493714
0.118905063006347
qdotdot4:
0.608253744910239
0.002717328475734
qdotdot5:
-0.345385565574773
0.056668372403907
qdotdot6:
0.483300373222963
-0.058875225547329
qdotdot7:
0.500671373973756
-0.064147241948497

qdotdot1:
0.026085565946521
-0.058770790559973
qdotdot2:
-0.143429298005005
-0.061608708884307
qdotdot3:
0.314391706019575
-0.037204761699216
qdotdot4:
-0.695339173949579
0.203090858543714
qdotdot5:
0.640864161254403
-0.057110006418825
qdotdot6:
-1.475037716347474
0.100335634519218
qdotdot7:
-0.671724419940376
0.100786046907640

qdotdot1:
0.026588077037027
-0.050177572719125
qdotdot2:
0.083091260960506
-0.108857796944876
qdotdot3:
-0.323263645575086
0.066363488371374
qdotdot4:
0.608580623466140
-0.025970723147642
qdotdot5:
-0.479034049502059
0.154006185399359
qdotdot6:
1.420667739351318
-0.385577550037615
qdotdot7:
0.550020543726269
-0.120496262297347

qdotdot1:
0.196091712007572
-0.041418815542192
qdotdot2:
0.531906829585896
-0.081485521121218
qdotdot3:
0.052893690481447
-0.040127393679969
qdotdot4:
-0.546204574943941
0.174510488641490
qdotdot5:
-0.393016319767601
-0.003799244200834
qdotdot6:
0.631604631844767
0.082424845951789
qdotdot7:
0.086407357580923
0.060693839495788

qdotdot1:
-0.271290852318625
0.023178548437587
qdotdot2:
-0.677743787853546
0.093737484085468
qdotdot3:
0.237474823107098
-0.022702929681553
qdotdot4:
0.195933381023460
-0.005422540520456
qdotdot5:
0.707433736789442
-0.133268348213965
qdotdot6:
-1.380145789681721
0.290490724294550
qdotdot7:
-0.443648848689753
0.089158517941608

qdotdot1:
0.564399546966680
-0.066191235487468
qdotdot2:
1.250928778894811
-0.129527750843582
qdotdot3:
-0.296397676318652
0.055527034385927
qdotdot4:
-0.661354526786490
0.059122665394583
qdotdot5:
-0.883653017181581
0.099777475697240
qdotdot6:
1.735240652061020
-0.164162759060157
qdotdot7:
0.349011873802618
-0.056990168632741

qdotdot1:
0.316104601899255
0.119735658577394
qdotdot2:
-0.332477115057902
0.282558516422671
qdotdot3:
0.107194601090627
-0.042113546054196
qdotdot4:
-1.258934841211008
-0.158743549597982
qdotdot5:
0.982228576874781
-0.191319251432690
qdotdot6:
-2.329490238431164
0.407467580876737
qdotdot7:
-0.778391325079489
0.057982804036405

qdotdot1:
-1.166717303700554
0.223868178078173
qdotdot2:
-1.117842060063108
0.173032494152474
qdotdot3:
0.144604295064454
-0.006801045630664
qdotdot4:
2.737917620268404
-0.573467207890044
qdotdot5:
-0.260173470753336
0.132250654924551
qdotdot6:
1.197169641236707
-0.359922979788422
qdotdot7:
0.675078209600918
-0.198438169752233

qdotdot1:
0.259133794275862
-0.160476787637366
qdotdot2:
0.627074315608312
-0.195211781378226
qdotdot3:
-0.154361568072971
0.040835114947898
qdotdot4:
-0.502012066820411
0.328469234259538
qdotdot5:
-0.362954774591818
0.046543206016732
qdotdot6:
0.017635919864438
0.034453724197534
qdotdot7:
0.150585511140340
0.023948959076162

qdotdot1:
0.192460890348805
-0.075111833367128
qdotdot2:
-0.358937006983079
0.011361700963328
qdotdot3:
0.027482639034646
-0.010015327914849
qdotdot4:
-0.312045791419144
0.163094288675977
qdotdot5:
0.305534653857669
-0.073022896203851
qdotdot6:
-0.095561606381388
0.040263423765853
qdotdot7:
-0.143214253056802
0.073555477238633

qdotdot1:
0.206519906686732
-0.011710550067331
qdotdot2:
0.531472198745665
-0.106880851200240
qdotdot3:
-0.001355400344158
-0.000961880328153
qdotdot4:
-0.558897397159530
0.060298839749087
qdotdot5:
-0.079216474201606
0.027627626154369
qdotdot6:
-0.200865614241121
0.008783113829691
qdotdot7:
-0.193723351233480
0.026377230197548

qdotdot1:
-0.206052244377866
0.056322114060757
qdotdot2:
-0.311918468259387
0.068198976070491
qdotdot3:
0.018544581687203
-0.001408382061824
qdotdot4:
0.288600886428935
-0.123815512775265
qdotdot5:
0.220657266914602
0.001531799029363
qdotdot6:
-0.113362203336667
-0.057386889284233
qdotdot7:
-0.053027415663767
-0.037439938324743

qdotdot1:
-0.225206272349005
-0.011556490764792
qdotdot2:
-0.191836476751789
-0.034554529520754
qdotdot3:
-0.020239523719337
0.004700652740497
qdotdot4:
0.740656522029838
-0.028743383950070
qdotdot5:
-0.320419264243845
0.074221652362458
qdotdot6:
0.040059790235704
-0.094731147414865
qdotdot7:
0.395765999545512
-0.054908454640248

qdotdot1:
0.087679746168037
-0.085744896773998
qdotdot2:
0.141137306987910
-0.097750115843420
qdotdot3:
-0.009531913357041
-0.001966737059358
qdotdot4:
-0.269014585541271
0.215246830872021
qdotdot5:
0.019796598794868
-0.031332221519236
qdotdot6:
0.797998623428173
-0.081534481302279
qdotdot7:
-0.054306552730509
0.075466460554921

qdotdot1:
0.234493528163719
-0.056861062679813
qdotdot2:
0.214569879265796
-0.051256065190877
qdotdot3:
0.047739559353727
-0.005106780410730
qdotdot4:
-0.367528942913579
0.126626904409203
qdotdot5:
-0.100979693229771
-0.024810741927766
qdotdot6:
-0.315928941217479
0.181345611921460
qdotdot7:
-0.065009022479076
0.057576565478253

