0.000000000

0.003000021

0.006000042

0.007999897

0.009999990

0.012000084

0.016000032

0.018000126

0.019999981

0.022000074

0.023999929

0.028000116

0.029999971

0.032000065

0.033999920

0.036000013

0.038000107

0.041000128

0.042999983

0.045000076

0.048000097

0.052000046

0.055000067

0.055999994

0.058000088

0.059999943

0.061000109

0.065000057

0.066999912

0.068000078

0.071000099

0.072999954

0.076999903

0.081000090

0.084000111

0.085000038

0.088999987

0.091000080

0.092999935

0.094000101

0.095999956

0.099999905

0.101999998

0.104000092

0.105000019

0.107000113

0.108999968

0.112999916

0.114000082

0.115999937

0.118000031

0.120000124

0.121000051

0.125000000

0.127000093

0.128000021

0.130000114

0.131999969

0.134000063

0.137000084

0.138999939

0.141000032

0.141999960

0.144000053

0.145999908

0.148999929

0.151000023

0.153000116

0.154999971

0.155999899

0.157999992

0.181999922

0.184999943

0.187999964

0.190000057

0.197999954

0.200000048

0.201999903

0.203999996

0.204999924

0.222000122

0.223999977

0.226000071

0.227999926

0.229000092

0.233000040

0.234999895

0.236999989

0.237999916

0.240000010

0.242000103

0.246000051

0.246999979

0.249000072

0.250999928

0.253000021

0.253999949

0.257999897

0.259000063

0.260999918

0.263000011

0.265000105

0.266000032

0.269999981

0.273000002

0.275000095

0.276999950

0.278000116

0.282000065

0.283999920

0.286000013

0.286999941

0.289000034

0.291000128

0.293999910

0.296000004

0.298000097

0.299000025

0.301000118

0.302999973

0.305999994

0.308000088

0.309999943

0.312000036

0.312999964

0.315000057

0.318000078

0.319999933

0.322000027

0.324000120

0.325000048

0.328999996

0.331000090

0.332999945

0.335000038

0.335999966

0.338000059

0.345000029

0.348000050

0.348999977

0.352999926

0.355000019

0.357000113

0.358000040

0.359999895

0.361999989

0.365000010

0.367000103

0.370000124

0.371999979

0.375000000

0.378999949

0.381000042

0.381999969

0.384000063

0.385999918

0.388000011

0.391000032

0.393000126

0.394999981

0.397000074

0.398000002

0.400000095

0.403000116

0.404999971

0.407000065

0.408999920

0.410000086

0.414000034

0.416000128

0.417999983

0.418999910

0.421000004

0.423000097

0.427000046

0.427999973

0.430000067

0.431999922

0.434000015

0.436000109

0.439000130

0.440999985

0.443000078

0.444999933

0.446000099

0.447999954

0.450999975

0.453000069

0.454999924

0.457000017

0.457999945

0.460000038

0.463000059

0.464999914

0.467000008

0.469000101

0.470999956

0.473999977

0.476000071

0.477999926

0.480000019

0.482000113

0.483000040

0.486999989

0.487999916

0.490000010

0.492000103

0.493999958

0.495000124

0.499000072

0.500000000

0.502000093

0.503999949

0.506000042

0.506999969

0.510999918

0.513000011

0.515000105

0.516999960

0.518000126

0.519999981

0.523000002

0.525000095

0.526999950

0.529000044

0.529999971

0.533999920

0.536000013

0.538000107

0.539000034

0.541000128

0.542999983

0.546999931

0.548000097

0.549999952

0.552999973

0.555000067

0.555999994

0.559999943

0.562000036

0.564000130

0.565000057

0.566999912

0.569000006

0.572000027

0.575999975

0.576999903

0.578999996

0.581000090

0.584000111

0.585999966

0.588000059

0.589999914

0.592000008

0.595000029

0.597000122

0.598999977

0.599999905

0.601999998

0.604000092

0.608000040

0.608999968

0.611000061

0.612999916

0.615000010

0.617000103

0.620000124

0.621999979

0.624000072

0.625000000

0.627000093

0.631000042

0.632999897

0.634000063

0.635999918

0.638000011

0.640000105

0.644000053

0.644999981

0.647000074

0.648999929

0.651000023

0.651999950

0.655999899

0.657000065

0.660000086

0.661000013

0.663000107

0.664999962

0.667999983

0.670000076

0.671999931

0.674999952

0.677000046

0.680000067

0.681999922

0.684000015

0.686000109

0.687000036

0.690999985

0.693000078

0.694999933

0.696000099

0.697999954

0.700000048

0.703000069

0.704999924

0.707000017

0.709000111

0.710000038

0.712000132

0.716000080

0.717000008

0.719000101

0.720999956

0.723000050

0.724999905

0.727999926

0.730000019

0.732000113

0.733999968

0.736000061

0.737999916

0.740999937

0.743000031

0.745000124

0.746999979

0.747999907

0.750000000

0.753000021

0.755000114

0.756999969

0.759000063

0.760999918

0.763999939

0.766000032

0.768000126

0.769999981

0.770999908

0.773000002

0.776999950

0.779000044

0.780999899

0.782999992

0.783999920

0.788000107

0.789999962

0.792000055

0.792999983

0.795000076

0.796999931

0.801000118

0.802000046

0.803999901

0.805999994

0.808000088

0.809000015

0.812999964

0.814000130

0.815999985

0.818000078

0.819999933

0.822000027

0.825000048

0.826999903

0.828999996

0.831000090

0.832000017

0.835999966

0.838000059

0.839999914

0.841000080

0.842999935

0.845000029

0.848999977

0.851000071

0.852999926

0.854000092

0.855999947

0.858000040

0.861000061

0.862999916

0.865000010

0.867000103

0.868000031

0.871999979

0.875000000

0.877000093

0.878999949

0.881000042

0.884999990

0.887000084

0.888999939

0.890000105

0.891999960

0.894000053

0.897000074

0.898999929

0.901000023

0.903000116

0.904000044

0.907999992

0.910000086

0.911000013

0.913000107

0.914999962

0.917000055

0.921999931

0.923000097

0.924999952

0.927000046

0.928999901

0.930000067

0.934000015

0.936000109

0.937999964

0.940000057

0.940999985

0.943000078

0.946000099

0.947999954

0.950000048

0.951999903

0.953999996

0.957000017

0.959000111

0.960999966

0.963000059

0.963999987

0.966000080

0.970000029

0.970999956

0.973000050

0.976000071

0.977999926

0.982000113

0.983999968

0.986000061

0.987999916

0.989000082

0.990999937

0.993999958

0.996000051

0.997999907

1.000000000

1.000999928

1.003000021

1.006000042

1.007999897

1.009999990

1.012000084

1.013000011

1.016999960

1.019000053

1.020999908

1.022000074

1.023999929

1.026000023

1.029999971

1.030999899

1.032999992

1.035000086

1.036999941

1.038000107

1.042000055

1.042999983

1.046000004

1.046999931

1.049000025

1.051000118

1.053999901

1.055999994

1.058000088

1.059999943

1.062000036

1.065999985

1.066999912

1.069000006

1.071000099

1.072999954

1.074000120

1.078000069

1.079999924

1.081000090

1.082999945

1.085000038

1.089999914

1.091000080

1.092999935

1.095000029

1.097000122

1.098000050

1.102999926

1.105000019

1.107000113

1.108999968

1.111000061

1.114000082

1.115999937

1.118000031

1.118999958

1.121000051

1.122999907

1.127000093

1.128000021

1.130000114

1.131999969

1.132999897

1.134999990

1.138999939

1.141000032

1.143000126

1.144999981

1.145999908

1.148000002

1.151000023

1.153000116

1.154999971

1.157000065

1.157999992

1.160000086

1.163000107

1.164999962

1.167000055

1.168999910

1.171000004

1.174000025

1.177000046

1.178999901

1.180999994

1.183000088

1.186000109

1.187999964

1.190000057

1.191999912

1.193000078

1.194999933

1.199000120

1.200000048

1.201999903

1.203999996

1.206000090

1.207999945

1.210999966

1.213000059

1.214999914

1.217000008

1.217999935

1.220000029

1.223000050

1.224999905

1.226999998

1.229000092

1.230000019

1.232000113

1.234999895

1.236999989

1.239000082

1.240999937

1.242000103

1.243999958

1.246999979

1.249000072

1.250999928

1.252000093

1.253999949

1.256000042

1.259000063

1.260999918

1.263000011

1.265000105

1.266000032

1.268000126

1.270999908

1.273000002

1.275000095

1.278000116

1.282000065

1.285000086

1.292000055

1.296000004

1.296999931

1.299000025

1.301000118

1.302999973

1.303999901

1.308000088

1.309999943

1.312000036

1.314000130

1.315000057

1.316999912

1.319999933

1.322000027

1.324000120

1.325000048

1.326999903

1.328000069

1.332000017

1.332999945

1.335000038

1.337000132

1.338999987

1.341000080

1.344000101

1.351000071

1.352999926

1.355999947

1.358000040

1.359999895

1.361999989

1.362999916

1.365000010

1.368000031

1.370000124

1.371999979

1.374000072

1.375000000

1.378999949

1.381000042

1.382999897

1.384999990

1.385999918

1.388000011

1.391999960

1.393000126

1.394999981

1.397000074

1.398999929

1.401000023

1.404000044

1.405999899

1.407999992

1.410000086

1.411000013

1.414999962

1.417000055

1.418999910

1.420000076

1.421999931

1.424000025

1.427000046

1.428999901

1.430999994

1.433000088

1.434000015

1.436000109

1.440000057

1.441999912

1.443000078

1.444999933

1.447000027

1.447999954

1.451999903

1.453000069

1.454999924

1.457000017

1.459000111

1.460000038

1.463999987

1.464999914

1.467999935

1.470000029

1.470999956

1.473000050

1.476999998

1.480000019

1.482000113

1.483999968

1.484999895

1.489000082

1.490999937

1.492000103

1.493999958

1.496000051

1.497999907

1.500999928

1.503000021

1.505000114

1.506999969

1.507999897

1.512000084

1.513999939

1.515000105

1.516999960

1.519000053

1.520999908

1.523999929

1.526000023

1.528000116

1.529999971

1.530999899

1.532999992

1.536999941

1.538000107

1.539999962

1.542000055

1.543999910

1.545000076

1.549000025

1.551000118

1.552999973

1.553999901

1.555999994

1.558000088

1.561000109

1.562999964

1.565000057

1.566999912

1.568000078

1.572000027

1.574000120

1.575999975

1.576999903

1.579999924

1.584000111

1.585999966

1.588000059

1.589999914

1.592000008

1.594000101

1.597000122

1.598999977

1.601000071

1.601999998

1.604000092

1.605999947

1.608999968

1.611000061

1.612999916

1.615000010

1.615999937

1.618000031

1.621000051

1.622999907

1.625000000

1.627000093

1.628999949

1.631999969

1.634000063

1.635999918

1.637000084

1.638999939

1.641000032

1.644999981

1.645999908

1.648000002

1.651000023

1.651999950

1.654000044

1.657999992

1.658999920

1.661000013

1.663000107

1.664999962

1.667000055

1.670000076

1.671999931

1.674000025

1.674999952

1.677000046

1.680999994

1.683000088

1.684999943

1.687000036

1.689000130

1.690000057

1.694000006

1.694999933

1.697000027

1.699000120

1.700999975

1.701999903

1.706000090

1.707000017

1.709000111

1.710999966

1.713000059

1.713999987

1.717999935

1.719000101

1.720999956

1.723000050

1.724999905

1.726000071

1.730000019

1.732000113

1.733999968

1.734999895

1.736999989

1.739000082

1.742000103

1.743999958

1.746000051

1.747999907

1.749000072

1.750999928

1.753999949

1.756000042

1.757999897

1.759999990

1.760999918

1.765000105

1.766999960

1.769000053

1.769999981

1.772000074

1.773999929

1.778000116

1.780999899

1.782999992

1.785000086

1.786000013

1.789999962

1.792000055

1.792999983

1.795000076

1.796999931

1.798000097

1.802000046

1.803999901

1.805999994

1.808000088

1.809000015

1.811000109

1.814000130

1.815999985

1.818000078

1.819999933

1.821000099

1.825000048

1.826999903

1.828999996

1.829999924

1.832999945

1.835000038

1.838999987

1.839999914

1.842000008

1.844000101

1.845999956

1.848000050

1.851000071

1.852999926

1.855000019

1.857000113

1.858000040

1.859999895

1.862999916

1.865000010

1.867000103

1.868000031

1.870000124

1.871999979

1.875000000

1.877000093

1.878999949

1.881999969

1.884000063

1.887000084

1.888999939

1.891000032

1.893000126

1.894000053

1.898000002

1.900000095

1.901999950

1.903000116

1.904999971

1.907000065

1.910000086

1.911999941

1.914000034

1.916000128

1.917999983

1.920000076

1.923000097

1.924999952

1.927000046

1.928999901

1.930000067

1.934000015

1.936000109

1.937999964

1.939000130

1.940999985

1.943000078

1.946000099

1.947999954

1.950000048

1.950999975

1.953000069

1.954999924

1.959000111

1.960000038

1.962000132

1.963999987

1.966000080

1.967000008

1.970999956

1.973000050

1.974999905

1.976000071

1.977999926

1.980999947

1.983000040

1.984999895

1.986999989

1.987999916

1.990000010

1.993999958

1.995000124

1.996999979

1.999000072

2.000000000

2.002000093

2.006000042

2.006999969

2.009000063

2.010999918

2.013000011

2.016000032

2.019000053

2.020999908

2.023000002

2.023999929

2.026000023

2.028000116

2.030999899

2.032999992

2.035000086

2.036999941

2.038000107

2.039999962

2.042999983

2.045000076

2.046999931

2.049000025

2.049999952

2.052000046

2.055000067

2.056999922

2.059000015

2.061000109

2.062000036

2.064000130

2.066999912

2.069999933

2.071000099

2.072999954

2.075000048

2.078999996

2.079999924

2.082000017

2.084000111

2.085999966

2.087000132

2.091000080

2.092999935

2.095000029

2.095999956

2.098000050

2.098999977

2.102999926

2.105000019

2.107000113

2.108999968

2.109999895

2.114000082

2.115999937

2.118000031

2.120000124

2.121000051

2.122999907

2.127000093

2.128000021

2.130000114

2.131999969

2.132999897

2.134999990

2.138999939

2.140000105

2.141999960

2.144000053

2.145999908

2.147000074

2.151000023

2.151999950

2.154000044

2.155999899

2.157999992

2.158999920

2.163000107

2.164000034

2.166000128

2.167999983

2.170000076

2.171999931

2.174999952

2.177000046

2.178999901

2.181999922

2.186000109

2.187999964

2.190000057

2.191999912

2.193000078

2.194999933

2.200000048

2.200999975

2.203000069

2.204999924

2.207000017

2.207999945

2.212000132

2.213999987

2.216000080

2.217000008

2.219000101

2.220999956

2.223999977

2.226000071

2.227999926

2.229000092

2.230999947

2.233000040

2.236000061

2.237999916

2.240000010

2.240999937

2.243000031

2.245000124

2.247999907

2.250000000

2.252000093

2.253000021

2.255000114

2.256999969

2.259999990

2.262000084

2.263999939

2.265000105

2.266999960

2.270999908

2.273000002

2.273999929

2.276000023

2.278000116

2.279999971

2.282999992

2.283999920

2.286000013

2.288000107

2.289999962

2.291000128

2.295000076

2.296999931

2.299000025

2.301000118

2.302000046

2.303999901

2.306999922

2.309000015

2.311000109

2.312000036

2.314000130

2.315999985

2.319000006

2.321000099

2.322999954

2.324000120

2.325999975

2.328000069

2.331000090

2.332999945

2.335000038

2.337000132

2.338000059

2.342000008

2.344000101

2.345000029

2.347000122

2.355000019

2.357000113

2.358000040

2.359999895

2.361999989

2.364000082

2.367000103

2.368999958

2.371000051

2.371999979

2.374000072

2.375999928

2.378999949

2.382999897

2.384999990

2.387000084

2.388999939

2.391999960

2.394000053

2.395999908

2.398000002

2.400000095

2.403000116

2.404999971

2.407000065

2.407999992

2.410000086

2.411999941

2.416000128

2.417000055

2.418999910

2.421000004

2.423000097

2.424000025

2.427999973

2.428999901

2.430999994

2.433000088

2.434999943

2.436000109

2.440000057

2.441999912

2.443000078

2.444999933

2.447000027

2.447999954

2.451999903

2.453000069

2.454999924

2.457000017

2.459000111

2.460000038

2.463999987

2.466000080

2.467999935

2.470000029

2.470999956

2.473000050

2.476000071

2.477999926

2.480000019

2.482000113

2.483000040

2.486999989

2.489000082

2.490999937

2.493000031

2.493999958

2.497999907

2.500000000

2.500999928

2.503000021

2.505000114

2.506999969

2.509999990

2.512000084

2.513999939

2.515000105

2.516999960

2.519000053

2.522000074

2.523999929

2.526000023

2.528000116

2.529999971

2.530999899

2.535000086

2.536000013

2.539000034

2.539999962

2.542000055

2.543999910

2.546999931

2.549000025

2.551000118

2.552000046

2.553999901

2.558000088

2.559999943

2.562000036

2.564000130

2.565999985

2.568000078

2.572000027

2.572999954

2.575000048

2.576999903

2.578999996

2.579999924

2.584000111

2.585999966

2.588000059

2.588999987

2.591000080

2.592999935

2.595999956

2.598000050

2.599999905

2.601999998

2.602999926

2.605000019

2.608000040

2.609999895

2.611999989

2.614000082

2.615000010

2.617000103

2.620000124

2.621999979

2.624000072

2.625000000

2.627000093

2.630000114

2.631999969

2.634000063

2.635999918

2.638000011

2.638999939

2.643000126

2.644999981

2.645999908

2.648000002

2.650000095

2.651999950

2.655999899

2.657000065

2.658999920

2.661000013

2.663000107

2.664000034

2.667999983

2.668999910

2.671000004

2.673000097

2.674999952

2.676000118

2.680000067

2.683000088

2.684999943

2.687000036

2.687999964

2.691999912

2.694000006

2.696000099

2.697999954

2.699000120

2.703000069

2.704999924

2.706000090

2.707999945

2.710000038

2.712000132

2.716000080

2.717000008

2.719000101

2.720999956

2.723000050

2.723999977

2.727999926

2.729000092

2.730999947

2.733000040

2.734999895

2.736000061

2.740000010

2.740999937

2.743000031

2.745000124

2.747999907

2.749000072

2.753000021

2.753999949

2.756000042

2.757999897

2.759999990

2.760999918

2.765000105

2.766999960

2.769000053

2.769999981

2.772000074

2.773999929

2.776999950

2.779000044

2.780999899

2.783999920

2.786000013

2.789000034

2.791000128

2.792999983

2.795000076

2.796000004

2.799999952

2.802000046

2.802999973

2.805000067

2.806999922

2.809000015

2.812000036

2.814000130

2.815999985

2.816999912

2.819000006

2.821000099

2.825000048

2.825999975

2.828000069

2.829999924

2.832000017

2.832999945

2.837000132

2.838000059

2.839999914

2.842000008

2.844000101

2.845000029

2.848999977

2.851000071

2.852999926

2.855000019

2.855999947

2.858000040

2.861000061

2.862999916

2.865000010

2.865999937

2.868000031

2.870000124

2.872999907

2.875000000

2.877000093

2.878999949

2.880000114

2.882999897

2.884999990

2.887000084

2.888999939

2.890000105

2.891999960

2.895999908

2.897000074

2.898999929

2.901000023

2.903000116

2.904000044

2.907999992

2.910000086

2.911999941

2.914000034

2.914999962

2.918999910

2.921000004

2.921999931

2.924000025

2.926000118

2.927999973

2.931999922

2.934000015

2.934999943

2.937000036

2.939000130

2.940999985

2.944999933

2.947000027

2.947999954

2.950000048

2.951999903

2.953999996

2.957000017

2.959000111

2.960999966

2.963000059

2.963999987

2.967999935

2.970000029

2.972000122

2.973000050

2.974999905

2.976999998

2.980999947

2.983999968

2.986000061

2.987999916

2.989000082

2.993000031

2.993999958

2.996000051

2.997999907

3.000000000

3.000999928

3.005000114

3.006999969

3.007999897

3.009999990

3.012000084

3.013999939

3.016999960

3.019000053

3.020999908

3.022000074

3.023999929

3.026000023

3.029000044

3.030999899

3.032999992

3.033999920

3.036000013

3.039999962

3.042000055

3.042999983

3.045000076

3.046999931

3.049000025

3.052000046

3.053999901

3.055999994

3.058000088

3.059000015

3.061000109

3.065000057

3.065999985

3.068000078

3.071000099

3.072000027

3.075999975

3.078000069

3.078999996

3.081000090

3.082999945

3.085000038

3.088999987

3.089999914

3.092000008

3.094000101

3.095000029

3.097000122

3.101000071

3.102999926

3.105000019

3.105999947

3.108000040

3.109999895

3.114000082

3.115999937

3.118000031

3.118999958

3.121999979

3.125999928

3.127000093

3.128999949

3.131000042

3.132999897

3.134999990

3.138000011

3.140000105

3.141999960

3.143000126

3.144999981

3.147000074

3.150000095

3.151999950

3.154000044

3.154999971

3.157000065

3.158999920

3.161999941

3.164000034

3.166000128

3.167999983

3.168999910

3.173000097

3.181999922

3.193000078

3.206000090

3.217000008

3.220000029

3.222000122

3.223999977

3.226000071

3.226999998

3.229000092

3.233000040

3.233999968

3.236000061

3.237999916

3.240000010

3.242000103

3.245000124

3.246999979

3.249000072

3.250000000

3.252000093

3.253999949

3.256999969

3.259999990

3.262000084

3.263999939

3.265000105

3.269000053

3.269999981

3.272000074

3.273999929

3.276000023

3.276999950

3.280999899

3.283999920

3.286000013

3.286999941

3.289000034

3.292999983

3.296000004

3.296999931

3.299000025

3.301000118

3.302999973

3.305999994

3.308000088

3.309999943

3.311000109

3.312999964

3.315000057

3.318000078

3.319999933

3.322000027

3.322999954

3.325000048

3.328999996

3.331000090

3.332000017

3.334000111

3.335999966

3.338000059

3.341000080

3.348000050

3.349999905

3.352999926

3.355000019

3.357000113

3.358999968

3.361000061

3.361999989

3.365999937

3.367000103

3.368999958

3.371000051

3.372999907

3.374000072

3.378000021

3.378999949

3.381000042

3.384000063

3.385999918

3.390000105

3.391999960

3.394000053

3.395999908

3.397000074

3.401000023

3.403000116

3.404000044

3.405999899

3.407999992

3.410000086

3.413000107

3.414999962

3.417000055

3.418999910

3.421000004

3.421999931

3.426000118

3.427999973

3.428999901

3.430999994

3.433000088

3.434999943

3.437999964

3.440000057

3.441999912

3.443000078

3.444999933

3.447000027

3.450000048

3.451999903

3.453999996

3.456000090

3.457000017

3.460999966

3.463000059

3.464999914

3.466000080

3.467999935

3.470000029

3.473000050

3.474999905

3.477999926

3.480000019

3.482000113

3.483000040

3.486999989

3.489000082

3.490999937

3.493000031

3.493999958

3.497999907

3.500000000

3.502000093

3.503000021

3.505000114

3.506999969

3.510999918

3.512000084

3.513999939

3.516000032

3.518000126

3.519000053

3.523000002

3.525000095

3.526000023

3.528000116

3.529999971

3.530999899

3.535000086

3.536999941

3.538000107

3.539999962

3.542000055

3.543999910

3.546999931

3.549000025

3.551000118

3.552999973

3.553999901

3.558000088

3.559999943

3.561000109

3.562999964

3.565000057

3.566999912

3.569999933

3.572000027

3.574000120

3.575999975

3.578000069

3.579999924

3.582999945

3.585999966

3.588000059

3.589999914

3.591000080

3.595000029

3.597000122

3.598999977

3.601000071

3.602999926

3.605999947

3.608000040

3.609999895

3.611000061

3.612999916

3.615000010

3.618999958

3.620000124

3.621999979

3.624000072

3.625000000

3.627000093

3.631000042

3.631999969

3.634999990

3.635999918

3.638000011

3.640000105

3.643000126

3.644999981

3.647000074

3.648999929

3.650000095

3.654000044

3.655999899

3.657000065

3.658999920

3.661999941

3.664000034

3.667000055

3.668999910

3.671000004

3.673000097

3.674000025

3.676000118

3.680000067

3.680999994

3.683000088

3.686000109

3.687999964

3.690999985

3.693000078

3.694999933

3.697000027

3.699000120

3.700000048

3.703999996

3.706000090

3.707000017

3.709000111

3.710999966

3.713000059

3.716000080

3.717999935

3.720000029

3.720999956

3.723000050

3.726999998

3.729000092

3.730000019

3.732000113

3.733999968

3.736000061

3.739000082

3.740999937

3.743000031

3.743999958

3.746000051

3.747999907

3.750999928

3.753000021

3.755000114

3.756999969

3.759000063

3.759999990

3.763000011

3.765000105

3.766999960

3.769000053

3.770999908

3.772000074

3.776000023

3.776999950

3.779000044

3.780999899

3.782999992

3.783999920

3.786999941

3.789000034

3.789999962

3.792000055

3.793999910

3.795000076

3.799000025

3.801000118

3.802999973

3.803999901

3.805999994

3.809999943

3.812000036

3.812999964

3.815000057

3.816999912

3.819000006

3.822000027

3.824000120

3.825999975

3.828000069

3.828999996

3.831000090

3.835000038

3.835999966

3.838000059

3.839999914

3.842000008

3.845000029

3.848000050

3.849999905

3.851999998

3.852999926

3.855000019

3.858999968

3.861000061

3.862999916

3.864000082

3.865999937

3.868000031

3.871000051

3.877000093

3.878999949

3.880000114

3.884000063

3.891999960

3.894999981

3.897000074

3.898999929

3.900000095

3.901999950

3.904000044

3.907000065

3.908999920

3.911000013

3.913000107

3.914999962

3.916000128

3.918999910

3.921000004

3.923000097

3.924999952

3.927000046

3.927999973

3.930999994

3.933000088

3.934999943

3.937000036

3.939000130

3.940000057

3.944000006

3.946000099

3.947000027

3.949000120

3.950999975

3.953000069

3.956000090

3.957999945

3.960000038

3.962000132

3.963000059

3.967000008

3.969000101

3.970000029

3.972000122

3.973999977

3.976000071

3.979000092

3.980999947

3.983000040

3.986000061

3.987999916

3.990999937

3.993000031

3.995000124

3.996999979

3.999000072

4.000999928

4.003999949

4.006000042

4.007999897

4.009000063

4.010999918

4.013000011

4.016000032

4.018000126

4.019999981

4.022000074

4.023000002

4.028000116

4.029999971

4.032000065

4.032999992

4.035000086

4.036999941

4.039999962

4.042000055

4.043999910

4.046000004

4.048000097

4.049000025

4.052999973

4.055000067

4.055999994

4.058000088

4.059999943

4.061000109

4.065000057

4.066999912

4.069000006

4.069999933

4.072000027

4.074000120

4.076999903

4.079999924

4.081000090

4.082999945

4.085000038

4.088999987

4.092000008

4.095000029

4.099999905

4.101999998

4.104000092

4.105999947

4.107000113

4.108999968

4.111999989

4.114000082

4.115999937

4.118000031

4.118999958

4.121000051

4.124000072

4.125999928

4.128000021

4.130000114

4.131999969

4.132999897

4.137000084

4.138999939

4.140000105

4.141999960

4.144000053

4.145999908

4.148999929

4.151000023

4.153000116

4.154000044

4.155999899

4.157999992

4.161000013

4.163000107

4.164999962

4.166000128

4.167999983

4.170000076

4.173000097

4.174999952

4.176000118

4.177999973

4.180000067

4.184000015

4.187000036

4.189000130

4.190999985

4.193000078

4.196000099

4.197999954

4.200000048

4.201999903

4.203999996

4.204999924

4.210000038

4.212000132

4.213000059

4.214999914

4.217000008

4.217999935

4.222000122

4.223999977

4.226000071

4.226999998

4.229000092

4.233000040

4.234999895

4.236000061

4.237999916

4.240000010

4.242000103

4.245000124

4.246999979

4.247999907

4.250000000

4.252000093

4.253999949

4.256999969

4.259000063

4.260999918

4.263000011

4.263999939

4.266000032

4.269000053

4.270999908

4.273000002

4.275000095

4.276999950

4.278000116

4.282000065

4.283999920

4.285000086

4.289000034

4.289999962

4.293999910

4.296000004

4.296999931

4.299000025

4.301000118

4.305000067

4.306999922

4.308000088

4.309999943

4.312000036

4.312999964

4.316999912

4.319000006

4.321000099

4.322000027

4.324000120

4.325999975

4.328999996

4.331000090

4.332999945

4.335000038

4.335999966

4.338000059

4.341000080

4.342999935

4.345000029

4.347000122

4.348000050

4.349999905

4.354000092

4.359999895

4.361999989

4.365000010

4.367000103

4.368999958

4.371000051

4.372999907

4.374000072

4.377000093

4.378999949

4.381000042

4.382999897

4.384999990

4.385999918

4.388999939

4.391999960

4.394000053

4.395999908

4.397000074

4.401000023

4.403000116

4.404000044

4.405999899

4.407999992

4.410000086

4.413000107

4.414999962

4.417000055

4.417999983

4.420000076

4.421999931

4.424999952

4.427000046

4.428999901

4.430999994

4.431999922

4.434000015

4.437000036

4.439000130

4.440999985

4.443000078

4.444000006

4.446000099

4.450000048

4.451999903

4.453999996

4.454999924

4.457000017

4.459000111

4.462000132

4.463999987

4.466000080

4.467000008

4.469000101

4.470999956

4.473999977

4.476000071

4.477999926

4.479000092

4.480999947

4.484999895

4.486999989

4.489000082

4.490999937

4.492000103

4.496000051

4.497999907

4.500000000

4.500999928

4.503000021

4.505000114

4.507999897

4.509999990

4.512000084

4.513999939

4.516000032

4.516999960

4.520999908

4.523000002

4.525000095

4.526000023

4.528000116

4.529999971

4.532999992

4.535000086

4.536999941

4.539000034

4.539999962

4.543999910

4.546000004

4.546999931

4.549000025

4.551000118

4.552999973

4.555999994

4.558000088

4.559999943

4.562000036

4.562999964

4.565000057

4.568000078

4.569999933

4.572000027

4.575000048

4.576999903

4.578000069

4.582000017

4.584000111

4.585999966

4.588000059

4.588999987

4.592999935

4.595000029

4.597000122

4.598000050

4.599999905

4.601999998

4.605000019

4.607000113

4.608999968

4.611000061

4.611999989

4.615999937

4.618000031

4.618999958

4.621000051

4.622999907

4.625000000

4.628000021

4.630000114

4.631999969

4.634000063

4.634999990

4.637000084

4.641000032

4.643000126

4.644999981

4.645999908

4.648000002

4.650000095

4.653000116

4.654999971

4.657000065

4.658999920

4.660000086

4.664000034

4.666000128

4.667000055

4.668999910

4.671000004

4.673000097

4.676000118

4.677999973

4.680000067

4.681999922

4.683000088

4.684999943

4.687999964

4.689000130

4.690999985

4.693000078

4.694999933

4.699000120

4.700999975

4.701999903

4.703999996

4.706000090

4.707999945

4.710999966

4.713000059

4.714999914

4.717000008

4.720000029

4.723000050

4.724999905

4.726999998

4.727999926

4.730000019

4.732000113

4.734999895

4.736999989

4.739000082

4.740999937

4.742000103

4.743999958

4.746999979

4.749000072

4.750999928

4.753000021

4.753999949

4.756000042

4.759999990

4.762000084

4.763999939

4.766000032

4.768000126

4.769000053

4.773000002

4.775000095

4.776999950

4.778000116

4.779999971

4.782000065

4.785000086

4.786999941

4.789000034

4.791000128

4.792000055

4.796000004

4.798000097

4.799999952

4.802000046

4.803999901

4.806999922

4.809000015

4.811000109

4.812999964

4.814000130

4.815999985

4.819000006

4.821000099

4.822999954

4.825000048

4.825999975

4.828000069

4.832000017

4.832999945

4.835000038

4.837000132

4.838000059

4.839999914

4.842999935

4.845000029

4.847000122

4.848999977

4.849999905

4.851999998

4.855999947

4.857000113

4.858999968

4.861000061

4.862999916

4.864000082

4.868000031

4.870000124

4.871000051

4.872999907

4.875000000

4.877000093

4.880000114

4.881999969

4.884000063

4.885999918

4.887000084

4.891000032

4.893000126

4.894999981

4.897000074

4.898000002

4.901999950

4.904000044

4.904999971

4.907000065

4.908999920

4.911000013

4.914000034

4.916000128

4.917999983

4.920000076

4.921000004

4.923000097

4.927000046

4.927999973

4.930000067

4.931999922

4.933000088

4.934999943

4.939000130

4.941999912

4.943000078

4.944999933

4.947000027

4.949000120

4.951999903

4.953999996

4.954999924

4.957000017

4.959000111

4.963000059

4.964999914

4.966000080

4.967999935

4.970000029

4.972000122

4.974999905

4.976999998

4.979000092

4.980999947

4.982000113

4.983999968

4.986999989

4.989000082

4.990999937

4.993000031

4.993999958

4.997999907

5.000000000

5.000999928

5.003000021

5.005000114

5.006999969

5.009999990

5.012000084

5.013999939

5.016000032

5.016999960

5.019000053

5.023000002

5.023999929

5.026000023

5.028000116

5.029999971

5.030999899

5.033999920

5.036000013

5.038000107

5.039999962

5.041000128

5.042999983

5.046999931

5.048000097

5.049999952

5.052000046

5.053999901

5.055000067

5.059000015

5.061000109

5.062000036

5.065000057

5.065999985

5.069999933

5.072000027

5.072999954

5.075000048

5.078000069

5.078999996

5.082999945

5.085000038

5.087000132

5.088999987

5.089999914

5.094000101

5.095999956

5.098000050

5.098999977

5.101000071

5.105000019

5.107000113

5.108999968

5.109999895

5.111999989

5.114000082

5.117000103

5.118999958

5.121000051

5.124000072

5.125000000

5.127000093

5.131000042

5.132999897

5.134000063

5.135999918

5.138000011

5.138999939

5.143000126

5.144999981

5.145999908

5.148000002

5.150000095

5.151999950

5.154999971

5.157000065

5.158999920

5.160000086

5.161999941

5.164000034

5.167000055

5.168999910

5.170000076

5.171999931

5.174000025

5.176000118

5.178999901

5.180999994

5.183000088

5.184999943

5.186000109

5.190000057

5.191999912

5.194000006

5.196000099

5.197999954

5.200999975

5.203000069

5.203999996

5.206000090

5.207999945

5.210000038

5.213000059

5.214999914

5.217000008

5.219000101

5.220000029

5.222000122

5.224999905

5.226999998

5.229000092

5.230999947

5.232000113

5.233999968

5.237999916

5.239000082

5.240999937

5.243000031

5.245000124

5.246000051

5.250000000

5.252000093

5.253000021

5.255000114

5.256999969

5.257999897

5.262000084

5.263999939

5.266000032

5.268000126

5.269000053

5.273000002

5.275000095

5.276000023

5.278000116

5.279999971

5.282000065

5.283999920

5.286000013

5.288000107

5.289999962

5.292000055

5.292999983

5.296000004

5.298000097

5.299999952

5.302000046

5.302999973

5.305999994

5.309999943

5.311000109

5.312999964

5.315000057

5.316999912

5.318000078

5.322000027

5.324000120

5.325000048

5.326999903

5.328999996

5.329999924

5.334000111

5.335999966

5.338000059

5.338999987

5.341000080

5.345000029

5.347000122

5.348000050

5.349999905

5.358000040

5.358999968

5.361000061

5.362999916

5.365000010

5.365999937

5.368999958

5.371000051

5.372999907

5.375000000

5.377000093

5.378000021

5.381999969

5.384000063

5.385999918

5.388000011

5.388999939

5.393000126

5.394999981

5.397000074

5.398000002

5.400000095

5.401999950

5.404999971

5.407000065

5.408999920

5.410000086

5.411999941

5.414000034

5.417000055

5.418999910

5.421000004

5.421999931

5.424000025

5.426000118

5.428999901

5.430999994

5.433000088

5.434000015

5.436000109

5.440000057

5.441999912

5.443000078

5.444999933

5.447000027

5.449000120

5.451999903

5.453999996

5.454999924

5.457000017

5.459000111

5.460999966

5.463999987

5.466000080

5.467999935

5.470000029

5.472000122

5.473000050

5.476999998

5.479000092

5.480999947

5.483000040

5.483999968

5.489000082

5.490999937

5.493000031

5.495000124

5.496000051

5.500000000

5.502000093

5.503000021

5.505000114

5.506999969

5.509000063

5.512000084

5.513999939

5.516000032

5.518000126

5.519000053

5.520999908

5.523999929

5.526000023

5.528000116

5.529999971

5.532000065

5.532999992

5.536999941

5.539000034

5.541000128

5.542000055

5.543999910

5.546000004

5.549000025

5.551000118

5.552999973

5.553999901

5.555999994

5.558000088

5.561000109

5.562999964

5.565000057

5.565999985

5.568000078

5.569999933

5.572999954

5.575000048

5.576999903

5.578999996

5.579999924

5.582999945

5.585000038

5.587000132

5.588999987

5.591000080

5.592000008

5.595999956

5.598000050

5.598999977

5.601000071

5.602999926

5.604000092

5.608000040

5.609999895

5.611999989

5.612999916

5.615000010

5.617000103

5.620000124

5.621999979

5.624000072

5.625000000

5.627000093

5.631000042

5.632999897

5.634000063

5.635999918

5.638000011

5.640000105

5.643000126

5.644999981

5.647000074

5.648999929

5.651000023

5.651999950

5.655999899

5.657999992

5.660000086

5.661999941

5.663000107

5.667000055

5.668999910

5.670000076

5.673000097

5.674999952

5.677000046

5.680000067

5.683000088

5.684000015

5.686000109

5.687999964

5.691999912

5.694000006

5.694999933

5.697000027

5.699000120

5.700999975

5.703999996

5.706000090

5.707000017

5.709000111

5.710999966

5.713000059

5.716000080

5.717999935

5.719000101

5.720999956

5.723000050

5.726999998

5.729000092

5.730000019

5.732000113

5.733999968

5.736000061

5.739000082

5.740999937

5.743000031

5.745000124

5.746000051

5.747999907

5.750999928

5.753000021

5.755000114

5.756999969

5.759000063

5.759999990

5.763999939

5.766000032

5.766999960

5.769000053

5.770999908

5.772000074

5.776000023

5.778000116

5.779000044

5.782000065

5.782999992

5.786999941

5.789000034

5.791000128

5.792000055

5.793999910

5.796000004

5.799000025

5.801000118

5.802999973

5.803999901

5.805999994

5.808000088

5.811000109

5.812999964

5.815000057

5.815999985

5.818000078

5.822000027

5.824000120

5.825000048

5.826999903

5.828999996

5.831000090

5.834000111

5.835999966

5.838000059

5.838999987

5.841000080

5.842999935

5.847000122

5.848000050

5.849999905

5.851999998

5.855000019

5.855999947

5.859999895

5.861999989

5.862999916

5.865000010

5.867000103

5.868999958

5.871999979

5.874000072

5.875999928

5.878000021

5.878999949

5.881999969

5.884000063

5.885999918

5.888000011

5.888999939

5.891000032

5.894999981

5.897000074

5.898000002

5.900000095

5.901999950

5.903000116

5.907000065

5.907999992

5.910000086

5.911999941

5.914000034

5.916000128

5.918999910

5.921000004

5.923000097

5.924000025

5.926000118

5.927999973

5.930999994

5.933000088

5.934999943

5.936000109

5.937999964

5.940000057

5.943000078

5.944999933

5.947000027

