nSeg: 24

breaks: 
0.000000000000000
0.320291668176651
0.640583336353302
0.960875004529953
1.281166672706604
1.601458340883255
1.921750009059906
2.242041677236557
2.562333345413208
2.882625013589859
3.202916681766510
3.523208349943161
3.843500018119812
4.163791686296463
4.484083354473114
4.804375022649765
5.124666690826416
5.444958359003067
5.765250027179718
6.085541695356369
6.405833363533020
6.726125031709671
7.046416699886322
7.366708368062973
7.687000036239624

coefs_q:
q1:
0.002045490987664
-0.001372394127704
-0.000000000000000
-1.430173397000000
q2:
-0.015040090490700
-0.200870332273136
-0.000000000000000
1.277353287000000
q3:
-0.179173620818538
0.133932020310730
0.000000000000000
-2.736642837999999
q4:
0.161517241667721
0.061183980292567
-0.000000000000000
1.577711701000000
q5:
-0.066043718743489
0.074797751354963
-0.000000000000000
-1.003214002000000
q6:
0.437089758707555
-0.287960732696117
0.000000000000000
-0.468786508000000
q7:
0.110529771921933
-0.024437549665146
0.000000000000000
-0.383862764000000

q1:
-0.000478816709016
0.000593067034334
-0.000249611974791
-1.430246976364265
q2:
0.090701464549743
-0.215321979291518
-0.133302929753339
1.256252469384706
q3:
0.038836303043259
-0.038231433404930
0.030652100625543
-2.728790416836946
q4:
-0.155141585952565
0.216381860611703
0.088902026212084
1.589295449045145
q5:
-0.100495050012791
0.011337992808138
0.027588561187637
-0.997710787097866
q6:
-0.123553488486099
0.132027891182001
-0.049943989932081
-0.483965708108042
q7:
0.003222035582810
0.081767745431036
0.018362384038751
-0.382737980749568

q1:
-0.000185540362962
0.000132984026889
-0.000017063869210
-1.430281816986115
q2:
0.069273507987803
-0.128169209131411
-0.243320295497300
1.194447708893269
q3:
0.013255372956630
-0.000914600542313
0.018113952110081
-2.721618772097163
q4:
-0.078690273703601
0.067310188506748
0.179766225872685
1.634870346828531
q5:
0.147765434886146
-0.085225188828141
0.003923107917495
-0.991013307359714
q6:
-0.032755985724055
0.013308432373229
-0.003393976413915
-0.490477720590114
q7:
-0.128631090362087
0.084863718886264
0.071733053715657
-0.368362506033373

q1:
0.000059085573050
-0.000045297070212
0.000011021532421
-1.430279736428044
q2:
0.104271178990582
-0.061606026829824
-0.304103722401941
1.105641949493158
q3:
-0.026731006592190
0.011822156007436
0.021607551245734
-2.715475309226739
q4:
-0.137369596928028
-0.008301328594663
0.198666272051129
1.696767524855737
q5:
-0.101885657583645
0.056758924087456
-0.005194399503057
-0.993644514257633
q6:
-0.000290765231572
-0.018165975557755
-0.004949807023727
-0.491275799864371
q7:
0.005685653537981
-0.038734680648099
0.086507800324344
-0.340907632735027

q1:
-0.000030210588930
0.000011476780060
0.000000189175270
-1.430278911787400
q2:
0.018563421058517
0.038585542755095
-0.311476991648470
1.005346207964207
q3:
0.024868080916339
-0.013863000072925
0.020953885895510
-2.708220112916596
q4:
0.088753113242761
-0.140296340665159
0.151071676676738
1.755033423643995
q5:
0.083758577770765
-0.041140457604766
-0.000191934818955
-0.992833249983731
q6:
-0.010654394112434
-0.018445364600960
-0.016676114237344
-0.494734324126873
q7:
-0.014226381444025
-0.033271478279035
0.063444827562579
-0.316986752766740

q1:
0.000022136552831
-0.000017551819715
-0.000001756609315
-1.430278666480468
q2:
-0.008541815602439
0.056422670048789
-0.281046652679032
0.910151039231888
q3:
-0.038872666002055
0.010032117290214
0.019726886058447
-2.702113810509964
q4:
-0.063211722108462
-0.055015692575974
0.088514859734962
1.791944098561327
q5:
-0.104644889504237
0.039341066190140
-0.000768264896849
-0.994363078331234
q6:
0.041578481376409
-0.028682905592008
-0.031770906515730
-0.502317873326812
q7:
0.032497039744117
-0.046941252613507
0.037753358176002
-0.300546561943549

q1:
0.000005740907190
0.000003718640587
-0.000006187261334
-1.430280302336167
q2:
0.024464749577080
0.048215052943101
-0.247532061827753
0.825641692246915
q3:
-0.000778046942894
-0.027319655830603
0.014189831500677
-2.696043556634891
q4:
0.092810294867192
-0.115754256343288
0.033818667921170
1.812573798721579
q5:
0.048235039339060
-0.061209592486281
-0.007772571664805
-0.994011663466912
q6:
0.024437577172499
0.011268817888897
-0.037348493715934
-0.514070143591398
q7:
0.009715455060384
-0.015715659402168
0.017684871303704
-0.292202249144606

q1:
-0.000000578928510
0.000009234934809
-0.000002038339062
-1.430281713948255
q2:
-0.041484645851338
0.071722619303802
-0.209117024706568
0.752109315915387
q3:
-0.005961485658627
-0.028067261690380
-0.003550136707281
-2.694326871428181
q4:
-0.119724139092280
-0.026575163842348
-0.011768259500703
1.814580314185278
q5:
-0.065553080722557
-0.014861748842858
-0.032137588479550
-1.001195555147525
q6:
-0.024304548096706
0.034750274965223
-0.022608961697712
-0.524073561370131
q7:
-0.002940974323345
-0.006380321477011
0.010607712727913
-0.287830923343537

q1:
-0.000022941126054
0.000008678656874
0.000003699235101
-1.430281438451549
q2:
0.148063653800372
0.031861060033474
-0.175940035255757
0.691125576529995
q3:
0.013667992314695
-0.033795504249619
-0.023364265208225
-2.698539160471453
q4:
-0.014881613158551
-0.141615096534988
-0.065638198568025
1.804150921248398
q5:
0.119025827759118
-0.077850065579098
-0.061832410180443
-1.015167497816838
q6:
-0.019522495277613
0.011396642202702
-0.007828488616787
-0.528548696680112
q7:
-0.088798677118296
-0.009206230193278
0.005615470092314
-0.285184531399452

q1:
0.000025116138178
-0.000013364897727
0.000002198271201
-1.430280117094369
q2:
-0.047028843404338
0.174131724049627
-0.109962262809428
0.642907000300848
q3:
0.023845722243829
-0.020662272072321
-0.040806637231570
-2.709040412440469
q4:
0.118652926886592
-0.155914466646124
-0.160934438691173
1.768110744930499
q5:
-0.048802932731540
0.036518877208126
-0.075070445451505
-1.039047376229533
q6:
0.032257172332927
-0.007362035535610
-0.006536237716948
-0.530528415787915
q7:
0.102046371062312
-0.094530659471574
-0.027610591349898
-0.287248099084800

q1:
-0.000024271753867
0.000010768571658
0.000001366689594
-1.430279958809791
q2:
-0.098865946456656
0.128942883930446
-0.012889991037506
0.624005353033277
q3:
0.013210880991003
0.002250486396738
-0.046703778779713
-2.723446598585149
q4:
0.022423499233615
-0.041903834986477
-0.224293992516951
1.704468686420867
q5:
0.054838746042133
-0.010374641001368
-0.066696664423638
-1.060949012660787
q6:
-0.031677384920676
0.023633075075914
-0.001324759319615
-0.532317269672988
q7:
-0.038881077868384
0.003523147785190
-0.056759539084536
-0.302436127608142

q1:
0.000017836082256
-0.000012553549948
0.000000794975920
-1.430279213871278
q2:
0.143932308028419
0.033945067181049
0.039281662549871
0.629856122202982
q3:
-0.005567586276561
0.014944491728813
-0.041196370551619
-2.737740480780606
q4:
0.001497880742275
-0.020357655058799
-0.244235829026716
1.629067195249178
q5:
-0.025093378120150
0.042318539350283
-0.056465299933398
-1.081573825214350
q6:
0.023095147767548
-0.006804932303237
0.004065154601360
-0.531357984062230
q7:
0.030686644043933
-0.033836708087723
-0.066468719882208
-0.321531848874379

q1:
-0.000013132380826
0.000004584695671
-0.000001757381710
-1.430279661022717
q2:
-0.128409467936611
0.172246024309862
0.105322951206660
0.650649307671439
q3:
0.006005102660947
0.009594737240101
-0.033336659969397
-2.749585166130398
q4:
-0.120802548678544
-0.018918378893781
-0.256815615460751
1.548801285305903
q5:
0.015555913443173
0.018206939535413
-0.037079493333908
-1.096142379035514
q6:
-0.034799175627408
0.015386617912525
0.006813797000927
-0.529995191796223
q7:
-0.077749019633443
-0.004350678853000
-0.078699821748760
-0.345284132055474

q1:
-0.000006155252835
-0.000008033880815
-0.000002862126974
-1.430280185067990
q2:
0.020179038504383
0.048860576224582
0.176141553136705
0.697834294227418
q3:
0.013760664035657
0.015364890286641
-0.025342299231789
-2.759081013872382
q4:
0.170340728060559
-0.134994528402507
-0.306112637292597
1.460635316610903
q5:
-0.006150117412957
0.033154227935590
-0.020628939325120
-1.105639709747407
q6:
0.014477859970586
-0.018051040126099
0.005960404765414
-0.527377746473508
q7:
0.081440917632361
-0.079057768445484
-0.105414852474015
-0.373492003839245

q1:
0.000098412900186
-0.000013948309411
-0.000009902839352
-1.430282128200499
q2:
-0.092437027435024
0.068250109938892
0.213651130169317
0.759926450400290
q3:
-0.014734707347771
0.028587168404238
-0.011264821033889
-2.765169563443471
q4:
-0.027562820324331
0.028681619444319
-0.340163776251528
1.354338340561833
q5:
-0.026711087570865
0.027244733838555
-0.001283655102342
-1.109047881157443
q6:
0.007201812378818
-0.004139626361278
-0.001147080821779
-0.526844767156425
q7:
-0.001012019859347
-0.000803226346565
-0.130993663718207
-0.412689822743468

q1:
-0.000059696227057
0.000080614186501
0.000011449685632
-1.430283497289408
q2:
-0.002951803210499
-0.020570319216472
0.228922569878114
0.832321417973404
q3:
0.003487682257666
0.014428956414702
0.002512885342864
-2.766329075319249
q4:
0.056234243673335
0.002197194340319
-0.330273549473130
1.247423421024485
q5:
0.013377345478066
0.001578717447900
0.007948256192805
-1.107541740844220
q6:
-0.004522645558777
0.002780415140843
-0.001582424850977
-0.527400203550083
q7:
0.010813200764152
-0.001775650933499
-0.131819656624262
-0.454761654825798

q1:
0.000062491497649
0.000023253574058
0.000044717663932
-1.430273521582537
q2:
-0.029825653256901
-0.023406633139732
0.214837118446620
0.903436178100783
q3:
0.006173314960203
0.017780183119835
0.012829204374916
-2.763929402142279
q4:
0.002139037239040
0.056231273484673
-0.311559398044457
1.143712684846456
q5:
0.000972269149179
0.014432674344735
0.013076571579898
-1.104394476546903
q6:
-0.027860281832879
-0.001565281930935
-0.001193227808119
-0.527770410935176
q7:
-0.012589800270703
0.008614483399738
-0.129629235565270
-0.496809254093859

q1:
-0.000143143838190
0.000083300092144
0.000078845915430
-1.430254760052940
q2:
0.012096186419272
-0.052065357848066
0.190664068552525
0.968865504833974
q3:
-0.019253738833879
0.023711967160185
0.026118794404339
-2.757793462802111
q4:
0.022406265454626
0.058286620901425
-0.274880270615456
1.049761673063573
q5:
-0.018630684508321
0.015366903467857
0.022621128068453
-1.098693611917020
q6:
0.031011490733407
-0.028335530363309
-0.010770208857679
-0.529228593335960
q7:
0.032641800136510
-0.003482740992405
-0.127985581228973
-0.537858357975032

q1:
0.000103861376299
-0.000054243244025
0.000088152581786
-1.430225664251943
q2:
-0.005541187267822
-0.040442434667653
0.161034593368326
1.024989854070704
q3:
0.007055276269071
0.005211530770963
0.035382749806211
-2.747627930091330
q4:
-0.063248290411121
0.079816241321639
-0.230647074494061
0.968435465752245
q5:
0.020954889100855
-0.002534855593472
0.026731126088263
-1.090483973455991
q6:
-0.033113814813260
0.001462635935635
-0.019377373042654
-0.534566085837989
q7:
-0.046128496550774
0.027881948861630
-0.120170718238350
-0.578135822484445

q1:
-0.000227137504548
0.000045554556397
0.000085369667531
-1.430199581708638
q2:
-0.004160944941855
-0.045766823008723
0.133422486414888
1.072236964000806
q3:
0.015030627870373
0.011990769387967
0.040892503220590
-2.735528676087642
q4:
0.058903361867509
0.019042539986341
-0.198983430515017
0.900671026289403
q5:
0.018552048524952
0.017600173566237
0.031556421913371
-1.081493730007153
q6:
-0.027322612580525
-0.030355601023061
-0.028631549029075
-0.541710493105790
q7:
-0.006114895958188
-0.016441770470555
-0.116506524417234
-0.615280859180244

q1:
0.000136007475154
-0.000172696194315
0.000044647260228
-1.430175028433332
q2:
-0.048536215813781
-0.049764970998577
0.102824448748382
1.110139285986523
q3:
-0.043064971033377
0.026433324011000
0.053199420193521
-2.720707182328101
q4:
0.041342639398823
0.075641308087613
-0.168656982866026
0.840827231672832
q5:
-0.064677223392626
0.035426373276690
0.048540383059340
-1.068971349023878
q6:
0.055431746401193
-0.056609216510143
-0.056485655509463
-0.554892779961957
q7:
0.092386026125074
-0.022317421152079
-0.128920770559226
-0.654484557388384

q1:
0.000085972641531
-0.000042010011010
-0.000024121348444
-1.430173975739264
q2:
0.047091461120244
-0.096402207588510
0.056008319286050
1.136373085880091
q3:
-0.057849404788244
-0.014946730225778
0.056878480478657
-2.702371157545123
q4:
0.033365213529472
0.115366416907238
-0.107478799992798
0.795926024752841
q5:
-0.021225951899772
-0.026720354043685
0.051328848482657
-1.051915135814335
q6:
0.095910596572163
-0.003346236935793
-0.075688887709950
-0.576970661783380
q7:
0.072347722042660
0.066454002119356
-0.114784191413603
-0.695030687136032

q1:
0.000005430093473
0.000040598951310
-0.000024573299109
-1.430183186415076
q2:
0.071820551565404
-0.051153199671274
0.008747551746328
1.145969810727808
q3:
0.075240036008324
-0.070532777313738
0.029500106413907
-2.687587588022114
q4:
-0.253387964091106
0.147426216608512
-0.023308509019504
0.774432830272286
q5:
0.008875203014249
-0.047115840671531
0.027679730505504
-1.038913523241650
q6:
-0.045589022390772
0.088811857979954
-0.048314961373962
-0.598405061573875
q7:
-0.148102446730668
0.135971119864829
-0.049949111412426
-0.722600628547032

q1:
-0.000105452943673
0.000045816592401
0.000003104879543
-1.430186713703177
q2:
-0.030940679754445
0.017857373139478
-0.001916824076861
1.145883794880056
q3:
-0.027955336226180
0.001763492626594
0.007473877502147
-2.682902465122600
q4:
0.222183298549972
-0.096047944535365
-0.006852476549162
0.773765544674621
q5:
0.079572359857181
-0.038587879935010
0.000229542863490
-1.034589778679030
q6:
-0.075956406654760
0.045006505883705
-0.005454054379400
-0.606266970646042
q7:
0.040575693448591
-0.006336819308399
-0.008428325034294
-0.729516380238115

coefs_qdot:
qdot1:
0.006136472962991
-0.002744788255407
-0.000000000000000
qdot2:
-0.045120271472101
-0.401740664546271
-0.000000000000000
qdot3:
-0.537520862455614
0.267864040621461
0.000000000000000
qdot4:
0.484551725003162
0.122367960585133
-0.000000000000000
qdot5:
-0.198131156230466
0.149595502709926
-0.000000000000000
qdot6:
1.311269276122665
-0.575921465392234
0.000000000000000
qdot7:
0.331589315765799
-0.048875099330292
0.000000000000000

qdot1:
-0.001436450127047
0.001186134068668
-0.000249611974791
qdot2:
0.272104393649228
-0.430643958583036
-0.133302929753339
qdot3:
0.116508909129776
-0.076462866809861
0.030652100625543
qdot4:
-0.465424757857696
0.432763721223407
0.088902026212084
qdot5:
-0.301485150038374
0.022675985616276
0.027588561187637
qdot6:
-0.370660465458297
0.264055782364003
-0.049943989932081
qdot7:
0.009666106748430
0.163535490862072
0.018362384038751

qdot1:
-0.000556621088886
0.000265968053779
-0.000017063869210
qdot2:
0.207820523963410
-0.256338418262821
-0.243320295497300
qdot3:
0.039766118869890
-0.001829201084625
0.018113952110081
qdot4:
-0.236070821110803
0.134620377013496
0.179766225872685
qdot5:
0.443296304658439
-0.170450377656281
0.003923107917495
qdot6:
-0.098267957172166
0.026616864746459
-0.003393976413915
qdot7:
-0.385893271086260
0.169727437772529
0.071733053715657

qdot1:
0.000177256719151
-0.000090594140424
0.000011021532421
qdot2:
0.312813536971746
-0.123212053659648
-0.304103722401941
qdot3:
-0.080193019776569
0.023644312014871
0.021607551245734
qdot4:
-0.412108790784083
-0.016602657189325
0.198666272051129
qdot5:
-0.305656972750934
0.113517848174911
-0.005194399503057
qdot6:
-0.000872295694717
-0.036331951115511
-0.004949807023727
qdot7:
0.017056960613944
-0.077469361296197
0.086507800324344

qdot1:
-0.000090631766790
0.000022953560120
0.000000189175270
qdot2:
0.055690263175550
0.077171085510190
-0.311476991648470
qdot3:
0.074604242749017
-0.027726000145850
0.020953885895510
qdot4:
0.266259339728282
-0.280592681330318
0.151071676676738
qdot5:
0.251275733312294
-0.082280915209532
-0.000191934818955
qdot6:
-0.031963182337301
-0.036890729201919
-0.016676114237344
qdot7:
-0.042679144332074
-0.066542956558070
0.063444827562579

qdot1:
0.000066409658492
-0.000035103639430
-0.000001756609315
qdot2:
-0.025625446807317
0.112845340097577
-0.281046652679032
qdot3:
-0.116617998006166
0.020064234580427
0.019726886058447
qdot4:
-0.189635166325385
-0.110031385151948
0.088514859734962
qdot5:
-0.313934668512711
0.078682132380279
-0.000768264896849
qdot6:
0.124735444129227
-0.057365811184016
-0.031770906515730
qdot7:
0.097491119232352
-0.093882505227014
0.037753358176002

qdot1:
0.000017222721569
0.000007437281173
-0.000006187261334
qdot2:
0.073394248731241
0.096430105886202
-0.247532061827753
qdot3:
-0.002334140828682
-0.054639311661205
0.014189831500677
qdot4:
0.278430884601577
-0.231508512686576
0.033818667921170
qdot5:
0.144705118017181
-0.122419184972561
-0.007772571664805
qdot6:
0.073312731517497
0.022537635777794
-0.037348493715934
qdot7:
0.029146365181153
-0.031431318804336
0.017684871303704

qdot1:
-0.000001736785530
0.000018469869617
-0.000002038339062
qdot2:
-0.124453937554015
0.143445238607604
-0.209117024706568
qdot3:
-0.017884456975880
-0.056134523380761
-0.003550136707281
qdot4:
-0.359172417276840
-0.053150327684697
-0.011768259500703
qdot5:
-0.196659242167672
-0.029723497685717
-0.032137588479550
qdot6:
-0.072913644290119
0.069500549930447
-0.022608961697712
qdot7:
-0.008822922970036
-0.012760642954021
0.010607712727913

qdot1:
-0.000068823378162
0.000017357313748
0.000003699235101
qdot2:
0.444190961401115
0.063722120066948
-0.175940035255757
qdot3:
0.041003976944086
-0.067591008499237
-0.023364265208225
qdot4:
-0.044644839475654
-0.283230193069975
-0.065638198568025
qdot5:
0.357077483277353
-0.155700131158196
-0.061832410180443
qdot6:
-0.058567485832839
0.022793284405404
-0.007828488616787
qdot7:
-0.266396031354888
-0.018412460386555
0.005615470092314

qdot1:
0.000075348414534
-0.000026729795454
0.000002198271201
qdot2:
-0.141086530213014
0.348263448099254
-0.109962262809428
qdot3:
0.071537166731487
-0.041324544144641
-0.040806637231570
qdot4:
0.355958780659777
-0.311828933292247
-0.160934438691173
qdot5:
-0.146408798194621
0.073037754416251
-0.075070445451505
qdot6:
0.096771516998780
-0.014724071071220
-0.006536237716948
qdot7:
0.306139113186936
-0.189061318943148
-0.027610591349898

qdot1:
-0.000072815261600
0.000021537143317
0.000001366689594
qdot2:
-0.296597839369967
0.257885767860891
-0.012889991037506
qdot3:
0.039632642973008
0.004500972793477
-0.046703778779713
qdot4:
0.067270497700846
-0.083807669972954
-0.224293992516951
qdot5:
0.164516238126399
-0.020749282002736
-0.066696664423638
qdot6:
-0.095032154762027
0.047266150151828
-0.001324759319615
qdot7:
-0.116643233605153
0.007046295570380
-0.056759539084536

qdot1:
0.000053508246769
-0.000025107099896
0.000000794975920
qdot2:
0.431796924085257
0.067890134362097
0.039281662549871
qdot3:
-0.016702758829683
0.029888983457626
-0.041196370551619
qdot4:
0.004493642226824
-0.040715310117599
-0.244235829026716
qdot5:
-0.075280134360449
0.084637078700567
-0.056465299933398
qdot6:
0.069285443302643
-0.013609864606474
0.004065154601360
qdot7:
0.092059932131799
-0.067673416175446
-0.066468719882208

qdot1:
-0.000039397142478
0.000009169391342
-0.000001757381710
qdot2:
-0.385228403809833
0.344492048619724
0.105322951206660
qdot3:
0.018015307982840
0.019189474480203
-0.033336659969397
qdot4:
-0.362407646035632
-0.037836757787562
-0.256815615460751
qdot5:
0.046667740329520
0.036413879070826
-0.037079493333908
qdot6:
-0.104397526882224
0.030773235825051
0.006813797000927
qdot7:
-0.233247058900328
-0.008701357706000
-0.078699821748760

qdot1:
-0.000018465758505
-0.000016067761630
-0.000002862126974
qdot2:
0.060537115513150
0.097721152449165
0.176141553136705
qdot3:
0.041281992106971
0.030729780573282
-0.025342299231789
qdot4:
0.511022184181677
-0.269989056805013
-0.306112637292597
qdot5:
-0.018450352238871
0.066308455871179
-0.020628939325120
qdot6:
0.043433579911758
-0.036102080252198
0.005960404765414
qdot7:
0.244322752897083
-0.158115536890968
-0.105414852474015

qdot1:
0.000295238700558
-0.000027896618821
-0.000009902839352
qdot2:
-0.277311082305073
0.136500219877784
0.213651130169317
qdot3:
-0.044204122043312
0.057174336808476
-0.011264821033889
qdot4:
-0.082688460972993
0.057363238888637
-0.340163776251528
qdot5:
-0.080133262712596
0.054489467677110
-0.001283655102342
qdot6:
0.021605437136455
-0.008279252722556
-0.001147080821779
qdot7:
-0.003036059578040
-0.001606452693131
-0.130993663718207

qdot1:
-0.000179088681170
0.000161228373003
0.000011449685632
qdot2:
-0.008855409631497
-0.041140638432945
0.228922569878114
qdot3:
0.010463046772997
0.028857912829403
0.002512885342864
qdot4:
0.168702731020006
0.004394388680638
-0.330273549473130
qdot5:
0.040132036434199
0.003157434895799
0.007948256192805
qdot6:
-0.013567936676332
0.005560830281686
-0.001582424850977
qdot7:
0.032439602292455
-0.003551301866999
-0.131819656624262

qdot1:
0.000187474492947
0.000046507148116
0.000044717663932
qdot2:
-0.089476959770704
-0.046813266279464
0.214837118446620
qdot3:
0.018519944880609
0.035560366239670
0.012829204374916
qdot4:
0.006417111717119
0.112462546969347
-0.311559398044457
qdot5:
0.002916807447537
0.028865348689471
0.013076571579898
qdot6:
-0.083580845498638
-0.003130563861870
-0.001193227808119
qdot7:
-0.037769400812109
0.017228966799476
-0.129629235565270

qdot1:
-0.000429431514570
0.000166600184289
0.000078845915430
qdot2:
0.036288559257815
-0.104130715696132
0.190664068552525
qdot3:
-0.057761216501636
0.047423934320370
0.026118794404339
qdot4:
0.067218796363879
0.116573241802851
-0.274880270615456
qdot5:
-0.055892053524963
0.030733806935714
0.022621128068453
qdot6:
0.093034472200221
-0.056671060726617
-0.010770208857679
qdot7:
0.097925400409530
-0.006965481984810
-0.127985581228973

qdot1:
0.000311584128897
-0.000108486488050
0.000088152581786
qdot2:
-0.016623561803466
-0.080884869335307
0.161034593368326
qdot3:
0.021165828807213
0.010423061541927
0.035382749806211
qdot4:
-0.189744871233364
0.159632482643278
-0.230647074494061
qdot5:
0.062864667302564
-0.005069711186943
0.026731126088263
qdot6:
-0.099341444439780
0.002925271871269
-0.019377373042654
qdot7:
-0.138385489652322
0.055763897723260
-0.120170718238350

qdot1:
-0.000681412513645
0.000091109112794
0.000085369667531
qdot2:
-0.012482834825564
-0.091533646017446
0.133422486414888
qdot3:
0.045091883611120
0.023981538775934
0.040892503220590
qdot4:
0.176710085602526
0.038085079972682
-0.198983430515017
qdot5:
0.055656145574855
0.035200347132474
0.031556421913371
qdot6:
-0.081967837741576
-0.060711202046121
-0.028631549029075
qdot7:
-0.018344687874563
-0.032883540941110
-0.116506524417234

qdot1:
0.000408022425461
-0.000345392388630
0.000044647260228
qdot2:
-0.145608647441343
-0.099529941997153
0.102824448748382
qdot3:
-0.129194913100131
0.052866648022000
0.053199420193521
qdot4:
0.124027918196470
0.151282616175226
-0.168656982866026
qdot5:
-0.194031670177878
0.070852746553379
0.048540383059340
qdot6:
0.166295239203579
-0.113218433020286
-0.056485655509463
qdot7:
0.277158078375222
-0.044634842304158
-0.128920770559226

qdot1:
0.000257917924593
-0.000084020022021
-0.000024121348444
qdot2:
0.141274383360732
-0.192804415177020
0.056008319286050
qdot3:
-0.173548214364733
-0.029893460451556
0.056878480478657
qdot4:
0.100095640588416
0.230732833814475
-0.107478799992798
qdot5:
-0.063677855699316
-0.053440708087369
0.051328848482657
qdot6:
0.287731789716490
-0.006692473871587
-0.075688887709950
qdot7:
0.217043166127980
0.132908004238712
-0.114784191413603

qdot1:
0.000016290280419
0.000081197902621
-0.000024573299109
qdot2:
0.215461654696212
-0.102306399342547
0.008747551746328
qdot3:
0.225720108024971
-0.141065554627475
0.029500106413907
qdot4:
-0.760163892273319
0.294852433217024
-0.023308509019504
qdot5:
0.026625609042747
-0.094231681343061
0.027679730505504
qdot6:
-0.136767067172317
0.177623715959909
-0.048314961373962
qdot7:
-0.444307340192005
0.271942239729657
-0.049949111412426

qdot1:
-0.000316358831019
0.000091633184802
0.000003104879543
qdot2:
-0.092822039263336
0.035714746278955
-0.001916824076861
qdot3:
-0.083866008678540
0.003526985253189
0.007473877502147
qdot4:
0.666549895649917
-0.192095889070731
-0.006852476549162
qdot5:
0.238717079571544
-0.077175759870020
0.000229542863490
qdot6:
-0.227869219964280
0.090013011767410
-0.005454054379400
qdot7:
0.121727080345772
-0.012673638616799
-0.008428325034294

coefs_qdotdot:
qdotdot1:
0.012272945925983
-0.002744788255407
qdotdot2:
-0.090240542944201
-0.401740664546271
qdotdot3:
-1.075041724911228
0.267864040621461
qdotdot4:
0.969103450006325
0.122367960585133
qdotdot5:
-0.396262312460932
0.149595502709926
qdotdot6:
2.622538552245331
-0.575921465392234
qdotdot7:
0.663178631531597
-0.048875099330292

qdotdot1:
-0.002872900254093
0.001186134068668
qdotdot2:
0.544208787298457
-0.430643958583036
qdotdot3:
0.233017818259552
-0.076462866809861
qdotdot4:
-0.930849515715393
0.432763721223407
qdotdot5:
-0.602970300076748
0.022675985616276
qdotdot6:
-0.741320930916594
0.264055782364003
qdotdot7:
0.019332213496860
0.163535490862072

qdotdot1:
-0.001113242177773
0.000265968053779
qdotdot2:
0.415641047926821
-0.256338418262821
qdotdot3:
0.079532237739781
-0.001829201084625
qdotdot4:
-0.472141642221605
0.134620377013496
qdotdot5:
0.886592609316877
-0.170450377656281
qdotdot6:
-0.196535914344332
0.026616864746459
qdotdot7:
-0.771786542172521
0.169727437772529

qdotdot1:
0.000354513438301
-0.000090594140424
qdotdot2:
0.625627073943493
-0.123212053659648
qdotdot3:
-0.160386039553138
0.023644312014871
qdotdot4:
-0.824217581568166
-0.016602657189325
qdotdot5:
-0.611313945501868
0.113517848174911
qdotdot6:
-0.001744591389435
-0.036331951115511
qdotdot7:
0.034113921227889
-0.077469361296197

qdotdot1:
-0.000181263533579
0.000022953560120
qdotdot2:
0.111380526351100
0.077171085510190
qdotdot3:
0.149208485498034
-0.027726000145850
qdotdot4:
0.532518679456565
-0.280592681330318
qdotdot5:
0.502551466624588
-0.082280915209532
qdotdot6:
-0.063926364674602
-0.036890729201919
qdotdot7:
-0.085358288664148
-0.066542956558070

qdotdot1:
0.000132819316985
-0.000035103639430
qdotdot2:
-0.051250893614634
0.112845340097577
qdotdot3:
-0.233235996012332
0.020064234580427
qdotdot4:
-0.379270332650770
-0.110031385151948
qdotdot5:
-0.627869337025422
0.078682132380279
qdotdot6:
0.249470888258453
-0.057365811184016
qdotdot7:
0.194982238464704
-0.093882505227014

qdotdot1:
0.000034445443139
0.000007437281173
qdotdot2:
0.146788497462482
0.096430105886202
qdotdot3:
-0.004668281657364
-0.054639311661205
qdotdot4:
0.556861769203155
-0.231508512686576
qdotdot5:
0.289410236034363
-0.122419184972561
qdotdot6:
0.146625463034994
0.022537635777794
qdotdot7:
0.058292730362306
-0.031431318804336

qdotdot1:
-0.000003473571059
0.000018469869617
qdotdot2:
-0.248907875108031
0.143445238607604
qdotdot3:
-0.035768913951761
-0.056134523380761
qdotdot4:
-0.718344834553681
-0.053150327684697
qdotdot5:
-0.393318484335344
-0.029723497685717
qdotdot6:
-0.145827288580239
0.069500549930447
qdotdot7:
-0.017645845940073
-0.012760642954021

qdotdot1:
-0.000137646756324
0.000017357313748
qdotdot2:
0.888381922802229
0.063722120066948
qdotdot3:
0.082007953888171
-0.067591008499237
qdotdot4:
-0.089289678951307
-0.283230193069975
qdotdot5:
0.714154966554707
-0.155700131158196
qdotdot6:
-0.117134971665677
0.022793284405404
qdotdot7:
-0.532792062709776
-0.018412460386555

qdotdot1:
0.000150696829067
-0.000026729795454
qdotdot2:
-0.282173060426027
0.348263448099254
qdotdot3:
0.143074333462973
-0.041324544144641
qdotdot4:
0.711917561319554
-0.311828933292247
qdotdot5:
-0.292817596389241
0.073037754416251
qdotdot6:
0.193543033997560
-0.014724071071220
qdotdot7:
0.612278226373872
-0.189061318943148

qdotdot1:
-0.000145630523200
0.000021537143317
qdotdot2:
-0.593195678739933
0.257885767860891
qdotdot3:
0.079265285946016
0.004500972793477
qdotdot4:
0.134540995401692
-0.083807669972954
qdotdot5:
0.329032476252798
-0.020749282002736
qdotdot6:
-0.190064309524054
0.047266150151828
qdotdot7:
-0.233286467210306
0.007046295570380

qdotdot1:
0.000107016493538
-0.000025107099896
qdotdot2:
0.863593848170513
0.067890134362097
qdotdot3:
-0.033405517659367
0.029888983457626
qdotdot4:
0.008987284453649
-0.040715310117599
qdotdot5:
-0.150560268720897
0.084637078700567
qdotdot6:
0.138570886605287
-0.013609864606474
qdotdot7:
0.184119864263597
-0.067673416175446

qdotdot1:
-0.000078794284956
0.000009169391342
qdotdot2:
-0.770456807619665
0.344492048619724
qdotdot3:
0.036030615965679
0.019189474480203
qdotdot4:
-0.724815292071263
-0.037836757787562
qdotdot5:
0.093335480659040
0.036413879070826
qdotdot6:
-0.208795053764448
0.030773235825051
qdotdot7:
-0.466494117800657
-0.008701357706000

qdotdot1:
-0.000036931517010
-0.000016067761630
qdotdot2:
0.121074231026300
0.097721152449165
qdotdot3:
0.082563984213942
0.030729780573282
qdotdot4:
1.022044368363355
-0.269989056805013
qdotdot5:
-0.036900704477742
0.066308455871179
qdotdot6:
0.086867159823515
-0.036102080252198
qdotdot7:
0.488645505794167
-0.158115536890968

qdotdot1:
0.000590477401116
-0.000027896618821
qdotdot2:
-0.554622164610145
0.136500219877784
qdotdot3:
-0.088408244086624
0.057174336808476
qdotdot4:
-0.165376921945986
0.057363238888637
qdotdot5:
-0.160266525425192
0.054489467677110
qdotdot6:
0.043210874272910
-0.008279252722556
qdotdot7:
-0.006072119156080
-0.001606452693131

qdotdot1:
-0.000358177362339
0.000161228373003
qdotdot2:
-0.017710819262994
-0.041140638432945
qdotdot3:
0.020926093545993
0.028857912829403
qdotdot4:
0.337405462040011
0.004394388680638
qdotdot5:
0.080264072868399
0.003157434895799
qdotdot6:
-0.027135873352664
0.005560830281686
qdotdot7:
0.064879204584910
-0.003551301866999

qdotdot1:
0.000374948985893
0.000046507148116
qdotdot2:
-0.178953919541408
-0.046813266279464
qdotdot3:
0.037039889761219
0.035560366239670
qdotdot4:
0.012834223434238
0.112462546969347
qdotdot5:
0.005833614895075
0.028865348689471
qdotdot6:
-0.167161690997276
-0.003130563861870
qdotdot7:
-0.075538801624219
0.017228966799476

qdotdot1:
-0.000858863029140
0.000166600184289
qdotdot2:
0.072577118515629
-0.104130715696132
qdotdot3:
-0.115522433003272
0.047423934320370
qdotdot4:
0.134437592727759
0.116573241802851
qdotdot5:
-0.111784107049925
0.030733806935714
qdotdot6:
0.186068944400442
-0.056671060726617
qdotdot7:
0.195850800819061
-0.006965481984810

qdotdot1:
0.000623168257794
-0.000108486488050
qdotdot2:
-0.033247123606932
-0.080884869335307
qdotdot3:
0.042331657614427
0.010423061541927
qdotdot4:
-0.379489742466728
0.159632482643278
qdotdot5:
0.125729334605129
-0.005069711186943
qdotdot6:
-0.198682888879560
0.002925271871269
qdotdot7:
-0.276770979304644
0.055763897723260

qdotdot1:
-0.001362825027291
0.000091109112794
qdotdot2:
-0.024965669651128
-0.091533646017446
qdotdot3:
0.090183767222241
0.023981538775934
qdotdot4:
0.353420171205053
0.038085079972682
qdotdot5:
0.111312291149710
0.035200347132474
qdotdot6:
-0.163935675483151
-0.060711202046121
qdotdot7:
-0.036689375749126
-0.032883540941110

qdotdot1:
0.000816044850923
-0.000345392388630
qdotdot2:
-0.291217294882686
-0.099529941997153
qdotdot3:
-0.258389826200262
0.052866648022000
qdotdot4:
0.248055836392941
0.151282616175226
qdotdot5:
-0.388063340355756
0.070852746553379
qdotdot6:
0.332590478407158
-0.113218433020286
qdotdot7:
0.554316156750444
-0.044634842304158

qdotdot1:
0.000515835849187
-0.000084020022021
qdotdot2:
0.282548766721464
-0.192804415177020
qdotdot3:
-0.347096428729466
-0.029893460451556
qdotdot4:
0.200191281176833
0.230732833814475
qdotdot5:
-0.127355711398632
-0.053440708087369
qdotdot6:
0.575463579432980
-0.006692473871587
qdotdot7:
0.434086332255959
0.132908004238712

qdotdot1:
0.000032580560838
0.000081197902621
qdotdot2:
0.430923309392425
-0.102306399342547
qdotdot3:
0.451440216049943
-0.141065554627475
qdotdot4:
-1.520327784546637
0.294852433217024
qdotdot5:
0.053251218085493
-0.094231681343061
qdotdot6:
-0.273534134344634
0.177623715959909
qdotdot7:
-0.888614680384009
0.271942239729657

qdotdot1:
-0.000632717662038
0.000091633184802
qdotdot2:
-0.185644078526672
0.035714746278955
qdotdot3:
-0.167732017357080
0.003526985253189
qdotdot4:
1.333099791299833
-0.192095889070731
qdotdot5:
0.477434159143088
-0.077175759870020
qdotdot6:
-0.455738439928560
0.090013011767410
qdotdot7:
0.243454160691543
-0.012673638616799

