nSeg: 63

breaks: 
0.000000000000000
0.331567146654637
0.663134293309274
0.994701439963910
1.326268586618547
1.657835733273184
1.989402879927821
2.320970026582458
2.652537173237095
2.984104319891731
3.315671466546368
3.647238613201005
3.978805759855641
4.310372906510278
4.641940053164915
4.973507199819552
5.305074346474189
5.636641493128826
5.968208639783462
6.299775786438099
6.631342933092736
6.962910079747372
7.294477226402010
7.626044373056646
7.957611519711283
8.289178666365920
8.620745813020557
8.952312959675194
9.283880106329830
9.615447252984467
9.947014399639103
10.278581546293740
10.610148692948378
10.941715839603015
11.273282986257652
11.604850132912288
11.936417279566925
12.267984426221561
12.599551572876198
12.931118719530835
13.262685866185473
13.594253012840110
13.925820159494744
14.257387306149381
14.588954452804019
14.920521599458656
15.252088746113293
15.583655892767931
15.915223039422566
16.246790186077202
16.578357332731841
16.909924479386479
17.241491626041114
17.573058772695749
17.904625919350387
18.236193066005022
18.567760212659660
18.899327359314299
19.230894505968934
19.562461652623572
19.894028799278207
20.225595945932845
20.557163092587480
20.888730239242118

coefs_q:
q1:
-0.003598270364050
-0.058252268359399
-0.000000000000000
-1.503132206136202
q2:
0.311684074400123
-0.410923720064225
-0.000000000000000
1.418018213466875
q3:
0.022186333476772
0.075018447982089
-0.000000000000000
-2.575256686114382
q4:
-0.361199997782440
0.423106965980688
-0.000000000000000
1.306894088399425
q5:
-0.003369142047733
0.105926732441370
0.000000000000000
-1.003132241106969
q6:
-0.023977153216818
-0.121634001431178
-0.000000000000000
-0.678772029973932
q7:
-0.257255839575974
0.176486940118314
0.000000000000000
-0.554621969700769

q1:
0.044077974221174
-0.061831473071899
-0.039815823505989
-1.509667434596150
q2:
0.204220801714424
-0.100891122444604
-0.169700986946145
1.384203913582651
q3:
-0.059304615028214
0.097087225838954
0.057064587191917
-2.566200676641911
q4:
-0.217134830356277
0.063820808071533
0.161449252669389
1.340242849199805
q5:
-0.075625412063577
0.102575441995047
0.069132471049170
-0.991609808014126
q6:
0.092328102207403
-0.145484110262182
-0.088567590113942
-0.693018080878278
q7:
-0.052598422886587
-0.079405813947031
0.032188911998631
-0.544596906256506

q1:
0.050530604620575
-0.017987048643405
-0.066281023001323
-1.528059901349616
q2:
-0.084618475090831
0.102247603091317
-0.169251222528622
1.324289135791388
q3:
-0.090977914519975
0.038096839873884
0.101887182133495
-2.538768215560490
q4:
0.129486309974696
-0.152163520350175
0.132157711631428
1.392875497566922
q5:
-0.100487248631583
0.027350735717543
0.112211723069077
-0.960167592604621
q6:
0.158077004288003
-0.053645214047343
-0.154592331990517
-0.735012746965069
q7:
0.192292922073174
-0.131725540932150
-0.037815308907987
-0.544571026785193

q1:
0.004205128496556
0.032275816534927
-0.061543337002321
-1.550172036707032
q2:
-0.076681668722445
0.018077484070918
-0.129355376707269
1.276327298625327
q3:
-0.012419441015612
-0.052399022704049
0.097145048181564
-2.504113804031852
q4:
0.094248886017858
-0.023363301362731
0.073958784194722
1.424686246699390
q5:
-0.016282021059169
-0.072604075194304
0.097207202422174
-0.923617923259055
q6:
0.032072884208266
0.103594209743114
-0.138030886009406
-0.786405935483490
q7:
0.068615673947346
0.059548505548904
-0.061746842584001
-0.564581471257554

q1:
-0.016729835037823
0.036458663905685
-0.038753241445838
-1.566876203331473
q2:
0.014914346390398
-0.058197882226134
-0.142657982646242
1.232629529853986
q3:
0.032178967233279
-0.064752658565825
0.058301399497119
-2.478116983331600
q4:
-0.031300426698307
0.070386201274227
0.089550032945803
1.450075569714478
q5:
0.036006414959173
-0.088799824987382
0.043690971780003
-0.899962569053795
q6:
-0.059755906741185
0.135497153848872
-0.058756044793444
-0.819614527175421
q7:
-0.059312882147249
0.127800615228423
0.000371970820392
-0.576006986256183

q1:
-0.001836454195519
0.019817472903203
-0.020093923339369
-1.576327183450850
q2:
0.027193816503255
-0.043362560395484
-0.176332088819274
1.179474391383058
q3:
0.008809013360184
-0.032744193522330
0.025974646442440
-2.464731883847720
q4:
-0.038134510635267
0.039251621765936
0.125902333096656
1.486364505370785
q5:
0.010646348397211
-0.052984192179554
-0.003319950233270
-0.893925959356996
q6:
-0.030712935222238
0.076057867367066
0.011388649951585
-0.826378169263207
q7:
-0.033484393101005
0.068802005948144
0.065558940948729
-0.563995704660292

q1:
0.008654333272421
0.017990749270493
-0.007557958993152
-1.580877940629684
q2:
0.010683866592438
-0.016312831961582
-0.196118488388602
1.117232577164458
q3:
-0.010663182079611
-0.023981855248294
0.007166152310572
-2.459398234339442
q4:
-0.010495803727533
0.001319169124717
0.139354274469792
1.531034722192752
q5:
-0.009920255290886
-0.042394254098491
-0.034944309518034
-0.900463582338652
q6:
-0.003414573298315
0.045507666475988
0.051695787139474
-0.815360040778818
q7:
0.007214368062010
0.035495031914256
0.100140412197296
-0.535915196925212

q1:
-0.001690978393527
0.026599227038498
0.007226612221018
-1.581090603858917
q2:
0.014222459343696
-0.005685574477702
-0.203412437242625
1.050802191593398
q3:
0.002542102877876
-0.034588537817481
-0.012253865796687
-2.460047349586045
q4:
-0.014800402617959
-0.009121021956639
0.136767436387692
1.577002459577672
q5:
0.009529558822356
-0.052261946321145
-0.066329195804342
-0.917072262228152
q6:
-0.022819373646467
0.042111185499292
0.080747319882073
-0.793340916208005
q7:
-0.012625759538437
0.042671174213967
0.126057758128049
-0.498546742956101

q1:
-0.024757044238308
0.024917208395508
0.024307769723689
-1.575831902053905
q2:
0.029873039680421
0.008461526311301
-0.202492022813907
0.983250685341667
q3:
0.033131849030751
-0.032059904424321
-0.034352299619778
-2.467820217860319
q4:
-0.036698817132343
-0.023843003752768
0.125837648440974
1.620807816775661
q5:
0.051407042192615
-0.042782880438327
-0.097842937817265
-0.944462988166004
q6:
-0.055133573752359
0.019412721674076
0.101146626234591
-0.762769988544325
q7:
-0.067634894782038
0.030112313020446
0.150190371313938
-0.452519227487402

q1:
-0.029936534462528
0.000291340842414
0.032666096465810
-1.565935356196616
q2:
0.026591651622865
0.038176281897515
-0.187028457819884
0.918130130789368
q3:
0.038415059319430
0.000896393515234
-0.044685096011645
-2.481527171240740
q4:
-0.031946533160446
-0.060347369999282
0.097922886440220
1.658572499853912
q5:
0.057118275043576
0.008351778454953
-0.109259160058067
-0.979734043891015
q6:
-0.045177670684460
-0.035428723527751
0.095836246199153
-0.729108615484992
q7:
-0.074066138450088
-0.037164214211054
0.147852192557677
-0.401875972197625

q1:
0.000098531386036
-0.029486573094992
0.022985916611903
-1.556163551979530
q2:
-0.003094425787960
0.064627036057798
-0.152942255018811
0.861283919430177
q3:
-0.002349106784128
0.039107908336569
-0.031420983792731
-2.494844450872809
q4:
0.010756101044541
-0.092124632535832
0.047368179614933
1.683241620238705
q5:
-0.003543868663952
0.065167408889053
-0.084882612886047
-1.012960581916983
q6:
0.016779956521549
-0.080367017611799
0.057442182714753
-0.702874174654968
q7:
0.006658102799874
-0.110837908779923
0.098779550938731
-0.359638572428713

q1:
0.015686487187129
-0.029388563783421
0.003464855468226
-1.551780244271388
q2:
-0.012584834863678
0.061549006270653
-0.111106424687792
0.817565383886256
q3:
-0.019925972936866
0.036771248435768
-0.006261948291168
-2.501048847865714
q4:
0.022034189499630
-0.081425523338430
-0.010175350369763
1.689211542783728
q5:
-0.028276406176359
0.061642317625976
-0.042836673697404
-1.034069752103424
q6:
0.032409230497596
-0.063675970697283
0.009682260085503
-0.692051871308511
q7:
0.039403814852958
-0.104215084337461
0.027475043631261
-0.338828983249513

q1:
0.004742736529100
-0.013785192390408
-0.010850143676693
-1.553290501123110
q2:
0.000524634429319
0.049030852910044
-0.074441776301777
0.787033907665272
q3:
-0.001695170842452
0.016950854462786
0.011550536079193
-2.499808921859721
q4:
-0.000048637406865
-0.059508083314710
-0.056904304195491
1.677689249181847
q5:
-0.000981590421554
0.033515735685347
-0.011285389479759
-1.042526943524984
q6:
0.000210362871248
-0.031438462453202
-0.021854561119876
-0.694660520139198
q7:
0.003462303460582
-0.065020052963152
-0.028637767957209
-0.339739906385857

q1:
0.012338975718012
-0.009067585535543
-0.018427374046733
-1.558230672374901
q2:
-0.007594095015242
0.049552707532342
-0.041754706458840
0.767760877709649
q3:
-0.014040453470972
0.015264665584814
0.022232144139371
-2.494177412722600
q4:
0.014291847907113
-0.059556463013355
-0.096382196089217
1.652277751873132
q5:
-0.023931042368025
0.032539346279573
0.010616305569388
-1.042619976463133
q6:
0.017343250762774
-0.031229214202257
-0.042633103856002
-0.705355349687335
q7:
0.031036233749910
-0.061576094725319
-0.070612891423745
-0.356257138295478

q1:
0.015480250326864
0.003206011378843
-0.020370879464774
-1.564887672086679
q2:
-0.014031929214890
0.041998850285458
-0.011399217661405
0.759087238013870
q3:
-0.021252930355701
0.001298606299493
0.027723980937315
-2.485639610550179
q4:
0.025013830484705
-0.045340341320404
-0.131162530195351
1.614294094967921
q5:
-0.036159368436692
0.008735103976262
0.024301557270454
-1.036395008125863
q6:
0.031254650385793
-0.013977857694870
-0.057622283693543
-0.722292139157251
q7:
0.046592451978795
-0.030704308323227
-0.101210041354691
-0.385308215498697

q1:
-0.001432687958164
0.018604238669977
-0.013139317088262
-1.570725250783195
q2:
0.000560706921133
0.028041270089936
0.011823785202812
0.759413366224997
q3:
0.004102068533382
-0.019841714128776
0.021575695584251
-2.477079184245455
q4:
-0.001448468922773
-0.020459048118255
-0.152979446003144
1.566732127975405
q5:
0.005986527487953
-0.027232671875902
0.018168371461920
-1.028695161381679
q6:
-0.003201817325553
0.017111188049446
-0.056583374288350
-0.741795199457806
q7:
-0.005849731114340
0.015641270751530
-0.106204449742290
-0.420543311558335

q1:
-0.005804846168921
0.017179141894972
-0.001274723696685
-1.573088750213894
q2:
0.004471705574395
0.028599006071785
0.030603839955484
0.766436950249217
q3:
0.011112768478413
-0.015761380651790
0.009770879035784
-2.471957200209069
q4:
-0.009339032978506
-0.021899842241480
-0.167024262415178
1.513707169091838
q5:
0.017400913683483
-0.021277864363251
0.002083871378418
-1.025446780915755
q6:
-0.013398238790775
0.013926335745217
-0.046292351084528
-0.758791949421431
q7:
-0.020173120961486
0.009822534788694
-0.097761488396349
-0.454250898111153

q1:
-0.001023551198277
0.011405053051978
0.008202856261295
-1.571834382192028
q2:
-0.000324423980955
0.033047018045730
0.051043636274731
0.779891260598231
q3:
0.003865102478970
-0.004707493844327
0.002984072723874
-2.470045176835710
q4:
-0.002103627541860
-0.031189391793071
-0.184626908262094
1.455579391968544
q5:
0.005166327033723
-0.003969150465603
-0.006287209289933
-1.026460769318994
q6:
-0.003567727552466
0.000599088327053
-0.041476197670936
-0.773098340631420
q7:
-0.005097758010533
-0.010243697680262
-0.097901132174583
-0.486320877042873

q1:
0.001333600079787
0.010386925201175
0.015428360310653
-1.567898059718300
q2:
-0.002975222397115
0.032724313044715
0.072851248856067
0.800436910229919
q3:
-0.000257640781419
-0.000862870842887
0.001137122798709
-2.469432394556460
q4:
0.001455328969731
-0.033281873138106
-0.206003461616540
1.390857633507574
q5:
-0.001751170548612
0.001169802474166
-0.007215381115947
-1.028793436989233
q6:
0.002864347156110
-0.002949735406784
-0.042255595015955
-0.786914672052768
q7:
0.003277479685318
-0.015314444913927
-0.106375372588331
-0.520093655684908

q1:
0.002236803784348
0.011713459120875
0.022756121680286
-1.561592005657866
q2:
-0.003702216844990
0.029764855042092
0.093570604015432
0.828081145222355
q3:
-0.002323860856521
-0.001119146499158
0.000479950963987
-2.469159614603316
q4:
0.003063069862982
-0.031834255316294
-0.227593830529362
1.318947800625329
q5:
-0.005224929921679
-0.000572089392161
-0.007017199094829
-1.031121048665869
q6:
0.008156304425112
-0.000100565166045
-0.043266974473326
-0.801145113986377
q7:
0.007152677136504
-0.012054331151488
-0.115449959575770
-0.556928386303227

q1:
0.001216281549775
0.013938411066083
0.031261439084531
-1.552677548751243
q2:
-0.001720429763496
0.026082254615321
0.112087670813449
0.862243384442187
q3:
-0.000593575398734
-0.003430694239416
-0.001028626747435
-2.469208222018861
q4:
0.003048323595228
-0.028787415312875
-0.247693984885313
1.240097061600776
q5:
-0.001995130686098
-0.005769334708965
-0.009119806989766
-1.033701071134499
q6:
0.006992599909869
0.008012522590398
-0.040643629325680
-0.815204768171714
q7:
0.003097775003761
-0.004939552904211
-0.121084573222698
-0.596272288992410

q1:
-0.001915111396012
0.015148248075046
0.040905619661671
-1.540735603471826
q2:
-0.006175509389377
0.024370940652214
0.128816292807915
0.902212660415759
q3:
-0.003181463873939
-0.004021124543264
-0.003499405038595
-2.469948076974799
q4:
0.017586251993607
-0.025755243443226
-0.265778538620031
1.154916193983708
q5:
-0.004536241109088
-0.007753894075343
-0.013603665371337
-1.037431886905586
q6:
0.012762839404328
0.014968071789836
-0.033024019218598
-0.827545099291276
q7:
0.011051518358181
-0.001858191647286
-0.123338481987325
-0.636850075640748

q1:
-0.008103340443672
0.013243284011741
0.050319318944841
-1.525577102906189
q2:
-0.006108108918433
0.018228152570091
0.142940752597709
0.947378067529541
q3:
0.003201942662534
-0.007185731239864
-0.007215230233577
-2.471666403055917
q4:
0.007892175392167
-0.008262173261617
-0.277057596413418
1.064602357839823
q5:
0.005458468552561
-0.012266099638577
-0.020241637563105
-1.042960205946809
q6:
-0.003017941311775
0.027663286523349
-0.018888861384684
-0.836384013962245
q7:
0.001207053664680
0.009134769577384
-0.120925807805633
-0.677546504218868

q1:
-0.002751059492562
0.005182879603903
0.056428829438671
-1.507732324279832
q2:
0.010428790952037
0.012152407833469
0.153013948324487
0.996553820019498
q3:
0.015158474515851
-0.004000754262759
-0.010924301312775
-2.474731997095841
q4:
-0.052356671035503
-0.000411815034581
-0.279933605962904
0.972118525489941
q5:
0.019957157803036
-0.006836553109347
-0.026575449628268
-1.050821194424649
q6:
-0.027492992620881
0.024661335954799
-0.001539735609823
-0.839715735643819
q7:
-0.030028439876505
0.010335427595755
-0.114470130084132
-0.716593283360253

q1:
0.034445421264593
0.002446396765225
0.058958446835423
-1.488552869287282
q2:
0.048192873049281
0.022525941210543
0.164512149567703
1.049004359022512
q3:
0.022174545962006
0.011077402165814
-0.008577917359680
-2.478241418571277
q4:
-0.122796510796234
-0.052491071105313
-0.297474464970103
0.877347989779159
q5:
0.019942208444294
0.013014860494920
-0.024526925877279
-1.059656862232472
q6:
-0.032032844466489
-0.002685983394108
0.005746569335455
-0.838517232377669
q7:
-0.070440899083145
-0.019533904789274
-0.117520042920754
-0.754506153550104

q1:
0.067021803181853
0.036709306897279
0.071941191774054
-1.467479651745451
q2:
0.068594645105501
0.070463461428661
0.195344380469903
1.107784311079654
q3:
0.034466364658359
0.033134454964767
0.006081281957409
-2.479059466576376
q4:
-0.072197854572600
-0.174636937216870
-0.372782650614840
0.768468423830079
q5:
0.030668442533878
0.032851403950519
-0.009319179447397
-1.065631451444717
q6:
-0.054461772712487
-0.034549099911064
-0.006599360991489
-0.838074789859154
q7:
-0.113211576146950
-0.089601568539631
-0.153705780411223
-0.798187104249691

q1:
-0.023534593674856
0.103375991031246
0.118388874296480
-1.437147573297823
q2:
-0.078060109632840
0.138694653688915
0.264694339899100
1.182800987831797
q3:
-0.012141112882682
0.067418197520758
0.039421238030590
-2.472144070219714
q4:
0.297701602056872
-0.246452247122541
-0.512401989953387
0.623035208296287
q5:
-0.007071701248981
0.063357347900418
0.022580481887022
-1.063991899510511
q6:
0.006314867444490
-0.088722303651162
-0.047472108534729
-0.846046346760901
q7:
0.061967167733617
-0.202213286353586
-0.250461999199603
-0.863128121505799

q1:
-0.192480279682544
0.079966096813901
0.179179087224999
-1.387386758625657
q2:
-0.286377576596712
0.061048150233389
0.330922491460415
1.282967175469222
q3:
-0.103129015365062
0.055341415053590
0.080124292496295
-2.452104104578735
q4:
0.471773974209502
0.049671965122993
-0.577647866573872
0.436897024605491
q5:
-0.091056850996694
0.056323116485062
0.062262591973618
-1.049797424770402
q6:
0.144554431591963
-0.082440895910947
-0.104224202225815
-0.871310196168560
q7:
0.372703673755936
-0.140574455378472
-0.364119152633888
-0.966144976648527

q1:
-0.069018869618848
-0.111494314550981
0.168725366030809
-1.326201825232912
q2:
-0.062836600465269
-0.223812037580735
0.276955333754238
1.388962768434845
q3:
-0.043036149409135
-0.047241165032098
0.082810069283110
-2.423212664232801
q4:
-0.138447144822962
0.518946216606680
-0.389112758521817
0.268025577501906
q5:
-0.042872939973537
-0.034251264319929
0.069580893017394
-1.026280364855551
q6:
0.061490272598229
0.061347605346743
-0.111218044391745
-0.909661588956067
q7:
0.124660751211864
0.230154425586397
-0.334417377514639
-1.088743648172057

q1:
0.125193836054392
-0.180147483545531
0.072026527190721
-1.285031198116382
q2:
0.208612034454963
-0.286315694545975
0.107813737183584
1.453896401642625
q3:
0.060748209007468
-0.090049284819867
0.037289066562762
-2.402517835915988
q4:
-0.346762748875196
0.381232642292388
-0.090643022797826
0.191013247404079
q5:
0.050600736599186
-0.076897039447093
0.032727767081860
-1.008537879787215
q6:
-0.083016131336522
0.122512068043975
-0.050256217100731
-0.937552072965905
q7:
-0.247682557207380
0.354154654323821
-0.140679683124412
-1.169778967389855

q1:
0.093186188029926
-0.055616994547622
-0.006145228093145
-1.276390907614582
q2:
0.138929926224628
-0.078809003479822
-0.013249617113965
1.465771476720001
q3:
0.048294897446394
-0.029622953844910
-0.002390316145091
-2.397839375669747
q4:
-0.127216068497463
0.036307236660387
0.047799483481068
0.190230490017400
q5:
0.042449115429713
-0.026564413888648
-0.001576651789414
-1.004295770983813
q6:
-0.065689819103705
0.039935802663303
0.003606159869802
-0.943772858129417
q7:
-0.181464161766271
0.107784458015697
0.012484150282177
-1.186517490195439

q1:
0.000000000000057
0.037075440870493
-0.012292998140414
-1.281146047179956
q2:
0.000000000000082
0.059384794189895
-0.019690046764249
1.457778524849971
q3:
0.000000000000026
0.018416050187928
-0.006106157213470
-2.400128160228651
q4:
-0.000000000000049
-0.090234769860586
0.029918885171755
0.205433522188010
q5:
0.000000000000025
0.015659782354481
-0.005192269352517
-1.006191612229383
q6:
-0.000000000000042
-0.025405954990120
0.008423780004126
-0.940581248049935
q7:
-0.000000000000112
-0.072718204995057
0.024110967740100
-1.177143307389620

q1:
-0.093186188029809
0.037075440870550
0.012292998140389
-1.281146047179961
q2:
-0.138929926224452
0.059384794189976
0.019690046764210
1.457778524849963
q3:
-0.048294897446329
0.018416050187953
0.006106157213458
-2.400128160228653
q4:
0.127216068497205
-0.090234769860635
-0.029918885171687
0.205433522188022
q5:
-0.042449115429660
0.015659782354507
0.005192269352507
-1.006191612229385
q6:
0.065689819103630
-0.025405954990162
-0.008423780004109
-0.940581248049931
q7:
0.181464161766055
-0.072718204995168
-0.024110967740053
-1.177143307389610

q1:
-0.125193836054482
-0.055616994547449
0.006145228093196
-1.276390907614584
q2:
-0.208612034455046
-0.078809003479566
0.013249617114038
1.465771476719995
q3:
-0.060748209007519
-0.029622953844820
0.002390316145117
-2.397839375669748
q4:
0.346762748875030
0.036307236660081
-0.047799483481118
0.190230490017420
q5:
-0.050600736599237
-0.026564413888571
0.001576651789437
-1.004295770983814
q6:
0.083016131336590
0.039935802663187
-0.003606159869837
-0.943772858129416
q7:
0.247682557207532
0.107784458015370
-0.012484150282275
-1.186517490195433

q1:
0.069018869618515
-0.180147483545448
-0.072026527190586
-1.285031198116352
q2:
0.062836600464770
-0.286315694545802
-0.107813737183369
1.453896401642669
q3:
0.043036149408954
-0.090049284819828
-0.037289066562693
-2.402517835915973
q4:
0.138447144823714
0.381232642291918
0.090643022797519
0.191013247404043
q5:
0.042872939973385
-0.076897039447067
-0.032727767081802
-1.008537879787202
q6:
-0.061490272597989
0.122512068043927
0.050256217100642
-0.937552072965925
q7:
-0.124660751211222
0.354154654323646
0.140679683124148
-1.169778967389912

q1:
0.192480279682643
-0.111494314551230
-0.168725366030729
-1.326201825232839
q2:
0.286377576596771
-0.223812037581058
-0.276955333754072
1.388962768434961
q3:
0.103129015365122
-0.047241165032239
-0.082810069283074
-2.423212664232765
q4:
-0.471773974209135
0.518946216606958
0.389112758521446
0.268025577501743
q5:
0.091056850996752
-0.034251264320055
-0.069580893017369
-1.026280364855521
q6:
-0.144554431592048
0.061347605346933
0.111218044391703
-0.909661588956114
q7:
-0.372703673756093
0.230154425586861
0.334417377514470
-1.088743648172198

q1:
0.023534593675075
0.079966096813751
-0.179179087225051
-1.387386758625582
q2:
0.078060109633144
0.061048150233124
-0.330922491460444
1.282967175469360
q3:
0.012141112882799
0.055341415053507
-0.080124292496333
-2.452104104578701
q4:
-0.297701602057436
0.049671965123635
0.577647866573807
0.436897024605250
q5:
0.007071701249085
0.056323116484994
-0.062262591973657
-1.049797424770376
q6:
-0.006314867444657
-0.082440895910841
0.104224202225871
-0.871310196168603
q7:
-0.061967167734026
-0.140574455378164
0.364119152633975
-0.966144976648678

q1:
-0.067021803181849
0.103375991031313
-0.118388874296560
-1.437147573297773
q2:
-0.068594645105452
0.138694653688954
-0.264694339899204
1.182800987831907
q3:
-0.034466364658352
0.067418197520792
-0.039421238030644
-2.472144070219698
q4:
0.072197854572350
-0.246452247122459
0.512401989953562
0.623035208296074
q5:
-0.030668442533884
0.063357347900454
-0.022580481887072
-1.063991899510502
q6:
0.054461772712491
-0.088722303651223
0.047472108534799
-0.846046346760921
q7:
0.113211576146919
-0.202213286353684
0.250461999199760
-0.863128121505903

q1:
-0.034445421264652
0.036709306897350
-0.071941191774088
-1.467479651745422
q2:
-0.048192873049345
0.070463461428747
-0.195344380469966
1.107784311079735
q3:
-0.022174545962022
0.033134454964807
-0.006081281957439
-2.479059466576373
q4:
0.122796510796302
-0.174636937217038
0.372782650614987
0.768468423829924
q5:
-0.019942208444295
0.032851403950549
0.009319179447368
-1.065631451444720
q6:
0.032032844466511
-0.034549099911121
0.006599360991520
-0.838074789859157
q7:
0.070440899083225
-0.089601568539760
0.153705780411304
-0.798187104249754

q1:
0.002751059492538
0.002446396765238
-0.058958446835429
-1.488552869287257
q2:
-0.010428790952061
0.022525941210566
-0.164512149567729
1.049004359022580
q3:
-0.015158474515858
0.011077402165838
0.008577917359672
-2.478241418571280
q4:
0.052356671035585
-0.052491071105412
0.297474464970161
0.877347989779036
q5:
-0.019957157803044
0.013014860494948
0.024526925877269
-1.059656862232483
q6:
0.027492992620893
-0.002685983394142
-0.005746569335453
-0.838517232377666
q7:
0.030028439876536
-0.019533904789323
0.117520042920776
-0.754506153550152

q1:
0.008103340443675
0.005182879603892
-0.056428829438677
-1.507732324279809
q2:
0.006108108918427
0.012152407833468
-0.153013948324505
0.996553820019558
q3:
-0.003201942662567
-0.004000754262743
0.010924301312780
-2.474731997095845
q4:
-0.007892175392123
-0.000411815034598
0.279933605962923
0.972118525489830
q5:
-0.005458468552590
-0.006836553109327
0.026575449628274
-1.050821194424660
q6:
0.003017941311812
0.024661335954778
0.001539735609806
-0.839715735643820
q7:
-0.001207053664642
0.010335427595737
0.114470130084131
-0.716593283360298

q1:
0.001915111396025
0.013243284011733
-0.050319318944853
-1.525577102906170
q2:
0.006175509389384
0.018228152570084
-0.142940752597731
0.947378067529595
q3:
0.003181463873952
-0.007185731239880
0.007215230233582
-2.471666403055918
q4:
-0.017586251993629
-0.008262173261591
0.277057596413440
1.064602357839718
q5:
0.004536241109095
-0.012266099638586
0.020241637563115
-1.042960205946817
q6:
-0.012762839404328
0.027663286523364
0.018888861384665
-0.836384013962252
q7:
-0.011051518358196
0.009134769577403
0.120925807805632
-0.677546504218914

q1:
-0.001216281549779
0.015148248075051
-0.040905619661685
-1.540735603471811
q2:
0.001720429763495
0.024370940652215
-0.128816292807938
0.902212660415806
q3:
0.000593575398741
-0.004021124543266
0.003499405038595
-2.469948076974800
q4:
-0.003048323595235
-0.025755243443222
0.265778538620063
1.154916193983611
q5:
0.001995130686099
-0.007753894075345
0.013603665371343
-1.037431886905591
q6:
-0.006992599909876
0.014968071789851
0.033024019218589
-0.827545099291288
q7:
-0.003097775003760
-0.001858191647282
0.123338481987333
-0.636850075640793

q1:
-0.002236803784344
0.013938411066084
-0.031261439084542
-1.552677548751232
q2:
0.003702216844990
0.026082254615320
-0.112087670813473
0.862243384442226
q3:
0.002323860856522
-0.003430694239411
0.001028626747435
-2.469208222018862
q4:
-0.003063069862978
-0.028787415312879
0.247693984885345
1.240097061600691
q5:
0.005224929921672
-0.005769334708966
0.009119806989771
-1.033701071134503
q6:
-0.008156304425113
0.008012522590405
0.040643629325678
-0.815204768171728
q7:
-0.007152677136505
-0.004939552904206
0.121084573222709
-0.596272288992452

q1:
-0.001333600079790
0.011713459120881
-0.022756121680295
-1.561592005657859
q2:
0.002975222397116
0.029764855042090
-0.093570604015456
0.828081145222386
q3:
0.000257640781414
-0.001119146499152
-0.000479950963984
-2.469159614603316
q4:
-0.001455328969731
-0.031834255316293
0.227593830529393
1.318947800625254
q5:
0.001751170548620
-0.000572089392168
0.007017199094831
-1.031121048665872
q6:
-0.002864347156116
-0.000100565166039
0.043266974473328
-0.801145113986391
q7:
-0.003277479685322
-0.012054331151485
0.115449959575784
-0.556928386303265

q1:
0.001023551198270
0.010386925201178
-0.015428360310659
-1.567898059718295
q2:
0.000324423980963
0.032724313044715
-0.072851248856092
0.800436910229942
q3:
-0.003865102478978
-0.000862870842887
-0.001137122798704
-2.469432394556459
q4:
0.002103627541856
-0.033281873138106
0.206003461616571
1.390857633507510
q5:
-0.005166327033717
0.001169802474167
0.007215381115947
-1.028793436989236
q6:
0.003567727552460
-0.002949735406784
0.042255595015958
-0.786914672052781
q7:
0.005097758010519
-0.015314444913927
0.106375372588346
-0.520093655684941

q1:
0.005804846168924
0.011405053051973
-0.008202856261302
-1.571834382192026
q2:
-0.004471705574396
0.033047018045738
-0.051043636274753
0.779891260598246
q3:
-0.011112768478391
-0.004707493844334
-0.002984072723871
-2.470045176835709
q4:
0.009339032978491
-0.031189391793074
0.184626908262124
1.455579391968489
q5:
-0.017400913683476
-0.003969150465595
0.006287209289936
-1.026460769318996
q6:
0.013398238790769
0.000599088327047
0.041476197670938
-0.773098340631432
q7:
0.020173120961483
-0.010243697680276
0.097901132174593
-0.486320877042901

q1:
0.001432687958174
0.017179141894971
0.001274723696676
-1.573088750213894
q2:
-0.000560706921143
0.028599006071791
-0.030603839955501
0.766436950249225
q3:
-0.004102068533405
-0.015761380651775
-0.009770879035778
-2.471957200209066
q4:
0.001448468922797
-0.021899842241499
0.167024262415201
1.513707169091792
q5:
-0.005986527487980
-0.021277864363237
-0.002083871378407
-1.025446780915754
q6:
0.003201817325580
0.013926335745206
0.046292351084523
-0.758791949421444
q7:
0.005849731114373
0.009822534788677
0.097761488396349
-0.454250898111180

q1:
-0.015480250326861
0.018604238669985
0.013139317088255
-1.570725250783198
q2:
0.014031929214885
0.028041270089933
-0.011823785202828
0.759413366225000
q3:
0.021252930355688
-0.019841714128784
-0.021575695584243
-2.477079184245449
q4:
-0.025013830484692
-0.020459048118249
0.152979446003162
1.566732127975366
q5:
0.036159368436672
-0.027232671875914
-0.018168371461909
-1.028695161381675
q6:
-0.031254650385786
0.017111188049461
0.056583374288346
-0.741795199457821
q7:
-0.046592451978769
0.015641270751545
0.106204449742289
-0.420543311558363

q1:
-0.012338975718018
0.003206011378854
0.020370879464773
-1.564887672086684
q2:
0.007594095015256
0.041998850285451
0.011399217661386
0.759087238013867
q3:
0.014040453470990
0.001298606299472
-0.027723980937316
-2.485639610550172
q4:
-0.014291847907136
-0.045340341320386
0.131162530195377
1.614294094967889
q5:
0.023931042368056
0.008735103976229
-0.024301557270458
-1.036395008125857
q6:
-0.017343250762798
-0.013977857694848
0.057622283693552
-0.722292139157265
q7:
-0.031036233749953
-0.030704308323186
0.101210041354709
-0.385308215498722

q1:
-0.004742736529102
-0.009067585535538
0.018427374046737
-1.558230672374905
q2:
-0.000524634429322
0.049552707532349
0.041754706458820
0.767760877709639
q3:
0.001695170842458
0.015264665584813
-0.022232144139379
-2.494177412722596
q4:
0.000048637406869
-0.059556463013359
0.096382196089248
1.652277751873109
q5:
0.000981590421555
0.032539346279572
-0.010616305569403
-1.042619976463131
q6:
-0.000210362871243
-0.031229214202258
0.042633103856017
-0.705355349687345
q7:
-0.003462303460579
-0.061576094725321
0.070612891423776
-0.356257138295494

q1:
-0.015686487187126
-0.013785192390405
0.010850143676700
-1.553290501123113
q2:
0.012584834863672
0.049030852910047
0.074441776301761
0.787033907665257
q3:
0.019925972936846
0.016950854462790
-0.011550536079200
-2.499808921859719
q4:
-0.022034189499622
-0.059508083314710
0.056904304195521
1.677689249181835
q5:
0.028276406176351
0.033515735685347
0.011285389479743
-1.042526943524987
q6:
-0.032409230497583
-0.031438462453199
0.021854561119892
-0.694660520139202
q7:
-0.039403814852947
-0.065020052963151
0.028637767957240
-0.339739906385863

q1:
-0.000098531386051
-0.029388563783415
-0.003464855468217
-1.551780244271387
q2:
0.003094425787973
0.061549006270650
0.111106424687776
0.817565383886235
q3:
0.002349106784152
0.036771248435753
0.006261948291157
-2.501048847865715
q4:
-0.010756101044565
-0.081425523338422
0.010175350369795
1.689211542783726
q5:
0.003543868663983
0.061642317625967
0.042836673697385
-1.034069752103432
q6:
-0.016779956521581
-0.063675970697267
-0.009682260085481
-0.692051871308509
q7:
-0.006658102799913
-0.104215084337448
-0.027475043631225
-0.338828983249508

q1:
0.029936534462521
-0.029486573095001
-0.022985916611894
-1.556163551979526
q2:
-0.026591651622854
0.064627036057808
0.152942255018797
0.861283919430151
q3:
-0.038415059319413
0.039107908336578
0.031420983792719
-2.494844450872813
q4:
0.031946533160434
-0.092124632535848
-0.047368179614904
1.683241620238713
q5:
-0.057118275043566
0.065167408889074
0.084882612886032
-1.012960581916998
q6:
0.045177670684446
-0.080367017611815
-0.057442182714731
-0.702874174654959
q7:
0.074066138450066
-0.110837908779949
-0.098779550938700
-0.359638572428696

q1:
0.024757044238318
0.000291340842398
-0.032666096465809
-1.565935356196611
q2:
-0.029873039680433
0.038176281897537
0.187028457819881
0.918130130789339
q3:
-0.033131849030765
0.000896393515259
0.044685096011643
-2.481527171240748
q4:
0.036698817132357
-0.060347369999310
-0.097922886440205
1.658572499853928
q5:
-0.051407042192635
0.008351778454984
0.109259160058069
-0.979734043891031
q6:
0.055133573752373
-0.035428723527782
-0.095836246199146
-0.729108615484977
q7:
0.067634894782071
-0.037164214211102
-0.147852192557671
-0.401875972197602

q1:
0.001690978393539
0.024917208395503
-0.024307769723696
-1.575831902053901
q2:
-0.014222459343698
0.008461526311312
0.202492022813915
0.983250685341639
q3:
-0.002542102877898
-0.032059904424310
0.034352299619789
-2.467820217860325
q4:
0.014800402617968
-0.023843003752782
-0.125837648440974
1.620807816775679
q5:
-0.009529558822378
-0.042782880438316
0.097842937817281
-0.944462988166018
q6:
0.022819373646481
0.019412721674060
-0.101146626234600
-0.762769988544310
q7:
0.012625759538453
0.030112313020432
-0.150190371313952
-0.452519227487381

q1:
-0.008654333272423
0.026599227038503
-0.007226612221025
-1.581090603858916
q2:
-0.010683866592452
-0.005685574477693
0.203412437242638
1.050802191593373
q3:
0.010663182079619
-0.034588537817491
0.012253865796698
-2.460047349586047
q4:
0.010495803727536
-0.009121021956644
-0.136767436387698
1.577002459577689
q5:
0.009920255290890
-0.052261946321156
0.066329195804358
-0.917072262228160
q6:
0.003414573298321
0.042111185499289
-0.080747319882088
-0.793340916207995
q7:
-0.007214368062001
0.042671174213969
-0.126057758128068
-0.498546742956086

q1:
0.001836454195517
0.017990749270497
0.007557958993148
-1.580877940629685
q2:
-0.027193816503250
-0.016312831961587
0.196118488388617
1.117232577164438
q3:
-0.008809013360183
-0.023981855248297
-0.007166152310566
-2.459398234339440
q4:
0.038134510635265
0.001319169124714
-0.139354274469801
1.531034722192767
q5:
-0.010646348397203
-0.042394254098498
0.034944309518044
-0.900463582338655
q6:
0.030712935222234
0.045507666475991
-0.051695787139489
-0.815360040778813
q7:
0.033484393100990
0.035495031914267
-0.100140412197310
-0.535915196925202

q1:
0.016729835037822
0.019817472903205
0.020093923339367
-1.576327183450852
q2:
-0.014914346390400
-0.043362560395484
0.176332088819287
1.179474391383042
q3:
-0.032178967233279
-0.032744193522333
-0.025974646442435
-2.464731883847716
q4:
0.031300426698316
0.039251621765931
-0.125902333096667
1.486364505370797
q5:
-0.036006414959174
-0.052984192179553
0.003319950233279
-0.893925959356997
q6:
0.059755906741187
0.076057867367066
-0.011388649951599
-0.826378169263207
q7:
0.059312882147257
0.068802005948139
-0.065558940948742
-0.563995704660287

q1:
-0.004205128496554
0.036458663905685
0.038753241445837
-1.566876203331475
q2:
0.076681668722443
-0.058197882226136
0.142657982646255
1.232629529853975
q3:
0.012419441015604
-0.064752658565827
-0.058301399497116
-2.478116983331595
q4:
-0.094248886017852
0.070386201274231
-0.089550032945815
1.450075569714485
q5:
0.016282021059150
-0.088799824987382
-0.043690971779994
-0.899962569053792
q6:
-0.032072884208244
0.135497153848874
0.058756044793432
-0.819614527175425
q7:
-0.068615673947329
0.127800615228425
-0.000371970820406
-0.576006986256182

q1:
-0.050530604620572
0.032275816534930
0.061543337002321
-1.550172036707034
q2:
0.084618475090832
0.018077484070914
0.129355376707280
1.276327298625320
q3:
0.090977914519980
-0.052399022704059
-0.097145048181565
-2.504113804031848
q4:
-0.129486309974712
-0.023363301362720
-0.073958784194729
1.424686246699395
q5:
0.100487248631589
-0.072604075194322
-0.097207202422171
-0.923617923259050
q6:
-0.158077004288008
0.103594209743138
0.138030886009401
-0.786405935483497
q7:
-0.192292922073178
0.059548505548923
0.061746842583994
-0.564581471257557

q1:
-0.044077974221183
-0.017987048643400
0.066281023001326
-1.528059901349618
q2:
-0.204220801714424
0.102247603091315
0.169251222528631
1.324289135791384
q3:
0.059304615028224
0.038096839873878
-0.101887182133501
-2.538768215560486
q4:
0.217134830356283
-0.152163520350180
-0.132157711631432
1.392875497566925
q5:
0.075625412063595
0.027350735717532
-0.112211723069084
-0.960167592604617
q6:
-0.092328102207433
-0.053645214047326
0.154592331990526
-0.735012746965075
q7:
0.052598422886563
-0.131725540932136
0.037815308907991
-0.544571026785196

q1:
0.003598270364049
-0.061831473071903
0.039815823505992
-1.509667434596151
q2:
-0.311684074400139
-0.100891122444606
0.169700986946152
1.384203913582650
q3:
-0.022186333476761
0.097087225838958
-0.057064587191923
-2.566200676641909
q4:
0.361199997782455
0.063820808071533
-0.161449252669395
1.340242849199806
q5:
0.003369142047745
0.102575441995054
-0.069132471049179
-0.991609808014125
q6:
0.023977153216808
-0.145484110262194
0.088567590113953
-0.693018080878280
q7:
0.257255839575975
-0.079405813947042
-0.032188911998625
-0.544596906256506

coefs_qdot:
qdot1:
-0.010794811092150
-0.116504536718797
-0.000000000000000
qdot2:
0.935052223200368
-0.821847440128449
-0.000000000000000
qdot3:
0.066559000430317
0.150036895964178
-0.000000000000000
qdot4:
-1.083599993347320
0.846213931961375
-0.000000000000000
qdot5:
-0.010107426143198
0.211853464882740
0.000000000000000
qdot6:
-0.071931459650455
-0.243268002862356
-0.000000000000000
qdot7:
-0.771767518727921
0.352973880236629
0.000000000000000

qdot1:
0.132233922663521
-0.123662946143798
-0.039815823505989
qdot2:
0.612662405143271
-0.201782244889208
-0.169700986946145
qdot3:
-0.177913845084643
0.194174451677908
0.057064587191917
qdot4:
-0.651404491068831
0.127641616143066
0.161449252669389
qdot5:
-0.226876236190731
0.205150883990095
0.069132471049170
qdot6:
0.276984306622209
-0.290968220524365
-0.088567590113942
qdot7:
-0.157795268659762
-0.158811627894063
0.032188911998631

qdot1:
0.151591813861724
-0.035974097286811
-0.066281023001323
qdot2:
-0.253855425272492
0.204495206182635
-0.169251222528622
qdot3:
-0.272933743559925
0.076193679747767
0.101887182133495
qdot4:
0.388458929924089
-0.304327040700350
0.132157711631428
qdot5:
-0.301461745894749
0.054701471435087
0.112211723069077
qdot6:
0.474231012864009
-0.107290428094687
-0.154592331990517
qdot7:
0.576878766219522
-0.263451081864301
-0.037815308907987

qdot1:
0.012615385489668
0.064551633069854
-0.061543337002321
qdot2:
-0.230045006167335
0.036154968141835
-0.129355376707269
qdot3:
-0.037258323046835
-0.104798045408098
0.097145048181564
qdot4:
0.282746658053575
-0.046726602725463
0.073958784194722
qdot5:
-0.048846063177507
-0.145208150388607
0.097207202422174
qdot6:
0.096218652624798
0.207188419486229
-0.138030886009406
qdot7:
0.205847021842037
0.119097011097807
-0.061746842584001

qdot1:
-0.050189505113469
0.072917327811369
-0.038753241445838
qdot2:
0.044743039171194
-0.116395764452268
-0.142657982646242
qdot3:
0.096536901699838
-0.129505317131650
0.058301399497119
qdot4:
-0.093901280094921
0.140772402548454
0.089550032945803
qdot5:
0.108019244877520
-0.177599649974764
0.043690971780003
qdot6:
-0.179267720223556
0.270994307697745
-0.058756044793444
qdot7:
-0.177938646441748
0.255601230456845
0.000371970820392

qdot1:
-0.005509362586557
0.039634945806407
-0.020093923339369
qdot2:
0.081581449509766
-0.086725120790969
-0.176332088819274
qdot3:
0.026427040080552
-0.065488387044661
0.025974646442440
qdot4:
-0.114403531905801
0.078503243531872
0.125902333096656
qdot5:
0.031939045191632
-0.105968384359108
-0.003319950233270
qdot6:
-0.092138805666714
0.152115734734132
0.011388649951585
qdot7:
-0.100453179303016
0.137604011896288
0.065558940948729

qdot1:
0.025962999817263
0.035981498540986
-0.007557958993152
qdot2:
0.032051599777314
-0.032625663923164
-0.196118488388602
qdot3:
-0.031989546238834
-0.047963710496588
0.007166152310572
qdot4:
-0.031487411182600
0.002638338249434
0.139354274469792
qdot5:
-0.029760765872659
-0.084788508196982
-0.034944309518034
qdot6:
-0.010243719894944
0.091015332951975
0.051695787139474
qdot7:
0.021643104186031
0.070990063828512
0.100140412197296

qdot1:
-0.005072935180581
0.053198454076995
0.007226612221018
qdot2:
0.042667378031088
-0.011371148955403
-0.203412437242625
qdot3:
0.007626308633629
-0.069177075634962
-0.012253865796687
qdot4:
-0.044401207853876
-0.018242043913278
0.136767436387692
qdot5:
0.028588676467068
-0.104523892642291
-0.066329195804342
qdot6:
-0.068458120939402
0.084222370998583
0.080747319882073
qdot7:
-0.037877278615310
0.085342348427935
0.126057758128049

qdot1:
-0.074271132714923
0.049834416791017
0.024307769723689
qdot2:
0.089619119041264
0.016923052622602
-0.202492022813907
qdot3:
0.099395547092252
-0.064119808848642
-0.034352299619778
qdot4:
-0.110096451397028
-0.047686007505536
0.125837648440974
qdot5:
0.154221126577845
-0.085565760876654
-0.097842937817265
qdot6:
-0.165400721257076
0.038825443348152
0.101146626234591
qdot7:
-0.202904684346113
0.060224626040893
0.150190371313938

qdot1:
-0.089809603387584
0.000582681684827
0.032666096465810
qdot2:
0.079774954868596
0.076352563795030
-0.187028457819884
qdot3:
0.115245177958289
0.001792787030467
-0.044685096011645
qdot4:
-0.095839599481337
-0.120694739998563
0.097922886440220
qdot5:
0.171354825130728
0.016703556909906
-0.109259160058067
qdot6:
-0.135533012053380
-0.070857447055503
0.095836246199153
qdot7:
-0.222198415350263
-0.074328428422108
0.147852192557677

qdot1:
0.000295594158108
-0.058973146189984
0.022985916611903
qdot2:
-0.009283277363880
0.129254072115596
-0.152942255018811
qdot3:
-0.007047320352384
0.078215816673139
-0.031420983792731
qdot4:
0.032268303133623
-0.184249265071663
0.047368179614933
qdot5:
-0.010631605991856
0.130334817778105
-0.084882612886047
qdot6:
0.050339869564647
-0.160734035223599
0.057442182714753
qdot7:
0.019974308399621
-0.221675817559845
0.098779550938731

qdot1:
0.047059461561387
-0.058777127566841
0.003464855468226
qdot2:
-0.037754504591034
0.123098012541306
-0.111106424687792
qdot3:
-0.059777918810598
0.073542496871537
-0.006261948291168
qdot4:
0.066102568498889
-0.162851046676859
-0.010175350369763
qdot5:
-0.084829218529078
0.123284635251953
-0.042836673697404
qdot6:
0.097227691492788
-0.127351941394565
0.009682260085503
qdot7:
0.118211444558874
-0.208430168674921
0.027475043631261

qdot1:
0.014228209587301
-0.027570384780816
-0.010850143676693
qdot2:
0.001573903287956
0.098061705820089
-0.074441776301777
qdot3:
-0.005085512527355
0.033901708925571
0.011550536079193
qdot4:
-0.000145912220594
-0.119016166629421
-0.056904304195491
qdot5:
-0.002944771264661
0.067031471370695
-0.011285389479759
qdot6:
0.000631088613743
-0.062876924906403
-0.021854561119876
qdot7:
0.010386910381746
-0.130040105926304
-0.028637767957209

qdot1:
0.037016927154035
-0.018135171071085
-0.018427374046733
qdot2:
-0.022782285045725
0.099105415064684
-0.041754706458840
qdot3:
-0.042121360412915
0.030529331169629
0.022232144139371
qdot4:
0.042875543721340
-0.119112926026710
-0.096382196089217
qdot5:
-0.071793127104074
0.065078692559146
0.010616305569388
qdot6:
0.052029752288322
-0.062458428404513
-0.042633103856002
qdot7:
0.093108701249731
-0.123152189450638
-0.070612891423745

qdot1:
0.046440750980593
0.006412022757687
-0.020370879464774
qdot2:
-0.042095787644671
0.083997700570917
-0.011399217661405
qdot3:
-0.063758791067103
0.002597212598985
0.027723980937315
qdot4:
0.075041491454114
-0.090680682640808
-0.131162530195351
qdot5:
-0.108478105310077
0.017470207952524
0.024301557270454
qdot6:
0.093763951157378
-0.027955715389740
-0.057622283693543
qdot7:
0.139777355936384
-0.061408616646453
-0.101210041354691

qdot1:
-0.004298063874492
0.037208477339954
-0.013139317088262
qdot2:
0.001682120763400
0.056082540179871
0.011823785202812
qdot3:
0.012306205600147
-0.039683428257552
0.021575695584251
qdot4:
-0.004345406768319
-0.040918096236510
-0.152979446003144
qdot5:
0.017959582463859
-0.054465343751803
0.018168371461920
qdot6:
-0.009605451976660
0.034222376098893
-0.056583374288350
qdot7:
-0.017549193343020
0.031282541503059
-0.106204449742290

qdot1:
-0.017414538506763
0.034358283789945
-0.001274723696685
qdot2:
0.013415116723185
0.057198012143569
0.030603839955484
qdot3:
0.033338305435239
-0.031522761303580
0.009770879035784
qdot4:
-0.028017098935518
-0.043799684482960
-0.167024262415178
qdot5:
0.052202741050450
-0.042555728726503
0.002083871378418
qdot6:
-0.040194716372324
0.027852671490434
-0.046292351084528
qdot7:
-0.060519362884458
0.019645069577388
-0.097761488396349

qdot1:
-0.003070653594830
0.022810106103955
0.008202856261295
qdot2:
-0.000973271942865
0.066094036091460
0.051043636274731
qdot3:
0.011595307436911
-0.009414987688654
0.002984072723874
qdot4:
-0.006310882625580
-0.062378783586141
-0.184626908262094
qdot5:
0.015498981101168
-0.007938300931206
-0.006287209289933
qdot6:
-0.010703182657398
0.001198176654107
-0.041476197670936
qdot7:
-0.015293274031598
-0.020487395360525
-0.097901132174583

qdot1:
0.004000800239362
0.020773850402350
0.015428360310653
qdot2:
-0.008925667191345
0.065448626089430
0.072851248856067
qdot3:
-0.000772922344257
-0.001725741685775
0.001137122798709
qdot4:
0.004365986909193
-0.066563746276213
-0.206003461616540
qdot5:
-0.005253511645835
0.002339604948331
-0.007215381115947
qdot6:
0.008593041468329
-0.005899470813567
-0.042255595015955
qdot7:
0.009832439055954
-0.030628889827854
-0.106375372588331

qdot1:
0.006710411353045
0.023426918241751
0.022756121680286
qdot2:
-0.011106650534971
0.059529710084183
0.093570604015432
qdot3:
-0.006971582569564
-0.002238292998316
0.000479950963987
qdot4:
0.009189209588947
-0.063668510632588
-0.227593830529362
qdot5:
-0.015674789765037
-0.001144178784322
-0.007017199094829
qdot6:
0.024468913275337
-0.000201130332089
-0.043266974473326
qdot7:
0.021458031409511
-0.024108662302977
-0.115449959575770

qdot1:
0.003648844649324
0.027876822132167
0.031261439084531
qdot2:
-0.005161289290489
0.052164509230642
0.112087670813449
qdot3:
-0.001780726196203
-0.006861388478831
-0.001028626747435
qdot4:
0.009144970785684
-0.057574830625751
-0.247693984885313
qdot5:
-0.005985392058293
-0.011538669417931
-0.009119806989766
qdot6:
0.020977799729606
0.016025045180797
-0.040643629325680
qdot7:
0.009293325011283
-0.009879105808422
-0.121084573222698

qdot1:
-0.005745334188037
0.030296496150092
0.040905619661671
qdot2:
-0.018526528168130
0.048741881304429
0.128816292807915
qdot3:
-0.009544391621817
-0.008042249086527
-0.003499405038595
qdot4:
0.052758755980820
-0.051510486886452
-0.265778538620031
qdot5:
-0.013608723327265
-0.015507788150686
-0.013603665371337
qdot6:
0.038288518212983
0.029936143579672
-0.033024019218598
qdot7:
0.033154555074543
-0.003716383294572
-0.123338481987325

qdot1:
-0.024310021331015
0.026486568023482
0.050319318944841
qdot2:
-0.018324326755300
0.036456305140182
0.142940752597709
qdot3:
0.009605827987603
-0.014371462479728
-0.007215230233577
qdot4:
0.023676526176501
-0.016524346523234
-0.277057596413418
qdot5:
0.016375405657682
-0.024532199277153
-0.020241637563105
qdot6:
-0.009053823935326
0.055326573046698
-0.018888861384684
qdot7:
0.003621160994041
0.018269539154768
-0.120925807805633

qdot1:
-0.008253178477686
0.010365759207806
0.056428829438671
qdot2:
0.031286372856112
0.024304815666938
0.153013948324487
qdot3:
0.045475423547552
-0.008001508525519
-0.010924301312775
qdot4:
-0.157070013106510
-0.000823630069161
-0.279933605962904
qdot5:
0.059871473409107
-0.013673106218694
-0.026575449628268
qdot6:
-0.082478977862643
0.049322671909599
-0.001539735609823
qdot7:
-0.090085319629516
0.020670855191511
-0.114470130084132

qdot1:
0.103336263793778
0.004892793530450
0.058958446835423
qdot2:
0.144578619147843
0.045051882421086
0.164512149567703
qdot3:
0.066523637886018
0.022154804331627
-0.008577917359680
qdot4:
-0.368389532388701
-0.104982142210625
-0.297474464970103
qdot5:
0.059826625332882
0.026029720989840
-0.024526925877279
qdot6:
-0.096098533399466
-0.005371966788216
0.005746569335455
qdot7:
-0.211322697249434
-0.039067809578548
-0.117520042920754

qdot1:
0.201065409545560
0.073418613794558
0.071941191774054
qdot2:
0.205783935316502
0.140926922857321
0.195344380469903
qdot3:
0.103399093975078
0.066268909929534
0.006081281957409
qdot4:
-0.216593563717801
-0.349273874433741
-0.372782650614840
qdot5:
0.092005327601634
0.065702807901039
-0.009319179447397
qdot6:
-0.163385318137460
-0.069098199822129
-0.006599360991489
qdot7:
-0.339634728440850
-0.179203137079262
-0.153705780411223

qdot1:
-0.070603781024569
0.206751982062493
0.118388874296480
qdot2:
-0.234180328898519
0.277389307377831
0.264694339899100
qdot3:
-0.036423338648047
0.134836395041516
0.039421238030590
qdot4:
0.893104806170616
-0.492904494245082
-0.512401989953387
qdot5:
-0.021215103746944
0.126714695800837
0.022580481887022
qdot6:
0.018944602333471
-0.177444607302324
-0.047472108534729
qdot7:
0.185901503200851
-0.404426572707172
-0.250461999199603

qdot1:
-0.577440839047631
0.159932193627802
0.179179087224999
qdot2:
-0.859132729790136
0.122096300466778
0.330922491460415
qdot3:
-0.309387046095187
0.110682830107179
0.080124292496295
qdot4:
1.415321922628506
0.099343930245985
-0.577647866573872
qdot5:
-0.273170552990082
0.112646232970124
0.062262591973618
qdot6:
0.433663294775889
-0.164881791821893
-0.104224202225815
qdot7:
1.118111021267807
-0.281148910756944
-0.364119152633888

qdot1:
-0.207056608856544
-0.222988629101962
0.168725366030809
qdot2:
-0.188509801395807
-0.447624075161471
0.276955333754238
qdot3:
-0.129108448227406
-0.094482330064196
0.082810069283110
qdot4:
-0.415341434468887
1.037892433213361
-0.389112758521817
qdot5:
-0.128618819920612
-0.068502528639857
0.069580893017394
qdot6:
0.184470817794687
0.122695210693487
-0.111218044391745
qdot7:
0.373982253635593
0.460308851172793
-0.334417377514639

qdot1:
0.375581508163175
-0.360294967091061
0.072026527190721
qdot2:
0.625836103364890
-0.572631389091950
0.107813737183584
qdot3:
0.182244627022405
-0.180098569639734
0.037289066562762
qdot4:
-1.040288246625588
0.762465284584776
-0.090643022797826
qdot5:
0.151802209797558
-0.153794078894185
0.032727767081860
qdot6:
-0.249048394009567
0.245024136087950
-0.050256217100731
qdot7:
-0.743047671622140
0.708309308647642
-0.140679683124412

qdot1:
0.279558564089777
-0.111233989095243
-0.006145228093145
qdot2:
0.416789778673883
-0.157618006959645
-0.013249617113965
qdot3:
0.144884692339181
-0.059245907689819
-0.002390316145091
qdot4:
-0.381648205492388
0.072614473320774
0.047799483481068
qdot5:
0.127347346289138
-0.053128827777296
-0.001576651789414
qdot6:
-0.197069457311114
0.079871605326607
0.003606159869802
qdot7:
-0.544392485298813
0.215568916031393
0.012484150282177

qdot1:
0.000000000000171
0.074150881740986
-0.012292998140414
qdot2:
0.000000000000246
0.118769588379789
-0.019690046764249
qdot3:
0.000000000000077
0.036832100375855
-0.006106157213470
qdot4:
-0.000000000000148
-0.180469539721173
0.029918885171755
qdot5:
0.000000000000076
0.031319564708963
-0.005192269352517
qdot6:
-0.000000000000126
-0.050811909980241
0.008423780004126
qdot7:
-0.000000000000336
-0.145436409990114
0.024110967740100

qdot1:
-0.279558564089428
0.074150881741100
0.012292998140389
qdot2:
-0.416789778673357
0.118769588379952
0.019690046764210
qdot3:
-0.144884692338988
0.036832100375906
0.006106157213458
qdot4:
0.381648205491614
-0.180469539721271
-0.029918885171687
qdot5:
-0.127347346288981
0.031319564709013
0.005192269352507
qdot6:
0.197069457310890
-0.050811909980325
-0.008423780004109
qdot7:
0.544392485298164
-0.145436409990337
-0.024110967740053

qdot1:
-0.375581508163447
-0.111233989094898
0.006145228093196
qdot2:
-0.625836103365139
-0.157618006959133
0.013249617114038
qdot3:
-0.182244627022557
-0.059245907689640
0.002390316145117
qdot4:
1.040288246625091
0.072614473320163
-0.047799483481118
qdot5:
-0.151802209797712
-0.053128827777142
0.001576651789437
qdot6:
0.249048394009770
0.079871605326375
-0.003606159869837
qdot7:
0.743047671622596
0.215568916030740
-0.012484150282275

qdot1:
0.207056608855545
-0.360294967090897
-0.072026527190586
qdot2:
0.188509801394309
-0.572631389091603
-0.107813737183369
qdot3:
0.129108448226862
-0.180098569639656
-0.037289066562693
qdot4:
0.415341434471143
0.762465284583836
0.090643022797519
qdot5:
0.128618819920154
-0.153794078894133
-0.032727767081802
qdot6:
-0.184470817793968
0.245024136087853
0.050256217100642
qdot7:
-0.373982253633665
0.708309308647291
0.140679683124148

qdot1:
0.577440839047928
-0.222988629102460
-0.168725366030729
qdot2:
0.859132729790312
-0.447624075162117
-0.276955333754072
qdot3:
0.309387046095365
-0.094482330064479
-0.082810069283074
qdot4:
-1.415321922627406
1.037892433213917
0.389112758521446
qdot5:
0.273170552990257
-0.068502528640109
-0.069580893017369
qdot6:
-0.433663294776143
0.122695210693866
0.111218044391703
qdot7:
-1.118111021268278
0.460308851173721
0.334417377514470

qdot1:
0.070603781025224
0.159932193627501
-0.179179087225051
qdot2:
0.234180328899433
0.122096300466249
-0.330922491460444
qdot3:
0.036423338648397
0.110682830107014
-0.080124292496333
qdot4:
-0.893104806172307
0.099343930247270
0.577647866573807
qdot5:
0.021215103747255
0.112646232969988
-0.062262591973657
qdot6:
-0.018944602333972
-0.164881791821682
0.104224202225871
qdot7:
-0.185901503202077
-0.281148910756328
0.364119152633975

qdot1:
-0.201065409545546
0.206751982062626
-0.118388874296560
qdot2:
-0.205783935316356
0.277389307377907
-0.264694339899204
qdot3:
-0.103399093975057
0.134836395041583
-0.039421238030644
qdot4:
0.216593563717049
-0.492904494244918
0.512401989953562
qdot5:
-0.092005327601653
0.126714695800907
-0.022580481887072
qdot6:
0.163385318137473
-0.177444607302446
0.047472108534799
qdot7:
0.339634728440758
-0.404426572707369
0.250461999199760

qdot1:
-0.103336263793955
0.073418613794701
-0.071941191774088
qdot2:
-0.144578619148034
0.140926922857494
-0.195344380469966
qdot3:
-0.066523637886067
0.066268909929615
-0.006081281957439
qdot4:
0.368389532388907
-0.349273874434076
0.372782650614987
qdot5:
-0.059826625332885
0.065702807901097
0.009319179447368
qdot6:
0.096098533399534
-0.069098199822242
0.006599360991520
qdot7:
0.211322697249676
-0.179203137079520
0.153705780411304

qdot1:
0.008253178477614
0.004892793530476
-0.058958446835429
qdot2:
-0.031286372856183
0.045051882421132
-0.164512149567729
qdot3:
-0.045475423547575
0.022154804331676
0.008577917359672
qdot4:
0.157070013106755
-0.104982142210824
0.297474464970161
qdot5:
-0.059871473409131
0.026029720989896
0.024526925877269
qdot6:
0.082478977862679
-0.005371966788284
-0.005746569335453
qdot7:
0.090085319629607
-0.039067809578647
0.117520042920776

qdot1:
0.024310021331024
0.010365759207784
-0.056428829438677
qdot2:
0.018324326755282
0.024304815666936
-0.153013948324505
qdot3:
-0.009605827987700
-0.008001508525486
0.010924301312780
qdot4:
-0.023676526176370
-0.000823630069197
0.279933605962923
qdot5:
-0.016375405657771
-0.013673106218653
0.026575449628274
qdot6:
0.009053823935437
0.049322671909555
0.001539735609806
qdot7:
-0.003621160993927
0.020670855191473
0.114470130084131

qdot1:
0.005745334188076
0.026486568023466
-0.050319318944853
qdot2:
0.018526528168151
0.036456305140168
-0.142940752597731
qdot3:
0.009544391621857
-0.014371462479760
0.007215230233582
qdot4:
-0.052758755980887
-0.016524346523183
0.277057596413440
qdot5:
0.013608723327286
-0.024532199277172
0.020241637563115
qdot6:
-0.038288518212984
0.055326573046728
0.018888861384665
qdot7:
-0.033154555074587
0.018269539154807
0.120925807805632

qdot1:
-0.003648844649336
0.030296496150102
-0.040905619661685
qdot2:
0.005161289290486
0.048741881304429
-0.128816292807938
qdot3:
0.001780726196224
-0.008042249086532
0.003499405038595
qdot4:
-0.009144970785706
-0.051510486886445
0.265778538620063
qdot5:
0.005985392058298
-0.015507788150691
0.013603665371343
qdot6:
-0.020977799729629
0.029936143579701
0.033024019218589
qdot7:
-0.009293325011280
-0.003716383294563
0.123338481987333

qdot1:
-0.006710411353032
0.027876822132169
-0.031261439084542
qdot2:
0.011106650534970
0.052164509230641
-0.112087670813473
qdot3:
0.006971582569567
-0.006861388478822
0.001028626747435
qdot4:
-0.009189209588934
-0.057574830625758
0.247693984885345
qdot5:
0.015674789765017
-0.011538669417932
0.009119806989771
qdot6:
-0.024468913275339
0.016025045180811
0.040643629325678
qdot7:
-0.021458031409516
-0.009879105808411
0.121084573222709

qdot1:
-0.004000800239370
0.023426918241762
-0.022756121680295
qdot2:
0.008925667191349
0.059529710084181
-0.093570604015456
qdot3:
0.000772922344241
-0.002238292998305
-0.000479950963984
qdot4:
-0.004365986909194
-0.063668510632587
0.227593830529393
qdot5:
0.005253511645861
-0.001144178784336
0.007017199094831
qdot6:
-0.008593041468349
-0.000201130332077
0.043266974473328
qdot7:
-0.009832439055967
-0.024108662302969
0.115449959575784

qdot1:
0.003070653594809
0.020773850402355
-0.015428360310659
qdot2:
0.000973271942889
0.065448626089430
-0.072851248856092
qdot3:
-0.011595307436934
-0.001725741685774
-0.001137122798704
qdot4:
0.006310882625568
-0.066563746276212
0.206003461616571
qdot5:
-0.015498981101150
0.002339604948334
0.007215381115947
qdot6:
0.010703182657380
-0.005899470813568
0.042255595015958
qdot7:
0.015293274031558
-0.030628889827854
0.106375372588346

qdot1:
0.017414538506771
0.022810106103947
-0.008202856261302
qdot2:
-0.013415116723188
0.066094036091475
-0.051043636274753
qdot3:
-0.033338305435172
-0.009414987688669
-0.002984072723871
qdot4:
0.028017098935474
-0.062378783586149
0.184626908262124
qdot5:
-0.052202741050428
-0.007938300931191
0.006287209289936
qdot6:
0.040194716372308
0.001198176654094
0.041476197670938
qdot7:
0.060519362884448
-0.020487395360552
0.097901132174593

qdot1:
0.004298063874521
0.034358283789941
0.001274723696676
qdot2:
-0.001682120763428
0.057198012143583
-0.030603839955501
qdot3:
-0.012306205600215
-0.031522761303550
-0.009770879035778
qdot4:
0.004345406768392
-0.043799684482997
0.167024262415201
qdot5:
-0.017959582463941
-0.042555728726473
-0.002083871378407
qdot6:
0.009605451976740
0.027852671490411
0.046292351084523
qdot7:
0.017549193343119
0.019645069577354
0.097761488396349

qdot1:
-0.046440750980583
0.037208477339970
0.013139317088255
qdot2:
0.042095787644655
0.056082540179866
-0.011823785202828
qdot3:
0.063758791067065
-0.039683428257567
-0.021575695584243
qdot4:
-0.075041491454076
-0.040918096236498
0.152979446003162
qdot5:
0.108478105310016
-0.054465343751829
-0.018168371461909
qdot6:
-0.093763951157357
0.034222376098923
0.056583374288346
qdot7:
-0.139777355936308
0.031282541503091
0.106204449742289

qdot1:
-0.037016927154055
0.006412022757709
0.020370879464773
qdot2:
0.022782285045768
0.083997700570902
0.011399217661386
qdot3:
0.042121360412971
0.002597212598945
-0.027723980937316
qdot4:
-0.042875543721408
-0.090680682640771
0.131162530195377
qdot5:
0.071793127104168
0.017470207952458
-0.024301557270458
qdot6:
-0.052029752288393
-0.027955715389696
0.057622283693552
qdot7:
-0.093108701249859
-0.061408616646372
0.101210041354709

qdot1:
-0.014228209587305
-0.018135171071076
0.018427374046737
qdot2:
-0.001573903287966
0.099105415064697
0.041754706458820
qdot3:
0.005085512527373
0.030529331169626
-0.022232144139379
qdot4:
0.000145912220607
-0.119112926026718
0.096382196089248
qdot5:
0.002944771264664
0.065078692559143
-0.010616305569403
qdot6:
-0.000631088613730
-0.062458428404516
0.042633103856017
qdot7:
-0.010386910381737
-0.123152189450642
0.070612891423776

qdot1:
-0.047059461561379
-0.027570384780810
0.010850143676700
qdot2:
0.037754504591016
0.098061705820095
0.074441776301761
qdot3:
0.059777918810539
0.033901708925581
-0.011550536079200
qdot4:
-0.066102568498867
-0.119016166629421
0.056904304195521
qdot5:
0.084829218529052
0.067031471370694
0.011285389479743
qdot6:
-0.097227691492750
-0.062876924906398
0.021854561119892
qdot7:
-0.118211444558841
-0.130040105926302
0.028637767957240

qdot1:
-0.000295594158152
-0.058777127566830
-0.003464855468217
qdot2:
0.009283277363920
0.123098012541300
0.111106424687776
qdot3:
0.007047320352457
0.073542496871507
0.006261948291157
qdot4:
-0.032268303133694
-0.162851046676845
0.010175350369795
qdot5:
0.010631605991948
0.123284635251935
0.042836673697385
qdot6:
-0.050339869564742
-0.127351941394534
-0.009682260085481
qdot7:
-0.019974308399738
-0.208430168674897
-0.027475043631225

qdot1:
0.089809603387562
-0.058973146190002
-0.022985916611894
qdot2:
-0.079774954868562
0.129254072115617
0.152942255018797
qdot3:
-0.115245177958240
0.078215816673157
0.031420983792719
qdot4:
0.095839599481302
-0.184249265071696
-0.047368179614904
qdot5:
-0.171354825130699
0.130334817778148
0.084882612886032
qdot6:
0.135533012053338
-0.160734035223631
-0.057442182714731
qdot7:
0.222198415350198
-0.221675817559899
-0.098779550938700

qdot1:
0.074271132714954
0.000582681684795
-0.032666096465809
qdot2:
-0.089619119041298
0.076352563795073
0.187028457819881
qdot3:
-0.099395547092294
0.001792787030518
0.044685096011643
qdot4:
0.110096451397070
-0.120694739998619
-0.097922886440205
qdot5:
-0.154221126577906
0.016703556909967
0.109259160058069
qdot6:
0.165400721257119
-0.070857447055563
-0.095836246199146
qdot7:
0.202904684346214
-0.074328428422204
-0.147852192557671

qdot1:
0.005072935180616
0.049834416791005
-0.024307769723696
qdot2:
-0.042667378031093
0.016923052622623
0.202492022813915
qdot3:
-0.007626308633695
-0.064119808848619
0.034352299619789
qdot4:
0.044401207853903
-0.047686007505565
-0.125837648440974
qdot5:
-0.028588676467133
-0.085565760876632
0.097842937817281
qdot6:
0.068458120939443
0.038825443348120
-0.101146626234600
qdot7:
0.037877278615358
0.060224626040863
-0.150190371313952

qdot1:
-0.025962999817268
0.053198454077006
-0.007226612221025
qdot2:
-0.032051599777356
-0.011371148955385
0.203412437242638
qdot3:
0.031989546238856
-0.069177075634983
0.012253865796698
qdot4:
0.031487411182607
-0.018242043913288
-0.136767436387698
qdot5:
0.029760765872671
-0.104523892642312
0.066329195804358
qdot6:
0.010243719894962
0.084222370998579
-0.080747319882088
qdot7:
-0.021643104186002
0.085342348427938
-0.126057758128068

qdot1:
0.005509362586551
0.035981498540993
0.007557958993148
qdot2:
-0.081581449509750
-0.032625663923174
0.196118488388617
qdot3:
-0.026427040080549
-0.047963710496594
-0.007166152310566
qdot4:
0.114403531905796
0.002638338249428
-0.139354274469801
qdot5:
-0.031939045191609
-0.084788508196995
0.034944309518044
qdot6:
0.092138805666702
0.091015332951983
-0.051695787139489
qdot7:
0.100453179302969
0.070990063828534
-0.100140412197310

qdot1:
0.050189505113465
0.039634945806410
0.020093923339367
qdot2:
-0.044743039171201
-0.086725120790968
0.176332088819287
qdot3:
-0.096536901699838
-0.065488387044665
-0.025974646442435
qdot4:
0.093901280094948
0.078503243531863
-0.125902333096667
qdot5:
-0.108019244877523
-0.105968384359105
0.003319950233279
qdot6:
0.179267720223561
0.152115734734131
-0.011388649951599
qdot7:
0.177938646441770
0.137604011896278
-0.065558940948742

qdot1:
-0.012615385489661
0.072917327811370
0.038753241445837
qdot2:
0.230045006167330
-0.116395764452272
0.142657982646255
qdot3:
0.037258323046812
-0.129505317131654
-0.058301399497116
qdot4:
-0.282746658053556
0.140772402548462
-0.089550032945815
qdot5:
0.048846063177451
-0.177599649974763
-0.043690971779994
qdot6:
-0.096218652624732
0.270994307697748
0.058756044793432
qdot7:
-0.205847021841987
0.255601230456850
-0.000371970820406

qdot1:
-0.151591813861716
0.064551633069860
0.061543337002321
qdot2:
0.253855425272495
0.036154968141828
0.129355376707280
qdot3:
0.272933743559939
-0.104798045408119
-0.097145048181565
qdot4:
-0.388458929924136
-0.046726602725440
-0.073958784194729
qdot5:
0.301461745894768
-0.145208150388644
-0.097207202422171
qdot6:
-0.474231012864025
0.207188419486276
0.138030886009401
qdot7:
-0.576878766219535
0.119097011097846
0.061746842583994

qdot1:
-0.132233922663548
-0.035974097286800
0.066281023001326
qdot2:
-0.612662405143271
0.204495206182629
0.169251222528631
qdot3:
0.177913845084672
0.076193679747757
-0.101887182133501
qdot4:
0.651404491068849
-0.304327040700360
-0.132157711631432
qdot5:
0.226876236190786
0.054701471435064
-0.112211723069084
qdot6:
-0.276984306622299
-0.107290428094652
0.154592331990526
qdot7:
0.157795268659689
-0.263451081864273
0.037815308907991

qdot1:
0.010794811092146
-0.123662946143805
0.039815823505992
qdot2:
-0.935052223200417
-0.201782244889211
0.169700986946152
qdot3:
-0.066559000430282
0.194174451677915
-0.057064587191923
qdot4:
1.083599993347365
0.127641616143066
-0.161449252669395
qdot5:
0.010107426143236
0.205150883990107
-0.069132471049179
qdot6:
0.071931459650425
-0.290968220524388
0.088567590113953
qdot7:
0.771767518727926
-0.158811627894084
-0.032188911998625

coefs_qdotdot:
qdotdot1:
-0.021589622184300
-0.116504536718797
qdotdot2:
1.870104446400736
-0.821847440128449
qdotdot3:
0.133118000860634
0.150036895964178
qdotdot4:
-2.167199986694641
0.846213931961375
qdotdot5:
-0.020214852286396
0.211853464882740
qdotdot6:
-0.143862919300910
-0.243268002862356
qdotdot7:
-1.543535037455841
0.352973880236629

qdotdot1:
0.264467845327041
-0.123662946143798
qdotdot2:
1.225324810286542
-0.201782244889208
qdotdot3:
-0.355827690169286
0.194174451677908
qdotdot4:
-1.302808982137662
0.127641616143066
qdotdot5:
-0.453752472381463
0.205150883990095
qdotdot6:
0.553968613244418
-0.290968220524365
qdotdot7:
-0.315590537319524
-0.158811627894063

qdotdot1:
0.303183627723447
-0.035974097286811
qdotdot2:
-0.507710850544985
0.204495206182635
qdotdot3:
-0.545867487119850
0.076193679747767
qdotdot4:
0.776917859848179
-0.304327040700350
qdotdot5:
-0.602923491789497
0.054701471435087
qdotdot6:
0.948462025728019
-0.107290428094687
qdotdot7:
1.153757532439044
-0.263451081864301

qdotdot1:
0.025230770979335
0.064551633069854
qdotdot2:
-0.460090012334669
0.036154968141835
qdotdot3:
-0.074516646093670
-0.104798045408098
qdotdot4:
0.565493316107149
-0.046726602725463
qdotdot5:
-0.097692126355014
-0.145208150388607
qdotdot6:
0.192437305249596
0.207188419486229
qdotdot7:
0.411694043684074
0.119097011097807

qdotdot1:
-0.100379010226938
0.072917327811369
qdotdot2:
0.089486078342388
-0.116395764452268
qdotdot3:
0.193073803399676
-0.129505317131650
qdotdot4:
-0.187802560189842
0.140772402548454
qdotdot5:
0.216038489755040
-0.177599649974764
qdotdot6:
-0.358535440447113
0.270994307697745
qdotdot7:
-0.355877292883496
0.255601230456845

qdotdot1:
-0.011018725173115
0.039634945806407
qdotdot2:
0.163162899019533
-0.086725120790969
qdotdot3:
0.052854080161104
-0.065488387044661
qdotdot4:
-0.228807063811601
0.078503243531872
qdotdot5:
0.063878090383264
-0.105968384359108
qdotdot6:
-0.184277611333427
0.152115734734132
qdotdot7:
-0.200906358606033
0.137604011896288

qdotdot1:
0.051925999634527
0.035981498540986
qdotdot2:
0.064103199554628
-0.032625663923164
qdotdot3:
-0.063979092477668
-0.047963710496588
qdotdot4:
-0.062974822365199
0.002638338249434
qdotdot5:
-0.059521531745318
-0.084788508196982
qdotdot6:
-0.020487439789889
0.091015332951975
qdotdot7:
0.043286208372061
0.070990063828512

qdotdot1:
-0.010145870361162
0.053198454076995
qdotdot2:
0.085334756062175
-0.011371148955403
qdotdot3:
0.015252617267257
-0.069177075634962
qdotdot4:
-0.088802415707753
-0.018242043913278
qdotdot5:
0.057177352934137
-0.104523892642291
qdotdot6:
-0.136916241878804
0.084222370998583
qdotdot7:
-0.075754557230620
0.085342348427935

qdotdot1:
-0.148542265429846
0.049834416791017
qdotdot2:
0.179238238082528
0.016923052622602
qdotdot3:
0.198791094184504
-0.064119808848642
qdotdot4:
-0.220192902794056
-0.047686007505536
qdotdot5:
0.308442253155690
-0.085565760876654
qdotdot6:
-0.330801442514152
0.038825443348152
qdotdot7:
-0.405809368692227
0.060224626040893

qdotdot1:
-0.179619206775168
0.000582681684827
qdotdot2:
0.159549909737192
0.076352563795030
qdotdot3:
0.230490355916578
0.001792787030467
qdotdot4:
-0.191679198962675
-0.120694739998563
qdotdot5:
0.342709650261456
0.016703556909906
qdotdot6:
-0.271066024106761
-0.070857447055503
qdotdot7:
-0.444396830700525
-0.074328428422108

qdotdot1:
0.000591188316216
-0.058973146189984
qdotdot2:
-0.018566554727760
0.129254072115596
qdotdot3:
-0.014094640704768
0.078215816673139
qdotdot4:
0.064536606267246
-0.184249265071663
qdotdot5:
-0.021263211983713
0.130334817778105
qdotdot6:
0.100679739129294
-0.160734035223599
qdotdot7:
0.039948616799242
-0.221675817559845

qdotdot1:
0.094118923122773
-0.058777127566841
qdotdot2:
-0.075509009182067
0.123098012541306
qdotdot3:
-0.119555837621197
0.073542496871537
qdotdot4:
0.132205136997777
-0.162851046676859
qdotdot5:
-0.169658437058156
0.123284635251953
qdotdot6:
0.194455382985577
-0.127351941394565
qdotdot7:
0.236422889117747
-0.208430168674921

qdotdot1:
0.028456419174602
-0.027570384780816
qdotdot2:
0.003147806575912
0.098061705820089
qdotdot3:
-0.010171025054709
0.033901708925571
qdotdot4:
-0.000291824441188
-0.119016166629421
qdotdot5:
-0.005889542529322
0.067031471370695
qdotdot6:
0.001262177227485
-0.062876924906403
qdotdot7:
0.020773820763493
-0.130040105926304

qdotdot1:
0.074033854308069
-0.018135171071085
qdotdot2:
-0.045564570091451
0.099105415064684
qdotdot3:
-0.084242720825829
0.030529331169629
qdotdot4:
0.085751087442681
-0.119112926026710
qdotdot5:
-0.143586254208148
0.065078692559146
qdotdot6:
0.104059504576645
-0.062458428404513
qdotdot7:
0.186217402499463
-0.123152189450638

qdotdot1:
0.092881501961187
0.006412022757687
qdotdot2:
-0.084191575289341
0.083997700570917
qdotdot3:
-0.127517582134207
0.002597212598985
qdotdot4:
0.150082982908227
-0.090680682640808
qdotdot5:
-0.216956210620155
0.017470207952524
qdotdot6:
0.187527902314756
-0.027955715389740
qdotdot7:
0.279554711872767
-0.061408616646453

qdotdot1:
-0.008596127748985
0.037208477339954
qdotdot2:
0.003364241526800
0.056082540179871
qdotdot3:
0.024612411200293
-0.039683428257552
qdotdot4:
-0.008690813536637
-0.040918096236510
qdotdot5:
0.035919164927717
-0.054465343751803
qdotdot6:
-0.019210903953319
0.034222376098893
qdotdot7:
-0.035098386686039
0.031282541503059

qdotdot1:
-0.034829077013525
0.034358283789945
qdotdot2:
0.026830233446370
0.057198012143569
qdotdot3:
0.066676610870477
-0.031522761303580
qdotdot4:
-0.056034197871036
-0.043799684482960
qdotdot5:
0.104405482100901
-0.042555728726503
qdotdot6:
-0.080389432744648
0.027852671490434
qdotdot7:
-0.121038725768917
0.019645069577388

qdotdot1:
-0.006141307189660
0.022810106103955
qdotdot2:
-0.001946543885731
0.066094036091460
qdotdot3:
0.023190614873822
-0.009414987688654
qdotdot4:
-0.012621765251160
-0.062378783586141
qdotdot5:
0.030997962202335
-0.007938300931206
qdotdot6:
-0.021406365314796
0.001198176654107
qdotdot7:
-0.030586548063197
-0.020487395360525

qdotdot1:
0.008001600478724
0.020773850402350
qdotdot2:
-0.017851334382691
0.065448626089430
qdotdot3:
-0.001545844688513
-0.001725741685775
qdotdot4:
0.008731973818385
-0.066563746276213
qdotdot5:
-0.010507023291669
0.002339604948331
qdotdot6:
0.017186082936658
-0.005899470813567
qdotdot7:
0.019664878111908
-0.030628889827854

qdotdot1:
0.013420822706090
0.023426918241751
qdotdot2:
-0.022213301069942
0.059529710084183
qdotdot3:
-0.013943165139128
-0.002238292998316
qdotdot4:
0.018378419177894
-0.063668510632588
qdotdot5:
-0.031349579530075
-0.001144178784322
qdotdot6:
0.048937826550673
-0.000201130332089
qdotdot7:
0.042916062819023
-0.024108662302977

qdotdot1:
0.007297689298647
0.027876822132167
qdotdot2:
-0.010322578580979
0.052164509230642
qdotdot3:
-0.003561452392406
-0.006861388478831
qdotdot4:
0.018289941571368
-0.057574830625751
qdotdot5:
-0.011970784116585
-0.011538669417931
qdotdot6:
0.041955599459211
0.016025045180797
qdotdot7:
0.018586650022566
-0.009879105808422

qdotdot1:
-0.011490668376075
0.030296496150092
qdotdot2:
-0.037053056336260
0.048741881304429
qdotdot3:
-0.019088783243634
-0.008042249086527
qdotdot4:
0.105517511961641
-0.051510486886452
qdotdot5:
-0.027217446654531
-0.015507788150686
qdotdot6:
0.076577036425966
0.029936143579672
qdotdot7:
0.066309110149085
-0.003716383294572

qdotdot1:
-0.048620042662030
0.026486568023482
qdotdot2:
-0.036648653510600
0.036456305140182
qdotdot3:
0.019211655975206
-0.014371462479728
qdotdot4:
0.047353052353003
-0.016524346523234
qdotdot5:
0.032750811315364
-0.024532199277153
qdotdot6:
-0.018107647870653
0.055326573046698
qdotdot7:
0.007242321988081
0.018269539154768

qdotdot1:
-0.016506356955371
0.010365759207806
qdotdot2:
0.062572745712224
0.024304815666938
qdotdot3:
0.090950847095103
-0.008001508525519
qdotdot4:
-0.314140026213021
-0.000823630069161
qdotdot5:
0.119742946818214
-0.013673106218694
qdotdot6:
-0.164957955725286
0.049322671909599
qdotdot7:
-0.180170639259032
0.020670855191511

qdotdot1:
0.206672527587557
0.004892793530450
qdotdot2:
0.289157238295685
0.045051882421086
qdotdot3:
0.133047275772036
0.022154804331627
qdotdot4:
-0.736779064777402
-0.104982142210625
qdotdot5:
0.119653250665764
0.026029720989840
qdotdot6:
-0.192197066798932
-0.005371966788216
qdotdot7:
-0.422645394498868
-0.039067809578548

qdotdot1:
0.402130819091120
0.073418613794558
qdotdot2:
0.411567870633004
0.140926922857321
qdotdot3:
0.206798187950156
0.066268909929534
qdotdot4:
-0.433187127435601
-0.349273874433741
qdotdot5:
0.184010655203268
0.065702807901039
qdotdot6:
-0.326770636274921
-0.069098199822129
qdotdot7:
-0.679269456881700
-0.179203137079262

qdotdot1:
-0.141207562049139
0.206751982062493
qdotdot2:
-0.468360657797038
0.277389307377831
qdotdot3:
-0.072846677296094
0.134836395041516
qdotdot4:
1.786209612341231
-0.492904494245082
qdotdot5:
-0.042430207493888
0.126714695800837
qdotdot6:
0.037889204666941
-0.177444607302324
qdotdot7:
0.371803006401701
-0.404426572707172

qdotdot1:
-1.154881678095261
0.159932193627802
qdotdot2:
-1.718265459580272
0.122096300466778
qdotdot3:
-0.618774092190374
0.110682830107179
qdotdot4:
2.830643845257011
0.099343930245985
qdotdot5:
-0.546341105980164
0.112646232970124
qdotdot6:
0.867326589551777
-0.164881791821893
qdotdot7:
2.236222042535614
-0.281148910756944

qdotdot1:
-0.414113217713089
-0.222988629101962
qdotdot2:
-0.377019602791614
-0.447624075161471
qdotdot3:
-0.258216896454813
-0.094482330064196
qdotdot4:
-0.830682868937773
1.037892433213361
qdotdot5:
-0.257237639841225
-0.068502528639857
qdotdot6:
0.368941635589374
0.122695210693487
qdotdot7:
0.747964507271186
0.460308851172793

qdotdot1:
0.751163016326350
-0.360294967091061
qdotdot2:
1.251672206729780
-0.572631389091950
qdotdot3:
0.364489254044811
-0.180098569639734
qdotdot4:
-2.080576493251176
0.762465284584776
qdotdot5:
0.303604419595115
-0.153794078894185
qdotdot6:
-0.498096788019134
0.245024136087950
qdotdot7:
-1.486095343244279
0.708309308647642

qdotdot1:
0.559117128179554
-0.111233989095243
qdotdot2:
0.833579557347766
-0.157618006959645
qdotdot3:
0.289769384678363
-0.059245907689819
qdotdot4:
-0.763296410984776
0.072614473320774
qdotdot5:
0.254694692578275
-0.053128827777296
qdotdot6:
-0.394138914622227
0.079871605326607
qdotdot7:
-1.088784970597626
0.215568916031393

qdotdot1:
0.000000000000343
0.074150881740986
qdotdot2:
0.000000000000492
0.118769588379789
qdotdot3:
0.000000000000153
0.036832100375855
qdotdot4:
-0.000000000000295
-0.180469539721173
qdotdot5:
0.000000000000153
0.031319564708963
qdotdot6:
-0.000000000000252
-0.050811909980241
qdotdot7:
-0.000000000000672
-0.145436409990114

qdotdot1:
-0.559117128178857
0.074150881741100
qdotdot2:
-0.833579557346715
0.118769588379952
qdotdot3:
-0.289769384677975
0.036832100375906
qdotdot4:
0.763296410983227
-0.180469539721271
qdotdot5:
-0.254694692577962
0.031319564709013
qdotdot6:
0.394138914621781
-0.050811909980325
qdotdot7:
1.088784970596327
-0.145436409990337

qdotdot1:
-0.751163016326894
-0.111233989094898
qdotdot2:
-1.251672206730277
-0.157618006959133
qdotdot3:
-0.364489254045114
-0.059245907689640
qdotdot4:
2.080576493250182
0.072614473320163
qdotdot5:
-0.303604419595424
-0.053128827777142
qdotdot6:
0.498096788019541
0.079871605326375
qdotdot7:
1.486095343245192
0.215568916030740

qdotdot1:
0.414113217711090
-0.360294967090897
qdotdot2:
0.377019602788618
-0.572631389091603
qdotdot3:
0.258216896453723
-0.180098569639656
qdotdot4:
0.830682868942285
0.762465284583836
qdotdot5:
0.257237639840309
-0.153794078894133
qdotdot6:
-0.368941635587937
0.245024136087853
qdotdot7:
-0.747964507267331
0.708309308647291

qdotdot1:
1.154881678095856
-0.222988629102460
qdotdot2:
1.718265459580624
-0.447624075162117
qdotdot3:
0.618774092190729
-0.094482330064479
qdotdot4:
-2.830643845254812
1.037892433213917
qdotdot5:
0.546341105980514
-0.068502528640109
qdotdot6:
-0.867326589552285
0.122695210693866
qdotdot7:
-2.236222042536555
0.460308851173721

qdotdot1:
0.141207562050448
0.159932193627501
qdotdot2:
0.468360657798866
0.122096300466249
qdotdot3:
0.072846677296793
0.110682830107014
qdotdot4:
-1.786209612344613
0.099343930247270
qdotdot5:
0.042430207494510
0.112646232969988
qdotdot6:
-0.037889204667944
-0.164881791821682
qdotdot7:
-0.371803006404154
-0.281148910756328

qdotdot1:
-0.402130819091092
0.206751982062626
qdotdot2:
-0.411567870632713
0.277389307377907
qdotdot3:
-0.206798187950113
0.134836395041583
qdotdot4:
0.433187127434098
-0.492904494244918
qdotdot5:
-0.184010655203305
0.126714695800907
qdotdot6:
0.326770636274947
-0.177444607302446
qdotdot7:
0.679269456881515
-0.404426572707369

qdotdot1:
-0.206672527587910
0.073418613794701
qdotdot2:
-0.289157238296068
0.140926922857494
qdotdot3:
-0.133047275772135
0.066268909929615
qdotdot4:
0.736779064777815
-0.349273874434076
qdotdot5:
-0.119653250665770
0.065702807901097
qdotdot6:
0.192197066799068
-0.069098199822242
qdotdot7:
0.422645394499353
-0.179203137079520

qdotdot1:
0.016506356955229
0.004892793530476
qdotdot2:
-0.062572745712366
0.045051882421132
qdotdot3:
-0.090950847095150
0.022154804331676
qdotdot4:
0.314140026213511
-0.104982142210824
qdotdot5:
-0.119742946818262
0.026029720989896
qdotdot6:
0.164957955725358
-0.005371966788284
qdotdot7:
0.180170639259215
-0.039067809578647

qdotdot1:
0.048620042662049
0.010365759207784
qdotdot2:
0.036648653510564
0.024304815666936
qdotdot3:
-0.019211655975401
-0.008001508525486
qdotdot4:
-0.047353052352741
-0.000823630069197
qdotdot5:
-0.032750811315542
-0.013673106218653
qdotdot6:
0.018107647870874
0.049322671909555
qdotdot7:
-0.007242321987853
0.020670855191473

qdotdot1:
0.011490668376152
0.026486568023466
qdotdot2:
0.037053056336302
0.036456305140168
qdotdot3:
0.019088783243715
-0.014371462479760
qdotdot4:
-0.105517511961774
-0.016524346523183
qdotdot5:
0.027217446654573
-0.024532199277172
qdotdot6:
-0.076577036425968
0.055326573046728
qdotdot7:
-0.066309110149175
0.018269539154807

qdotdot1:
-0.007297689298672
0.030296496150102
qdotdot2:
0.010322578580972
0.048741881304429
qdotdot3:
0.003561452392449
-0.008042249086532
qdotdot4:
-0.018289941571412
-0.051510486886445
qdotdot5:
0.011970784116597
-0.015507788150691
qdotdot6:
-0.041955599459257
0.029936143579701
qdotdot7:
-0.018586650022559
-0.003716383294563

qdotdot1:
-0.013420822706063
0.027876822132169
qdotdot2:
0.022213301069940
0.052164509230641
qdotdot3:
0.013943165139134
-0.006861388478822
qdotdot4:
-0.018378419177869
-0.057574830625758
qdotdot5:
0.031349579530033
-0.011538669417932
qdotdot6:
-0.048937826550677
0.016025045180811
qdotdot7:
-0.042916062819032
-0.009879105808411

qdotdot1:
-0.008001600478740
0.023426918241762
qdotdot2:
0.017851334382699
0.059529710084181
qdotdot3:
0.001545844688481
-0.002238292998305
qdotdot4:
-0.008731973818388
-0.063668510632587
qdotdot5:
0.010507023291722
-0.001144178784336
qdotdot6:
-0.017186082936698
-0.000201130332077
qdotdot7:
-0.019664878111934
-0.024108662302969

qdotdot1:
0.006141307189618
0.020773850402355
qdotdot2:
0.001946543885777
0.065448626089430
qdotdot3:
-0.023190614873868
-0.001725741685774
qdotdot4:
0.012621765251136
-0.066563746276212
qdotdot5:
-0.030997962202299
0.002339604948334
qdotdot6:
0.021406365314760
-0.005899470813568
qdotdot7:
0.030586548063116
-0.030628889827854

qdotdot1:
0.034829077013541
0.022810106103947
qdotdot2:
-0.026830233446376
0.066094036091475
qdotdot3:
-0.066676610870343
-0.009414987688669
qdotdot4:
0.056034197870947
-0.062378783586149
qdotdot5:
-0.104405482100856
-0.007938300931191
qdotdot6:
0.080389432744616
0.001198176654094
qdotdot7:
0.121038725768895
-0.020487395360552

qdotdot1:
0.008596127749041
0.034358283789941
qdotdot2:
-0.003364241526855
0.057198012143583
qdotdot3:
-0.024612411200429
-0.031522761303550
qdotdot4:
0.008690813536783
-0.043799684482997
qdotdot5:
-0.035919164927883
-0.042555728726473
qdotdot6:
0.019210903953481
0.027852671490411
qdotdot7:
0.035098386686238
0.019645069577354

qdotdot1:
-0.092881501961166
0.037208477339970
qdotdot2:
0.084191575289310
0.056082540179866
qdotdot3:
0.127517582134131
-0.039683428257567
qdotdot4:
-0.150082982908152
-0.040918096236498
qdotdot5:
0.216956210620032
-0.054465343751829
qdotdot6:
-0.187527902314713
0.034222376098923
qdotdot7:
-0.279554711872616
0.031282541503091

qdotdot1:
-0.074033854308110
0.006412022757709
qdotdot2:
0.045564570091535
0.083997700570902
qdotdot3:
0.084242720825943
0.002597212598945
qdotdot4:
-0.085751087442816
-0.090680682640771
qdotdot5:
0.143586254208336
0.017470207952458
qdotdot6:
-0.104059504576786
-0.027955715389696
qdotdot7:
-0.186217402499719
-0.061408616646372

qdotdot1:
-0.028456419174610
-0.018135171071076
qdotdot2:
-0.003147806575932
0.099105415064697
qdotdot3:
0.010171025054746
0.030529331169626
qdotdot4:
0.000291824441214
-0.119112926026718
qdotdot5:
0.005889542529329
0.065078692559143
qdotdot6:
-0.001262177227461
-0.062458428404516
qdotdot7:
-0.020773820763474
-0.123152189450642

qdotdot1:
-0.094118923122757
-0.027570384780810
qdotdot2:
0.075509009182033
0.098061705820095
qdotdot3:
0.119555837621078
0.033901708925581
qdotdot4:
-0.132205136997735
-0.119016166629421
qdotdot5:
0.169658437058105
0.067031471370694
qdotdot6:
-0.194455382985501
-0.062876924906398
qdotdot7:
-0.236422889117683
-0.130040105926302

qdotdot1:
-0.000591188316304
-0.058777127566830
qdotdot2:
0.018566554727840
0.123098012541300
qdotdot3:
0.014094640704913
0.073542496871507
qdotdot4:
-0.064536606267389
-0.162851046676845
qdotdot5:
0.021263211983896
0.123284635251935
qdotdot6:
-0.100679739129485
-0.127351941394534
qdotdot7:
-0.039948616799477
-0.208430168674897

qdotdot1:
0.179619206775123
-0.058973146190002
qdotdot2:
-0.159549909737124
0.129254072115617
qdotdot3:
-0.230490355916479
0.078215816673157
qdotdot4:
0.191679198962604
-0.184249265071696
qdotdot5:
-0.342709650261398
0.130334817778148
qdotdot6:
0.271066024106675
-0.160734035223631
qdotdot7:
0.444396830700396
-0.221675817559899

qdotdot1:
0.148542265429909
0.000582681684795
qdotdot2:
-0.179238238082596
0.076352563795073
qdotdot3:
-0.198791094184589
0.001792787030518
qdotdot4:
0.220192902794140
-0.120694739998619
qdotdot5:
-0.308442253155812
0.016703556909967
qdotdot6:
0.330801442514238
-0.070857447055563
qdotdot7:
0.405809368692429
-0.074328428422204

qdotdot1:
0.010145870361231
0.049834416791005
qdotdot2:
-0.085334756062185
0.016923052622623
qdotdot3:
-0.015252617267389
-0.064119808848619
qdotdot4:
0.088802415707806
-0.047686007505565
qdotdot5:
-0.057177352934266
-0.085565760876632
qdotdot6:
0.136916241878887
0.038825443348120
qdotdot7:
0.075754557230716
0.060224626040863

qdotdot1:
-0.051925999634537
0.053198454077006
qdotdot2:
-0.064103199554713
-0.011371148955385
qdotdot3:
0.063979092477713
-0.069177075634983
qdotdot4:
0.062974822365214
-0.018242043913288
qdotdot5:
0.059521531745343
-0.104523892642312
qdotdot6:
0.020487439789925
0.084222370998579
qdotdot7:
-0.043286208372005
0.085342348427938

qdotdot1:
0.011018725173102
0.035981498540993
qdotdot2:
-0.163162899019499
-0.032625663923174
qdotdot3:
-0.052854080161099
-0.047963710496594
qdotdot4:
0.228807063811591
0.002638338249428
qdotdot5:
-0.063878090383217
-0.084788508196995
qdotdot6:
0.184277611333404
0.091015332951983
qdotdot7:
0.200906358605939
0.070990063828534

qdotdot1:
0.100379010226930
0.039634945806410
qdotdot2:
-0.089486078342402
-0.086725120790968
qdotdot3:
-0.193073803399677
-0.065488387044665
qdotdot4:
0.187802560189895
0.078503243531863
qdotdot5:
-0.216038489755045
-0.105968384359105
qdotdot6:
0.358535440447123
0.152115734734131
qdotdot7:
0.355877292883540
0.137604011896278

qdotdot1:
-0.025230770979321
0.072917327811370
qdotdot2:
0.460090012334661
-0.116395764452272
qdotdot3:
0.074516646093623
-0.129505317131654
qdotdot4:
-0.565493316107112
0.140772402548462
qdotdot5:
0.097692126354902
-0.177599649974763
qdotdot6:
-0.192437305249464
0.270994307697748
qdotdot7:
-0.411694043683974
0.255601230456850

qdotdot1:
-0.303183627723433
0.064551633069860
qdotdot2:
0.507710850544990
0.036154968141828
qdotdot3:
0.545867487119877
-0.104798045408119
qdotdot4:
-0.776917859848272
-0.046726602725440
qdotdot5:
0.602923491789537
-0.145208150388644
qdotdot6:
-0.948462025728051
0.207188419486276
qdotdot7:
-1.153757532439070
0.119097011097846

qdotdot1:
-0.264467845327097
-0.035974097286800
qdotdot2:
-1.225324810286542
0.204495206182629
qdotdot3:
0.355827690169343
0.076193679747757
qdotdot4:
1.302808982137699
-0.304327040700360
qdotdot5:
0.453752472381571
0.054701471435064
qdotdot6:
-0.553968613244597
-0.107290428094652
qdotdot7:
0.315590537319378
-0.263451081864273

qdotdot1:
0.021589622184291
-0.123662946143805
qdotdot2:
-1.870104446400835
-0.201782244889211
qdotdot3:
-0.133118000860565
0.194174451677915
qdotdot4:
2.167199986694731
0.127641616143066
qdotdot5:
0.020214852286471
0.205150883990107
qdotdot6:
0.143862919300850
-0.290968220524388
qdotdot7:
1.543535037455853
-0.158811627894084

