0.000000000

0.000999928

0.003000021

0.004999876

0.007999897

0.009999990

0.010999918

0.013000011

0.015000105

0.016000032

0.019000053

0.020999908

0.023000002

0.023999929

0.026000023

0.027999878

0.030999899

0.032000065

0.033999920

0.036000013

0.038000107

0.039999962

0.042999983

0.045000076

0.046000004

0.048000097

0.049999952

0.050999880

0.055000067

0.055999994

0.058000088

0.059999943

0.062000036

0.062999964

0.065999985

0.068000078

0.069999933

0.072000027

0.072999954

0.075000048

0.078999996

0.079999924

0.082000017

0.084000111

0.085000038

0.086999893

0.089999914

0.092000008

0.095000029

0.096999884

0.098000050

0.099999905

0.102999926

0.105000019

0.106999874

0.108999968

0.109999895

0.111999989

0.115000010

0.117000103

0.118999958

0.121000051

0.122999907

0.125999928

0.128000021

0.129999876

0.131999969

0.134000063

0.134999990

0.138000011

0.140000105

0.141999960

0.144000053

0.144999981

0.147000074

0.150000095

0.151999950

0.154000044

0.155999899

0.157000065

0.158999920

0.161999941

0.164000034

0.165999889

0.167999983

0.168999910

0.171000004

0.174000025

0.175999880

0.177999973

0.180000067

0.180999994

0.183000088

0.186000109

0.187999964

0.190000057

0.191999912

0.193000078

0.194999933

0.197999954

0.200000048

0.201999903

0.203999996

0.206000090

0.207000017

0.210999966

0.211999893

0.213999987

0.217000008

0.219000101

0.221999884

0.223999977

0.226000071

0.227999926

0.230000019

0.230999947

0.233999968

0.236000061

0.237999916

0.240000010

0.240999937

0.243000031

0.246000051

0.247999907

0.250000000

0.252000093

0.253000021

0.254999876

0.257999897

0.259999990

0.262000084

0.263999939

0.265000105

0.266999960

0.269999981

0.272000074

0.273999929

0.276000023

0.276999950

0.279000044

0.282000065

0.283999920

0.286000013

0.286999941

0.289000034

0.290999889

0.293999910

0.296000004

0.298000097

0.299999952

0.300999880

0.302999973

0.305999994

0.308000088

0.309999943

0.312000036

0.312999964

0.315000057

0.316999912

0.319000006

0.321000099

0.322999954

0.325000048

0.325999975

0.329999924

0.332000017

0.332999945

0.335000038

0.336999893

0.339999914

0.342999935

0.345000029

0.345999956

0.348000050

0.349999905

0.351999998

0.355000019

0.356999874

0.358999968

0.359999895

0.361999989

0.364000082

0.367000103

0.368999958

0.369999886

0.371999979

0.374000072

0.375000000

0.378999949

0.381000042

0.382999897

0.384000063

0.385999918

0.387000084

0.391000032

0.392999887

0.394000053

0.401000023

0.402999878

0.404999971

0.407000065

0.407999992

0.410000086

0.411999941

0.414999962

0.417000055

0.418999910

0.421000004

0.421999931

0.425999880

0.427999973

0.430000067

0.430999994

0.433000088

0.434999943

0.437999964

0.440000057

0.440999985

0.443000078

0.444999933

0.446000099

0.450000048

0.451999903

0.453999996

0.454999924

0.457000017

0.457999945

0.463000059

0.464999914

0.466000080

0.467999935

0.470000029

0.471999884

0.474999905

0.476000071

0.477999926

0.480000019

0.480999947

0.483000040

0.486000061

0.487999916

0.490000010

0.492000103

0.493000031

0.494999886

0.497999907

0.500000000

0.502000093

0.503999949

0.504999876

0.506999969

0.509999990

0.512000084

0.513999939

0.516000032

0.517999887

0.520999908

0.523000002

0.525000095

0.526999950

0.527999878

0.529999971

0.532999992

0.535000086

0.536999941

0.539000034

0.539999962

0.542000055

0.545000076

0.546999931

0.549000025

0.550999880

0.552000046

0.553999901

0.556999922

0.559000015

0.561000109

0.562999964

0.563999891

0.565999985

0.569000006

0.571000099

0.572999954

0.575000048

0.575999975

0.578000069

0.581000090

0.582999945

0.585999966

0.588000059

0.588999987

0.591000080

0.594000101

0.595999956

0.598000050

0.598999977

0.601000071

0.602999926

0.605999947

0.608000040

0.609999895

0.611999989

0.612999916

0.615000010

0.618000031

0.619999886

0.621000051

0.622999907

0.625000000

0.625999928

0.629999876

0.631000042

0.632999897

0.634999990

0.637000084

0.638000011

0.641999960

0.642999887

0.644999981

0.647000074

0.648999929

0.650000095

0.654000044

0.654999971

0.657000065

0.658999920

0.660000086

0.661999941

0.664999962

0.667000055

0.668999910

0.671000004

0.671999931

0.674000025

0.677000046

0.678999901

0.680999994

0.683000088

0.684999943

0.687000036

0.690000057

0.691999912

0.694000006

0.694999933

0.697000027

0.697999954

0.701999903

0.703999996

0.704999924

0.707000017

0.710000038

0.711999893

0.714999914

0.717000008

0.719000101

0.720999956

0.721999884

0.724999905

0.726999998

0.729000092

0.730999947

0.733000040

0.734999895

0.737999916

0.740000010

0.742000103

0.743000031

0.744999886

0.746999979

0.750000000

0.752000093

0.753999949

0.754999876

0.756999969

0.759000063

0.762000084

0.763999939

0.765000105

0.766999960

0.769000053

0.769999981

0.773999929

0.776000023

0.776999950

0.779000044

0.780999899

0.782000065

0.786000013

0.786999941

0.789000034

0.790999889

0.792999983

0.793999910

0.798000097

0.799000025

0.800999880

0.802999973

0.805000067

0.811000109

0.812999964

0.815000057

0.816999912

0.818000078

0.822000027

0.823999882

0.825000048

0.826999903

0.828999996

0.832999945

0.835000038

0.836999893

0.838999987

0.839999914

0.842000008

0.845000029

0.846999884

0.848999977

0.851000071

0.851999998

0.854000092

0.856999874

0.858999968

0.861000061

0.861999989

0.864000082

0.865999937

0.868999958

0.871000051

0.872999907

0.875000000

0.875999928

0.878000021

0.881000042

0.882999897

0.884999990

0.887000084

0.888000011

0.890000105

0.892999887

0.894999981

0.897000074

0.898999929

0.900000095

0.901999950

0.904999971

0.907000065

0.908999920

0.911000013

0.911999941

0.914000034

0.915999889

0.917999983

0.920000076

0.921999931

0.923000097

0.924999952

0.927999973

0.930000067

0.931999922

0.934000015

0.936000109

0.937000036

0.940000057

0.941999912

0.944000006

0.946000099

0.947999954

0.948999882

0.951999903

0.954999924

0.957000017

0.959000111

0.960000038

0.961999893

0.964999914

0.967000008

0.969000101

0.970999956

0.971999884

0.973999977

0.976999998

0.979000092

0.980999947

0.983000040

0.983999968

0.986000061

0.989000082

0.990999937

0.993000031

0.994999886

0.996999979

0.997999907

1.002000093

1.003000021

1.004999876

1.006999969

1.009000063

1.009999990

1.013999939

1.016000032

1.017999887

1.019999981

1.020999908

1.023999929

1.026000023

1.027999878

1.029999971

1.030999899

1.032999992

1.036000013

1.038000107

1.039999962

1.042000055

1.042999983

1.045000076

1.048000097

1.049999952

1.052000046

1.052999973

1.055000067

1.056999922

1.059999943

1.062000036

1.062999964

1.065000057

1.066999912

1.069000006

1.072000027

1.073999882

1.075000048

1.078000069

1.079999924

1.082000017

1.085000038

1.086999893

1.088000059

1.089999914

1.092000008

1.094000101

1.096999884

1.098999977

1.099999905

1.101999998

1.104000092

1.105000019

1.108999968

1.111000061

1.111999989

1.114000082

1.115999937

1.119999886

1.121000051

1.122999907

1.125000000

1.127000093

1.128999949

1.131999969

1.134000063

1.134999990

1.137000084

1.138999939

1.140000105

1.144000053

1.144999981

1.147000074

1.148999929

1.151000023

1.151999950

1.155999899

1.157999992

1.158999920

1.161000013

1.163000107

1.164000034

1.167999983

1.170000076

1.171000004

1.173000097

1.175999880

1.180000067

1.181999922

1.183000088

1.184999943

1.187000036

1.188999891

1.191999912

1.194000006

1.196000099

1.197000027

1.198999882

1.201999903

1.204999924

1.207000017

1.209000111

1.210999966

1.211999893

1.213999987

1.220999956

1.223000050

1.224999905

1.227999926

1.230000019

1.231999874

1.233999968

1.234999895

1.236999989

1.240000010

1.242000103

1.243999958

1.246000051

1.246999979

1.249000072

1.252000093

1.253999949

1.256000042

1.257999897

1.259000063

1.260999918

1.263999939

1.266000032

1.267999887

1.269000053

1.270999908

1.273000002

1.276000023

1.277999878

1.279999971

1.282000065

1.282999992

1.285000086

1.288000107

1.289999962

1.292000055

1.293999910

1.295000076

1.296999931

1.299999952

1.302000046

1.303999901

1.305999994

1.306999922

1.309000015

1.312000036

1.315000057

1.315999985

1.318000078

1.319999933

1.323999882

1.325999975

1.328000069

1.329999924

1.331000090

1.332999945

1.335999966

1.338000059

1.339999914

1.342000008

1.342999935

1.345000029

1.348000050

1.349999905

1.351999998

1.354000092

1.355000019

1.356999874

1.361000061

1.362999916

1.364000082

1.365999937

1.368000031

1.368999958

1.372999907

1.375000000

1.375999928

1.378000021

1.379999876

1.381999969

1.384999990

1.387000084

1.388000011

1.390000105

1.391999960

1.394000053

1.397000074

1.398999929

1.400000095

1.401999950

1.404000044

1.404999971

1.408999920

1.410000086

1.411999941

1.414999962

1.415999889

1.418999910

1.430999994

1.433000088

1.434999943

1.437000036

1.437999964

1.440000057

1.443000078

1.444999933

1.447999954

1.450000048

1.450999975

1.453000069

1.456000090

1.457999945

1.460000038

1.461999893

1.463000059

1.464999914

1.467999935

1.470000029

1.471999884

1.473999977

1.474999905

1.476999998

1.480000019

1.481999874

1.483999968

1.486000061

1.486999989

1.489000082

1.492000103

1.493999958

1.496000051

1.497999907

1.499000072

1.500999928

1.503999949

1.506000042

1.507999897

1.509999990

1.512000084

1.513000011

1.516000032

1.517999887

1.519999981

1.520999908

1.523000002

1.526999950

1.527999878

1.529999971

1.532000065

1.533999920

1.535000086

1.539000034

1.540999889

1.542000055

1.543999910

1.546000004

1.546999931

1.550999880

1.552999973

1.553999901

1.555999994

1.558000088

1.559999943

1.562999964

1.565000057

1.565999985

1.568000078

1.571000099

1.572999954

1.575999975

1.578000069

1.579999924

1.581000090

1.582999945

1.585000038

1.588000059

1.589999914

1.592000008

1.594000101

1.595000029

1.596999884

1.599999905

1.601999998

1.604000092

1.605999947

1.606999874

1.608999968

1.611999989

1.615000010

1.615999937

1.618000031

1.619999886

1.622999907

1.625000000

1.627000093

1.628999949

1.629999876

1.631999969

1.634999990

1.637000084

1.638999939

1.644999981

1.648000002

1.650000095

1.651000023

1.652999878

1.654999971

1.655999899

1.660000086

1.661000013

1.663000107

1.664999962

1.667000055

1.667999983

1.671000004

1.673000097

1.674999952

1.677000046

1.678999901

1.680000067

1.683000088

1.686000109

1.687999964

1.688999891

1.690999985

1.693000078

1.697000027

1.697999954

1.700000048

1.701999903

1.703999996

1.704999924

1.709000111

1.710999966

1.711999893

1.713999987

1.716000080

1.719000101

1.720999956

1.723000050

1.724999905

1.726000071

1.727999926

1.730999947

1.733000040

1.734999895

1.736999989

1.737999916

1.740000010

1.743999958

1.744999886

1.746999979

1.749000072

1.750999928

1.752000093

1.754999876

1.756999969

1.759000063

1.760999918

1.762000084

1.763999939

1.766999960

1.769000053

1.770999908

1.773000002

1.775000095

1.776000023

1.779000044

1.780999899

1.782999992

1.785000086

1.786999941

1.788000107

1.790999889

1.792999983

1.795000076

1.796999931

1.798000097

1.799999952

1.802999973

1.805000067

1.806999922

1.809000015

1.809999943

1.812000036

1.815999985

1.818000078

1.819999933

1.822000027

1.822999954

1.825000048

1.828000069

1.829999924

1.832000017

1.834000111

1.835000038

1.836999893

1.839999914

1.842000008

1.844000101

1.845000029

1.846999884

1.851000071

1.851999998

1.854000092

1.855999947

1.858000040

1.859999895

1.862999916

1.865000010

1.865999937

1.868000031

1.869999886

1.871999979

1.875000000

1.877000093

1.878000021

1.879999876

1.881999969

1.882999897

1.887000084

1.888000011

1.890000105

1.891999960

1.894000053

1.894999981

1.898999929

1.900000095

1.901999950

1.904000044

1.905999899

1.907000065

1.911000013

1.911999941

1.914999962

1.915999889

1.917999983

1.918999910

1.923000097

1.924999952

1.927000046

1.927999973

1.930000067

1.930999994

1.936000109

1.937000036

1.940000057

1.941999912

1.944000006

1.947000027

1.948999882

1.950000048

1.951999903

1.953999996

1.956000090

1.959000111

1.960999966

1.963000059

1.964999914

1.966000080

1.967999935

1.970999956

1.973000050

1.974999905

1.976999998

1.977999926

1.980000019

1.983000040

1.984999895

1.986999989

1.989000082

1.990000010

1.992000103

1.994999886

1.996999979

1.999000072

2.000999928

2.003000021

2.003999949

2.006999969

2.009000063

2.010999918

2.013000011

2.015000105

2.017999887

2.019999981

2.022000074

2.023999929

2.025000095

2.026999950

2.029999971

2.032000065

2.033999920

2.036000013

2.036999941

2.039000034

2.042000055

2.043999910

2.046000004

2.063999891

2.071000099

2.072999954

2.073999882

2.075999975

2.078999996

2.081000090

2.082999945

2.085000038

2.085999966

2.088000059

2.091000080

2.092999935

2.095000029

2.096999884

2.098000050

2.099999905

2.102999926

2.105000019

2.106999874

2.108999968

2.109999895

2.111999989

2.115000010

2.117000103

2.118000031

2.119999886

2.121999979

2.122999907

2.127000093

2.128999949

2.129999876

2.131999969

2.134000063

2.134999990

2.138999939

2.141000032

2.141999960

2.144000053

2.145999908

2.147000074

2.151000023

2.152999878

2.154000044

2.155999899

2.157999992

2.158999920

2.163000107

2.164999962

2.165999889

2.167999983

2.170000076

2.171000004

2.174999952

2.175999880

2.177999973

2.180000067

2.181999922

2.184999943

2.187999964

2.190000057

2.191999912

2.193000078

2.194999933

2.196000099

2.200000048

2.201999903

2.203000069

2.204999924

2.207000017

2.207999945

2.211999893

2.213999987

2.216000080

2.217000008

2.219000101

2.221999884

2.223999977

2.226000071

2.227999926

2.229000092

2.230999947

2.233999968

2.236000061

2.237999916

2.240000010

2.240999937

2.243000031

2.246000051

2.247999907

2.250000000

2.252000093

2.253999949

2.254999876

2.257999897

2.259999990

2.262000084

2.263999939

2.265000105

2.266999960

2.269999981

2.272000074

2.273999929

2.276000023

2.276999950

2.279000044

2.282000065

2.283999920

2.286000013

2.288000107

2.289000034

2.290999889

2.293999910

2.296000004

2.298000097

2.299999952

2.300999880

2.302999973

2.308000088

2.309999943

2.311000109

2.313999891

2.315000057

2.318000078

2.319999933

2.322000027

2.323999882

2.325000048

2.326999903

2.329999924

2.332000017

2.334000111

2.335999966

2.336999893

2.338999987

2.342000008

2.344000101

2.345999956

2.348000050

2.348999977

2.351000071

2.354000092

2.355999947

2.358000040

2.358999968

2.361000061

2.362999916

2.365999937

2.368000031

2.369999886

2.371999979

2.372999907

2.375000000

2.378999949

2.381000042

2.382999897

2.384000063

2.385999918

2.387000084

2.391000032

2.392999887

2.394000053

2.395999908

2.398000002

2.398999929

2.402999878

2.404999971

2.405999899

2.407999992

2.410000086

2.411000013

2.414000034

2.415999889

2.417999983

2.418999910

2.421000004

2.423000097

2.425999880

2.427999973

2.430000067

2.431999922

2.434000015

2.436000109

2.438999891

2.440999985

2.441999912

2.444000006

2.446000099

2.447000027

2.450999975

2.453000069

2.453999996

2.461999893

2.463999987

2.466000080

2.467000008

2.469000101

2.470999956

2.473999977

2.476000071

2.477999926

2.480000019

2.480999947

2.483000040

2.486000061

2.487999916

2.490000010

2.492000103

2.493000031

2.494999886

2.497999907

2.500000000

2.502000093

2.503999949

2.504999876

2.506999969

2.510999918

2.513000011

2.515000105

2.516999960

2.517999887

2.522000074

2.523999929

2.525000095

2.526999950

2.529000044

2.530999899

2.533999920

2.536000013

2.538000107

2.539000034

2.540999889

2.542000055

2.546000004

2.548000097

2.549000025

2.550999880

2.553999901

2.555000067

2.559000015

2.559999943

2.562000036

2.563999891

2.565999985

2.568000078

2.571000099

2.572999954

2.573999882

2.575999975

2.578000069

2.578999996

2.582999945

2.585000038

2.586999893

2.588000059

2.589999914

2.591000080

2.595000029

2.596999884

2.598000050

2.599999905

2.601999998

2.604000092

2.606999874

2.608999968

2.609999895

2.612999916

2.614000082

2.617000103

2.618999958

2.621000051

2.622999907

2.625000000

2.625999928

2.629999876

2.631000042

2.632999897

2.634999990

2.637000084

2.638000011

2.641000032

2.642999887

2.644999981

2.647000074

2.648000002

2.650000095

2.652999878

2.654999971

2.657000065

2.658999920

2.660000086

2.661999941

2.664999962

2.667000055

2.668999910

2.671000004

2.671999931

2.674000025

2.677999973

2.680000067

2.681999922

2.684000015

2.686000109

2.690000057

2.691999912

2.693000078

2.694999933

2.697000027

2.697999954

2.701999903

2.703999996

2.704999924

2.707000017

2.709000111

2.710000038

2.713000059

2.714999914

2.717000008

2.717999935

2.720000029

2.721999884

2.724999905

2.726999998

2.729000092

2.730999947

2.731999874

2.733999968

2.736999989

2.739000082

2.740999937

2.743000031

2.743999958

2.746000051

2.749000072

2.750999928

2.753000021

2.754999876

2.756000042

2.757999897

2.760999918

2.763000011

2.765000105

2.766999960

2.767999887

2.769999981

2.773000002

2.775000095

2.776999950

2.779000044

2.779999971

2.782000065

2.785000086

2.786999941

2.789000034

2.790999889

2.792000055

2.793999910

2.799000025

2.799999952

2.802000046

2.803999901

2.805999994

2.806999922

2.809999943

2.812000036

2.813999891

2.815999985

2.818000078

2.819000006

2.822999954

2.825000048

2.826999903

2.828000069

2.829999924

2.834000111

2.835999966

2.836999893

2.838999987

2.839999914

2.842000008

2.844000101

2.846999884

2.848999977

2.851000071

2.851999998

2.854000092

2.855000019

2.858999968

2.861000061

2.861999989

2.864000082

2.865999937

2.872999907

2.875000000

2.877000093

2.878000021

2.881999969

2.882999897

2.884999990

2.887000084

2.888999939

2.890000105

2.894000053

2.895999908

2.898000002

2.898999929

2.901000023

2.901999950

2.905999899

2.907999992

2.908999920

2.911999941

2.913000107

2.917000055

2.918999910

2.920000076

2.923000097

2.924999952

2.925999880

2.930000067

2.931999922

2.933000088

2.934999943

2.937000036

2.937999964

2.941999912

2.944000006

2.946000099

2.947999954

2.948999882

2.953000069

2.954999924

2.956000090

2.957999945

2.960000038

2.961999893

2.964999914

2.967000008

2.969000101

2.970999956

2.973000050

2.976999998

2.977999926

2.980000019

2.983000040

2.983999968

2.986000061

2.990000010

2.992000103

2.993999958

2.994999886

2.996999979

2.999000072

3.002000093

3.003999949

3.004999876

3.006999969

3.009000063

3.012000084

3.013000011

3.015000105

3.016999960

3.019000053

3.020999908

3.023999929

3.026000023

3.027999878

3.029999971

3.030999899

3.032999992

3.036000013

3.038000107

3.039999962

3.042000055

3.042999983

3.046000004

3.049000025

3.050999880

3.052999973

3.055000067

3.055999994

3.058000088

3.061000109

3.062999964

3.065000057

3.066999912

3.068000078

3.069999933

3.072999954

3.075000048

3.076999903

3.078999996

3.079999924

3.082000017

3.085000038

3.086999893

3.088999987

3.091000080

3.092000008

3.094000101

3.096999884

3.099999905

3.101000071

3.102999926

3.105000019

3.106999874

3.109999895

3.111999989

3.114000082

3.115999937

3.117000103

3.121000051

3.122999907

3.124000072

3.125999928

3.128000021

3.128999949

3.132999897

3.134999990

3.137000084

3.138000011

3.140000105

3.141000032

3.144999981

3.147000074

3.148000002

3.150000095

3.151999950

3.152999878

3.157000065

3.158999920

3.160000086

3.161999941

3.164000034

3.164999962

3.170000076

3.171999931

3.173000097

3.174999952

3.177000046

3.178999901

3.181999922

3.184000015

3.184999943

3.187000036

3.188999891

3.190000057

3.194000006

3.196000099

3.197000027

3.198999882

3.200999975

3.204999924

3.207000017

3.207999945

3.210000038

3.213000059

3.216000080

3.217999935

3.220000029

3.221999884

3.223999977

3.224999905

3.229000092

3.230999947

3.233000040

3.233999968

3.236000061

3.240000010

3.242000103

3.243000031

3.244999886

3.246999979

3.249000072

3.252000093

3.254999876

3.256000042

3.257999897

3.259999990

3.262000084

3.265000105

3.266999960

3.269000053

3.270999908

3.272000074

3.276000023

3.277999878

3.279000044

3.280999899

3.282999992

3.285000086

3.288000107

3.296000004

3.298000097

3.300999880

3.302999973

3.305000067

3.306999922

3.309000015

3.311000109

3.312999964

3.315000057

3.316999912

3.319000006

3.321000099

3.323999882

3.325999975

3.328000069

3.329999924

3.332000017

3.332999945

3.336999893

3.338999987

3.341000080

3.342999935

3.344000101

3.348000050

3.349999905

3.351999998

3.354000092

3.355999947

3.356999874

3.361000061

3.362999916

3.365000010

3.367000103

3.368000031

3.371999979

3.374000072

3.375999928

3.378000021

3.378999949

3.381000042

3.384000063

3.385999918

3.388000011

3.390000105

3.391999960

3.394000053

3.397000074

3.398999929

3.401000023

3.402999878

3.404000044

3.407999992

3.410000086

3.411999941

3.414999962

3.417000055

3.420000076

3.421999931

3.424000025

3.425999880

3.427999973

3.431999922

3.434000015

3.434999943

3.437000036

3.438999891

3.440999985

3.444000006

3.446000099

3.447999954

3.450000048

3.451999903

3.453000069

3.457000017

3.459000111

3.460999966

3.461999893

3.463999987

3.467999935

3.470000029

3.470999956

3.473000050

3.474999905

3.476999998

3.480000019

3.481999874

3.483999968

3.486000061

3.487999916

3.489000082

3.493000031

3.494999886

3.496999979

3.499000072

3.500999928

3.503999949

3.506000042

3.507999897

3.509999990

3.512000084

3.516000032

3.516999960

3.519999981

3.520999908

3.523000002

3.526999950

3.529000044

3.529999971

3.532000065

3.533999920

3.536999941

3.539999962

3.542000055

3.543999910

3.546000004

3.548000097

3.549999952

3.552999973

3.555000067

3.556999922

3.559000015

3.561000109

3.563999891

3.565999985

3.568000078

3.569999933

3.572000027

3.572999954

3.576999903

3.578999996

3.581000090

3.582000017

3.584000111

3.588000059

3.589999914

3.591000080

3.592999935

3.595000029

3.596999884

3.601000071

3.602999926

3.605000019

3.606999874

3.608999968

3.611000061

3.612999916

3.615000010

3.617000103

3.618999958

3.622999907

3.624000072

3.625999928

3.628000021

3.629999876

3.631999969

3.634999990

3.637000084

3.638999939

3.641000032

3.642999887

3.644000053

3.648000002

3.650000095

3.651999950

3.652999878

3.654999971

3.660000086

3.661999941

3.663000107

3.664999962

3.667000055

3.668999910

3.671999931

3.674000025

3.675999880

3.677999973

3.680000067

3.680999994

3.684999943

3.687999964

3.690000057

3.690999985

3.693000078

3.697000027

3.698999882

3.700999975

3.701999903

3.703999996

3.707999945

3.709000111

3.711999893

3.713999987

3.716000080

3.719000101

3.720999956

3.723000050

3.724999905

3.726999998

3.729000092

3.736000061

3.737999916

3.740000010

3.743000031

3.744999886

3.746999979

3.749000072

3.750999928

3.753000021

3.756000042

3.757999897

3.759999990

3.762000084

3.763999939

3.766999960

3.769000053

3.770999908

3.773000002

3.775000095

3.776999950

3.779999971

3.782000065

3.783999920

3.786000013

3.786999941

3.790999889

3.793999910

3.795000076

3.796999931

3.799000025

3.800999880

3.803999901

3.805999994

3.808000088

3.811000109

3.813999891

3.818000078

3.822000027

3.822999954

3.826999903

3.828999996

3.831000090

3.832999945

3.835000038

3.835999966

3.839999914

3.842000008

3.844000101

3.845000029

3.846999884

3.851000071

3.852999926

3.854000092

3.855999947

3.858000040

3.859999895

3.862999916

3.865000010

3.867000103

3.868999958

3.871000051

3.872999907

3.875999928

3.878000021

3.879999876

3.881999969

3.884000063

3.887000084

3.888999939

3.891000032

3.892999887

3.894999981

3.895999908

3.900000095

3.901999950

3.904000044

3.905999899

3.907000065

3.910000086

3.911999941

3.914000034

3.915999889

3.917999983

3.920000076

3.923000097

3.924999952

3.927000046

3.930000067

3.930999994

3.934999943

3.937000036

3.937999964

3.940999985

3.941999912

3.944000006

3.947999954

3.950000048

3.951999903

3.953999996

3.956000090

3.959000111

3.960999966

3.963000059

3.964999914

3.967000008

3.969000101

3.971999884

3.973999977

3.976000071

3.977999926

3.979000092

3.983000040

3.984999895

3.986000061

3.987999916

3.990000010

3.992000103

3.994999886

3.996999979

3.999000072

4.000999928

4.003000021

4.006999969

4.009000063

4.010999918

4.013000011

4.015000105

4.017999887

4.020999908

4.022000074

4.023999929

4.026000023

4.027999878

4.030999899

4.032999992

4.035000086

4.036999941

4.038000107

4.042000055

4.043999910

4.045000076

4.046999931

4.049000025

4.050999880

4.053999901

4.055999994

4.058000088

4.059999943

4.062000036

4.062999964

4.068000078

4.069999933

4.072000027

4.072999954

4.075000048

4.078999996

4.081000090

4.082000017

4.084000111

4.085999966

4.088000059

4.091000080

4.092999935

4.095000029

4.096999884

4.098999977

4.099999905

4.104000092

4.105999947

4.108000040

4.109999895

4.111999989

4.115000010

4.117000103

4.118999958

4.119999886

4.121000051

4.122999907

4.125999928

4.128000021

4.129999876

4.131999969

4.134000063

4.138000011

4.140000105

4.141000032

4.142999887

4.144999981

4.147000074

4.150000095

4.151999950

4.154000044

4.155999899

4.157999992

4.160000086

4.163000107

4.164999962

4.167000055

4.167999983

4.170000076

4.174000025

4.180000067

4.181999922

4.183000088

4.187000036

4.188999891

4.190999985

4.193000078

4.194000006

4.197999954

4.200000048

4.201999903

4.203999996

4.206000090

4.207999945

4.210999966

4.213000059

4.213999987

4.216000080

4.217999935

4.221999884

4.223999977

4.226000071

4.227999926

4.230000019

4.230999947

4.234999895

4.236999989

4.239000082

4.240000010

4.242000103

4.246000051

4.246999979

4.249000072

4.250999928

4.253000021

4.254999876

4.257999897

4.259999990

4.262000084

4.263999939

4.266000032

4.266999960

4.270999908

4.273000002

4.273999929

4.276000023

4.277999878

4.282000065

4.283999920

4.286000013

4.288000107

4.289000034

4.290999889

4.293999910

4.296000004

4.298000097

4.299999952

4.302000046

4.302999973

4.306999922

4.309000015

4.311000109

4.312999964

4.316999912

4.319000006

4.321000099

4.322999954

4.325000048

4.326999903

4.329999924

4.332000017

4.334000111

4.335999966

4.338000059

4.342000008

4.344000101

4.345000029

4.348000050

4.348999977

4.351000071

4.355000019

4.356999874

4.358999968

4.361000061

4.361999989

4.365999937

4.368000031

4.368999958

4.371000051

4.372999907

4.375000000

4.378000021

4.379999876

4.381999969

4.384000063

4.385999918

4.388000011

4.391000032

4.392999887

4.394999981

4.397000074

4.398000002

4.401999950

4.404000044

4.405999899

4.407999992

4.410000086

4.413000107

4.414999962

4.417000055

4.418999910

4.421000004

4.424999952

4.427000046

4.428999901

4.430999994

4.433000088

4.434999943

4.437999964

4.440000057

4.441999912

4.443000078

4.444999933

4.448999882

4.450999975

4.451999903

4.453999996

4.456000090

4.457999945

4.460999966

4.463000059

4.464999914

4.467000008

4.469000101

4.470000029

4.474999905

4.476999998

4.479000092

4.480999947

4.481999874

4.486000061

4.487999916

4.489000082

4.490999937

4.493000031

4.494999886

4.497999907

4.500000000

4.502000093

4.503999949

4.506000042

4.509000063

4.510999918

4.513000011

4.515000105

4.516999960

4.519000053

4.522000074

4.523999929

4.526000023

4.527999878

4.529000044

4.532999992

4.535000086

4.536000013

4.538000107

4.539999962

4.542000055

4.545000076

4.546999931

4.549000025

4.550999880

4.552999973

4.553999901

4.558000088

4.559999943

4.562000036

4.562999964

4.565000057

4.569000006

4.569999933

4.572000027

4.573999882

4.575999975

4.578000069

4.581000090

4.582999945

4.585000038

4.586999893

4.588999987

4.589999914

4.594000101

4.595999956

4.598000050

4.598999977

4.601000071

4.605000019

4.606999874

4.609999895

4.611999989

4.618999958

4.621000051

4.622999907

4.625000000

4.628999949

4.629999876

4.631999969

4.634000063

4.635999918

4.638000011

4.641000032

4.642999887

4.644999981

4.647000074

4.648999929

4.650000095

4.654000044

4.655999899

4.657999992

4.660000086

4.661000013

4.664999962

4.667000055

4.668999910

4.671000004

4.671999931

4.674000025

4.677000046

4.678999901

4.680999994

4.684000015

4.684999943

4.688999891

4.690999985

4.691999912

4.694000006

4.696000099

4.697999954

4.700999975

4.703000069

4.704999924

4.707000017

4.709000111

4.711999893

4.713999987

4.716000080

4.717999935

4.720000029

4.721999884

4.724999905

4.726999998

4.729000092

4.730000019

4.731999874

4.736000061

4.746000051

4.750000000

4.750999928

4.753000021

4.754999876

4.756999969

4.757999897

4.762000084

4.763999939

4.766000032

4.767999887

4.769999981

4.773000002

4.775000095

4.776999950

4.779000044

4.780999899

4.782000065

4.786000013

4.788000107

4.789999962

4.790999889

4.792999983

4.796999931

4.799000025

4.799999952

4.802000046

4.803999901

4.805999994

4.809000015

4.811000109

4.812999964

4.815000057

4.816999912

4.819000006

4.821000099

4.822999954

4.825000048

4.826999903

4.828999996

4.832999945

4.835000038

4.836999893

4.838999987

4.841000080

4.844000101

4.845999956

4.848000050

4.849999905

4.851999998

4.852999926

4.856999874

4.858999968

4.861000061

4.862999916

4.864000082

4.868000031

4.869999886

4.871999979

4.875000000

4.877000093

4.879999876

4.882999897

4.884999990

4.887000084

4.888999939

4.890000105

4.894000053

4.895999908

4.898000002

4.898999929

4.901000023

4.904999971

4.907000065

4.908999920

4.911000013

4.913000107

4.915999889

4.917999983

4.920000076

4.921999931

4.924000025

4.927999973

4.928999901

4.930999994

4.933000088

4.934999943

4.937000036

4.940000057

4.941999912

4.944000006

4.946000099

4.947999954

4.948999882

4.953000069

4.954999924

4.957000017

4.959000111

4.960999966

4.964999914

4.967000008

4.969000101

4.970000029

4.971999884

4.976000071

4.977999926

4.979000092

4.980999947

4.983000040

4.984999895

4.987999916

4.990000010

4.992000103

4.993999958

4.996000051

4.996999979

5.000999928

5.003000021

5.004999876

5.006999969

5.010999918

5.013000011

5.015000105

5.017999887

5.019999981

5.022000074

5.025000095

5.026999950

5.029000044

5.029999971

5.032000065

5.036000013

5.038000107

5.039000034

5.040999889

5.042999983

5.045000076

5.048000097

5.049999952

5.052000046

5.059999943

5.062000036

5.062999964

5.065000057

5.066999912

5.069000006

5.072000027

5.073999882

5.075999975

5.078000069

5.079999924

5.081000090

5.085000038

5.086999893

5.088999987

5.089999914

5.092000008

5.095999956

5.096999884

5.098999977

5.101000071

5.102999926

5.105000019

5.106999874

5.108999968

5.111000061

5.112999916

5.115000010

5.118999958

5.119999886

5.121999979

5.124000072

5.125999928

5.128000021

5.131000042

5.132999897

5.134999990

5.137000084

5.138999939

5.140000105

5.144000053

5.145999908

5.148000002

5.150000095

5.151000023

5.155999899

5.157999992

5.158999920

5.161000013

5.163000107

5.164999962

5.167999983

5.170000076

5.171999931

5.174000025

5.175999880

5.177000046

5.180999994

5.183000088

5.184999943

5.186000109

5.187999964

5.191999912

5.194000006

5.194999933

5.197000027

5.198999882

5.200999975

5.203999996

5.207000017

5.209000111

5.210999966

5.213000059

5.216000080

5.217999935

5.220000029

5.221999884

5.223000050

5.226999998

5.229000092

5.230000019

5.231999874

5.233999968

5.236000061

5.239000082

5.240999937

5.243000031

5.244999886

5.246999979

5.250999928

5.253000021

5.253999949

5.256000042

5.257999897

5.259999990

5.263000011

5.265000105

5.266999960

5.269000053

5.270999908

5.272000074

5.276000023

5.277999878

5.279999971

5.280999899

5.282999992

5.286999941

5.288000107

5.290999889

5.292999983

5.295000076

5.296999931

5.299999952

5.302000046

5.303999901

5.306999922

5.308000088

5.312000036

5.313999891

5.315999985

5.318000078

5.319000006

5.322999954

5.325000048

5.326999903

5.328999996

5.331000090

5.332999945

5.335999966

5.338000059

5.339999914

5.342000008

5.342999935

5.346999884

5.348999977

5.349999905

5.351999998

5.354000092

5.355999947

5.358999968

5.361000061

5.362999916

5.365000010

5.367000103

5.368000031

5.371999979

5.374000072

5.375999928

5.377000093

5.378999949

5.382999897

5.384999990

5.385999918

5.388000011

5.390000105

5.391999960

5.394999981

5.397000074

5.398999929

5.401000023

5.402999878

5.404999971

5.407000065

5.408999920

5.411000013

5.413000107

5.414999962

5.417999983

5.420000076

5.421999931

5.424000025

5.427000046

5.427999973

5.431999922

5.434000015

5.436000109

5.437999964

5.438999891

5.443000078

5.444999933

5.447000027

5.448999882

5.450999975

5.451999903

5.456000090

5.457999945

5.460000038

5.460999966

5.463000059

5.467000008

5.469000101

5.470000029

5.471999884

5.473999977

5.476000071

5.479000092

5.480999947

5.483000040

5.484999895

5.490999937

5.493000031

5.494999886

5.496999979

5.499000072

5.503000021

5.504999876

5.506999969

5.509000063

5.510999918

5.515000105

5.516000032

5.517999887

5.519999981

5.522000074

5.523999929

5.526999950

5.529000044

5.530999899

5.532999992

5.533999920

5.538000107

5.539999962

5.540999889

5.542999983

5.545000076

5.546999931

5.549999952

5.552000046

5.553999901

5.555999994

5.558000088

5.559000015

5.563999891

5.565999985

5.568000078

5.569000006

5.571000099

5.575000048

5.576999903

5.578000069

5.579999924

5.582000017

5.584000111

5.586999893

5.588999987

5.591000080

5.592999935

5.595000029

5.596999884

5.599999905

5.601999998

5.604000092

5.605999947

5.608000040

5.611000061

5.612999916

5.615000010

5.617000103

5.618000031

5.621999979

5.624000072

5.625999928

5.628000021

5.628999949

5.631000042

5.634000063

5.635999918

5.638000011

5.640000105

5.641999960

5.642999887

5.647000074

5.648999929

5.651000023

5.651999950

5.654000044

5.657999992

5.658999920

5.661000013

5.663000107

5.664999962

5.667000055

5.670000076

5.671999931

5.674000025

5.675999880

5.677999973

5.678999901

5.683000088

5.684999943

5.687000036

5.688999891

5.690999985

5.694000006

5.696000099

5.698999882

5.700999975

5.703000069

5.704999924

5.707000017

5.709000111

5.710999966

5.713000059

5.714999914

5.717999935

5.720000029

5.721999884

5.723999977

5.726000071

5.727999926

5.730999947

5.733000040

5.734999895

5.736000061

5.737999916

5.742000103

5.743999958

5.744999886

5.746999979

5.749000072

5.750999928

5.753999949

5.756000042

5.757999897

5.759999990

5.762000084

5.763000011

5.766999960

5.769000053

5.770999908

5.773000002

5.775000095

5.777999878

5.779999971

5.782000065

5.783999920

5.786000013

5.786999941

5.790999889

5.792999983

5.795000076

5.796000004

5.798000097

5.802000046

5.803999901

5.805999994

5.808000088

5.809999943

5.811000109

5.815000057

5.816999912

5.819000006

5.821000099

5.822000027

5.825999975

5.828000069

5.829999924

5.832000017

5.832999945

5.835999966

5.838999987

5.841000080

5.842000008

5.844000101

5.845999956

5.848000050

5.851000071

5.852999926

5.855000019

5.856999874

5.858999968

5.861999989

5.864000082

5.865999937

5.868000031

5.869999886

5.871000051

5.875000000

5.877000093

5.878999949

5.879999876

5.881999969

5.885999918

5.888000011

5.888999939

5.891000032

5.892999887

5.894999981

5.898000002

5.900000095

5.901999950

5.904000044

5.905999899

5.908999920

5.911000013

5.913000107

5.914999962

5.917000055

5.918999910

5.921999931

5.927999973

5.930000067

5.933000088

5.934999943

5.937000036

5.938999891

5.940999985

5.941999912

5.946000099

5.947999954

5.950000048

5.951999903

5.953000069

5.957000017

5.959000111

5.960999966

5.963000059

5.964999914

5.969000101

5.971999884

5.973000050

5.974999905

5.976999998

5.979000092

5.981999874

5.983999968

5.986000061

5.987999916

5.990000010

5.992000103

5.994999886

5.996999979

5.999000072

6.000000000

6.002000093

6.004999876

6.006999969

6.009000063

6.010999918

6.013000011

6.013999939

6.017999887

6.019999981

6.022000074

6.023000002

6.025000095

6.029000044

6.029999971

6.032000065

6.033999920

6.036000013

6.038000107

6.040999889

6.042999983

6.045000076

6.046999931

6.049000025

6.049999952

6.053999901

6.055999994

6.058000088

6.059000015

6.061000109

6.065000057

6.066999912

6.068000078

6.069999933

6.072000027

6.073999882

6.076999903

6.078999996

6.081000090

6.082999945

6.085000038

6.085999966

6.089999914

6.092000008

6.092999935

6.095000029

6.096999884

6.101000071

6.102999926

6.105000019

6.108000040

6.109999895

6.112999916

6.115000010

6.118000031

6.119999886

6.121999979

6.125000000

6.127000093

6.128999949

6.131000042

6.132999897

6.134000063

6.138000011

6.140000105

6.141999960

6.142999887

6.144999981

6.148999929

6.151000023

6.151999950

6.154999971

6.155999899

6.157999992

6.161000013

6.163000107

6.164999962

6.167000055

6.168999910

6.170000076

6.174000025

6.175999880

6.177999973

6.180000067

6.180999994

6.184999943

6.187000036

6.187999964

6.190000057

6.191999912

6.194000006

6.197000027

6.198999882

6.200999975

6.203999996

6.204999924

6.209000111

6.210999966

6.213000059

6.214999914

6.216000080

6.220000029

6.221999884

6.223999977

6.226000071

6.226999998

6.229000092

6.233000040

6.233999968

6.236000061

6.237999916

6.240000010

6.244999886

6.246999979

6.247999907

6.250000000

6.252000093

6.253999949

6.256999969

6.259000063

6.260999918

6.263000011

6.265000105

6.266999960

6.269999981

6.272000074

6.273999929

6.276000023

6.276999950

6.280999899

6.282999992

6.283999920

6.286000013

6.288000107

6.289999962

6.292999983

6.295000076

6.296999931

6.299000025

6.300999880

6.302999973

6.305000067

6.306999922

6.309000015

6.311000109

6.312999964

6.315999985

6.318000078

6.319999933

6.322000027

6.323999882

6.325000048

6.328999996

6.331000090

6.332999945

6.334000111

6.335999966

6.339999914

6.342000008

6.342999935

6.345000029

6.346999884

6.348999977

6.351999998

6.354000092

6.355999947

6.358000040

6.364000082

6.365999937

6.368000031

6.369999886

6.371999979

6.375999928

6.378000021

6.379999876

6.381999969

6.384000063

6.385999918

6.388999939

6.391000032

6.392999887

6.394999981

6.397000074

6.398999929

6.401999950

6.404999971

6.405999899

6.407999992

6.411999941

6.413000107

6.414999962

6.417000055

6.418999910

6.421000004

6.424000025

6.425999880

6.427999973

6.430000067

6.431999922

6.433000088

6.437000036

6.438999891

6.440999985

6.441999912

6.444000006

6.447999954

6.448999882

6.516000032

6.519999981

6.647000074

6.651999950

6.654000044

6.654999971

6.657000065

6.658999920

6.661000013

6.664000034

6.665999889

6.667999983

6.670000076

6.671999931

6.673000097

6.677000046

6.678999901

6.680999994

6.683000088

6.684999943

6.687999964

6.690000057

6.691999912

6.694000006

6.696000099

6.697000027

6.700999975

6.703000069

6.704999924

6.707000017

6.709000111

6.711999893

6.713999987

6.716000080

6.717999935

6.719000101

6.723000050

6.724999905

6.726000071

6.727999926

6.730000019

6.731999874

6.734999895

6.736999989

6.739000082

6.740999937

6.743000031

6.743999958

6.747999907

6.750000000

6.752000093

6.753000021

6.756000042

6.759999990

6.762000084

6.763999939

6.766000032

6.767999887

6.770999908

6.773000002

6.775000095

6.776999950

6.779000044

6.782999992

6.785000086

6.786000013

6.789000034

6.790999889

6.792999983

6.799999952

6.802999973

6.803999901

6.808000088

6.809999943

6.812000036

6.813999891

6.815000057

6.816999912

6.821000099

6.822000027

6.823999882

6.825999975

6.828000069

6.832000017

6.834000111

6.835000038

6.836999893

6.838999987

6.841000080

6.844000101

6.846999884

6.848999977

6.849999905

6.851999998

6.855999947

6.858000040

6.859999895

6.861999989

6.864000082

6.867000103

6.868999958

6.871000051

6.872999907

6.875000000

6.877000093

6.879999876

6.881999969

6.884000063

6.885999918

6.888000011

6.891000032

6.892999887

6.894999981

6.897000074

6.898999929

6.900000095

6.902999878

6.904999971

6.907000065

6.908999920

6.911000013

6.914000034

6.915999889

6.917999983

6.920000076

6.921999931

6.924000025

6.927999973

6.930000067

6.931999922

6.933000088

6.934999943

6.938999891

6.940999985

6.941999912

6.944000006

6.946000099

6.947999954

6.950999975

6.953000069

6.954999924

6.957000017

6.959000111

6.960999966

6.963999987

6.966000080

6.967999935

6.970000029

6.970999956

6.974999905

6.976999998

6.979000092

6.980999947

6.983000040

6.983999968

6.987999916

6.990000010

6.992000103

6.993000031

6.996000051

6.999000072

7.002000093

7.003999949

7.006000042

7.009999990

7.012000084

7.013999939

7.016000032

7.017999887

7.019000053

7.023000002

7.025000095

7.026999950

7.029000044

7.030999899

7.033999920

7.036000013

7.038000107

7.039999962

7.042000055

7.042999983

7.046999931

7.048000097

7.049999952

7.052000046

7.053999901

7.055999994

7.059999943

7.062000036

7.063999891

7.065999985

7.066999912

7.071000099

7.072999954

7.073999882

7.075999975

7.078000069

7.079999924

7.082999945

7.085000038

7.086999893

7.088999987

7.091000080

7.092999935

7.095999956

7.098000050

7.099999905

7.101999998

7.105999947

7.108000040

7.109999895

7.111999989

7.112999916

7.115000010

7.118000031

7.119999886

7.121999979

7.124000072

7.125999928

7.128000021

7.131000042

7.132999897

7.134999990

7.137000084

7.138000011

7.141999960

7.144000053

7.144999981

7.147000074

7.148999929

7.151000023

7.154000044

7.155999899

7.157999992

7.160000086

7.161999941

7.164000034

7.167000055

7.168999910

7.171000004

7.173000097

7.174000025

7.177999973

7.180000067

7.180999994

7.183000088

7.184999943

7.187000036

7.190000057

7.191999912

7.194000006

7.197000027

7.198999882

7.200000048

7.210999966

7.213999987

7.216000080

7.217999935

7.220000029

7.221999884

7.223000050

7.226999998

7.229000092

7.230999947

7.237999916

7.240000010

7.242000103

7.243999958

7.246000051

7.250000000

7.388999939

7.391000032

7.394000053

7.395999908

7.398000002

7.400000095

7.401999950

7.404999971

7.407000065

7.408999920

7.411000013

7.413000107

7.417000055

7.418999910

7.420000076

7.423000097

7.424000025

7.425999880

7.430000067

7.430999994

7.433000088

7.434999943

7.437000036

7.437999964

7.441999912

7.444000006

7.446000099

7.447000027

7.448999882

7.453000069

7.453999996

7.456000090

7.457999945

7.460000038

7.461999893

7.464999914

7.467000008

7.470000029

7.471999884

7.473999977

7.474999905

7.479000092

7.480999947

7.483000040

7.483999968

7.486000061

7.490000010

7.490999937

7.493000031

7.494999886

7.496999979

7.499000072

7.502000093

7.503999949

7.506000042

7.507999897

7.509999990

7.513000011

7.515000105

7.516999960

7.519000053

7.520999908

7.522000074

7.526000023

7.527999878

7.529999971

7.530999899

7.532999992

7.536999941

7.538000107

7.539999962

7.542000055

7.543999910

7.546000004

7.549000025

7.550999880

7.552999973

7.555000067

7.556999922

7.558000088

7.562000036

7.563999891

7.565999985

7.566999912

7.569000006

7.572999954

7.575000048

7.575999975

7.578000069

7.579999924

7.582000017

7.585000038

7.586999893

7.588999987

7.591000080

7.592999935

7.595000029

7.598000050

7.599999905

7.601999998

7.605000019

7.608999968

7.611000061

7.612999916

7.615000010

7.617000103

7.618000031

7.621999979

7.622999907

7.625000000

7.627000093

7.628999949

7.632999897

7.634999990

7.635999918

7.638999939

7.640000105

7.641999960

7.645999908

7.648000002

7.650000095

7.651000023

7.652999878

7.657000065

7.657999992

7.660000086

7.661999941

7.664000034

7.665999889

7.668999910

7.674999952

7.677000046

7.680999994

7.683000088

7.684999943

7.687000036

7.688999891

7.693000078

7.694999933

7.696000099

7.697999954

7.700999975

7.703999996

7.706000090

7.707999945

7.710000038

7.711999893

7.713999987

7.717000008

7.719000101

7.720999956

7.721999884

7.723999977

7.727999926

7.729000092

7.730999947

7.733000040

7.734999895

7.736999989

7.740999937

7.743000031

7.744999886

7.746999979

7.749000072

7.750000000

7.753999949

7.756000042

7.756999969

7.759000063

7.760999918

7.765000105

7.766000032

7.767999887

7.769999981

7.772000074

7.773999929

7.776999950

7.779000044

7.780999899

7.782999992

7.785000086

7.789000034

7.789999962

7.792000055

7.793999910

7.796000004

7.798000097

7.802000046

7.805000067

7.808000088

7.812999964

7.815000057

7.816999912

7.819000006

7.821000099

7.822000027

7.825999975

7.828000069

7.829999924

7.832000017

7.834000111

7.836999893

7.838999987

7.841000080

7.842999935

7.845000029

7.845999956

7.849999905

7.851999998

7.854000092

7.855999947

7.856999874

7.861000061

7.862999916

7.865000010

7.865999937

7.868000031

7.869999886

7.872999907

7.875000000

7.878000021

7.879999876

7.881999969

7.884000063

7.887000084

7.888999939

7.891000032

7.891999960

7.894000053

7.898000002

7.900000095

7.901999950

7.904000044

7.905999899

7.934999943

8.042000055

8.045000076

8.046999931

8.049000025

8.050999880

8.053999901

8.055999994

8.058000088

8.059000015

8.061000109

8.065000057

8.065999985

8.068000078

8.069999933

8.072000027

8.073999882

8.076999903

8.078999996

8.081000090

8.082999945

8.085999966

8.089999914

8.092000008

8.094000101

8.095999956

8.096999884

8.099999905

8.101999998

8.104000092

8.105999947

8.108000040

8.109999895

8.112999916

8.118999958

8.121000051

8.124000072

8.125999928

8.128000021

8.129999876

8.131999969

8.132999897

8.137000084

8.138999939

8.141000032

8.141999960

8.144000053

8.148999929

8.151000023

8.151999950

8.154000044

8.155999899

8.157999992

8.161000013

8.163000107

8.164999962

8.167000055

8.168999910

8.171000004

8.174000025

8.175999880

8.177999973

8.178999901

8.180999994

8.184999943

8.187000036

8.187999964

8.190000057

8.191999912

8.193000078

8.197000027

8.198999882

8.200999975

8.203000069

8.204999924

8.207999945

8.210000038

8.213000059

8.213999987

8.216000080

8.220000029

8.220999956

8.223000050

8.224999905

8.226999998

8.229000092

8.231999874

8.233999968

8.236000061

8.237999916

8.240000010

8.240999937

8.244999886

8.246999979

8.249000072

8.250000000

8.252000093

8.256000042

8.257999897

8.259000063

8.260999918

8.263000011

8.265000105

8.267999887

8.269999981

8.272000074

8.273999929

8.276000023

8.276999950

8.280999899

8.282999992

8.286000013

8.288000107

8.289000034

8.292999983

8.295000076

8.296000004

8.298000097

8.299999952

8.303999901

8.305999994

8.308000088

8.309999943

8.312000036

8.312999964

8.316999912

8.319000006

8.321000099

8.322999954

8.323999882

8.328000069

8.329999924

8.332000017

8.334000111

8.335000038

8.336999893

8.341000080

8.342999935

8.345000029

8.345999956

8.348000050

8.351999998

8.354000092

8.355000019

8.356999874

8.358999968

8.361000061

8.364000082

8.365999937

8.368000031

8.369999886

8.371999979

8.372999907

8.377000093

8.378000021

8.379999876

8.381999969

8.384000063

8.385999918

8.388999939

8.391000032

8.391999960

8.394000053

8.395999908

8.398000002

8.400000095

8.402999878

8.404999971

8.405999899

8.407999992

8.411000013

8.413000107

8.414999962

8.417000055

8.418999910

8.420000076

8.424999952

8.427000046

8.428999901

8.430000067

8.431999922

8.436000109

8.437000036

8.438999891

8.440999985

8.443000078

8.444999933

8.447999954

8.450000048

8.451999903

8.453999996

8.454999924

8.457000017

8.460000038

8.461999893

8.463999987

8.466000080

8.467999935

8.471999884

8.473999977

8.474999905

8.476999998

8.479000092

8.480999947

8.483999968

8.486000061

8.487999916

8.490000010

8.492000103

8.493000031

8.496000051

8.499000072

8.500999928

8.503000021

8.506999969

8.509000063

8.510999918

8.513000011

8.515000105

8.516000032

8.519999981

8.522000074

8.523999929

8.525000095

8.526999950

8.530999899

8.532000065

8.533999920

8.536000013

8.538000107

8.539999962

8.552000046

8.555000067

8.558000088

8.559999943

8.562000036

8.563999891

8.565999985

8.569000006

8.571000099

8.572999954

8.575000048

8.575999975

8.579999924

8.582000017

8.584000111

8.585999966

8.586999893

8.588999987

8.592000008

8.594000101

8.595999956

8.598999977

8.599999905

8.604000092

8.605999947

8.608000040

8.608999968

8.611000061

8.615000010

8.617000103

8.618000031

8.619999886

8.621999979

8.624000072

8.627000093

8.628999949

8.631000042

8.632999897

8.634999990

8.635999918

8.640000105

8.641999960

8.644000053

8.645999908

8.647000074

8.651000023

8.652999878

8.654999971

8.657000065

8.657999992

8.660000086

8.664000034

8.665999889

8.667999983

8.668999910

8.671000004

8.674999952

8.677000046

8.677999973

8.680000067

8.683000088

8.684999943

8.687999964

8.690000057

8.691999912

8.694999933

8.696000099

8.698999882

8.700999975

8.703000069

8.704999924

8.706000090

8.707999945

8.711999893

8.713999987

8.716000080

8.717000008

8.719000101

8.723000050

8.724999905

8.726999998

8.729000092

8.730000019

8.731999874

8.736000061

8.737999916

8.740000010

8.740999937

8.743000031

8.746999979

8.747999907

8.750000000

8.752000093

8.753999949

8.756000042

8.759000063

8.760999918

8.763000011

8.765000105

8.766999960

8.767999887

8.772000074

8.773999929

8.776000023

8.776999950

8.779000044

8.782999992

8.785000086

8.786999941

8.789000034

8.789999962

8.792999983

8.796000004

8.798000097

8.799999952

8.802000046

8.803999901

8.806999922

8.809000015

8.811000109

8.812999964

8.815000057

8.818000078

8.819999933

8.822000027

8.823999882

8.825999975

8.831000090

8.832000017

8.834000111

8.835999966

8.838000059

8.839999914

8.842999935

8.845000029

8.846999884

8.848999977

8.851000071

8.855000019

8.855999947

8.858000040

8.859999895

8.861999989

8.864000082

8.867000103

8.868999958

8.871000051

8.872999907

8.875000000

8.875999928

8.879999876

8.881999969

8.884000063

8.885999918

8.887000084

8.891000032

8.892999887

8.894999981

8.897000074

8.898999929

8.901999950

8.904000044

8.905999899

8.907999992

8.910000086

8.911999941

8.914999962

8.917000055

8.918999910

8.920000076

8.921999931

8.925999880

8.927999973

8.930000067

8.931999922

8.934000015

8.934999943

8.938999891

8.940000057

8.941999912

8.944000006

8.946000099

8.950000048

8.950999975

8.953000069

8.954999924

8.957000017

8.959000111

8.961999893

8.963999987

8.967000008

8.969000101

8.970999956

8.971999884

8.976000071

8.977999926

8.980000019

8.981999874

8.983000040

8.986999989

8.993000031

8.994999886

8.997999907

9.000000000

9.002000093

9.003999949

9.006000042

9.009999990

9.012000084

9.013000011

9.015000105

9.016999960

9.019000053

9.022000074

9.023999929

9.026000023

9.027999878

9.029999971

9.030999899

9.035000086

9.036999941

9.039000034

9.039999962

9.042000055

9.046000004

9.048000097

9.049000025

9.050999880

9.052999973

9.055000067

9.058000088

9.059999943

9.062000036

9.063999891

9.065999985

9.066999912

9.071000099

9.072999954

9.075000048

9.075999975

9.078000069

9.082000017

9.084000111

9.085000038

9.086999893

9.088999987

9.091000080

9.094000101

9.096999884

9.098999977

9.099999905

9.102999926

9.106999874

9.108999968

9.111000061

9.112999916

9.114000082

9.118000031

9.119999886

9.121999979

9.124000072

9.125000000

9.127000093

9.131000042

9.131999969

9.134000063

9.135999918

9.138000011

9.141999960

9.144000053

9.144999981

9.147000074

9.148999929

9.151000023

9.154000044

9.155999899

9.157999992

9.160000086

9.161999941

9.163000107

9.167000055

9.168999910

9.171000004

9.173000097

9.174000025

9.177999973

9.180000067

9.181999922

9.184000015

9.186000109

9.187000036

9.190999985

9.191999912

9.194000006

9.197000027

9.197999954

9.201999903

9.203999996

9.206000090

9.207999945

9.210000038

9.213000059

9.214999914

9.217000008

9.219000101

9.220999956

9.221999884

9.226000071

9.227999926

9.230000019

9.230999947

9.233000040

9.236999989

9.240000010

9.240999937

9.243000031

9.244999886

9.246999979

9.250000000

9.252000093

9.253999949

9.256000042

9.257999897

9.259000063

9.263000011

9.265000105

9.266999960

9.269000053

9.269999981

9.273999929

9.276000023

9.277999878

9.279999971

9.282000065

9.282999992

9.286999941

9.289000034

9.290999889

9.292000055

9.293999910

9.296999931

9.299000025

9.300999880

9.302999973

9.303999901

9.305999994

9.309999943

9.312000036

9.313999891

9.315000057

9.316999912

9.321000099

9.322000027

9.323999882

9.325999975

9.328000069

9.329999924

9.332999945

9.335000038

9.336999893

9.338999987

9.341000080

9.342999935

9.345999956

9.348000050

9.349999905

9.351999998

9.352999926

9.356999874

9.358999968

9.361000061

9.362999916

9.365000010

9.365999937

9.369999886

9.371000051

9.372999907

9.375999928

9.378000021

9.381999969

9.382999897

9.384999990

9.387000084

9.388999939

9.391000032

9.394000053

9.397000074

9.398999929

9.401000023

9.401999950

9.405999899

9.407999992

9.410000086

9.411999941

9.413000107

9.417000055

9.418999910

9.421000004

9.428999901

9.430999994

9.431999922

9.434000015

9.436000109

9.437999964

9.440999985

9.443000078

9.444999933

9.447000027

9.448999882

9.450000048

9.453999996

9.456000090

9.457999945

9.460000038

9.460999966

9.464999914

9.467000008

9.469000101

9.470999956

9.471999884

9.473999977

9.476999998

9.479000092

9.480999947

9.483000040

9.484999895

9.486000061

9.490000010

9.490999937

9.493999958

9.496000051

9.497999907

9.500999928

9.503000021

9.504999876

9.506999969

9.509000063

9.513000011

9.515000105

9.516999960

9.519000053

9.520999908

9.523000002

9.526000023

9.527999878

9.529999971

9.530999899

9.532999992

9.536999941

9.539000034

9.540999889

9.542999983

9.543999910

9.546000004

9.549000025

9.550999880

9.552999973

9.555000067

9.556999922

9.559000015

9.562000036

9.563999891

9.565999985

9.566999912

9.569000006

9.572999954

9.575000048

9.576999903

9.578000069

9.579999924

9.582000017

9.585000038

9.586999893

9.588999987

9.591000080

9.592999935

9.594000101

9.596999884

9.598999977

9.601000071

9.602999926

9.605000019

9.608000040

9.609999895

9.611999989

9.614000082

9.615999937

9.617000103

9.621000051

9.622999907

9.625000000

9.627000093

9.628000021

9.631999969

9.634000063

9.635999918

9.638000011

9.638999939

9.641000032

9.644999981

9.648000002

9.650000095

9.651999950

9.652999878

9.657000065

9.658999920

9.661000013

9.663000107

9.664000034

9.665999889

9.668999910

9.671000004

9.673000097

9.674999952

9.677000046

9.677999973

9.681999922

9.684000015

9.686000109

9.687999964

9.690000057

9.693000078

9.696000099

9.697000027

9.698999882

9.700999975

9.703999996

9.706000090

9.707999945

9.710000038

9.711999893

9.713999987

9.717000008

9.719000101

9.720999956

9.721999884

9.723999977

9.727999926

9.730000019

9.731999874

9.733999968

9.736000061

9.736999989

9.740999937

9.743000031

9.744999886

9.746999979

9.747999907

9.752000093

9.753999949

9.754999876

9.756999969

9.759000063

9.760999918

9.763999939

9.766000032

9.767999887

9.769999981

9.772000074

9.773000002

9.776999950

9.779000044

9.780999899

9.782999992

9.785000086

9.789000034

9.790999889

9.792999983

9.795000076

9.796999931

9.798000097

9.802000046

9.803999901

9.805999994

9.808000088

9.809999943

9.812999964

9.815000057

9.816999912

9.819000006

9.821000099

9.822999954

9.825999975

9.828000069

9.829999924

9.832000017

9.834000111

9.836999893

9.838999987

9.841000080

9.842999935

9.845000029

9.848000050

9.849999905

9.851999998

9.854000092

9.855000019

9.861999989

9.864000082

9.865999937

9.868000031

9.869999886

9.872999907

9.875000000

9.877000093

9.878000021

9.879999876

9.884000063

9.885999918

9.887000084

9.888999939

9.891000032

9.892999887

9.894999981

9.897000074

9.898999929

9.901000023

9.902999878

9.907000065

9.908999920

9.911000013

9.913000107

9.914999962

9.915999889

9.921000004

9.923000097

9.924999952

9.925999880

9.927999973

9.931999922

9.934000015

9.936000109

9.937999964

9.938999891

9.940999985

9.944999933

9.946000099

9.947999954

9.950000048

9.951999903

9.956000090

9.957999945

9.959000111

9.960999966

9.963000059

9.964999914

9.967999935

9.970000029

9.971999884

9.973999977

9.976000071

9.977999926

9.980999947

9.983000040

9.984999895

9.986000061

9.987999916

9.992000103

9.994999886

9.996999979

9.999000072

10.000999928

10.003999949

10.006000042

10.007999897

10.009999990

10.012000084

10.015000105

10.016999960

10.019000053

10.020999908

10.023000002

10.023999929

10.027999878

10.029999971

10.032000065

10.033999920

10.035000086

10.039000034

10.040999889

10.042999983

10.045000076

10.046000004

10.048000097

10.052000046

10.052999973

10.055999994

10.058000088

10.059999943

10.062000036

10.065000057

10.066999912

10.069000006

10.069999933

10.072000027

10.075999975

10.078000069

10.078999996

10.081000090

10.082999945

10.085000038

10.088000059

10.089999914

10.092000008

10.094000101

10.095999956

10.099999905

10.101000071

10.105000019

10.106999874

10.108000040

10.122999907

