0.000000000

0.002000093

0.004000187

0.007000208

0.011000156

0.013000011

0.015000105

0.019000053

0.021000147

0.023000002

0.025000095

0.027000189

0.031000137

0.032000065

0.034000158

0.036000013

0.038000107

0.039000034

0.043000221

0.045000076

0.046000004

0.048000097

0.050000191

0.052000046

0.055000067

0.057000160

0.059000015

0.061000109

0.062000036

0.066000223

0.068000078

0.070000172

0.072000027

0.073000193

0.075000048

0.078000069

0.080000162

0.082000017

0.084000111

0.086000204

0.087000132

0.091000080

0.093000174

0.095000029

0.097000122

0.098000050

0.119000196

0.121000051

0.129000187

0.131000042

0.133000135

0.135000229

0.139000177

0.140000105

0.157000065

0.159000158

0.163000107

0.165000200

0.166000128

0.168000221

0.170000076

0.172000170

0.175000191

0.177000046

0.179000139

0.180999994

0.182000160

0.184000015

0.188000202

0.190000057

0.191000223

0.193000078

0.196000099

0.200000048

0.202000141

0.203999996

0.205000162

0.207000017

0.210000038

0.212000132

0.214000225

0.216000080

0.218000174

0.220000029

0.224000216

0.226000071

0.226999998

0.230000019

0.231000185

0.235000134

0.237000227

0.238000154

0.240000010

0.242000103

0.244000196

0.247000217

0.249000072

0.250000000

0.252000093

0.255000114

0.259000063

0.261000156

0.263000011

0.264000177

0.266000032

0.268000126

0.271000147

0.273000002

0.275000095

0.277000189

0.278000116

0.280000210

0.284000158

0.285000086

0.287000179

0.289000034

0.291000128

0.292000055

0.296000004

0.298000097

0.299000025

0.301000118

0.303000212

0.304000139

0.308000088

0.311000109

0.313000202

0.315000057

0.317000151

0.321000099

0.323000193

0.325000048

0.327000141

0.328000069

0.332000017

0.334000111

0.335000038

0.337000132

0.339000225

0.341000080

0.344000101

0.346000195

0.353000164

0.356000185

0.358000040

0.360000134

0.361000061

0.363000154

0.365000010

0.368000031

0.370000124

0.372000217

0.374000072

0.376000166

0.377000093

0.381000042

0.382000208

0.384000063

0.386000156

0.388000011

0.389000177

0.393000126

0.395000219

0.397000074

0.399000168

0.400000095

0.404000044

0.406000137

0.407000065

0.409000158

0.412000179

0.416000128

0.418000221

0.420000076

0.421000004

0.423000097

0.425000191

0.428000212

0.430000067

0.432000160

0.434000015

0.436000109

0.437000036

0.441000223

0.443000078

0.445000172

0.446000099

0.448000193

0.450000048

0.453000069

0.455000162

0.457000017

0.458000183

0.460000038

0.462000132

0.465000153

0.467000008

0.468000174

0.470000029

0.472000122

0.474000216

0.476999998

0.479000092

0.481000185

0.483000040

0.484000206

0.488000154

0.490000010

0.491000175

0.493000031

0.495000124

0.498000145

0.501000166

0.503000021

0.505000114

0.506000042

0.508000135

0.510000229

0.514000177

0.515000105

0.517000198

0.519000053

0.521000147

0.522000074

0.526000023

0.528000116

0.529000044

0.531000137

0.532999992

0.535000086

0.538000107

0.540000200

0.542000055

0.544000149

0.545000076

0.549000025

0.551000118

0.552000046

0.554000139

0.555999994

0.558000088

0.561000109

0.563000202

0.565000057

0.566000223

0.568000078

0.570000172

0.574000120

0.575000048

0.577000141

0.578999996

0.581000090

0.582000017

0.585000038

0.587000132

0.589000225

0.591000080

0.592000008

0.594000101

0.597000122

0.599000216

0.601000071

0.603000164

0.605000019

0.606000185

0.610000134

0.613000154

0.615000010

0.617000103

0.618000031

0.622000217

0.630000114

0.633000135

0.635000229

0.636000156

0.638000011

0.640000105

0.642000198

0.646000147

0.648000002

0.649000168

0.651000023

0.653000116

0.654000044

0.657999992

0.660000086

0.662000179

0.663000107

0.665000200

0.669000149

0.671000004

0.674000025

0.675000191

0.677000046

0.679000139

0.682000160

0.684000015

0.686000109

0.688000202

0.690000057

0.691000223

0.695000172

0.696000099

0.698000193

0.700000048

0.701000214

0.703000069

0.707000017

0.708000183

0.710000038

0.712000132

0.714000225

0.718000174

0.720000029

0.721000195

0.723000050

0.725000143

0.726999998

0.730000019

0.732000113

0.734000206

0.736000061

0.738000154

0.741000175

0.743000031

0.744000196

0.746000051

0.748000145

0.750000000

0.753000021

0.755000114

0.757000208

0.759000063

0.766000032

0.768000126

0.769000053

0.771000147

0.773000002

0.774000168

0.778000116

0.780000210

0.781000137

0.782999992

0.785000086

0.787000179

0.790000200

0.792000055

0.794000149

0.795000076

0.797000170

0.801000118

0.803000212

0.804000139

0.805999994

0.808000088

0.810000181

0.812000036

0.814000130

0.816000223

0.818000078

0.820000172

0.821000099

0.825000048

0.826000214

0.828000069

0.830000162

0.832000017

0.834000111

0.837000132

0.839000225

0.841000080

0.842000008

0.844000101

0.846000195

0.850000143

0.851999998

0.854000092

0.856000185

0.857000113

0.861000061

0.863000154

0.865000010

0.866000175

0.868000031

0.870000124

0.873000145

0.875000000

0.877000093

0.879000187

0.881000042

0.882000208

0.886000156

0.888000011

0.889000177

0.891000032

0.893000126

0.895000219

0.898000002

0.900000095

0.901000023

0.903000116

0.905000210

0.907000065

0.910000086

0.912000179

0.914000034

0.916000128

0.920000076

0.922000170

0.924000025

0.926000118

0.927000046

0.929000139

0.932000160

0.934000015

0.936000109

0.938000202

0.939000130

0.941000223

0.945000172

0.946000099

0.948000193

0.950000048

0.951000214

0.953000069

0.957000017

0.958000183

0.960000038

0.962000132

0.963000059

0.965000153

0.969000101

0.971000195

0.972000122

0.974000216

0.976000071

0.976999998

0.981000185

0.983000040

0.984000206

0.986000061

0.988000154

0.992000103

0.994000196

0.995000124

0.997000217

0.999000072

1.001000166

1.004000187

1.006000042

1.008000135

1.009000063

1.012000084

1.015000105

1.017000198

1.019000053

1.021000147

1.023000002

1.024000168

1.028000116

1.030000210

1.032000065

1.034000158

1.036000013

1.037000179

1.041000128

1.043000221

1.045000076

1.047000170

1.048000097

1.052000046

1.054000139

1.055999994

1.057000160

1.059000015

1.061000109

1.064000130

1.066000223

1.068000078

1.069000006

1.071000099

1.073000193

1.077000141

1.078000069

1.080000162

1.082000017

1.084000111

1.086000204

1.089000225

1.091000080

1.093000174

1.094000101

1.096000195

1.098000050

1.101000071

1.103000164

1.105000019

1.106000185

1.108000040

1.111000061

1.113000154

1.115000010

1.117000103

1.119000196

1.120000124

1.124000072

1.126000166

1.128000021

1.129000187

1.131000042

1.133000135

1.136000156

1.138000011

1.140000105

1.141000032

1.143000126

1.145000219

1.148000002

1.150000095

1.152000189

1.153000116

1.155000210

1.157000065

1.160000086

1.162000179

1.164000034

1.165000200

1.172000170

1.174000025

1.176000118

1.178000212

1.179000139

1.180999994

1.184000015

1.186000109

1.188000202

1.189000130

1.191000223

1.193000078

1.196000099

1.198000193

1.200000048

1.201000214

1.203999996

1.205000162

1.209000111

1.211000204

1.213000059

1.215000153

1.216000080

1.220000029

1.223000050

1.225000143

1.226000071

1.228000164

1.231000185

1.233000040

1.235000134

1.237000227

1.239000082

1.240000010

1.244000196

1.245000124

1.247000217

1.249000072

1.251000166

1.252000093

1.256000042

1.258000135

1.259000063

1.261000156

1.263000011

1.264000177

1.268000126

1.270000219

1.271000147

1.273000002

1.275000095

1.277000189

1.280000210

1.282000065

1.284000158

1.285000086

1.287000179

1.289000034

1.292000055

1.294000149

1.295000076

1.297000170

1.299000025

1.301000118

1.304000139

1.305999994

1.308000088

1.310000181

1.312000036

1.315000057

1.317000151

1.319000006

1.321000099

1.323000193

1.326000214

1.328000069

1.330000162

1.332000017

1.333000183

1.335000038

1.339000225

1.340000153

1.342000008

1.344000101

1.346000195

1.347000122

1.351000071

1.353000164

1.355000019

1.357000113

1.358000040

1.362000227

1.363000154

1.365000010

1.367000103

1.369000196

1.371000051

1.374000072

1.376000166

1.379000187

1.380000114

1.382000208

1.384000063

1.387000084

1.389000177

1.391000032

1.393000126

1.394000053

1.396000147

1.399000168

1.401000023

1.403000116

1.405000210

1.407000065

1.409000158

1.411000013

1.413000107

1.415000200

1.417000055

1.419000149

1.422000170

1.424000025

1.426000118

1.427000046

1.429000139

1.430999994

1.435000181

1.436000109

1.438000202

1.440000057

1.442000151

1.443000078

1.446000099

1.448000193

1.450000048

1.452000141

1.453999996

1.455000162

1.459000111

1.461000204

1.462000132

1.464000225

1.466000080

1.470000029

1.472000122

1.473000050

1.475000143

1.476999998

1.479000092

1.482000113

1.484000206

1.485000134

1.487000227

1.489000082

1.491000175

1.494000196

1.496000051

1.498000145

1.500000000

1.501000166

1.503000021

1.506000042

1.509000063

1.510000229

1.512000084

1.514000177

1.518000126

1.519000053

1.521000147

1.523000002

1.525000095

1.526000023

1.530000210

1.532000065

1.534000158

1.535000086

1.537000179

1.541000128

1.543000221

1.544000149

1.546000004

1.548000097

1.550000191

1.553000212

1.555999994

1.557000160

1.559000015

1.561000109

1.563000202

1.566000223

1.568000078

1.570000172

1.572000027

1.574000120

1.578999996

1.581000090

1.583000183

1.585000038

1.587000132

1.590000153

1.592000008

1.594000101

1.596000195

1.597000122

1.599000216

1.601999998

1.604000092

1.606000185

1.608000040

1.610000134

1.614000082

1.615000010

1.617000103

1.619000196

1.621000051

1.622000217

1.626000166

1.628000021

1.630000114

1.632000208

1.633000135

1.637000084

1.639000177

1.641000032

1.642000198

1.644000053

1.646000147

1.650000095

1.651000023

1.653000116

1.655000210

1.656000137

1.657999992

1.662000179

1.664000034

1.665000200

1.667000055

1.669000149

1.671000004

1.674000025

1.676000118

1.678000212

1.679000139

1.680999994

1.683000088

1.686000109

1.688000202

1.690000057

1.692000151

1.693000078

1.697000027

1.699000120

1.701000214

1.702000141

1.703999996

1.706000090

1.709000111

1.711000204

1.713000059

1.715000153

1.716000080

1.718000174

1.722000122

1.723000050

1.725000143

1.726999998

1.729000092

1.730000019

1.735000134

1.737000227

1.738000154

1.740000010

1.742000103

1.745000124

1.747000217

1.749000072

1.751000166

1.753000021

1.754000187

1.758000135

1.760000229

1.762000084

1.763000011

1.765000105

1.769000053

1.771000147

1.772000074

1.774000168

1.776000023

1.777000189

1.781000137

1.782999992

1.784000158

1.786000013

1.788000107

1.790000200

1.793000221

1.795000076

1.797000170

1.799000025

1.800000191

1.802000046

1.805999994

1.808000088

1.809000015

1.811000109

1.813000202

1.817000151

1.819000006

1.820000172

1.822000027

1.824000120

1.825000048

1.828999996

1.831000090

1.833000183

1.834000111

1.836000204

1.838000059

1.841000080

1.843000174

1.844000101

1.846000195

1.848000050

1.850000143

1.853000164

1.855000019

1.856000185

1.858000040

1.860000134

1.864000082

1.866000175

1.867000103

1.869000196

1.871000051

1.873000145

1.876000166

1.878000021

1.880000114

1.882000208

1.884000063

1.885000229

1.888000011

1.890000105

1.892000198

1.894000053

1.896000147

1.897000074

1.901000023

1.902000189

1.904000044

1.906000137

1.909000158

1.913000107

1.915000200

1.916000128

1.918000221

1.920000076

1.921000004

1.925000191

1.927000046

1.928000212

1.930000067

1.932000160

1.933000088

1.937000036

1.939000130

1.940000057

1.942000151

1.944000006

1.946000099

1.949000120

1.951000214

1.953000069

1.953999996

1.956000090

1.958000183

1.961000204

1.963000059

1.965000153

1.966000080

1.968000174

1.970000029

1.973000050

1.975000143

1.976999998

1.978000164

1.980000019

1.987000227

1.989000082

1.991000175

1.993000031

1.996000051

1.998000145

1.999000072

2.001000166

2.003000021

2.005000114

2.008000135

2.010000229

2.011000156

2.013000011

2.015000105

2.016000032

2.020000219

2.022000074

2.023000002

2.025000095

2.027000189

2.028000116

2.032000065

2.034000158

2.036000013

2.037000179

2.039000034

2.043000221

2.045000076

2.046000004

2.048000097

2.050000191

2.052000046

2.055000067

2.057000160

2.059000015

2.060000181

2.062000036

2.064000130

2.067000151

2.069000006

2.071000099

2.073000193

2.075000048

2.076000214

2.080000162

2.082000017

2.083000183

2.086000204

2.088000059

2.089000225

2.093000174

2.095000029

2.096000195

2.098000050

2.100000143

2.104000092

2.106000185

2.108000040

2.110000134

2.111000061

2.115000010

2.117000103

2.119000196

2.121000051

2.123000145

2.124000072

2.127000093

2.129000187

2.131000042

2.133000135

2.135000229

2.136000156

2.140000105

2.142000198

2.143000126

2.145000219

2.147000074

2.148000002

2.152000189

2.154000044

2.155000210

2.157000065

2.159000158

2.160000086

2.164000034

2.166000128

2.168000221

2.169000149

2.171000004

2.173000097

2.176000118

2.178000212

2.180000067

2.180999994

2.183000088

2.185000181

2.188000202

2.190000057

2.191000223

2.193000078

2.195000172

2.197000027

2.200000048

2.202000141

2.203999996

2.206000090

2.207000017

2.211000204

2.213000059

2.215000153

2.217000008

2.219000101

2.222000122

2.224000216

2.226000071

2.228000164

2.229000092

2.231000185

2.235000134

2.236000061

2.238000154

2.240000010

2.241000175

2.243000031

2.246000051

2.248000145

2.250000000

2.252000093

2.253000021

2.255000114

2.258000135

2.261000156

2.263000011

2.265000105

2.266000032

2.268000126

2.271000147

2.273000002

2.275000095

2.277000189

2.278000116

2.280000210

2.284000158

2.285000086

2.287000179

2.289000034

2.290000200

2.292000055

2.296000004

2.297000170

2.299000025

2.301000118

2.303000212

2.304000139

2.307000160

2.309000015

2.311000109

2.312000036

2.314000130

2.316000223

2.319000006

2.321000099

2.322000027

2.324000120

2.326000214

2.328000069

2.331000090

2.333000183

2.335000038

2.336000204

2.338000059

2.340000153

2.343000174

2.345000029

2.347000122

2.348000050

2.350000143

2.351000071

2.355000019

2.357000113

2.359000206

2.361000061

2.362000227

2.366000175

2.368000031

2.370000124

2.371000051

2.373000145

2.375000000

2.378000021

2.380000114

2.382000208

2.390000105

2.392000198

2.394000053

2.396000147

2.397000074

2.399000168

2.402000189

2.405000210

2.407000065

2.407999992

2.410000086

2.414000034

2.415000200

2.417000055

2.419000149

2.421000004

2.422000170

2.426000118

2.428000212

2.429000139

2.430999994

2.433000088

2.435000181

2.439000130

2.441000223

2.442000151

2.444000006

2.446000099

2.448000193

2.451000214

2.453000069

2.455000162

2.456000090

2.458000183

2.460000038

2.463000059

2.465000153

2.467000008

2.468000174

2.470000029

2.474000216

2.476000071

2.476999998

2.479000092

2.481000185

2.483000040

2.487000227

2.488000154

2.490000010

2.492000103

2.494000196

2.495000124

2.499000072

2.501000166

2.502000093

2.504000187

2.506000042

2.509000063

2.511000156

2.513000011

2.515000105

2.517000198

2.518000126

2.522000074

2.524000168

2.526000023

2.528000116

2.530000210

2.532999992

2.535000086

2.536000013

2.538000107

2.540000200

2.542000055

2.545000076

2.547000170

2.549000025

2.551000118

2.552000046

2.554000139

2.557000160

2.559000015

2.561000109

2.563000202

2.564000130

2.566000223

2.569000006

2.571000099

2.573000193

2.575000048

2.576000214

2.578000069

2.582000017

2.583000183

2.585000038

2.587000132

2.589000225

2.590000153

2.594000101

2.596000195

2.597000122

2.599000216

2.601000071

2.603000164

2.605000019

2.607000113

2.609000206

2.611000061

2.612000227

2.617000103

2.619000196

2.621000051

2.622000217

2.624000072

2.626000166

2.629000187

2.631000042

2.633000135

2.635000229

2.636000156

2.638000011

2.642000198

2.643000126

2.645000219

2.647000074

2.649000168

2.650000095

2.654000044

2.656000137

2.657000065

2.659000158

2.661000013

2.663000107

2.666000128

2.668000221

2.670000076

2.671000004

2.673000097

2.675000191

2.678000212

2.680000067

2.682000160

2.683000088

2.685000181

2.687000036

2.690000057

2.692000151

2.694000006

2.695000172

2.697000027

2.701000214

2.703000069

2.705000162

2.706000090

2.708000183

2.710000038

2.713000059

2.715000153

2.717000008

2.719000101

2.720000029

2.722000122

2.726000071

2.726999998

2.729000092

2.731000185

2.732000113

2.734000206

2.737000227

2.739000082

2.741000175

2.743000031

2.745000124

2.748000145

2.750000000

2.752000093

2.754000187

2.756000042

2.757000208

2.761000156

2.762000084

2.764000177

2.766000032

2.768000126

2.769000053

2.773000002

2.775000095

2.777000189

2.778000116

2.780000210

2.782000065

2.785000086

2.787000179

2.789000034

2.797000170

2.799000025

2.801000118

2.803000212

2.805000067

2.808000088

2.810000181

2.812000036

2.814000130

2.816000223

2.817000151

2.821000099

2.823000193

2.824000120

2.826000214

2.828000069

2.828999996

2.833000183

2.834000111

2.837000132

2.838000059

2.840000153

2.844000101

2.846000195

2.847000122

2.849000216

2.851000071

2.853000164

2.856000185

2.858000040

2.859000206

2.861000061

2.863000154

2.865000010

2.868000031

2.870000124

2.872000217

2.874000072

2.875000000

2.877000093

2.881000042

2.882000208

2.884000063

2.886000156

2.887000084

2.889000177

2.893000126

2.894000053

2.896000147

2.898000002

2.899000168

2.901000023

2.904000044

2.906000137

2.907999992

2.910000086

2.912000179

2.915000200

2.917000055

2.919000149

2.920000076

2.922000170

2.924000025

2.928000212

2.930000067

2.932000160

2.933000088

2.935000181

2.937000036

2.940000057

2.942000151

2.944000006

2.945000172

2.947000027

2.949000120

2.952000141

2.953999996

2.955000162

2.957000017

2.959000111

2.961000204

2.964000225

2.967000008

2.969000101

2.970000029

2.972000122

2.976000071

2.978000164

2.979000092

2.981000185

2.983000040

2.985000134

2.988000154

2.990000010

2.992000103

2.994000196

2.995000124

2.997000217

3.000000000

3.003000021

3.004000187

3.006000042

3.008000135

3.011000156

3.013000011

3.015000105

3.017000198

3.019000053

3.020000219

3.024000168

3.026000023

3.028000116

3.029000044

3.031000137

3.032999992

3.036000013

3.038000107

3.040000200

3.041000128

3.043000221

3.047000170

3.049000025

3.050000191

3.052000046

3.054000139

3.055999994

3.059000015

3.061000109

3.063000202

3.064000130

3.066000223

3.068000078

3.071000099

3.073000193

3.075000048

3.077000141

3.078000069

3.080000162

3.083000183

3.085000038

3.087000132

3.089000225

3.090000153

3.092000008

3.095000029

3.097000122

3.099000216

3.101000071

3.103000164

3.106000185

3.108000040

3.110000134

3.112000227

3.114000082

3.115000010

3.119000196

3.121000051

3.123000145

3.125000000

3.127000093

3.130000114

3.132000208

3.134000063

3.136000156

3.138000011

3.139000177

3.142000198

3.145000219

3.147000074

3.149000168

3.150000095

3.152000189

3.156000137

3.157000065

3.159000158

3.161000013

3.163000107

3.164000034

3.168000221

3.170000076

3.172000170

3.173000097

3.175000191

3.177000046

3.180000067

3.182000160

3.184000015

3.185000181

3.187000036

3.191000223

3.193000078

3.194000006

3.196000099

3.203000069

3.205000162

3.207000017

3.209000111

3.210000038

3.214000225

3.216000080

3.218000174

3.220000029

3.222000122

3.223000050

3.226999998

3.229000092

3.230000019

3.232000113

3.234000206

3.235000134

3.239000082

3.241000175

3.242000103

3.244000196

3.246000051

3.247000217

3.251000166

3.253000021

3.255000114

3.256000042

3.258000135

3.262000084

3.264000177

3.265000105

3.267000198

3.269000053

3.271000147

3.274000168

3.276000023

3.278000116

3.279000044

3.281000137

3.282999992

3.287000179

3.288000107

3.290000200

3.292000055

3.294000149

3.295000076

3.299000025

3.301000118

3.303000212

3.305000067

3.305999994

3.310000181

3.312000036

3.314000130

3.315000057

3.317000151

3.322000027

3.324000120

3.325000048

3.327000141

3.328999996

3.331000090

3.334000111

3.336000204

3.338000059

3.340000153

3.341000080

3.343000174

3.347000122

3.348000050

3.350000143

3.351999998

3.354000092

3.355000019

3.358000040

3.360000134

3.362000227

3.364000082

3.366000175

3.367000103

3.370000124

3.372000217

3.374000072

3.376000166

3.377000093

3.379000187

3.383000135

3.385000229

3.387000084

3.388000011

3.390000105

3.392000198

3.395000219

3.397000074

3.398000002

3.401000023

3.403000116

3.406000137

3.407999992

3.410000086

3.412000179

3.413000107

3.417000055

3.419000149

3.421000004

3.422000170

3.424000025

3.426000118

3.429000139

3.432000160

3.434000015

3.435000181

3.437000036

3.439000130

3.442000151

3.444000006

3.446000099

3.447000027

3.449000120

3.453000069

3.455000162

3.456000090

3.458000183

3.460000038

3.462000132

3.465000153

3.467000008

3.469000101

3.470000029

3.472000122

3.474000216

3.476999998

3.479000092

3.481000185

3.483000040

3.484000206

3.486000061

3.490000010

3.491000175

3.493000031

3.495000124

3.498000145

3.499000072

3.502000093

3.504000187

3.506000042

3.507000208

3.509000063

3.513000011

3.515000105

3.516000032

3.518000126

3.520000219

3.522000074

3.525000095

3.527000189

3.529000044

3.531000137

3.532000065

3.534000158

3.538000107

3.539000034

3.541000128

3.543000221

3.545000076

3.546000004

3.549000025

3.551000118

3.553000212

3.555000067

3.555999994

3.558000088

3.561000109

3.563000202

3.565000057

3.567000151

3.568000078

3.570000172

3.574000120

3.576000214

3.577000141

3.578999996

3.581000090

3.582000017

3.586000204

3.588000059

3.589000225

3.591000080

3.593000174

3.594000101

3.598000050

3.600000143

3.601999998

3.604000092

3.605000019

3.612000227

3.614000082

3.616000175

3.617000103

3.621000051

3.623000145

3.625000000

3.626000166

3.628000021

3.632000208

3.634000063

3.635000229

3.637000084

3.639000177

3.641000032

3.644000053

3.646000147

3.648000002

3.649000168

3.651000023

3.653000116

3.656000137

3.657999992

3.660000086

3.662000179

3.663000107

3.665000200

3.669000149

3.671000004

3.673000097

3.675000191

3.677000046

3.679000139

3.682000160

3.684000015

3.686000109

3.687000036

3.689000130

3.693000078

3.695000172

3.696000099

3.698000193

3.702000141

3.706000090

3.710000038

3.712000132

3.714000225

3.717000008

3.719000101

3.721000195

3.723000050

3.724000216

3.726000071

3.730000019

3.731000185

3.733000040

3.735000134

3.737000227

3.738000154

3.742000103

3.744000196

3.745000124

3.747000217

3.749000072

3.750000000

3.754000187

3.756000042

3.757000208

3.759000063

3.761000156

3.763000011

3.766000032

3.768000126

3.769000053

3.771000147

3.773000002

3.775000095

3.778000116

3.780000210

3.782000065

3.782999992

3.785000086

3.787000179

3.790000200

3.792000055

3.794000149

3.796000004

3.797000170

3.800000191

3.802000046

3.804000139

3.805999994

3.807000160

3.809000015

3.813000202

3.814000130

3.816000223

3.818000078

3.819000006

3.821000099

3.825000048

3.826000214

3.828000069

3.830000162

3.832000017

3.833000183

3.837000132

3.839000225

3.840000153

3.842000008

3.844000101

3.849000216

3.851000071

3.851999998

3.854000092

3.856000185

3.858000040

3.861000061

3.863000154

3.865000010

3.866000175

3.868000031

3.870000124

3.874000072

3.875000000

3.877000093

3.879000187

3.880000114

3.882000208

3.885000229

3.887000084

3.889000177

3.891000032

3.892000198

3.894000053

3.898000002

3.900000095

3.902000189

3.904000044

3.905000210

3.909000158

3.911000013

3.913000107

3.915000200

3.916000128

3.920000076

3.922000170

3.924000025

3.925000191

3.927000046

3.929000139

3.932000160

3.935000181

3.936000109

3.938000202

3.940000057

3.941000223

3.945000172

3.947000027

3.949000120

3.950000048

3.952000141

3.956000090

3.958000183

3.959000111

3.961000204

3.963000059

3.965000153

3.968000174

3.970000029

3.972000122

3.973000050

3.975000143

3.976999998

3.981000185

3.983000040

3.985000134

3.986000061

3.988000154

3.990000010

3.993000031

3.995000124

3.997000217

3.999000072

4.000000000

4.004000187

4.006000042

4.008000135

4.009000063

4.011000156

4.015000105

4.017000198

4.018000126

4.024000168

4.029000044

4.031000137

4.032000065

4.034000158

4.036000013

4.037000179

4.041000128

4.043000221

4.044000149

4.046000004

4.048000097

4.052000046

4.054000139

4.055999994

4.057000160

4.059000015

4.061000109

4.065000057

4.066000223

4.068000078

4.070000172

4.072000027

4.073000193

4.076000214

4.078000069

4.080000162

4.082000017

4.084000111

4.085000038

4.089000225

4.091000080

4.093000174

4.094000101

4.096000195

4.099000216

4.101000071

4.103000164

4.105000019

4.106000185

4.108000040

4.112000227

4.113000154

4.115000010

4.117000103

4.119000196

4.120000124

4.124000072

4.126000166

4.128000021

4.130000114

4.131000042

4.135000229

4.137000084

4.139000177

4.140000105

4.142000198

4.144000053

4.147000074

4.149000168

4.151000023

4.153000116

4.155000210

4.156000137

4.159000158

4.161000013

4.163000107

4.165000200

4.166000128

4.168000221

4.171000004

4.173000097

4.175000191

4.177000046

4.179000139

4.180000067

4.183000088

4.185000181

4.187000036

4.189000130

4.190000057

4.192000151

4.196000099

4.198000193

4.200000048

4.203000069

4.203999996

4.208000183

4.210000038

4.211000204

4.214000225

4.216000080

4.219000101

4.221000195

4.222000122

4.224000216

4.226000071

4.228000164

4.231000185

4.233000040

4.235000134

4.237000227

4.238000154

4.240000010

4.243000031

4.245000124

4.247000217

4.249000072

4.251000166

4.252000093

4.256000042

4.257000208

4.259000063

4.261000156

4.262000084

4.264000177

4.267000198

4.269000053

4.271000147

4.273000002

4.274000168

4.276000023

4.279000044

4.281000137

4.282999992

4.285000086

4.286000013

4.288000107

4.291000128

4.293000221

4.295000076

4.297000170

4.299000025

4.303000212

4.304000139

4.307000160

4.308000088

4.310000181

4.312000036

4.315000057

4.317000151

4.319000006

4.321000099

4.322000027

4.326000214

4.328000069

4.328999996

4.331000090

4.333000183

4.335000038

4.338000059

4.340000153

4.342000008

4.344000101

4.346000195

4.347000122

4.351000071

4.353000164

4.354000092

4.356000185

4.358000040

4.359000206

4.363000154

4.365000010

4.367000103

4.369000196

4.370000124

4.374000072

4.376000166

4.379000187

4.380000114

4.382000208

4.384000063

4.387000084

4.389000177

4.391000032

4.393000126

4.394000053

4.396000147

4.399000168

4.401000023

4.402000189

4.405000210

4.406000137

4.410000086

4.412000179

4.413000107

4.415000200

4.417000055

4.419000149

4.422000170

4.424000025

4.426000118

4.434000015

4.436000109

4.438000202

4.439000130

4.441000223

4.443000078

4.447000027

4.448000193

4.450000048

4.452000141

4.453999996

4.455000162

4.459000111

4.461000204

4.463000059

4.464000225

4.466000080

4.468000174

4.471000195

4.473000050

4.475000143

4.476000071

4.478000164

4.480000019

4.483000040

4.485000134

4.487000227

4.488000154

4.490000010

4.492000103

4.495000124

4.497000217

4.499000072

4.501000166

4.502000093

4.506000042

4.508000135

4.510000229

4.512000084

4.514000177

4.517000198

4.519000053

4.520000219

4.522000074

4.524000168

4.526000023

4.529000044

4.531000137

4.532999992

4.534000158

4.536000013

4.538000107

4.541000128

4.543000221

4.545000076

4.547000170

4.548000097

4.550000191

4.555000067

4.557000160

4.559000015

4.560000181

4.562000036

4.564000130

4.567000151

4.569000006

4.571000099

4.573000193

4.574000120

4.578000069

4.578999996

4.581000090

4.583000183

4.585000038

4.586000204

4.590000153

4.592000008

4.594000101

4.595000029

4.597000122

4.601000071

4.603000164

4.605000019

4.606000185

4.608000040

4.610000134

4.613000154

4.615000010

4.617000103

4.619000196

4.620000124

4.622000217

4.625000000

4.627000093

4.629000187

4.631000042

4.633000135

4.634000063

4.638000011

4.640000105

4.641000032

4.643000126

4.645000219

4.646000147

4.650000095

4.652000189

4.654000044

4.655000210

4.657000065

4.661000013

4.663000107

4.664000034

4.666000128

4.668000221

4.669000149

4.673000097

4.675000191

4.676000118

4.678000212

4.680000067

4.682000160

4.685000181

4.687000036

4.689000130

4.691000223

4.692000151

4.694000006

4.698000193

4.699000120

4.701000214

4.703000069

4.703999996

4.708000183

4.710000038

4.712000132

4.714000225

4.715000153

4.717000008

4.721000195

4.723000050

4.724000216

4.726000071

4.728000164

4.729000092

4.734000206

4.736000061

4.737000227

4.739000082

4.741000175

4.742000103

4.746000051

4.748000145

4.750000000

4.751000166

4.753000021

4.755000114

4.758000135

4.760000229

4.762000084

4.763000011

4.765000105

4.767000198

4.770000219

4.772000074

4.773000002

4.775000095

4.777000189

4.778000116

4.782000065

4.784000158

4.786000013

4.787000179

4.789000034

4.793000221

4.795000076

4.797000170

4.799000025

4.800000191

4.804000139

4.805999994

4.808000088

4.809000015

4.811000109

4.813000202

4.816000223

4.818000078

4.820000172

4.822000027

4.824000120

4.825000048

4.828999996

4.831000090

4.833000183

4.840000153

4.842000008

4.843000174

4.845000029

4.847000122

4.849000216

4.853000164

4.854000092

4.856000185

4.858000040

4.860000134

4.861000061

4.864000082

4.866000175

4.868000031

4.870000124

4.871000051

4.873000145

4.877000093

4.878000021

4.880000114

4.882000208

4.884000063

4.885000229

4.889000177

4.891000032

4.892000198

4.894000053

4.896000147

4.900000095

4.902000189

4.904000044

4.905000210

4.907999992

4.912000179

4.914000034

4.915000200

4.917000055

4.919000149

4.921000004

4.924000025

4.926000118

4.928000212

4.930000067

4.930999994

4.933000088

4.936000109

4.938000202

4.941000223

4.943000078

4.945000172

4.948000193

4.950000048

4.952000141

4.953000069

4.955000162

4.957000017

4.960000038

4.962000132

4.964000225

4.966000080

4.967000008

4.969000101

4.973000050

4.975000143

4.976999998

4.978000164

4.980000019

4.982000113

4.985000134

4.987000227

4.989000082

4.990000010

4.992000103

4.994000196

4.996000051

4.998000145

5.000000000

5.002000093

5.004000187

5.007000208

5.009000063

5.010000229

5.012000084

5.014000177

5.016000032

5.019000053

5.021000147

5.023000002

5.025000095

5.026000023

5.028000116

5.031000137

5.032999992

5.035000086

5.037000179

5.038000107

5.040000200

5.044000149

5.046000004

5.047000170

5.049000025

5.051000118

5.052000046

5.055999994

5.058000088

5.059000015

5.061000109

5.063000202

5.064000130

5.068000078

5.070000172

5.072000027

5.073000193

5.075000048

5.077000141

5.080000162

5.082000017

5.085000038

5.086000204

5.088000059

5.090000153

5.093000174

5.095000029

5.097000122

5.099000216

5.103000164

5.105000019

5.106000185

5.108000040

5.110000134

5.112000227

5.115000010

5.117000103

5.119000196

5.121000051

5.123000145

5.124000072

5.128000021

5.130000114

5.132000208

5.134000063

5.136000156

5.139000177

5.141000032

5.143000126

5.145000219

5.146000147

5.148000002

5.151000023

5.153000116

5.155000210

5.157000065

5.159000158

5.160000086

5.164000034

5.166000128

5.168000221

5.169000149

5.171000004

5.173000097

5.176000118

5.178000212

5.179000139

5.180999994

5.183000088

5.187000036

5.189000130

5.190000057

5.192000151

5.194000006

5.198000193

5.200000048

5.202000141

5.203999996

5.205000162

5.207000017

5.211000204

5.213000059

5.215000153

5.217000008

5.218000174

5.222000122

5.224000216

5.226000071

5.228000164

5.229000092

5.231000185

5.234000206

5.236000061

5.238000154

5.240000010

5.242000103

5.248000145

5.250000000

5.252000093

5.253000021

5.255000114

5.259000063

5.261000156

5.263000011

5.265000105

5.267000198

5.268000126

5.272000074

5.274000168

5.276000023

5.277000189

5.279000044

5.281000137

5.284000158

5.286000013

5.287000179

5.289000034

5.291000128

5.294000149

5.296000004

5.298000097

5.299000025

5.301000118

5.303000212

5.305999994

5.308000088

5.310000181

5.312000036

5.313000202

5.315000057

5.318000078

5.320000172

5.322000027

5.324000120

5.326000214

5.327000141

5.331000090

5.333000183

5.335000038

5.336000204

5.338000059

5.340000153

5.343000174

5.345000029

5.346000195

5.348000050

5.350000143

5.351000071

5.355000019

5.357000113

5.359000206

5.361000061

5.363000154

5.366000175

5.368000031

5.370000124

5.372000217

5.373000145

5.375000000

5.378000021

5.380000114

5.382000208

5.384000063

5.385000229

5.387000084

5.391000032

5.393000126

5.395000219

5.397000074

5.399000168

5.402000189

5.404000044

5.406000137

5.407999992

5.409000158

5.413000107

5.415000200

5.416000128

5.418000221

5.420000076

5.422000170

5.425000191

5.427000046

5.429000139

5.430999994

5.433000088

5.434000015

5.439000130

5.441000223

5.442000151

5.444000006

5.446000099

5.448000193

5.451000214

5.453000069

5.455000162

5.457000017

5.458000183

5.462000132

5.464000225

5.465000153

5.467000008

5.469000101

5.470000029

5.474000216

5.476000071

5.476999998

5.479000092

5.481000185

5.483000040

5.486000061

5.488000154

5.490000010

5.492000103

5.494000196

5.497000217

5.499000072

5.501000166

5.503000021

5.505000114

5.506000042

5.510000229

5.512000084

5.514000177

5.515000105

5.517000198

5.521000147

5.523000002

5.524000168

5.526000023

5.528000116

5.530000210

5.532999992

5.535000086

5.537000179

5.539000034

5.540000200

5.542000055

5.546000004

5.547000170

5.549000025

5.551000118

5.553000212

5.554000139

5.557000160

5.559000015

5.561000109

5.563000202

5.564000130

5.566000223

5.570000172

5.572000027

5.573000193

5.575000048

5.577000141

5.578999996

5.582000017

5.584000111

5.586000204

5.588000059

5.589000225

5.592000008

5.594000101

5.596000195

5.598000050

5.599000216

5.601000071

5.604000092

5.606000185

5.608000040

5.610000134

5.612000227

5.614000082

5.618000031

5.620000124

5.621000051

5.623000145

5.625000000

5.627000093

5.630000114

5.632000208

5.634000063

5.635000229

5.637000084

5.639000177

5.642000198

5.644000053

5.646000147

5.648000002

5.649000168

5.655000210

5.657000065

5.659000158

5.661000013

5.663000107

5.666000128

5.668000221

5.669000149

5.671000004

5.673000097

5.677000046

5.678000212

5.680000067

5.682000160

5.684000015

5.686000109

5.689000130

5.691000223

5.693000078

5.695000172

5.696000099

5.698000193

5.701000214

5.703000069

5.705000162

5.707000017

5.709000111

5.710000038

5.714000225

5.716000080

5.717000008

5.719000101

5.721000195

5.722000122

5.725000143

5.726999998

5.729000092

5.731000185

5.732000113

5.736000061

5.738000154

5.740000010

5.741000175

5.743000031

5.745000124

5.748000145

5.750000000

5.752000093

5.754000187

5.755000114

5.757000208

5.760000229

5.762000084

5.764000177

5.766000032

5.767000198

5.769000053

5.772000074

5.774000168

5.776000023

5.778000116

5.779000044

5.781000137

5.785000086

5.786000013

5.788000107

5.791000128

5.793000221

5.796000004

5.798000097

5.800000191

5.802000046

5.804000139

5.805000067

5.809000015

5.811000109

5.812000036

5.814000130

5.816000223

5.817000151

5.821000099

5.823000193

5.824000120

5.826000214

5.828000069

5.830000162

5.833000183

5.834000111

5.836000204

5.837000132

5.839000225

5.840000153

5.842000008

5.845000029

5.847000122

5.849000216

5.850000143

5.851999998

5.854000092

5.857000113

5.859000206

5.861000061

5.863000154

5.864000082

5.868000031

5.870000124

5.871000051

5.873000145

5.875000000

5.877000093

5.881000042

5.882000208

5.884000063

5.886000156

5.888000011

5.889000177

5.892000198

5.894000053

5.896000147

5.897000074

5.899000168

5.903000116

5.905000210

5.907000065

5.907999992

5.910000086

5.912000179

5.916000128

5.917000055

5.919000149

5.921000004

5.922000170

5.924000025

5.928000212

5.929000139

5.930999994

5.933000088

5.935000181

5.936000109

5.940000057

5.942000151

5.943000078

5.946000099

5.948000193

5.951000214

5.953000069

5.953999996

5.956000090

5.958000183

5.960000038

5.963000059

5.965000153

5.968000174

5.970000029

5.972000122

5.973000050

5.976999998

5.979000092

5.980000019

5.982000113

5.984000206

5.986000061

5.989000082

5.991000175

5.993000031

5.995000124

5.997000217

6.000000000

6.002000093

6.004000187

6.006000042

6.007000208

6.011000156

6.013000011

6.015000105

6.016000032

6.018000126

6.020000219

6.024000168

6.025000095

6.027000189

6.029000044

6.031000137

6.032000065

6.035000086

6.037000179

6.039000034

6.041000128

6.042000055

6.044000149

6.047000170

6.049000025

6.051000118

6.053000212

6.054000139

6.061000109

6.063000202

6.065000057

6.066000223

6.068000078

6.071000099

6.073000193

6.075000048

6.077000141

6.078000069

6.080000162

6.083000183

6.085000038

6.087000132

6.089000225

6.091000080

6.094000101

6.096000195

6.098000050

6.100000143

6.101999998

6.103000164

6.107000113

6.109000206

6.110000134

6.112000227

6.114000082

6.115000010

6.119000196

6.121000051

6.123000145

6.124000072

6.126000166

6.130000114

6.132000208

6.133000135

6.135000229

6.138000011

6.139000177

6.144000053

6.146000147

6.147000074

6.149000168

6.151000023

6.153000116

6.156000137

6.157999992

6.159000158

6.161000013

6.163000107

6.165000200

6.168000221

6.170000076

6.172000170

6.173000097

6.175000191

6.177000046

6.180000067

6.182000160

6.184000015

6.186000109

6.187000036

6.190000057

6.192000151

6.194000006

6.196000099

6.197000027

6.199000120

6.202000141

6.203999996

6.206000090

6.209000111

6.210000038

6.214000225

6.216000080

6.218000174

6.219000101

6.221000195

6.223000050

6.226000071

6.228000164

6.230000019

6.232000113

6.233000040

6.235000134

6.238000154

6.240000010

6.242000103

6.244000196

6.245000124

6.247000217

6.250000000

6.252000093

6.254000187

6.256000042

6.258000135

6.259000063

6.263000011

6.264000177

6.272000074

6.275000095

6.277000189

6.279000044

6.280000210

6.282000065

6.284000158

6.287000179

6.289000034

6.291000128

6.293000221

6.294000149

6.298000097

6.300000191

6.302000046

6.304000139

6.305000067

6.309000015

6.311000109

6.313000202

6.314000130

6.316000223

6.318000078

6.323000193

6.324000120

6.326000214

6.328000069

6.328999996

6.331000090

6.334000111

6.336000204

6.338000059

6.340000153

6.341000080

6.343000174

6.347000122

6.348000050

6.350000143

6.351999998

6.354000092

6.355000019

6.359000206

6.361000061

6.363000154

6.364000082

6.366000175

6.368000031

6.371000051

6.373000145

6.375000000

6.377000093

6.378000021

6.382000208

6.384000063

6.386000156

6.387000084

6.390000105

6.393000126

6.395000219

6.398000002

6.400000095

6.401000023

6.405000210

6.407000065

6.409000158

6.411000013

6.412000179

6.414000034

6.417000055

6.419000149

6.421000004

6.423000097

6.424000025

6.426000118

6.430000067

6.432000160

6.433000088

6.435000181

6.437000036

6.439000130

6.442000151

6.444000006

6.446000099

6.448000193

6.449000120

6.453000069

6.455000162

6.456000090

6.458000183

6.460000038

6.461000204

6.465000153

6.467000008

6.473000050

6.474000216

6.478000164

6.480000019

6.481000185

6.483000040

6.485000134

6.487000227

6.489000082

6.491000175

6.493000031

6.496000051

6.497000217

6.502000093

6.503000021

6.505000114

6.507000208

6.509000063

6.510000229

6.514000177

6.515000105

6.517000198

6.519000053

6.520000219

6.522000074

6.526000023

6.527000189

6.529000044

6.531000137

6.532000065

6.534000158

6.538000107

6.540000200

6.542000055

6.543000221

6.545000076

6.549000025

6.551000118

6.552000046

6.554000139

6.555999994

6.558000088

6.561000109

6.563000202

6.565000057

6.567000151

6.569000006

6.570000172

6.574000120

6.576000214

6.578000069

6.578999996

6.581000090

6.583000183

6.586000204

6.588000059

6.590000153

6.592000008

6.593000174

6.597000122

6.599000216

6.601000071

6.603000164

6.605000019

6.608000040

6.610000134

6.612000227

6.614000082

6.615000010

6.617000103

6.620000124

6.622000217

6.624000072

6.626000166

6.628000021

6.629000187

6.633000135

6.635000229

6.637000084

6.638000011

6.640000105

6.644000053

6.646000147

6.648000002

6.649000168

6.651000023

6.653000116

6.657000065

6.657999992

6.660000086

6.662000179

6.664000034

6.668000221

6.670000076

6.673000097

6.675000191

6.676000118

6.678000212

6.682000160

6.684000015

6.686000109

6.688000202

6.690000057

6.694000006

6.695000172

6.697000027

6.699000120

6.701000214

6.703000069

6.706000090

6.708000183

6.710000038

6.712000132

6.713000059

6.717000008

6.719000101

6.721000195

6.723000050

6.724000216

6.729000092

6.731000185

6.732000113

6.734000206

6.736000061

6.740000010

6.742000103

6.744000196

6.746000051

6.748000145

6.749000072

6.753000021

6.755000114

6.757000208

6.759000063

6.761000156

6.765000105

6.766000032

6.768000126

6.770000219

6.772000074

6.773000002

6.777000189

6.779000044

6.781000137

6.782999992

6.785000086

6.787000179

6.789000034

6.791000128

6.793000221

6.795000076

6.799000025

6.801000118

6.803000212

6.804000139

6.805999994

6.808000088

6.812000036

6.813000202

6.815000057

6.817000151

6.819000006

6.823000193

6.825000048

6.827000141

6.828999996

6.831000090

6.832000017

6.836000204

6.838000059

6.840000153

6.842000008

6.843000174

6.847000122

6.850000143

6.851999998

6.854000092

6.856000185

6.858000040

6.861000061

6.863000154

6.865000010

6.867000103

6.869000196

6.872000217

6.874000072

6.876000166

6.878000021

6.880000114

6.882000208

6.885000229

6.888000011

6.890000105

6.891000032

6.895000219

6.902000189

6.904000044

6.907000065

6.909000158

6.911000013

6.913000107

6.914000034

6.917000055

6.920000076

6.922000170

6.924000025

6.926000118

6.928000212

6.930999994

6.933000088

6.935000181

6.937000036

6.939000130

6.943000078

6.945000172

6.947000027

6.949000120

6.951000214

6.955000162

6.957000017

6.959000111

6.961000204

6.963000059

6.964000225

6.968000174

6.970000029

6.972000122

6.974000216

6.975000143

6.979000092

6.981000185

6.983000040

6.985000134

6.987000227

6.991000175

6.993000031

6.994000196

6.997000217

6.998000145

7.002000093

7.004000187

7.006000042

7.008000135

7.009000063

7.011000156

7.015000105

7.017000198

7.019000053

7.021000147

7.023000002

7.027000189

7.029000044

7.031000137

7.032999992

7.035000086

7.036000013

7.040000200

7.042000055

7.044000149

7.046000004

7.048000097

7.051000118

7.053000212

7.055000067

7.057000160

7.059000015

7.061000109

7.064000130

7.066000223

7.068000078

7.070000172

7.072000027

7.075000048

7.077000141

7.078999996

7.081000090

7.083000183

7.084000111

7.087000132

7.089000225

7.091000080

7.093000174

7.095000029

7.099000216

7.100000143

7.101999998

7.104000092

7.106000185

7.110000134

7.112000227

7.113000154

7.115000010

7.117000103

7.119000196

7.123000145

7.124000072

7.126000166

7.128000021

7.130000114

7.132000208

7.135000229

7.137000084

7.139000177

7.141000032

7.143000126

7.147000074

7.148000002

7.151000023

7.153000116

7.154000044

7.157999992

7.160000086

7.162000179

7.164000034

7.165000200

7.167000055

7.171000004

7.173000097

7.175000191

7.177000046

7.178000212

7.182000160

7.184000015

7.186000109

7.188000202

7.190000057

7.194000006

7.196000099

7.202000141

7.206000090

7.209000111

7.211000204

7.212000132

7.214000225

7.218000174

7.220000029

7.221000195

7.223000050

7.225000143

7.226999998

7.231000185

7.232000113

7.234000206

7.236000061

7.238000154

7.240000010

7.243000031

7.245000124

7.247000217

7.249000072

7.251000166

7.254000187

7.256000042

7.258000135

7.260000229

7.262000084

7.263000011

7.267000198

7.269000053

7.271000147

7.273000002

7.275000095

7.278000116

7.280000210

7.282000065

7.284000158

7.286000013

7.290000200

7.292000055

7.293000221

7.295000076

7.298000097

7.301000118

7.303000212

7.305000067

7.307000160

7.309000015

7.310000181

7.314000130

7.316000223

7.318000078

7.320000172

7.321000099

7.325000048

7.327000141

7.333000183

7.335000038

7.338000059

7.340000153

7.342000008

7.344000101

7.346000195

7.349000216

7.351000071

7.353000164

7.355000019

7.357000113

7.358000040

7.362000227

7.364000082

7.366000175

7.368000031

7.370000124

7.373000145

7.375000000

7.378000021

7.380000114

7.382000208

7.383000135

7.386000156

7.388000011

7.390000105

7.392000198

7.394000053

7.398000002

7.400000095

7.401000023

7.403000116

7.405000210

7.409000158

7.411000013

7.413000107

7.414000034

7.416000128

7.418000221

7.422000170

7.423000097

7.425000191

7.427000046

7.429000139

7.430999994

7.434000015

7.436000109

7.438000202

7.440000057

7.441000223

7.445000172

7.447000027

7.449000120

7.451000214

7.453000069

7.457000017

7.459000111

7.461000204

7.463000059

7.465000153

7.466000080

7.470000029

7.472000122

7.474000216

7.475000143

7.476999998

7.481000185

7.483000040

7.485000134

7.487000227

7.489000082

7.493000031

7.495000124

7.496000051

7.499000072

7.500000000

7.504000187

7.506000042

7.508000135

7.510000229

7.512000084

7.513000011

7.517000198

7.519000053

7.521000147

7.523000002

7.525000095

7.529000044

7.530000210

7.532000065

7.534000158

7.536000013

7.537000179

7.541000128

7.543000221

7.545000076

7.547000170

7.548000097

7.552000046

7.555000067

7.557000160

7.559000015

7.561000109

7.562000036

7.566000223

7.568000078

7.570000172

7.572000027

7.574000120

7.577000141

7.578999996

7.581000090

7.583000183

7.586000204

7.589000225

7.591000080

7.593000174

7.595000029

7.597000122

7.601000071

7.601999998

7.604000092

7.606000185

7.608000040

7.609000206

7.613000154

7.615000010

7.617000103

7.619000196

7.621000051

7.624000072

7.626000166

7.628000021

7.630000114

7.632000208

7.634000063

7.637000084

7.639000177

7.641000032

7.643000126

7.645000219

7.649000168

7.651000023

7.653000116

7.654000044

7.656000137

7.660000086

7.662000179

7.663000107

7.665000200

7.667000055

7.669000149

7.673000097

7.675000191

7.677000046

7.678000212

7.680000067

7.684000015

7.687000036

7.690000057

7.694000006

7.697000027

7.699000120

7.701000214

7.703000069

7.705000162

7.709000111

7.710000038

7.713000059

7.714000225

7.716000080

7.720000029

7.722000122

7.724000216

7.725000143

7.726999998

7.729000092

7.734000206

7.735000134

7.737000227

7.739000082

7.741000175

7.743000031

7.746000051

7.748000145

7.750000000

7.752000093

7.754000187

7.757000208

7.759000063

7.761000156

7.763000011

7.765000105

7.769000053

7.775000095

7.777000189

7.781000137

7.782999992

7.785000086

7.787000179

7.789000034

7.793000221

7.795000076

7.797000170

7.798000097

7.800000191

7.804000139

7.805999994

7.808000088

7.810000181

7.812000036

7.813000202

7.817000151

7.819000006

7.821000099

7.822000027

7.824000120

7.828000069

7.830000162

7.832000017

7.834000111

7.835000038

7.837000132

7.841000080

7.843000174

7.845000029

7.846000195

7.848000050

7.851999998

7.854000092

7.856000185

7.858000040

7.859000206

7.861000061

7.865000010

7.866000175

7.868000031

7.870000124

7.872000217

7.876000166

7.878000021

7.879000187

7.881000042

7.884000063

7.887000084

7.890000105

7.891000032

7.893000126

7.895000219

7.899000168

7.901000023

7.902000189

7.904000044

7.906000137

7.909000158

7.913000107

7.914000034

7.916000128

7.918000221

7.920000076

7.922000170

7.925000191

7.927000046

7.929000139

7.930999994

7.932000160

7.936000109

7.938000202

7.940000057

7.942000151

7.944000006

7.945000172

7.949000120

7.951000214

7.953000069

7.955000162

7.957000017

7.961000204

7.963000059

7.965000153

7.967000008

7.969000101

7.972000122

7.974000216

7.976000071

7.978000164

7.980000019

7.982000113

7.984000206

7.986000061

7.988000154

7.990000010

7.992000103

7.996000051

7.997000217

8.000000000

8.002000093

8.003000021

8.007000208

8.009000063

8.011000156

8.013000011

8.016000032

8.019000053

8.021000147

8.023000002

8.025000095

8.027000189

8.028000116

8.032000065

8.034000158

8.036000013

8.038000107

8.040000200

8.043000221

8.045000076

8.047000170

8.049000025

8.051000118

8.053000212

8.055999994

8.058000088

8.060000181

8.062000036

8.064000130

8.067000151

8.069000006

8.071000099

8.073000193

8.075000048

8.077000141

8.080000162

8.082000017

8.085000038

8.087000132

8.091000080

8.093000174

8.095000029

8.097000122

8.099000216

8.100000143

8.104000092

8.106000185

8.108000040

8.110000134

8.112000227

8.115000010

8.117000103

8.119000196

8.121000051

8.123000145

8.124000072

8.128000021

8.130000114

8.132000208

8.134000063

8.136000156

8.140000105

8.141000032

8.143000126

8.145000219

8.147000074

8.151000023

8.153000116

8.155000210

8.157000065

8.159000158

8.160000086

8.164000034

8.166000128

8.168000221

8.170000076

8.172000170

8.175000191

8.177000046

8.179000139

8.182000160

8.183000088

8.187000036

8.189000130

8.191000223

8.193000078

8.195000172

8.199000120

8.200000048

8.207000017

8.211000204

8.212000132

8.214000225

8.216000080

8.218000174

8.222000122

8.224000216

8.226000071

8.228000164

8.230000019

8.231000185

8.235000134

8.237000227

8.239000082

8.241000175

8.242000103

8.246000051

8.248000145

8.250000000

8.252000093

8.253000021

8.255000114

8.260000229

8.262000084

8.264000177

8.265000105

8.267000198

8.271000147

8.273000002

8.275000095

8.276000023

8.278000116

8.280000210

8.282999992

8.285000086

8.291000128

8.295000076

8.297000170

8.299000025

8.300000191

8.302000046

8.305999994

8.308000088

8.310000181

8.312000036

8.313000202

8.315000057

8.319000006

8.321000099

8.323000193

8.324000120

8.326000214

8.330000162

8.332000017

8.334000111

8.335000038

8.337000132

8.339000225

8.343000174

8.344000101

8.346000195

8.348000050

8.350000143

8.354000092

8.356000185

8.358000040

8.360000134

8.362000227

8.363000154

8.367000103

8.369000196

8.371000051

8.373000145

8.374000072

8.378000021

8.380000114

8.382000208

8.384000063

8.386000156

8.390000105

8.392000198

8.394000053

8.396000147

8.397000074

8.401000023

8.403000116

8.405000210

8.407000065

8.409000158

8.410000086

8.414000034

8.416000128

8.418000221

8.420000076

8.422000170

8.425000191

8.427000046

8.429000139

8.430999994

8.433000088

8.435000181

8.439000130

8.441000223

8.443000078

8.445000172

8.447000027

8.450000048

8.452000141

8.453999996

8.456000090

8.458000183

8.460000038

8.463000059

8.465000153

8.467000008

8.469000101

8.470000029

8.474000216

8.476000071

8.478000164

8.480000019

8.482000113

8.486000061

8.487000227

8.490000010

8.491000175

8.493000031

8.497000217

8.499000072

8.501000166

8.502000093

8.504000187

8.506000042

8.510000229

8.512000084

8.514000177

8.515000105

8.517000198

8.521000147

8.523000002

8.524000168

8.526000023

8.528000116

8.530000210

8.534000158

8.535000086

8.537000179

8.539000034

8.541000128

8.545000076

8.547000170

8.548000097

8.550000191

8.552000046

8.554000139

8.558000088

8.559000015

8.561000109

8.563000202

8.565000057

8.566000223

8.570000172

8.572000027

8.574000120

8.576000214

8.578000069

8.581000090

8.583000183

8.585000038

8.586000204

8.588000059

8.592000008

8.594000101

8.596000195

8.598000050

8.599000216

8.601000071

8.605000019

8.607000113

8.608000040

8.611000061

8.613000154

8.617000103

8.619000196

8.621000051

8.623000145

8.625000000

8.626000166

8.630000114

8.634000063

8.642000198

8.644000053

8.646000147

8.648000002

8.650000095

8.654000044

8.655000210

8.657000065

8.659000158

8.661000013

8.663000107

8.666000128

8.668000221

8.670000076

8.672000170

8.674000025

8.678000212

8.680000067

8.682000160

8.684000015

8.685000181

8.689000130

8.691000223

8.693000078

8.695000172

8.697000027

8.701000214

8.703000069

8.705000162

8.706000090

8.708000183

8.712000132

8.714000225

8.715000153

8.717000008

8.719000101

8.721000195

8.725000143

8.726000071

8.728000164

8.730000019

8.732000113

8.734000206

8.737000227

8.739000082

8.741000175

8.743000031

8.745000124

8.748000145

8.750000000

8.752000093

8.754000187

8.756000042

8.757000208

8.761000156

8.763000011

8.765000105

8.767000198

8.769000053

8.772000074

8.774000168

8.776000023

8.778000116

8.780000210

8.784000158

8.786000013

8.787000179

8.790000200

8.792000055

8.796000004

8.798000097

8.800000191

8.802000046

8.804000139

8.805000067

8.809000015

8.811000109

8.813000202

8.815000057

8.817000151

8.820000172

8.822000027

8.824000120

8.826000214

8.828000069

8.830000162

8.833000183

8.835000038

8.837000132

8.839000225

8.840000153

8.844000101

8.846000195

8.848000050

8.850000143

8.851000071

8.853000164

8.857000113

8.858000040

8.860000134

8.862000227

8.864000082

8.868000031

8.870000124

8.872000217

8.874000072

8.875000000

8.877000093

8.880000114

8.882000208

8.884000063

8.885000229

8.887000084

8.891000032

8.893000126

8.895000219

8.897000074

8.899000168

8.901000023

8.904000044

8.906000137

8.907999992

8.910000086

8.912000179

8.915000200

8.917000055

8.919000149

8.921000004

8.923000097

8.927000046

8.929000139

8.930000067

8.932000160

8.934000015

8.936000109

8.940000057

8.941000223

8.943000078

8.945000172

8.947000027

8.949000120

8.952000141

8.953999996

8.956000090

8.958000183

8.960000038

8.964000225

8.967000008

8.968000174

8.970000029

8.972000122

8.976000071

8.978000164

8.980000019

8.982000113

8.984000206

8.988000154

8.990000010

8.992000103

8.994000196

8.996000051

8.999000072

9.001000166

9.003000021

9.005000114

9.006000042

9.008000135

9.012000084

9.014000177

9.016000032

9.018000126

9.020000219

9.023000002

9.025000095

9.027000189

9.029000044

9.031000137

9.032999992

9.036000013

9.038000107

9.040000200

9.042000055

9.044000149

9.047000170

9.049000025

9.051000118

9.053000212

9.055000067

9.055999994

9.060000181

9.062000036

9.064000130

9.066000223

9.072000027

9.074000120

9.076000214

9.078000069

9.080000162

9.083000183

9.085000038

9.087000132

9.089000225

9.091000080

9.095000029

9.096000195

9.098000050

9.100000143

9.101999998

9.106000185

9.108000040

9.109000206

9.111000061

9.113000154

9.115000010

9.119000196

9.121000051

9.123000145

9.124000072

9.126000166

9.130000114

9.132000208

9.134000063

9.136000156

9.138000011

