nSeg: 45

breaks: 
0.000000000000000
0.327999999999996
0.655999999999993
0.983999999999989
1.311999999999986
1.639999999999982
1.967999999999979
2.295999999999975
2.623999999999971
2.951999999999968
3.279999999999964
3.607999999999961
3.935999999999957
4.263999999999953
4.591999999999950
4.919999999999946
5.247999999999942
5.575999999999939
5.903999999999936
6.231999999999932
6.559999999999928
6.887999999999925
7.215999999999921
7.543999999999917
7.871999999999915
8.199999999999910
8.527999999999906
8.855999999999902
9.183999999999900
9.511999999999896
9.839999999999892
10.167999999999889
10.495999999999885
10.823999999999881
11.151999999999878
11.479999999999874
11.807999999999872
12.135999999999866
12.463999999999864
12.791999999999861
13.119999999999855
13.447999999999853
13.775999999999851
14.103999999999845
14.431999999999842
14.759999999999838

coefs_q:
q1:
-0.201587566120484
0.169391570172835
-0.000000000000000
-1.015348268055827
q2:
1.976064816352842
-1.473489253238672
-0.000000000000000
1.364978595511372
q3:
-0.166154411866150
0.072960880092658
0.000000000000000
-0.078999062910680
q4:
2.228412259543519
-1.597249611501661
-0.000000000000000
-1.579935604238382
q5:
-0.039792650539449
0.042143333383662
0.000000000000000
-2.377842979652461
q6:
-0.244264022716501
0.119265903442880
0.000000000000000
0.174498858707245
q7:
-0.095503947678312
0.054602806158696
0.000000000000000
-1.793530123509679

q1:
-0.007624555298997
-0.028970594889719
0.046058079892861
-1.004237977092382
q2:
-0.670442240660517
0.470958526052503
-0.328830078517060
1.276185217653365
q3:
0.239459767551687
-0.090535061183632
-0.005764331397839
-0.077012822035547
q4:
-0.877501809889242
0.595508051889137
-0.328571231552904
-1.673138892956096
q5:
-0.079601811331804
0.002987365252845
0.014802869152774
-2.374713216498842
q6:
0.504901575770010
-0.121089894910154
-0.000598269201266
0.178710482259906
q7:
0.089284167967509
-0.039373078356762
0.004995350719034
-1.791025835731805

q1:
0.021244133236538
-0.036473157303932
0.024592529173344
-0.992516751259730
q2:
0.371280779148509
-0.188756638757439
-0.236267859484280
1.195338288536298
q3:
-0.084848110740798
0.145093350087226
0.012130787362539
-0.080193697757031
q4:
0.372028882983576
-0.267953729041868
-0.221133413659001
-1.747808009397567
q5:
-0.023225192696783
-0.075340817097650
-0.008929063052322
-2.372345435770035
q6:
-0.029142009372633
0.375733255647530
0.082924753120592
0.183303655317742
q7:
0.084107265201787
0.048482542923266
0.007983255096848
-1.790472654237966

q1:
0.099293463995413
-0.015568930199179
0.007522724472324
-0.987624676389980
q2:
-0.186826551429244
0.176583647924690
-0.240260600477421
1.110636826202178
q3:
-0.170787463216188
0.061602809118281
0.079927127581945
-0.063599158646202
q4:
-0.066901190733076
0.098122691813967
-0.276837993869752
-1.836039314509174
q5:
0.160715669609715
-0.098194406711284
-0.065848616461652
-2.384199195112828
q6:
-0.432998582187454
0.347057518424860
0.320000127016334
0.249897510745758
q7:
-0.139087371541633
0.131244091881824
0.066933591312916
-1.779670261173957

q1:
-0.025474105487156
0.082135838372306
0.029356670353109
-0.983328367275608
q2:
0.191014224600068
-0.007253678681684
-0.184720370565716
1.044236272775375
q3:
0.071134117548474
-0.106452054686446
0.065216575035587
-0.036782255672332
q4:
0.048752458425363
0.032291920132621
-0.234062001151271
-1.918646524069194
q5:
-0.085691468806625
0.059949812184673
-0.078392843466380
-2.410690425815309
q6:
0.364001641513309
-0.079013086447590
0.407918700704877
0.376915928484468
q7:
0.095495452279905
-0.005617881715141
0.108138988247588
-1.748504331698126

q1:
-0.078378733383322
0.057069318572945
0.075015961831151
-0.965761796186374
q2:
-0.240057877808786
0.180704318324780
-0.127828560762781
0.989608035845845
q3:
-0.064946548421606
-0.036456083018748
0.018342705868284
-0.024333608040081
q4:
0.081407762736543
0.080264339223178
-0.197143548082570
-1.990224411599449
q5:
0.191241433831053
-0.024370593121045
-0.066722859613510
-2.432977480039675
q6:
-0.772025962562979
0.279164528801502
0.473568373796960
0.515057445276275
q7:
-0.324775226714605
0.088349643328284
0.135275006056699
-1.710269337001269

q1:
-0.054622970360095
-0.020055355076243
0.087156541858070
-0.937782608766363
q2:
0.077497919193153
-0.055512633439063
-0.086765688120266
0.958650106452119
q3:
0.114174279230212
-0.100363486665608
-0.026534112988185
-0.024531096455420
q4:
-0.089216539172371
0.160369577755936
-0.118215623313421
-2.043379656038776
q5:
-0.253951139762761
0.163810977768709
-0.020986413449077
-2.450736021842372
q6:
0.405610258962523
-0.480509018360462
0.407527381221621
0.673178602248966
q7:
0.225544918264348
-0.231229179758884
0.088410518107463
-1.667854649687845

q1:
0.102507528232241
-0.073804357910575
0.056370555998394
-0.913280409264415
q2:
0.142348305292673
0.020745319046999
-0.098169367240863
0.926953401446184
q3:
-0.045009563953364
0.011984004096920
-0.055522583270714
-0.040002860049579
q4:
0.002424243244986
0.072580503210323
-0.041807996756489
-2.068049413097589
q5:
0.066818569065097
-0.086076943757844
0.004510349706487
-2.448957439271239
q6:
0.294902525352721
-0.081388523541344
0.223224987477831
0.769465494163239
q7:
0.076780502372370
-0.009292980186768
0.009519249645290
-1.655773631792189

q1:
-0.106219036333430
0.027063049869948
0.041039406961068
-0.899113795205507
q2:
-0.220897867379492
0.160816051454988
-0.038617237716212
0.902008836620661
q3:
0.027601032253361
-0.032305406833190
-0.062188003368211
-0.058513257594112
q4:
0.027825982581590
0.074965958563389
0.006587242705288
-2.073868389566770
q5:
0.040480677089694
-0.020327471797790
-0.030390298595761
-2.454380682754305
q6:
-0.554073379203302
0.208795561405730
0.265014495897350
0.844333575337610
q7:
-0.199307818965818
0.066259034147643
0.028204115344456
-1.650941697918896

q1:
-0.036058761371283
-0.077456481882145
0.024510361261068
-0.886489528333074
q2:
-0.098183365703728
-0.056547450046430
-0.004417136454205
0.898848671747633
q3:
0.037142567412453
-0.005145991095883
-0.074472061888947
-0.081412494726732
q4:
-0.054269925406352
0.102346725423674
0.064745803053044
-2.062660725466052
q5:
-0.079727799383974
0.019505514458468
-0.030659900603059
-2.465107147421811
q6:
-0.149630324867832
-0.336412643730313
0.223156092894887
0.934169498489761
q7:
0.022878483570918
-0.129859859714720
0.007343044558455
-1.641595421181937

q1:
0.079058907206972
-0.112938303071487
-0.037939128203723
-0.888055633403197
q2:
0.119261745908289
-0.153159881898897
-0.073201141332272
0.887851599502054
q3:
-0.021769031314513
0.031402295237970
-0.065859994130342
-0.105082287053386
q4:
0.059027045721525
0.048945118823824
0.114369527966223
-2.032328284771487
q5:
0.169116186845931
-0.058946640135361
-0.043596589825079
-2.475878512418722
q6:
0.128078306403230
-0.483648883400258
-0.045824088003937
0.965891991226652
q7:
-0.016533305943781
-0.107347431880937
-0.070460947084919
-1.652350420035622

q1:
0.098842371346332
-0.035144338379828
-0.086510234599754
-0.909860226552532
q2:
0.260207540325814
-0.035806323925142
-0.135182056842556
0.851572527471208
q3:
-0.029929979220822
0.009981568424490
-0.052286086849056
-0.124074156421756
q4:
-0.039008889121885
0.107027731813804
0.165528622975364
-1.987466447989719
q5:
-0.069172631598097
0.107463687721033
-0.027682998216979
-2.490552212976303
q6:
0.690252514693835
-0.357619829899482
-0.321760225966249
0.903348378786904
q7:
0.209977335504355
-0.123616204929617
-0.146217019958780
-1.687593896684177

q1:
-0.066133425171892
0.062116555024962
-0.077663347540150
-0.938528646682819
q2:
-0.170027629378449
0.220237895755456
-0.074688501282214
0.812562712383726
q3:
0.020305654353236
-0.019469531128799
-0.055398138616069
-0.141206291548980
q4:
-0.022048515643334
0.068642984917870
0.223148618063353
-1.923035116357694
q5:
-0.010286191448830
0.039397818228506
0.020487575734469
-2.490511795846187
q6:
-0.368942501423632
0.321588644559246
-0.333578454757847
0.783694174395459
q7:
-0.092824787016805
0.083001493206666
-0.159538645403908
-1.741442618876373

q1:
-0.011612842448321
-0.002958735344179
-0.058259582684853
-0.959653163899873
q2:
0.091624837421733
0.052930708447065
0.014910800896212
0.805759098926986
q3:
0.030469577275347
0.000511232754785
-0.061616460482746
-0.160754954218127
q4:
-0.009128403880184
0.046947245524830
0.261062213648558
-1.843235520885799
q5:
-0.122254480405508
0.029276205842858
0.043012655629876
-2.479916270644619
q6:
0.279232211858028
-0.041450776841604
-0.241693234146461
0.695859156267152
q7:
0.143561260601544
-0.008338097217869
-0.135049051519582
-1.788117221422452

q1:
0.000867721447019
-0.014385772313327
-0.063948581196515
-0.979490408385536
q2:
-0.125098088991120
0.143089548470050
0.079205445165025
0.819577555173524
q3:
-0.003227664662183
0.030493296793727
-0.051446974790834
-0.179834955999255
q4:
-0.036501179255725
0.037964896106728
0.288913396103709
-1.752878461373128
q5:
0.066815259988324
-0.091022202876161
0.022759968602952
-2.466972529603163
q6:
-0.238510879308432
0.233313719626693
-0.178762188912953
0.621977756287401
q7:
-0.104898937657480
0.132926183214049
-0.094184159312836
-1.828244430723300

q1:
0.011517652753902
-0.013531934409461
-0.073105589001589
-1.001982602180866
q2:
0.084042119635984
0.019993028902789
0.132696530543315
0.856536681849879
q3:
-0.046619193909291
0.027317274766139
-0.032485107319198
-0.193542869272997
q4:
0.128943216689307
0.002047735719095
0.302037539342579
-1.655318489329415
q5:
0.104716353916158
-0.025275987047652
-0.015385837692058
-2.466942045614393
q6:
-0.033985449626507
-0.001380985612801
-0.102688252156397
0.580028116480109
q7:
-0.064292204488417
0.029705628559090
-0.040840925051246
-1.848537731200343

q1:
0.023383248315536
-0.002198564099621
-0.078265192512567
-1.027010625234423
q2:
-0.142947814853140
0.102690474624596
0.172936719700297
0.905177714556408
q3:
0.041242649798121
-0.018556012040603
-0.029611413145222
-0.202904160014526
q4:
-0.231785190366787
0.128927860941372
0.344997535047212
-1.551479782361475
q5:
-0.102003848111969
0.077764905205846
0.001830527463829
-2.471012708383856
q6:
0.090303919317075
-0.034822668045283
-0.114563050556248
0.544998534495705
q7:
0.066122043828032
-0.033557900657511
-0.042104470299529
-1.861006418783329

q1:
-0.039652660315053
0.020810552242867
-0.072160460401583
-1.052093001107775
q2:
0.259087218501708
-0.037970175190892
0.194164977914552
0.967904532190201
q3:
-0.107681793271458
0.022026755360748
-0.028473009336215
-0.213157681376166
q4:
0.455964404322567
-0.099148766379544
0.354765078063491
-1.432629147832373
q5:
0.245122856463341
-0.022606881336330
0.019922359293031
-2.465645501908505
q6:
-0.214878387434037
0.054036388562718
-0.108260950226530
0.506862096242978
q7:
-0.177398320539668
0.031506190469271
-0.042777431241271
-1.876093693165984

q1:
0.105390470873190
-0.018207665507145
-0.071306713552266
-1.074921994979803
q2:
-0.540272461275934
0.216971647814786
0.252877460935189
1.036648215313851
q3:
0.143454751629678
-0.083932129218366
-0.048777971961514
-0.223926928869234
q4:
-0.905797517914915
0.349520207473858
0.436886910742425
-1.310843155482045
q5:
-0.324494844756515
0.218594009423595
0.084206137305653
-2.452893321238240
q6:
0.344255468170605
-0.157403944672372
-0.142165508630496
0.469583423125553
q7:
0.242311634961716
-0.143053756941761
-0.079365033044248
-1.892995081078431

q1:
-0.038360091949894
0.085496557832073
-0.049235956869689
-1.096550478789625
q2:
0.052460618066272
-0.314656454080726
0.220836844479961
1.123869807687655
q3:
0.029312809349817
0.057227346385235
-0.057537140730781
-0.243893690854659
q4:
0.104719192899908
-0.541784550154408
0.373824206343205
-1.161904843772557
q5:
-0.099954058262375
-0.100708917816812
0.122872447352677
-2.413207119000236
q6:
-0.014493300749942
0.181343436007499
-0.134313355472575
0.418166923045473
q7:
0.046840916658233
0.095380891860564
-0.095001732790880
-1.925866522884850

q1:
-0.070612144573682
0.047750227353378
-0.005531011328862
-1.104855444704484
q2:
0.386894829400802
-0.263035205903515
0.031353980005132
1.164303499509228
q3:
-0.125954892937369
0.086071150785454
-0.010535233658795
-0.255574748896649
q4:
0.645540392615707
-0.438740864340899
0.052211870388749
-1.093882569170944
q5:
0.290858056492394
-0.199063711146988
0.024547025052552
-2.387266758511507
q6:
-0.245491460673165
0.167082028069557
-0.020029803255302
0.393110361566034
q7:
-0.207013964815950
0.141472353852265
-0.017313868197073
-1.945112732088027

q1:
0.028466495721368
-0.021732122907125
0.003002926929509
-1.104024185684240
q2:
-0.154084023247443
0.117669306226871
-0.016326035088807
1.159941796769999
q3:
0.049572813337179
-0.037868463864915
0.005275247651141
-0.254215066684813
q4:
-0.257278438698240
0.196470881992952
-0.027252683821377
-1.101179032660158
q5:
-0.113989330406877
0.087140616441526
-0.012163750010839
-2.390367735801214
q6:
0.097521847539879
-0.074481569232835
0.010343147243143
0.395853146322070
q7:
0.081399169620423
-0.062229387526628
0.008677824757736
-1.942876535187994

q1:
0.000042757325615
0.006278908882701
-0.002065727270502
-1.104372741414176
q2:
0.000008862431789
-0.033949372648611
0.011134103124862
1.161808943919268
q3:
-0.000083077466694
0.010911184458868
-0.003566739994042
-0.254809523043260
q4:
-0.000002711857791
-0.056691101686113
0.018595084119265
-1.098059515869283
q5:
-0.000013921330443
-0.025024884678839
0.008210210007322
-2.389004914149702
q6:
-0.000027588209222
0.021479928746405
-0.007041390836407
0.394673980739675
q7:
0.000084864313858
0.017867395379867
-0.005872908666401
-1.943852717664384

q1:
-0.028570803078059
0.006320982091106
0.002067036968907
-1.104373281024313
q2:
0.154062165608223
-0.033940652015731
-0.011133824965041
1.161808833170718
q3:
-0.049369730733570
0.010829436231641
0.003564183592445
-0.254808476492909
q4:
0.257284580843958
-0.056693770154179
-0.018595153844351
-1.098059479456786
q5:
0.114022264401280
-0.025038583267995
-0.008210607479240
-2.389004733710260
q6:
-0.097454279108082
0.021452781948530
0.007040538271532
0.394674327679219
q7:
-0.081605654060801
0.017950901864703
0.005875492829818
-1.943853791188527

q1:
0.070788343499095
-0.021792688137704
-0.003007682614377
-1.104023450060521
q2:
-0.386855447072630
0.117656518942759
0.016324979387024
1.159941944155857
q3:
0.125607583122462
-0.037750378810191
-0.005265885573320
-0.254216487147529
q4:
-0.645545857058522
0.196474257396273
0.027252845971056
-1.101179089460671
q5:
-0.290903045208641
0.087159324902864
0.012164995776997
-2.390367997321537
q6:
0.245374572613951
-0.074442228693823
-0.010340000260924
0.395852677383783
q7:
0.207357088793614
-0.062349061731124
-0.008687103606368
-1.942875063475299

q1:
0.038277696460554
0.047863041865405
0.005543393408309
-1.104856567166425
q2:
-0.052486623774289
-0.263009240976703
-0.031350713440109
1.164303314623679
q3:
-0.029104878137012
0.085847482982309
0.010509964595135
-0.255572650248465
q4:
-0.104719209340578
-0.438742865949305
-0.052211257634337
-1.093882402473781
q5:
0.099960527665286
-0.199089271582436
-0.024548026733902
-2.387266186231091
q6:
0.014562865524809
0.167006350758302
0.020021031776225
0.393111032556996
q7:
-0.047046137240279
0.141690313641789
0.017336827020329
-1.945115070862096

q1:
-0.105501569327153
0.085528295182590
0.049295751960050
-1.096538310428161
q2:
0.540255907916187
-0.314656078770603
-0.220824938317223
1.123872569968347
q3:
-0.143285910838373
0.057208282895490
0.057432255803052
-0.243916606152806
q4:
0.905803067443902
-0.541786567940432
-0.373824911950167
-1.161904692013137
q5:
0.324537901117775
-0.100728112359796
-0.122888128666953
-2.413209396875799
q6:
-0.344198534682780
0.181336210434715
0.134277391847533
0.418159030094055
q7:
-0.242481079015256
0.095396914597356
0.095101437882768
-1.925845123910856

q1:
0.039752556115132
-0.018285249035327
0.071351471096352
-1.074890719790053
q2:
-0.259068354777307
0.216955734618919
-0.252870651198975
1.036654339065742
q3:
0.107497260145139
-0.083785053369467
0.048715075087588
-0.223980339371953
q4:
-0.455969900936273
0.349523650424356
-0.436887148895439
-1.310843256413907
q5:
-0.245149230054884
0.218617182340091
-0.084220513713416
-2.452901288257010
q6:
0.214817074591638
-0.157355147693137
0.142143180426770
0.469564965792511
q7:
0.177581583141419
-0.143204467153654
0.079420560644302
-1.892945234310033

q1:
-0.023431733971437
0.020831266181963
0.072186564720449
-1.052051867111621
q2:
0.142940277491936
-0.037967526481949
-0.194162518930049
0.967911843184962
q3:
-0.041164069908976
0.021992250613349
0.028447035783581
-0.213222410767696
q4:
0.231788040580010
-0.099150732096933
-0.354764831684045
-1.432629150434080
q5:
0.102014852530404
-0.022609660033913
-0.019930046396990
-2.465656622013456
q6:
-0.090277826579466
0.054024853705034
0.108250843998673
0.506839401453213
q7:
-0.066195133317679
0.031535810657502
0.042793241313565
-1.876035380463616

q1:
-0.011471765190589
-0.002225560045931
0.078289236333067
-1.026960411473361
q2:
-0.084036046378828
0.102685706570114
-0.172934955861131
0.905185851081764
q3:
0.046551715886013
-0.018513194177083
0.029588166294676
-0.202978347998139
q4:
-0.128944096265207
0.128928699833793
-0.344997658266355
-1.551479815053416
q5:
-0.104721770615990
0.077772954856003
-0.001836485695345
-2.471026260483319
q6:
0.033962504293610
-0.034808527649159
0.114553798945000
0.544972204645910
q7:
0.064351616385524
-0.033600200527094
0.042116121436339
-1.860942312868084

q1:
-0.001033339821724
-0.013513776993470
0.073126733784143
-1.001925787118792
q2:
0.125077030179620
0.019994236933348
-0.132695934391996
0.856545098258485
q3:
0.003441905749072
0.027293694254754
0.032468170320152
-0.193622456840816
q4:
0.036500568135024
0.002047709108831
-0.302037396133174
-1.655318503223912
q5:
-0.066778893858547
-0.025273267430130
0.015383411780341
-2.466956877142307
q6:
0.238591103047360
-0.001389423424247
0.102680870992923
0.579999463697573
q7:
0.104736662369857
0.029721789996261
0.040844002782225
-1.848472258000984

q1:
0.011784762499626
-0.014530583378047
0.063928183582286
-0.979430548654351
q2:
-0.091596913190676
0.143070034630093
-0.079210853319188
0.819585553970617
q3:
-0.030701358557712
0.030680529511840
0.051483715715595
-0.179915075745003
q4:
0.009130484637388
0.037964268153695
-0.288913467591066
-1.752878452722734
q5:
0.122206490365934
-0.090983698986940
-0.022748873204458
-2.466986580971095
q6:
-0.279323376739151
0.233384221974353
0.178775164917357
0.621948605609098
q7:
-0.143367428699985
0.132782665768200
0.094145464272968
-1.828181935613774

q1:
0.065916832184842
-0.002934377078416
0.058199676552566
-0.959609507301992
q2:
0.170001544352776
0.052938672050469
-0.014919997527964
0.805764209850311
q3:
-0.020044348598101
0.000470392691051
0.061701218198143
-0.160811058689862
q4:
0.022044553816523
0.046948665036884
-0.261062025504556
-1.843235529816128
q5:
0.010285380173585
0.029267487533137
-0.042991790561305
-2.479924233770443
q6:
0.369053967847842
-0.041469980736968
0.241723036043219
0.695838629657381
q7:
0.092633668615481
-0.008290884072584
0.134978768669130
-1.788076018613592

q1:
-0.098424161505223
0.061927785791469
0.077549514610447
-0.938509661772957
q2:
-0.260162001011855
0.220220191693598
0.074676109780088
0.812564743091445
q3:
0.029422459754608
-0.019253246329479
0.055540442204739
-0.141229768387059
q4:
0.039013595425209
0.068640505992343
-0.223148777406970
-1.923035050663176
q5:
0.069139313552149
0.039388301623944
-0.020472691717783
-2.490513881808070
q6:
-0.690443876848794
0.321679123625304
0.333631634910592
0.783685290153186
q7:
-0.209625747525157
0.082860645845048
0.159437650530498
-1.741426133563963

q1:
-0.079206919114544
-0.034921589129670
0.086407547115517
-0.909884129791313
q2:
-0.119282440007058
-0.035779217302065
0.135172749380511
0.851570196063348
q3:
0.021974916748393
0.009698454069055
0.052406470343320
-0.124045598018457
q4:
-0.059029232477521
0.107029883890748
-0.165528889525316
-1.987466535178707
q5:
-0.169019201656819
0.107421386159258
0.027680885875107
-2.490551616527378
q6:
-0.128023087199368
-0.357717651193904
0.321810997868091
0.903359919032581
q7:
0.016349491477671
-0.123411089719705
0.146137104939610
-1.687613283933700

q1:
0.035906056315957
-0.112861197538381
0.037934793088397
-0.888094476859365
q2:
0.098170481902510
-0.153153138269009
0.073202936753199
0.887848401241494
q3:
-0.036975189160748
0.031321772149474
0.065861104542997
-0.105037436245829
q4:
0.054268128850100
0.048945119132868
-0.114369088533571
-2.032328305025079
q5:
0.079634665063733
-0.058893508271050
0.043598029822439
-2.475879737419248
q6:
0.149711763559073
-0.483692368998081
0.045828511245124
0.965911609200521
q7:
-0.022922433705115
-0.107323190105677
0.070456261156886
-1.652380438659220

q1:
0.106304501496319
-0.077529638123479
-0.024513401008693
-0.886526886972975
q2:
0.220905941976578
-0.056553384076940
0.004419197423729
0.898846333254010
q3:
-0.027699210741692
-0.005061813984702
0.074474370821042
-0.081370036331017
q4:
-0.027822308764355
0.102344957921367
-0.064745943259782
-2.062660664948558
q5:
-0.040350152594866
0.019467002151663
0.030666135815281
-2.465105470446881
q6:
0.554036213570993
-0.336375993655954
-0.223153911705398
0.934188762704235
q7:
0.199242999924578
-0.129878864871510
-0.007346012875631
-1.641625919655427

q1:
-0.102361444723313
0.027073991348896
-0.041062853150755
-0.899157005467317
q2:
-0.142344877930912
0.160818062828009
0.038618012054078
0.902006820651067
q3:
0.044842834633321
-0.032317837354527
0.062213845181775
-0.058464450236852
q4:
-0.002426709347981
0.074967806097242
-0.006587356661679
-2.073868435552037
q5:
-0.067103567612460
-0.020237548001684
0.030413396776474
-2.454376498047885
q6:
-0.294996112684781
0.208795640497893
-0.265000267541241
0.844356186459653
q7:
-0.076400299693317
0.066176247054271
-0.028240471519685
-1.650977501956496

q1:
0.053756361633729
-0.073649670258842
-0.056339675833218
-0.913324977818954
q2:
-0.077526169628701
0.020750702943992
0.098172567227294
0.926951976794172
q3:
-0.113183479083140
0.011807511924661
0.055486458440779
-0.039952797372228
q4:
0.089216695124040
0.072579924098829
0.041808298842632
-2.068049384718208
q5:
0.254719114577692
-0.086267458532344
-0.004520245366687
-2.448946060900924
q6:
-0.405112240343197
-0.081480534383930
-0.223240912735862
0.769489478227290
q7:
-0.226900357698856
-0.009001647843952
-0.009487202978700
-1.655816850800109

q1:
0.079279718103181
-0.020753410411254
-0.087303886293009
-0.937830987210896
q2:
0.240085345781939
-0.055535047970650
0.086763302058551
0.958649313728117
q3:
0.063931007788887
-0.099565031493148
0.026701992022316
-0.024476907544437
q4:
-0.081408776471511
0.160369152100883
0.118215595836137
-2.043379585375118
q5:
-0.191753862827103
0.164376150212103
0.021099405504274
-2.450721285638886
q6:
0.771547021055667
-0.480110978881633
-0.407442929086965
0.673205037791821
q7:
0.325882499409924
-0.232271599819625
-0.088624828212353
-1.667903844829883

q1:
0.025276451601661
0.057257832202275
-0.075330435945554
-0.965901809645575
q2:
-0.191070408357240
0.180708932278774
0.127820336111615
0.989605018326165
q3:
-0.070895248817188
-0.036656919828884
-0.017978808011310
-0.024174289747514
q4:
-0.048744779884670
0.080262916052918
0.197142914190582
-1.990224431514241
q5:
0.087048629831030
-0.024309650809763
0.067041217308240
-2.432882961294779
q6:
-0.363874379121474
0.279091289837130
-0.473377387093561
0.515137503125244
q7:
-0.097018433881489
0.088396779599735
-0.135815769244476
-1.710461900634711

q1:
-0.098482955267481
0.082129860578309
-0.029611272713523
-0.983558221915798
q2:
0.186938986170386
-0.007304349544749
0.184697039248375
1.044229071370487
q3:
0.169804009220236
-0.106417844664997
-0.064907330765302
-0.036516756617283
q4:
0.066880889905671
0.032298052646403
0.234062911923959
-1.918646634054002
q5:
-0.163335219889482
0.061346200943970
0.079189205752260
-2.410437038438702
q6:
0.432419528202633
-0.078961099218397
-0.407734684570617
0.377055241409678
q7:
0.142308567719270
-0.007069359339650
-0.109140375399168
-1.748922936840992

q1:
-0.022489439604936
-0.014777367404892
-0.007519654952643
-0.987910082850492
q2:
-0.371329027787225
0.176643612846909
0.240240317611483
1.110620488297845
q3:
0.086282543455958
0.060669300407714
-0.079912853281691
-0.063263250703574
q4:
-0.371985083717096
0.098108848313582
0.276836375438834
-1.836039182366680
q5:
0.023441285042758
-0.099375655427278
0.066715544681736
-2.383626809334887
q6:
0.029899691158943
0.346539716532991
-0.319968898091431
0.250082340559471
q7:
-0.085147239615306
0.132962271296111
-0.067847500277449
-1.780459808943677

q1:
0.008161363963372
-0.036906975976148
-0.024472119581623
-0.992759935239357
q2:
0.670407891565474
-0.188744150495714
0.236271341262675
1.195320046541781
q3:
-0.240002585697480
0.145571323168375
-0.012265928748735
-0.079902920826010
q4:
0.877405607670694
-0.267924474064034
0.221136850192687
-1.747808351870667
q5:
0.080811777508530
-0.076309430945205
0.009090836351562
-2.371608155627873
q6:
-0.505133727704842
0.375961012633391
-0.082988658924862
0.183469757755522
q7:
-0.090313169088033
0.049177387514652
-0.008105692187520
-1.791413813685141

q1:
0.201367559106101
-0.028876193836190
-0.046048999280070
-1.004469396010298
q2:
-1.976023322141846
0.470937214804708
0.328830666356024
1.276168249123834
q3:
0.166258602174194
-0.090591221157944
0.005767544710686
-0.076734103946783
q4:
-2.228253223160435
0.595442643883923
0.328562809893610
-1.673138355619400
q5:
0.039598975700379
0.003209358123188
-0.014885987534060
-2.373984385322324
q6:
0.244232639929205
-0.121090575428170
0.000608844478450
0.178871934527980
q7:
0.096145732998710
-0.039690770867972
-0.004994081927409
-1.791968711314750

coefs_qdot:
qdot1:
-0.604762698361452
0.338783140345670
-0.000000000000000
qdot2:
5.928194449058525
-2.946978506477344
-0.000000000000000
qdot3:
-0.498463235598449
0.145921760185315
0.000000000000000
qdot4:
6.685236778630556
-3.194499223003323
-0.000000000000000
qdot5:
-0.119377951618347
0.084286666767324
0.000000000000000
qdot6:
-0.732792068149503
0.238531806885760
0.000000000000000
qdot7:
-0.286511843034935
0.109205612317391
0.000000000000000

qdot1:
-0.022873665896991
-0.057941189779438
0.046058079892861
qdot2:
-2.011326721981552
0.941917052105006
-0.328830078517060
qdot3:
0.718379302655062
-0.181070122367264
-0.005764331397839
qdot4:
-2.632505429667727
1.191016103778274
-0.328571231552904
qdot5:
-0.238805433995413
0.005974730505689
0.014802869152774
qdot6:
1.514704727310030
-0.242179789820309
-0.000598269201266
qdot7:
0.267852503902528
-0.078746156713524
0.004995350719034

qdot1:
0.063732399709614
-0.072946314607864
0.024592529173344
qdot2:
1.113842337445528
-0.377513277514878
-0.236267859484280
qdot3:
-0.254544332222394
0.290186700174451
0.012130787362539
qdot4:
1.116086648950729
-0.535907458083736
-0.221133413659001
qdot5:
-0.069675578090349
-0.150681634195300
-0.008929063052322
qdot6:
-0.087426028117898
0.751466511295060
0.082924753120592
qdot7:
0.252321795605361
0.096965085846533
0.007983255096848

qdot1:
0.297880391986240
-0.031137860398358
0.007522724472324
qdot2:
-0.560479654287733
0.353167295849381
-0.240260600477421
qdot3:
-0.512362389648565
0.123205618236562
0.079927127581945
qdot4:
-0.200703572199227
0.196245383627934
-0.276837993869752
qdot5:
0.482147008829144
-0.196388813422569
-0.065848616461652
qdot6:
-1.298995746562362
0.694115036849720
0.320000127016334
qdot7:
-0.417262114624898
0.262488183763648
0.066933591312916

qdot1:
-0.076422316461467
0.164271676744613
0.029356670353109
qdot2:
0.573042673800203
-0.014507357363368
-0.184720370565716
qdot3:
0.213402352645423
-0.212904109372892
0.065216575035587
qdot4:
0.146257375276088
0.064583840265243
-0.234062001151271
qdot5:
-0.257074406419875
0.119899624369346
-0.078392843466380
qdot6:
1.092004924539926
-0.158026172895180
0.407918700704877
qdot7:
0.286486356839715
-0.011235763430282
0.108138988247588

qdot1:
-0.235136200149966
0.114138637145891
0.075015961831151
qdot2:
-0.720173633426358
0.361408636649560
-0.127828560762781
qdot3:
-0.194839645264819
-0.072912166037496
0.018342705868284
qdot4:
0.244223288209630
0.160528678446356
-0.197143548082570
qdot5:
0.573724301493158
-0.048741186242090
-0.066722859613510
qdot6:
-2.316077887688937
0.558329057603003
0.473568373796960
qdot7:
-0.974325680143815
0.176699286656569
0.135275006056699

qdot1:
-0.163868911080284
-0.040110710152486
0.087156541858070
qdot2:
0.232493757579458
-0.111025266878125
-0.086765688120266
qdot3:
0.342522837690637
-0.200726973331216
-0.026534112988185
qdot4:
-0.267649617517114
0.320739155511872
-0.118215623313421
qdot5:
-0.761853419288282
0.327621955537419
-0.020986413449077
qdot6:
1.216830776887570
-0.961018036720924
0.407527381221621
qdot7:
0.676634754793043
-0.462458359517768
0.088410518107463

qdot1:
0.307522584696722
-0.147608715821151
0.056370555998394
qdot2:
0.427044915878020
0.041490638093997
-0.098169367240863
qdot3:
-0.135028691860092
0.023968008193839
-0.055522583270714
qdot4:
0.007272729734958
0.145161006420647
-0.041807996756489
qdot5:
0.200455707195290
-0.172153887515689
0.004510349706487
qdot6:
0.884707576058162
-0.162777047082687
0.223224987477831
qdot7:
0.230341507117109
-0.018585960373536
0.009519249645290

qdot1:
-0.318657109000289
0.054126099739897
0.041039406961068
qdot2:
-0.662693602138477
0.321632102909976
-0.038617237716212
qdot3:
0.082803096760083
-0.064610813666380
-0.062188003368211
qdot4:
0.083477947744770
0.149931917126779
0.006587242705288
qdot5:
0.121442031269082
-0.040654943595580
-0.030390298595761
qdot6:
-1.662220137609905
0.417591122811461
0.265014495897350
qdot7:
-0.597923456897454
0.132518068295286
0.028204115344456

qdot1:
-0.108176284113849
-0.154912963764291
0.024510361261068
qdot2:
-0.294550097111183
-0.113094900092861
-0.004417136454205
qdot3:
0.111427702237359
-0.010291982191766
-0.074472061888947
qdot4:
-0.162809776219056
0.204693450847347
0.064745803053044
qdot5:
-0.239183398151922
0.039011028916936
-0.030659900603059
qdot6:
-0.448890974603497
-0.672825287460626
0.223156092894887
qdot7:
0.068635450712755
-0.259719719429440
0.007343044558455

qdot1:
0.237176721620916
-0.225876606142974
-0.037939128203723
qdot2:
0.357785237724867
-0.306319763797794
-0.073201141332272
qdot3:
-0.065307093943539
0.062804590475940
-0.065859994130342
qdot4:
0.177081137164576
0.097890237647648
0.114369527966223
qdot5:
0.507348560537792
-0.117893280270723
-0.043596589825079
qdot6:
0.384234919209689
-0.967297766800517
-0.045824088003937
qdot7:
-0.049599917831343
-0.214694863761874
-0.070460947084919

qdot1:
0.296527114038996
-0.070288676759655
-0.086510234599754
qdot2:
0.780622620977442
-0.071612647850284
-0.135182056842556
qdot3:
-0.089789937662466
0.019963136848979
-0.052286086849056
qdot4:
-0.117026667365654
0.214055463627609
0.165528622975364
qdot5:
-0.207517894794292
0.214927375442065
-0.027682998216979
qdot6:
2.070757544081506
-0.715239659798963
-0.321760225966249
qdot7:
0.629932006513066
-0.247232409859234
-0.146217019958780

qdot1:
-0.198400275515676
0.124233110049925
-0.077663347540150
qdot2:
-0.510082888135346
0.440475791510913
-0.074688501282214
qdot3:
0.060916963059708
-0.038939062257598
-0.055398138616069
qdot4:
-0.066145546930002
0.137285969835740
0.223148618063353
qdot5:
-0.030858574346489
0.078795636457011
0.020487575734469
qdot6:
-1.106827504270896
0.643177289118491
-0.333578454757847
qdot7:
-0.278474361050415
0.166002986413333
-0.159538645403908

qdot1:
-0.034838527344964
-0.005917470688357
-0.058259582684853
qdot2:
0.274874512265199
0.105861416894130
0.014910800896212
qdot3:
0.091408731826042
0.001022465509570
-0.061616460482746
qdot4:
-0.027385211640553
0.093894491049659
0.261062213648558
qdot5:
-0.366763441216525
0.058552411685715
0.043012655629876
qdot6:
0.837696635574084
-0.082901553683207
-0.241693234146461
qdot7:
0.430683781804632
-0.016676194435737
-0.135049051519582

qdot1:
0.002603164341056
-0.028771544626654
-0.063948581196515
qdot2:
-0.375294266973361
0.286179096940099
0.079205445165025
qdot3:
-0.009682993986548
0.060986593587453
-0.051446974790834
qdot4:
-0.109503537767175
0.075929792213457
0.288913396103709
qdot5:
0.200445779964971
-0.182044405752323
0.022759968602952
qdot6:
-0.715532637925296
0.466627439253386
-0.178762188912953
qdot7:
-0.314696812972440
0.265852366428099
-0.094184159312836

qdot1:
0.034552958261707
-0.027063868818921
-0.073105589001589
qdot2:
0.252126358907953
0.039986057805577
0.132696530543315
qdot3:
-0.139857581727873
0.054634549532278
-0.032485107319198
qdot4:
0.386829650067920
0.004095471438191
0.302037539342579
qdot5:
0.314149061748473
-0.050551974095304
-0.015385837692058
qdot6:
-0.101956348879520
-0.002761971225602
-0.102688252156397
qdot7:
-0.192876613465251
0.059411257118181
-0.040840925051246

qdot1:
0.070149744946609
-0.004397128199241
-0.078265192512567
qdot2:
-0.428843444559419
0.205380949249193
0.172936719700297
qdot3:
0.123727949394362
-0.037112024081206
-0.029611413145222
qdot4:
-0.695355571100361
0.257855721882744
0.344997535047212
qdot5:
-0.306011544335906
0.155529810411692
0.001830527463829
qdot6:
0.270911757951225
-0.069645336090566
-0.114563050556248
qdot7:
0.198366131484095
-0.067115801315023
-0.042104470299529

qdot1:
-0.118957980945158
0.041621104485734
-0.072160460401583
qdot2:
0.777261655505123
-0.075940350381783
0.194164977914552
qdot3:
-0.323045379814375
0.044053510721495
-0.028473009336215
qdot4:
1.367893212967702
-0.198297532759088
0.354765078063491
qdot5:
0.735368569390022
-0.045213762672660
0.019922359293031
qdot6:
-0.644635162302110
0.108072777125436
-0.108260950226530
qdot7:
-0.532194961619005
0.063012380938542
-0.042777431241271

qdot1:
0.316171412619571
-0.036415331014289
-0.071306713552266
qdot2:
-1.620817383827802
0.433943295629572
0.252877460935189
qdot3:
0.430364254889033
-0.167864258436733
-0.048777971961514
qdot4:
-2.717392553744746
0.699040414947715
0.436886910742425
qdot5:
-0.973484534269544
0.437188018847189
0.084206137305653
qdot6:
1.032766404511816
-0.314807889344744
-0.142165508630496
qdot7:
0.726934904885147
-0.286107513883522
-0.079365033044248

qdot1:
-0.115080275849683
0.170993115664147
-0.049235956869689
qdot2:
0.157381854198816
-0.629312908161452
0.220836844479961
qdot3:
0.087938428049452
0.114454692770469
-0.057537140730781
qdot4:
0.314157578699725
-1.083569100308815
0.373824206343205
qdot5:
-0.299862174787126
-0.201417835633623
0.122872447352677
qdot6:
-0.043479902249825
0.362686872014998
-0.134313355472575
qdot7:
0.140522749974700
0.190761783721128
-0.095001732790880

qdot1:
-0.211836433721045
0.095500454706755
-0.005531011328862
qdot2:
1.160684488202405
-0.526070411807031
0.031353980005132
qdot3:
-0.377864678812106
0.172142301570909
-0.010535233658795
qdot4:
1.936621177847121
-0.877481728681799
0.052211870388749
qdot5:
0.872574169477183
-0.398127422293975
0.024547025052552
qdot6:
-0.736474382019494
0.334164056139113
-0.020029803255302
qdot7:
-0.621041894447849
0.282944707704531
-0.017313868197073

qdot1:
0.085399487164103
-0.043464245814249
0.003002926929509
qdot2:
-0.462252069742329
0.235338612453742
-0.016326035088807
qdot3:
0.148718440011536
-0.075736927729831
0.005275247651141
qdot4:
-0.771835316094720
0.392941763985903
-0.027252683821377
qdot5:
-0.341967991220631
0.174281232883052
-0.012163750010839
qdot6:
0.292565542619638
-0.148963138465671
0.010343147243143
qdot7:
0.244197508861268
-0.124458775053256
0.008677824757736

qdot1:
0.000128271976845
0.012557817765401
-0.002065727270502
qdot2:
0.000026587295366
-0.067898745297222
0.011134103124862
qdot3:
-0.000249232400081
0.021822368917736
-0.003566739994042
qdot4:
-0.000008135573372
-0.113382203372227
0.018595084119265
qdot5:
-0.000041763991328
-0.050049769357679
0.008210210007322
qdot6:
-0.000082764627667
0.042959857492809
-0.007041390836407
qdot7:
0.000254592941573
0.035734790759734
-0.005872908666401

qdot1:
-0.085712409234176
0.012641964182212
0.002067036968907
qdot2:
0.462186496824669
-0.067881304031462
-0.011133824965041
qdot3:
-0.148109192200711
0.021658872463283
0.003564183592445
qdot4:
0.771853742531873
-0.113387540308359
-0.018595153844351
qdot5:
0.342066793203840
-0.050077166535990
-0.008210607479240
qdot6:
-0.292362837324247
0.042905563897059
0.007040538271532
qdot7:
-0.244816962182403
0.035901803729406
0.005875492829818

qdot1:
0.212365030497286
-0.043585376275407
-0.003007682614377
qdot2:
-1.160566341217889
0.235313037885519
0.016324979387024
qdot3:
0.376822749367385
-0.075500757620383
-0.005265885573320
qdot4:
-1.936637571175566
0.392948514792546
0.027252845971056
qdot5:
-0.872709135625924
0.174318649805727
0.012164995776997
qdot6:
0.736123717841854
-0.148884457387645
-0.010340000260924
qdot7:
0.622071266380842
-0.124698123462249
-0.008687103606368

qdot1:
0.114833089381661
0.095726083730811
0.005543393408309
qdot2:
-0.157459871322866
-0.526018481953407
-0.031350713440109
qdot3:
-0.087314634411035
0.171694965964619
0.010509964595135
qdot4:
-0.314157628021734
-0.877485731898609
-0.052211257634337
qdot5:
0.299881582995858
-0.398178543164872
-0.024548026733902
qdot6:
0.043688596574428
0.334012701516605
0.020021031776225
qdot7:
-0.141138411720836
0.283380627283578
0.017336827020329

qdot1:
-0.316504707981458
0.171056590365180
0.049295751960050
qdot2:
1.620767723748562
-0.629312157541205
-0.220824938317223
qdot3:
-0.429857732515120
0.114416565790980
0.057432255803052
qdot4:
2.717409202331706
-1.083573135880864
-0.373824911950167
qdot5:
0.973613703353325
-0.201456224719591
-0.122888128666953
qdot6:
-1.032595604048340
0.362672420869429
0.134277391847533
qdot7:
-0.727443237045769
0.190793829194711
0.095101437882768

qdot1:
0.119257668345396
-0.036570498070654
0.071351471096352
qdot2:
-0.777205064331921
0.433911469237838
-0.252870651198975
qdot3:
0.322491780435418
-0.167570106738935
0.048715075087588
qdot4:
-1.367909702808820
0.699047300848713
-0.436887148895439
qdot5:
-0.735447690164652
0.437234364680182
-0.084220513713416
qdot6:
0.644451223774915
-0.314710295386273
0.142143180426770
qdot7:
0.532744749424258
-0.286408934307307
0.079420560644302

qdot1:
-0.070295201914312
0.041662532363925
0.072186564720449
qdot2:
0.428820832475807
-0.075935052963898
-0.194162518930049
qdot3:
-0.123492209726928
0.043984501226698
0.028447035783581
qdot4:
0.695364121740029
-0.198301464193867
-0.354764831684045
qdot5:
0.306044557591211
-0.045219320067826
-0.019930046396990
qdot6:
-0.270833479738398
0.108049707410068
0.108250843998673
qdot7:
-0.198585399953038
0.063071621315003
0.042793241313565

qdot1:
-0.034415295571766
-0.004451120091863
0.078289236333067
qdot2:
-0.252108139136484
0.205371413140228
-0.172934955861131
qdot3:
0.139655147658040
-0.037026388354166
0.029588166294676
qdot4:
-0.386832288795620
0.257857399667587
-0.344997658266355
qdot5:
-0.314165311847971
0.155545909712006
-0.001836485695345
qdot6:
0.101887512880831
-0.069617055298319
0.114553798945000
qdot7:
0.193054849156572
-0.067200401054188
0.042116121436339

qdot1:
-0.003100019465172
-0.027027553986941
0.073126733784143
qdot2:
0.375231090538860
0.039988473866696
-0.132695934391996
qdot3:
0.010325717247215
0.054587388509507
0.032468170320152
qdot4:
0.109501704405072
0.004095418217663
-0.302037396133174
qdot5:
-0.200336681575641
-0.050546534860261
0.015383411780341
qdot6:
0.715773309142081
-0.002778846848495
0.102680870992923
qdot7:
0.314209987109572
0.059443579992522
0.040844002782225

qdot1:
0.035354287498877
-0.029061166756094
0.063928183582286
qdot2:
-0.274790739572029
0.286140069260186
-0.079210853319188
qdot3:
-0.092104075673137
0.061361059023680
0.051483715715595
qdot4:
0.027391453912164
0.075928536307389
-0.288913467591066
qdot5:
0.366619471097802
-0.181967397973880
-0.022748873204458
qdot6:
-0.837970130217454
0.466768443948707
0.178775164917357
qdot7:
-0.430102286099956
0.265565331536399
0.094145464272968

qdot1:
0.197750496554527
-0.005868754156831
0.058199676552566
qdot2:
0.510004633058328
0.105877344100937
-0.014919997527964
qdot3:
-0.060133045794302
0.000940785382103
0.061701218198143
qdot4:
0.066133661449570
0.093897330073769
-0.261062025504556
qdot5:
0.030856140520754
0.058534975066275
-0.042991790561305
qdot6:
1.107161903543527
-0.082939961473936
0.241723036043219
qdot7:
0.277901005846444
-0.016581768145168
0.134978768669130

qdot1:
-0.295272484515670
0.123855571582937
0.077549514610447
qdot2:
-0.780486003035564
0.440440383387196
0.074676109780088
qdot3:
0.088267379263825
-0.038506492658959
0.055540442204739
qdot4:
0.117040786275626
0.137281011984687
-0.223148777406970
qdot5:
0.207417940656446
0.078776603247889
-0.020472691717783
qdot6:
-2.071331630546383
0.643358247250609
0.333631634910592
qdot7:
-0.628877242575472
0.165721291690097
0.159437650530498

qdot1:
-0.237620757343631
-0.069843178259341
0.086407547115517
qdot2:
-0.357847320021175
-0.071558434604130
0.135172749380511
qdot3:
0.065924750245180
0.019396908138110
0.052406470343320
qdot4:
-0.177087697432562
0.214059767781497
-0.165528889525316
qdot5:
-0.507057604970457
0.214842772318516
0.027680885875107
qdot6:
-0.384069261598104
-0.715435302387808
0.321810997868091
qdot7:
0.049048474433013
-0.246822179439410
0.146137104939610

qdot1:
0.107718168947871
-0.225722395076761
0.037934793088397
qdot2:
0.294511445707529
-0.306306276538018
0.073202936753199
qdot3:
-0.110925567482245
0.062643544298948
0.065861104542997
qdot4:
0.162804386550300
0.097890238265737
-0.114369088533571
qdot5:
0.238903995191199
-0.117787016542099
0.043598029822439
qdot6:
0.449135290677218
-0.967384737996161
0.045828511245124
qdot7:
-0.068767301115345
-0.214646380211354
0.070456261156886

qdot1:
0.318913504488956
-0.155059276246958
-0.024513401008693
qdot2:
0.662717825929733
-0.113106768153880
0.004419197423729
qdot3:
-0.083097632225076
-0.010123627969404
0.074474370821042
qdot4:
-0.083466926293064
0.204689915842733
-0.064745943259782
qdot5:
-0.121050457784598
0.038934004303326
0.030666135815281
qdot6:
1.662108640712978
-0.672751987311908
-0.223153911705398
qdot7:
0.597728999773734
-0.259757729743020
-0.007346012875631

qdot1:
-0.307084334169938
0.054147982697793
-0.041062853150755
qdot2:
-0.427034633792736
0.321636125656017
0.038618012054078
qdot3:
0.134528503899964
-0.064635674709053
0.062213845181775
qdot4:
-0.007280128043942
0.149935612194484
-0.006587356661679
qdot5:
-0.201310702837379
-0.040475096003368
0.030413396776474
qdot6:
-0.884988338054344
0.417591280995785
-0.265000267541241
qdot7:
-0.229200899079951
0.132352494108543
-0.028240471519685

qdot1:
0.161269084901187
-0.147299340517685
-0.056339675833218
qdot2:
-0.232578508886104
0.041501405887984
0.098172567227294
qdot3:
-0.339550437249421
0.023615023849322
0.055486458440779
qdot4:
0.267650085372119
0.145159848197658
0.041808298842632
qdot5:
0.764157343733076
-0.172534917064688
-0.004520245366687
qdot6:
-1.215336721029590
-0.162961068767860
-0.223240912735862
qdot7:
-0.680701073096568
-0.018003295687904
-0.009487202978700

qdot1:
0.237839154309542
-0.041506820822507
-0.087303886293009
qdot2:
0.720256037345817
-0.111070095941299
0.086763302058551
qdot3:
0.191793023366662
-0.199130062986296
0.026701992022316
qdot4:
-0.244226329414534
0.320738304201767
0.118215595836137
qdot5:
-0.575261588481308
0.328752300424206
0.021099405504274
qdot6:
2.314641063167001
-0.960221957763265
-0.407442929086965
qdot7:
0.977647498229772
-0.464543199639249
-0.088624828212353

qdot1:
0.075829354804983
0.114515664404549
-0.075330435945554
qdot2:
-0.573211225071721
0.361417864557548
0.127820336111615
qdot3:
-0.212685746451565
-0.073313839657768
-0.017978808011310
qdot4:
-0.146234339654010
0.160525832105835
0.197142914190582
qdot5:
0.261145889493090
-0.048619301619525
0.067041217308240
qdot6:
-1.091623137364421
0.558182579674260
-0.473377387093561
qdot7:
-0.291055301644468
0.176793559199469
-0.135815769244476

qdot1:
-0.295448865802443
0.164259721156618
-0.029611272713523
qdot2:
0.560816958511158
-0.014608699089498
0.184697039248375
qdot3:
0.509412027660708
-0.212835689329994
-0.064907330765302
qdot4:
0.200642669717012
0.064596105292806
0.234062911923959
qdot5:
-0.490005659668445
0.122692401887941
0.079189205752260
qdot6:
1.297258584607900
-0.157922198436794
-0.407734684570617
qdot7:
0.426925703157811
-0.014138718679300
-0.109140375399168

qdot1:
-0.067468318814807
-0.029554734809783
-0.007519654952643
qdot2:
-1.113987083361675
0.353287225693818
0.240240317611483
qdot3:
0.258847630367873
0.121338600815428
-0.079912853281691
qdot4:
-1.115955251151288
0.196217696627165
0.276836375438834
qdot5:
0.070323855128273
-0.198751310854557
0.066715544681736
qdot6:
0.089699073476830
0.693079433065982
-0.319968898091431
qdot7:
-0.255441718845917
0.265924542592222
-0.067847500277449

qdot1:
0.024484091890115
-0.073813951952296
-0.024472119581623
qdot2:
2.011223674696423
-0.377488300991427
0.236271341262675
qdot3:
-0.720007757092439
0.291142646336749
-0.012265928748735
qdot4:
2.632216823012082
-0.535848948128067
0.221136850192687
qdot5:
0.242435332525591
-0.152618861890411
0.009090836351562
qdot6:
-1.515401183114525
0.751922025266781
-0.082988658924862
qdot7:
-0.270939507264099
0.098354775029304
-0.008105692187520

qdot1:
0.604102677318302
-0.057752387672380
-0.046048999280070
qdot2:
-5.928069966425539
0.941874429609416
0.328830666356024
qdot3:
0.498775806522583
-0.181182442315887
0.005767544710686
qdot4:
-6.684759669481306
1.190885287767846
0.328562809893610
qdot5:
0.118796927101138
0.006418716246376
-0.014885987534060
qdot6:
0.732697919787614
-0.242181150856340
0.000608844478450
qdot7:
0.288437198996130
-0.079381541735944
-0.004994081927409

coefs_qdotdot:
qdotdot1:
-1.209525396722903
0.338783140345670
qdotdot2:
11.856388898117050
-2.946978506477344
qdotdot3:
-0.996926471196899
0.145921760185315
qdotdot4:
13.370473557261112
-3.194499223003323
qdotdot5:
-0.238755903236694
0.084286666767324
qdotdot6:
-1.465584136299006
0.238531806885760
qdotdot7:
-0.573023686069870
0.109205612317391

qdotdot1:
-0.045747331793983
-0.057941189779438
qdotdot2:
-4.022653443963105
0.941917052105006
qdotdot3:
1.436758605310123
-0.181070122367264
qdotdot4:
-5.265010859335455
1.191016103778274
qdotdot5:
-0.477610867990827
0.005974730505689
qdotdot6:
3.029409454620061
-0.242179789820309
qdotdot7:
0.535705007805056
-0.078746156713524

qdotdot1:
0.127464799419227
-0.072946314607864
qdotdot2:
2.227684674891055
-0.377513277514878
qdotdot3:
-0.509088664444789
0.290186700174451
qdotdot4:
2.232173297901459
-0.535907458083736
qdotdot5:
-0.139351156180698
-0.150681634195300
qdotdot6:
-0.174852056235795
0.751466511295060
qdotdot7:
0.504643591210723
0.096965085846533

qdotdot1:
0.595760783972480
-0.031137860398358
qdotdot2:
-1.120959308575467
0.353167295849381
qdotdot3:
-1.024724779297129
0.123205618236562
qdotdot4:
-0.401407144398454
0.196245383627934
qdotdot5:
0.964294017658289
-0.196388813422569
qdotdot6:
-2.597991493124724
0.694115036849720
qdotdot7:
-0.834524229249796
0.262488183763648

qdotdot1:
-0.152844632922935
0.164271676744613
qdotdot2:
1.146085347600406
-0.014507357363368
qdotdot3:
0.426804705290846
-0.212904109372892
qdotdot4:
0.292514750552177
0.064583840265243
qdotdot5:
-0.514148812839749
0.119899624369346
qdotdot6:
2.184009849079851
-0.158026172895180
qdotdot7:
0.572972713679430
-0.011235763430282

qdotdot1:
-0.470272400299933
0.114138637145891
qdotdot2:
-1.440347266852715
0.361408636649560
qdotdot3:
-0.389679290529637
-0.072912166037496
qdotdot4:
0.488446576419260
0.160528678446356
qdotdot5:
1.147448602986316
-0.048741186242090
qdotdot6:
-4.632155775377874
0.558329057603003
qdotdot7:
-1.948651360287630
0.176699286656569

qdotdot1:
-0.327737822160568
-0.040110710152486
qdotdot2:
0.464987515158916
-0.111025266878125
qdotdot3:
0.685045675381273
-0.200726973331216
qdotdot4:
-0.535299235034228
0.320739155511872
qdotdot5:
-1.523706838576564
0.327621955537419
qdotdot6:
2.433661553775140
-0.961018036720924
qdotdot7:
1.353269509586087
-0.462458359517768

qdotdot1:
0.615045169393445
-0.147608715821151
qdotdot2:
0.854089831756041
0.041490638093997
qdotdot3:
-0.270057383720185
0.023968008193839
qdotdot4:
0.014545459469915
0.145161006420647
qdotdot5:
0.400911414390580
-0.172153887515689
qdotdot6:
1.769415152116325
-0.162777047082687
qdotdot7:
0.460683014234218
-0.018585960373536

qdotdot1:
-0.637314218000578
0.054126099739897
qdotdot2:
-1.325387204276954
0.321632102909976
qdotdot3:
0.165606193520166
-0.064610813666380
qdotdot4:
0.166955895489539
0.149931917126779
qdotdot5:
0.242884062538163
-0.040654943595580
qdotdot6:
-3.324440275219810
0.417591122811461
qdotdot7:
-1.195846913794908
0.132518068295286

qdotdot1:
-0.216352568227697
-0.154912963764291
qdotdot2:
-0.589100194222365
-0.113094900092861
qdotdot3:
0.222855404474717
-0.010291982191766
qdotdot4:
-0.325619552438111
0.204693450847347
qdotdot5:
-0.478366796303845
0.039011028916936
qdotdot6:
-0.897781949206995
-0.672825287460626
qdotdot7:
0.137270901425509
-0.259719719429440

qdotdot1:
0.474353443241832
-0.225876606142974
qdotdot2:
0.715570475449734
-0.306319763797794
qdotdot3:
-0.130614187887077
0.062804590475940
qdotdot4:
0.354162274329151
0.097890237647648
qdotdot5:
1.014697121075583
-0.117893280270723
qdotdot6:
0.768469838419377
-0.967297766800517
qdotdot7:
-0.099199835662686
-0.214694863761874

qdotdot1:
0.593054228077993
-0.070288676759655
qdotdot2:
1.561245241954883
-0.071612647850284
qdotdot3:
-0.179579875324931
0.019963136848979
qdotdot4:
-0.234053334731309
0.214055463627609
qdotdot5:
-0.415035789588583
0.214927375442065
qdotdot6:
4.141515088163013
-0.715239659798963
qdotdot7:
1.259864013026132
-0.247232409859234

qdotdot1:
-0.396800551031352
0.124233110049925
qdotdot2:
-1.020165776270691
0.440475791510913
qdotdot3:
0.121833926119416
-0.038939062257598
qdotdot4:
-0.132291093860004
0.137285969835740
qdotdot5:
-0.061717148692977
0.078795636457011
qdotdot6:
-2.213655008541792
0.643177289118491
qdotdot7:
-0.556948722100830
0.166002986413333

qdotdot1:
-0.069677054689929
-0.005917470688357
qdotdot2:
0.549749024530399
0.105861416894130
qdotdot3:
0.182817463652084
0.001022465509570
qdotdot4:
-0.054770423281106
0.093894491049659
qdotdot5:
-0.733526882433050
0.058552411685715
qdotdot6:
1.675393271148168
-0.082901553683207
qdotdot7:
0.861367563609264
-0.016676194435737

qdotdot1:
0.005206328682112
-0.028771544626654
qdotdot2:
-0.750588533946723
0.286179096940099
qdotdot3:
-0.019365987973096
0.060986593587453
qdotdot4:
-0.219007075534350
0.075929792213457
qdotdot5:
0.400891559929941
-0.182044405752323
qdotdot6:
-1.431065275850592
0.466627439253386
qdotdot7:
-0.629393625944880
0.265852366428099

qdotdot1:
0.069105916523414
-0.027063868818921
qdotdot2:
0.504252717815906
0.039986057805577
qdotdot3:
-0.279715163455746
0.054634549532278
qdotdot4:
0.773659300135839
0.004095471438191
qdotdot5:
0.628298123496945
-0.050551974095304
qdotdot6:
-0.203912697759040
-0.002761971225602
qdotdot7:
-0.385753226930502
0.059411257118181

qdotdot1:
0.140299489893218
-0.004397128199241
qdotdot2:
-0.857686889118837
0.205380949249193
qdotdot3:
0.247455898788725
-0.037112024081206
qdotdot4:
-1.390711142200721
0.257855721882744
qdotdot5:
-0.612023088671813
0.155529810411692
qdotdot6:
0.541823515902450
-0.069645336090566
qdotdot7:
0.396732262968190
-0.067115801315023

qdotdot1:
-0.237915961890316
0.041621104485734
qdotdot2:
1.554523311010245
-0.075940350381783
qdotdot3:
-0.646090759628750
0.044053510721495
qdotdot4:
2.735786425935404
-0.198297532759088
qdotdot5:
1.470737138780043
-0.045213762672660
qdotdot6:
-1.289270324604219
0.108072777125436
qdotdot7:
-1.064389923238010
0.063012380938542

qdotdot1:
0.632342825239141
-0.036415331014289
qdotdot2:
-3.241634767655604
0.433943295629572
qdotdot3:
0.860728509778065
-0.167864258436733
qdotdot4:
-5.434785107489492
0.699040414947715
qdotdot5:
-1.946969068539087
0.437188018847189
qdotdot6:
2.065532809023631
-0.314807889344744
qdotdot7:
1.453869809770293
-0.286107513883522

qdotdot1:
-0.230160551699366
0.170993115664147
qdotdot2:
0.314763708397632
-0.629312908161452
qdotdot3:
0.175876856098904
0.114454692770469
qdotdot4:
0.628315157399450
-1.083569100308815
qdotdot5:
-0.599724349574252
-0.201417835633623
qdotdot6:
-0.086959804499651
0.362686872014998
qdotdot7:
0.281045499949400
0.190761783721128

qdotdot1:
-0.423672867442090
0.095500454706755
qdotdot2:
2.321368976404811
-0.526070411807031
qdotdot3:
-0.755729357624211
0.172142301570909
qdotdot4:
3.873242355694241
-0.877481728681799
qdotdot5:
1.745148338954365
-0.398127422293975
qdotdot6:
-1.472948764038987
0.334164056139113
qdotdot7:
-1.242083788895699
0.282944707704531

qdotdot1:
0.170798974328206
-0.043464245814249
qdotdot2:
-0.924504139484658
0.235338612453742
qdotdot3:
0.297436880023072
-0.075736927729831
qdotdot4:
-1.543670632189440
0.392941763985903
qdotdot5:
-0.683935982441262
0.174281232883052
qdotdot6:
0.585131085239276
-0.148963138465671
qdotdot7:
0.488395017722537
-0.124458775053256

qdotdot1:
0.000256543953691
0.012557817765401
qdotdot2:
0.000053174590733
-0.067898745297222
qdotdot3:
-0.000498464800162
0.021822368917736
qdotdot4:
-0.000016271146744
-0.113382203372227
qdotdot5:
-0.000083527982655
-0.050049769357679
qdotdot6:
-0.000165529255334
0.042959857492809
qdotdot7:
0.000509185883146
0.035734790759734

qdotdot1:
-0.171424818468353
0.012641964182212
qdotdot2:
0.924372993649338
-0.067881304031462
qdotdot3:
-0.296218384401422
0.021658872463283
qdotdot4:
1.543707485063746
-0.113387540308359
qdotdot5:
0.684133586407679
-0.050077166535990
qdotdot6:
-0.584725674648494
0.042905563897059
qdotdot7:
-0.489633924364806
0.035901803729406

qdotdot1:
0.424730060994572
-0.043585376275407
qdotdot2:
-2.321132682435778
0.235313037885519
qdotdot3:
0.753645498734770
-0.075500757620383
qdotdot4:
-3.873275142351132
0.392948514792546
qdotdot5:
-1.745418271251848
0.174318649805727
qdotdot6:
1.472247435683707
-0.148884457387645
qdotdot7:
1.244142532761685
-0.124698123462249

qdotdot1:
0.229666178763323
0.095726083730811
qdotdot2:
-0.314919742645731
-0.526018481953407
qdotdot3:
-0.174629268822071
0.171694965964619
qdotdot4:
-0.628315256043469
-0.877485731898609
qdotdot5:
0.599763165991716
-0.398178543164872
qdotdot6:
0.087377193148857
0.334012701516605
qdotdot7:
-0.282276823441671
0.283380627283578

qdotdot1:
-0.633009415962915
0.171056590365180
qdotdot2:
3.241535447497124
-0.629312157541205
qdotdot3:
-0.859715465030240
0.114416565790980
qdotdot4:
5.434818404663413
-1.083573135880864
qdotdot5:
1.947227406706650
-0.201456224719591
qdotdot6:
-2.065191208096680
0.362672420869429
qdotdot7:
-1.454886474091539
0.190793829194711

qdotdot1:
0.238515336690793
-0.036570498070654
qdotdot2:
-1.554410128663841
0.433911469237838
qdotdot3:
0.644983560870836
-0.167570106738935
qdotdot4:
-2.735819405617639
0.699047300848713
qdotdot5:
-1.470895380329303
0.437234364680182
qdotdot6:
1.288902447549830
-0.314710295386273
qdotdot7:
1.065489498848516
-0.286408934307307

qdotdot1:
-0.140590403828624
0.041662532363925
qdotdot2:
0.857641664951615
-0.075935052963898
qdotdot3:
-0.246984419453857
0.043984501226698
qdotdot4:
1.390728243480058
-0.198301464193867
qdotdot5:
0.612089115182421
-0.045219320067826
qdotdot6:
-0.541666959476796
0.108049707410068
qdotdot7:
-0.397170799906076
0.063071621315003

qdotdot1:
-0.068830591143532
-0.004451120091863
qdotdot2:
-0.504216278272969
0.205371413140228
qdotdot3:
0.279310295316081
-0.037026388354166
qdotdot4:
-0.773664577591241
0.257857399667587
qdotdot5:
-0.628330623695942
0.155545909712006
qdotdot6:
0.203775025761662
-0.069617055298319
qdotdot7:
0.386109698313144
-0.067200401054188

qdotdot1:
-0.006200038930345
-0.027027553986941
qdotdot2:
0.750462181077720
0.039988473866696
qdotdot3:
0.020651434494430
0.054587388509507
qdotdot4:
0.219003408810143
0.004095418217663
qdotdot5:
-0.400673363151283
-0.050546534860261
qdotdot6:
1.431546618284161
-0.002778846848495
qdotdot7:
0.628419974219144
0.059443579992522

qdotdot1:
0.070708574997754
-0.029061166756094
qdotdot2:
-0.549581479144059
0.286140069260186
qdotdot3:
-0.184208151346275
0.061361059023680
qdotdot4:
0.054782907824329
0.075928536307389
qdotdot5:
0.733238942195604
-0.181967397973880
qdotdot6:
-1.675940260434908
0.466768443948707
qdotdot7:
-0.860204572199912
0.265565331536399

qdotdot1:
0.395500993109055
-0.005868754156831
qdotdot2:
1.020009266116656
0.105877344100937
qdotdot3:
-0.120266091588604
0.000940785382103
qdotdot4:
0.132267322899141
0.093897330073769
qdotdot5:
0.061712281041507
0.058534975066275
qdotdot6:
2.214323807087055
-0.082939961473936
qdotdot7:
0.555802011692888
-0.016581768145168

qdotdot1:
-0.590544969031339
0.123855571582937
qdotdot2:
-1.560972006071128
0.440440383387196
qdotdot3:
0.176534758527650
-0.038506492658959
qdotdot4:
0.234081572551252
0.137281011984687
qdotdot5:
0.414835881312891
0.078776603247889
qdotdot6:
-4.142663261092766
0.643358247250609
qdotdot7:
-1.257754485150944
0.165721291690097

qdotdot1:
-0.475241514687263
-0.069843178259341
qdotdot2:
-0.715694640042350
-0.071558434604130
qdotdot3:
0.131849500490360
0.019396908138110
qdotdot4:
-0.354175394865125
0.214059767781497
qdotdot5:
-1.014115209940913
0.214842772318516
qdotdot6:
-0.768138523196208
-0.715435302387808
qdotdot7:
0.098096948866025
-0.246822179439410

qdotdot1:
0.215436337895741
-0.225722395076761
qdotdot2:
0.589022891415058
-0.306306276538018
qdotdot3:
-0.221851134964490
0.062643544298948
qdotdot4:
0.325608773100600
0.097890238265737
qdotdot5:
0.477807990382399
-0.117787016542099
qdotdot6:
0.898270581354436
-0.967384737996161
qdotdot7:
-0.137534602230690
-0.214646380211354

qdotdot1:
0.637827008977911
-0.155059276246958
qdotdot2:
1.325435651859467
-0.113106768153880
qdotdot3:
-0.166195264450153
-0.010123627969404
qdotdot4:
-0.166933852586129
0.204689915842733
qdotdot5:
-0.242100915569195
0.038934004303326
qdotdot6:
3.324217281425955
-0.672751987311908
qdotdot7:
1.195457999547468
-0.259757729743020

qdotdot1:
-0.614168668339875
0.054147982697793
qdotdot2:
-0.854069267585472
0.321636125656017
qdotdot3:
0.269057007799928
-0.064635674709053
qdotdot4:
-0.014560256087883
0.149935612194484
qdotdot5:
-0.402621405674759
-0.040475096003368
qdotdot6:
-1.769976676108689
0.417591280995785
qdotdot7:
-0.458401798159902
0.132352494108543

qdotdot1:
0.322538169802373
-0.147299340517685
qdotdot2:
-0.465157017772209
0.041501405887984
qdotdot3:
-0.679100874498841
0.023615023849322
qdotdot4:
0.535300170744238
0.145159848197658
qdotdot5:
1.528314687466152
-0.172534917064688
qdotdot6:
-2.430673442059179
-0.162961068767860
qdotdot7:
-1.361402146193136
-0.018003295687904

qdotdot1:
0.475678308619084
-0.041506820822507
qdotdot2:
1.440512074691633
-0.111070095941299
qdotdot3:
0.383586046733324
-0.199130062986296
qdotdot4:
-0.488452658829068
0.320738304201767
qdotdot5:
-1.150523176962616
0.328752300424206
qdotdot6:
4.629282126334003
-0.960221957763265
qdotdot7:
1.955294996459544
-0.464543199639249

qdotdot1:
0.151658709609966
0.114515664404549
qdotdot2:
-1.146422450143442
0.361417864557548
qdotdot3:
-0.425371492903131
-0.073313839657768
qdotdot4:
-0.292468679308019
0.160525832105835
qdotdot5:
0.522291778986181
-0.048619301619525
qdotdot6:
-2.183246274728841
0.558182579674260
qdotdot7:
-0.582110603288935
0.176793559199469

qdotdot1:
-0.590897731604885
0.164259721156618
qdotdot2:
1.121633917022315
-0.014608699089498
qdotdot3:
1.018824055321416
-0.212835689329994
qdotdot4:
0.401285339434024
0.064596105292806
qdotdot5:
-0.980011319336890
0.122692401887941
qdotdot6:
2.594517169215800
-0.157922198436794
qdotdot7:
0.853851406315623
-0.014138718679300

qdotdot1:
-0.134936637629614
-0.029554734809783
qdotdot2:
-2.227974166723351
0.353287225693818
qdotdot3:
0.517695260735745
0.121338600815428
qdotdot4:
-2.231910502302577
0.196217696627165
qdotdot5:
0.140647710256546
-0.198751310854557
qdotdot6:
0.179398146953660
0.693079433065982
qdotdot7:
-0.510883437691833
0.265924542592222

qdotdot1:
0.048968183780230
-0.073813951952296
qdotdot2:
4.022447349392846
-0.377488300991427
qdotdot3:
-1.440015514184878
0.291142646336749
qdotdot4:
5.264433646024164
-0.535848948128067
qdotdot5:
0.484870665051181
-0.152618861890411
qdotdot6:
-3.030802366229050
0.751922025266781
qdotdot7:
-0.541879014528198
0.098354775029304

qdotdot1:
1.208205354636604
-0.057752387672380
qdotdot2:
-11.856139932851079
0.941874429609416
qdotdot3:
0.997551613045166
-0.181182442315887
qdotdot4:
-13.369519338962611
1.190885287767846
qdotdot5:
0.237593854202275
0.006418716246376
qdotdot6:
1.465395839575228
-0.242181150856340
qdotdot7:
0.576874397992260
-0.079381541735944

