0.000000000

0.002000093

0.003000021

0.004999876

0.006999969

0.009000063

0.012000084

0.013999939

0.016000032

0.017999887

0.019000053

0.020999908

0.025000095

0.026999950

0.027999878

0.029999971

0.032000065

0.036000013

0.036999941

0.039000034

0.040999889

0.042999983

0.043999910

0.048000097

0.049999952

0.052000046

0.052999973

0.055000067

0.056999922

0.059999943

0.062000036

0.068000078

0.072000027

0.073999882

0.075999975

0.076999903

0.078999996

0.079999924

0.083999872

0.085999966

0.088000059

0.089999914

0.091000080

0.095000029

0.096999884

0.098000050

0.099999905

0.101999998

0.102999926

0.106999874

0.108999968

0.109999895

0.111999989

0.114000082

0.115000010

0.118999958

0.121000051

0.121999979

0.124000072

0.125999928

0.127000093

0.129999876

0.131999969

0.134000063

0.134999990

0.137000084

0.138999939

0.141999960

0.144999981

0.147000074

0.148000002

0.150000095

0.151999950

0.154999971

0.157000065

0.158999920

0.161000013

0.161999941

0.164000034

0.167000055

0.168999910

0.171000004

0.173000097

0.174000025

0.175999880

0.178999901

0.180999994

0.183000088

0.184999943

0.185999870

0.187999964

0.190999985

0.193000078

0.194999933

0.197000027

0.197999954

0.200000048

0.203000069

0.204999924

0.207000017

0.208999872

0.210000038

0.211999893

0.214999914

0.217000008

0.218999863

0.220999956

0.221999884

0.223999977

0.226999998

0.229000092

0.230999947

0.233000040

0.234999895

0.237999916

0.240000010

0.241999865

0.243999958

0.244999886

0.246999979

0.250000000

0.252000093

0.253999949

0.254999876

0.256999969

0.259000063

0.262000084

0.263999939

0.264999866

0.266999960

0.269000053

0.269999981

0.273999929

0.275000095

0.276999950

0.279000044

0.280999899

0.282000065

0.286000013

0.287999868

0.289000034

0.290999889

0.292999983

0.293999910

0.298000097

0.299999952

0.300999880

0.302999973

0.305999994

0.306999922

0.310999870

0.312999964

0.313999891

0.315999985

0.318000078

0.319000006

0.322999954

0.325000048

0.325999975

0.328000069

0.329999924

0.332000017

0.335000038

0.336999893

0.338000059

0.339999914

0.342000008

0.342999935

0.346999884

0.348999977

0.349999905

0.351999998

0.354000092

0.355000019

0.358000040

0.359999895

0.361999989

0.364000082

0.365000010

0.366999865

0.369999886

0.371999979

0.374000072

0.375999928

0.378999949

0.381999969

0.384000063

0.385999918

0.388000011

0.388999939

0.391000032

0.394000053

0.395999908

0.398000002

0.398999929

0.401000023

0.402999878

0.405999899

0.407999992

0.410000086

0.411999941

0.412999868

0.414999962

0.417999983

0.420000076

0.421999931

0.424000025

0.424999952

0.427000046

0.430000067

0.430999994

0.433000088

0.434999943

0.435999870

0.437999964

0.441999912

0.447999954

0.448999882

0.453000069

0.454999924

0.456000090

0.457999945

0.460000038

0.460999966

0.466000080

0.467999935

0.468999863

0.471999884

0.473999977

0.474999905

0.479000092

0.480999947

0.481999874

0.483999968

0.486000061

0.486999989

0.490999937

0.493000031

0.494999886

0.496000051

0.497999907

0.500000000

0.503000021

0.504999876

0.506999969

0.507999897

0.509999990

0.510999918

0.514999866

0.516999960

0.517999887

0.519999981

0.522000074

0.523000002

0.526999950

0.529999971

0.532999992

0.535000086

0.540999889

0.542999983

0.543999910

0.546000004

0.548000097

0.550999880

0.552999973

0.555000067

0.555999994

0.558000088

0.559999943

0.562999964

0.565000057

0.566999912

0.569000006

0.569999933

0.573999882

0.575999975

0.576999903

0.578999996

0.581000090

0.582999945

0.585999966

0.588000059

0.588999987

0.591000080

0.592999935

0.593999863

0.598000050

0.599999905

0.601999998

0.602999926

0.605000019

0.606999874

0.609999895

0.611999989

0.614000082

0.615999937

0.616999865

0.618999958

0.621999979

0.625000000

0.627000093

0.628999949

0.631000042

0.634000063

0.635999918

0.638000011

0.639999866

0.641000032

0.642999887

0.645999908

0.648000002

0.650000095

0.651999950

0.652999878

0.654999971

0.657999992

0.660000086

0.661999941

0.664000034

0.664999962

0.667000055

0.670000076

0.671999931

0.674000025

0.675999880

0.677000046

0.678999901

0.681999922

0.684000015

0.685999870

0.687999964

0.688999891

0.690999985

0.694000006

0.695999861

0.697999954

0.700000048

0.700999975

0.703000069

0.706000090

0.707999945

0.710000038

0.711999893

0.713000059

0.714999914

0.717999935

0.720000029

0.721999884

0.723999977

0.724999905

0.726999998

0.730000019

0.731999874

0.733999968

0.736000061

0.737999916

0.740999937

0.743000031

0.743999958

0.746000051

0.747999907

0.749000072

0.753000021

0.754999876

0.756000042

0.757999897

0.759999990

0.762000084

0.764999866

0.766999960

0.769000053

0.769999981

0.772000074

0.773999929

0.776999950

0.779000044

0.780999899

0.783999920

0.785000086

0.786999941

0.789999962

0.792000055

0.793999910

0.796000004

0.796999931

0.799000025

0.802000046

0.803999901

0.805999994

0.808000088

0.809999943

0.812000036

0.815000057

0.816999912

0.818000078

0.819999933

0.822000027

0.822999954

0.826999903

0.828999996

0.836999893

0.838999987

0.839999914

0.842000008

0.843999863

0.845999956

0.848999977

0.851000071

0.852999926

0.855000019

0.855999947

0.858000040

0.861000061

0.862999916

0.865000010

0.866999865

0.868000031

0.869999886

0.872999907

0.875000000

0.877000093

0.878999949

0.879999876

0.881999969

0.885999918

0.888000011

0.889999866

0.891000032

0.892999887

0.897000074

0.898999929

0.900000095

0.901999950

0.904000044

0.904999971

0.908999920

0.911000013

0.911999941

0.914000034

0.915999889

0.917000055

0.921000004

0.923000097

0.924000025

0.925999880

0.927999973

0.931999922

0.933000088

0.934999943

0.937000036

0.938999891

0.940000057

0.944999933

0.947000027

0.947999954

0.950000048

0.951999903

0.953000069

0.957000017

0.958999872

0.960000038

0.961999893

0.963999987

0.964999914

0.968999863

0.970999956

0.971999884

0.973999977

0.976000071

0.976999998

0.980999947

0.983000040

0.984999895

0.986999989

0.987999916

0.990000010

0.993000031

0.994999886

0.996999979

0.999000072

1.000000000

1.002000093

1.004999876

1.006999969

1.009000063

1.010999918

1.012000084

1.013999939

1.016999960

1.019000053

1.020999908

1.023000002

1.023999929

1.026000023

1.027999878

1.029999971

1.032000065

1.033999920

1.035000086

1.036999941

1.039999962

1.042000055

1.043999910

1.046000004

1.046999931

1.049000025

1.052000046

1.053999901

1.055999994

1.058000088

1.059000015

1.060999870

1.063999891

1.065999985

1.068000078

1.069999933

1.070999861

1.072999954

1.075999975

1.078000069

1.079999924

1.082000017

1.082999945

1.085000038

1.088000059

1.089999914

1.092000008

1.093999863

1.095000029

1.096999884

1.099999905

1.101999998

1.105000019

1.106999874

1.108000040

1.109999895

1.114000082

1.115999937

1.116999865

1.118999958

1.121000051

1.121999979

1.125999928

1.128000021

1.129999876

1.131000042

1.132999897

1.135999918

1.138000011

1.139999866

1.141999960

1.142999887

1.144999981

1.148000002

1.150000095

1.151999950

1.154000044

1.154999971

1.157000065

1.160000086

1.161999941

1.164000034

1.165999889

1.167000055

1.168999910

1.171999931

1.174000025

1.175999880

1.177999973

1.178999901

1.180999994

1.184000015

1.185999870

1.187999964

1.190000057

1.190999985

1.193000078

1.195999861

1.197999954

1.200000048

1.201999903

1.203000069

1.204999924

1.207999945

1.213999987

1.216000080

1.217999935

1.220999956

1.223000050

1.223999977

1.226000071

1.227999926

1.230999947

1.233000040

1.234999895

1.236999989

1.239000082

1.240000010

1.243999958

1.246000051

1.247999907

1.249000072

1.250999928

1.253000021

1.256000042

1.257999897

1.259000063

1.260999918

1.263999939

1.264999866

1.269000053

1.270999908

1.272000074

1.273999929

1.276000023

1.276999950

1.280999899

1.282999992

1.283999920

1.286000013

1.287999868

1.289000034

1.292999983

1.295000076

1.296000004

1.298000097

1.299999952

1.302000046

1.305000067

1.306999922

1.309000015

1.309999943

1.312000036

1.313999891

1.316999912

1.319000006

1.319999933

1.322000027

1.323999882

1.325000048

1.328000069

1.329999924

1.332000017

1.333999872

1.335000038

1.338999987

1.341000080

1.342000008

1.343999863

1.345999956

1.346999884

1.351000071

1.352999926

1.354000092

1.355999947

1.358000040

1.358999968

1.362999916

1.365000010

1.365999937

1.368000031

1.369999886

1.371000051

1.375000000

1.377000093

1.378000021

1.379999876

1.381999969

1.382999897

1.387000084

1.388999939

1.389999866

1.391999960

1.394000053

1.394999981

1.398999929

1.401000023

1.401999950

1.404000044

1.405999899

1.407000065

1.411000013

1.412999868

1.414000034

1.415999889

1.417999983

1.418999910

1.424000025

1.425999880

1.427999973

1.430000067

1.430999994

1.434999943

1.437000036

1.438999891

1.440000057

1.441999912

1.444000006

1.447000027

1.448999882

1.450000048

1.451999903

1.453999996

1.454999924

1.458999872

1.460999966

1.463000059

1.464999914

1.466000080

1.467999935

1.470999956

1.473000050

1.474999905

1.476999998

1.477999926

1.480000019

1.483000040

1.484999895

1.486999989

1.489000082

1.490000010

1.491999865

1.494999886

1.496999979

1.499000072

1.500999928

1.502000093

1.503999949

1.506999969

1.509000063

1.510999918

1.513000011

1.513999939

1.516000032

1.519000053

1.520999908

1.523000002

1.525000095

1.526999950

1.527999878

1.532000065

1.533999920

1.536000013

1.536999941

1.539000034

1.542000055

1.543999910

1.546000004

1.548000097

1.549000025

1.550999880

1.555000067

1.556999922

1.559000015

1.560999870

1.562000036

1.565999985

1.568000078

1.569000006

1.570999861

1.572999954

1.575000048

1.578000069

1.579999924

1.582000017

1.585000038

1.585999966

1.588000059

1.591000080

1.592999935

1.598999977

1.602999926

1.605000019

1.605999947

1.608000040

1.609999895

1.611999989

1.615000010

1.616999865

1.618000031

1.621000051

1.621999979

1.624000072

1.625999928

1.628000021

1.629999876

1.631999969

1.632999897

1.634999990

1.638000011

1.639999866

1.641999960

1.644000053

1.644999981

1.647000074

1.651000023

1.651999950

1.654000044

1.655999899

1.657000065

1.658999920

1.661999941

1.664000034

1.665999889

1.667999983

1.668999910

1.671000004

1.674000025

1.675999880

1.677999973

1.680000067

1.680999994

1.683000088

1.685999870

1.687999964

1.690000057

1.691999912

1.693000078

1.694999933

1.697999954

1.700000048

1.701999903

1.703999996

1.704999924

1.707000017

1.710000038

1.711999893

1.713999987

1.716000080

1.717999935

1.718999863

1.723000050

1.724999905

1.726999998

1.727999926

1.730000019

1.733000040

1.734999895

1.736999989

1.739000082

1.740999937

1.741999865

1.746999979

1.749000072

1.750999928

1.752000093

1.753999949

1.754999876

1.759000063

1.760999918

1.762000084

1.763999939

1.766000032

1.766999960

1.770999908

1.772000074

1.773999929

1.776000023

1.776999950

1.779000044

1.782000065

1.783999920

1.786000013

1.787999868

1.789000034

1.790999889

1.793999910

1.796000004

1.798000097

1.799999952

1.800999880

1.802999973

1.805999994

1.809000015

1.810999870

1.812000036

1.813999891

1.815999985

1.819000006

1.820999861

1.822000027

1.823999882

1.825999975

1.828999996

1.831000090

1.832999945

1.835000038

1.835999966

1.838000059

1.841000080

1.842999935

1.845000029

1.846999884

1.848000050

1.849999905

1.852999926

1.855000019

1.856999874

1.858999968

1.859999895

1.861999989

1.865000010

1.866999865

1.868999958

1.871000051

1.871999979

1.874000072

1.877000093

1.878999949

1.881000042

1.882999897

1.884000063

1.885999918

1.888999939

1.891000032

1.894000053

1.894999981

1.897000074

1.898999929

1.901999950

1.904000044

1.904999971

1.907000065

1.910000086

1.911000013

1.914999962

1.917000055

1.917999983

1.920000076

1.921999931

1.924000025

1.925999880

1.927999973

1.930000067

1.931999922

1.933000088

1.937000036

1.938999891

1.940000057

1.941999912

1.944000006

1.944999933

1.948999882

1.950999975

1.951999903

1.953999996

1.956000090

1.957000017

1.960999966

1.963000059

1.963999987

1.966000080

1.967999935

1.968999863

1.973000050

1.979000092

1.980999947

1.981999874

1.986000061

1.986999989

1.989000082

1.990999937

1.993000031

1.993999958

1.997999907

2.000000000

2.000999928

2.003000021

2.004999876

2.006999969

2.009999990

2.012000084

2.013000011

2.014999866

2.016999960

2.017999887

2.022000074

2.023999929

2.026000023

2.026999950

2.029000044

2.032000065

2.033999920

2.036000013

2.037999868

2.039999962

2.040999889

2.045000076

2.046999931

2.048000097

2.049999952

2.052000046

2.052999973

2.056999922

2.059000015

2.059999943

2.062000036

2.063999891

2.065999985

2.069000006

2.072000027

2.072999954

2.075000048

2.076999903

2.078000069

2.082000017

2.083999872

2.085000038

2.086999893

2.088999987

2.089999914

2.093999863

2.095000029

2.096999884

2.098999977

2.101000071

2.102999926

2.105999947

2.108000040

2.108999968

2.111000061

2.112999916

2.114000082

2.118000031

2.118999958

2.121000051

2.122999907

2.125000000

2.128000021

2.129999876

2.131999969

2.134000063

2.135999918

2.137000084

2.141000032

2.141999960

2.144000053

2.145999908

2.148000002

2.148999929

2.151999950

2.154000044

2.155999899

2.157999992

2.158999920

2.161000013

2.164000034

2.165999889

2.167999983

2.170000076

2.171000004

2.173000097

2.175999880

2.177999973

2.180000067

2.181999922

2.183000088

2.184999943

2.187999964

2.190000057

2.191999912

2.194000006

2.194999933

2.197000027

2.200000048

2.201999903

2.203999996

2.206000090

2.207000017

2.208999872

2.211999893

2.213999987

2.216000080

2.217999935

2.218999863

2.220999956

2.223000050

2.226000071

2.226999998

2.229000092

2.230999947

2.233999968

2.236999989

2.239000082

2.240000010

2.241999865

2.243999958

2.244999886

2.249000072

2.250000000

2.252000093

2.253999949

2.256000042

2.256999969

2.260999918

2.263000011

2.263999939

2.266000032

2.267999887

2.269000053

2.273000002

2.275000095

2.276000023

2.277999878

2.279999971

2.280999899

2.285000086

2.286000013

2.287999868

2.289999962

2.290999889

2.292999983

2.296000004

2.298000097

2.299999952

2.302000046

2.302999973

2.305000067

2.308000088

2.309999943

2.312000036

2.313999891

2.315000057

2.316999912

2.319999933

2.322999954

2.325000048

2.325999975

2.328000069

2.331000090

2.332999945

2.335000038

2.336999893

2.338000059

2.339999914

2.342999935

2.345000029

2.346999884

2.348999977

2.349999905

2.351999998

2.355000019

2.361000061

2.362999916

2.365000010

2.368000031

2.369999886

2.371000051

2.372999907

2.375000000

2.375999928

2.379999876

2.381000042

2.382999897

2.384999990

2.387000084

2.388000011

2.391999960

2.394000053

2.395999908

2.398000002

2.400000095

2.401000023

2.404999971

2.407000065

2.407999992

2.410000086

2.411999941

2.412999868

2.417000055

2.418999910

2.420000076

2.421999931

2.424000025

2.427999973

2.428999901

2.430999994

2.433000088

2.434999943

2.435999870

2.438999891

2.440999985

2.443000078

2.444999933

2.445999861

2.447999954

2.450999975

2.453000069

2.454999924

2.457000017

2.457999945

2.460000038

2.463000059

2.464999914

2.467000008

2.468999863

2.470000029

2.471999884

2.474999905

2.476999998

2.479000092

2.480999947

2.481999874

2.483999968

2.486999989

2.489000082

2.490999937

2.493000031

2.493999958

2.496000051

2.499000072

2.500999928

2.503000021

2.504999876

2.506000042

2.507999897

2.510999918

2.513000011

2.514999866

2.516999960

2.517999887

2.519999981

2.523000002

2.525000095

2.526999950

2.529000044

2.529999971

2.532000065

2.536000013

2.536999941

2.539000034

2.540999889

2.542999983

2.545000076

2.548000097

2.549999952

2.550999880

2.552999973

2.555000067

2.559999943

2.562000036

2.562999964

2.565000057

2.566999912

2.569000006

2.572000027

2.573999882

2.575000048

2.576999903

2.578999996

2.581000090

2.583999872

2.585999966

2.588000059

2.589999914

2.591000080

2.592999935

2.595999956

2.598000050

2.599999905

2.601999998

2.602999926

2.605000019

2.608999968

2.611000061

2.612999916

2.614000082

2.615999937

2.618000031

2.621000051

2.622999907

2.625000000

2.625999928

2.628000021

2.628999949

2.632999897

2.634999990

2.635999918

2.638000011

2.639999866

2.641000032

2.644999981

2.647000074

2.648000002

2.650000095

2.651999950

2.652999878

2.657000065

2.658999920

2.660000086

2.661999941

2.664000034

2.664999962

2.668999910

2.671000004

2.671999931

2.674000025

2.675999880

2.677000046

2.680999994

2.683000088

2.684999943

2.685999870

2.687999964

2.688999891

2.693000078

2.694999933

2.695999861

2.697999954

2.700000048

2.703000069

2.704999924

2.707000017

2.708999872

2.710000038

2.711999893

2.714999914

2.717000008

2.718999863

2.721999884

2.723999977

2.726999998

2.729000092

2.730999947

2.733000040

2.734999895

2.736999989

2.743999958

2.746000051

2.747999907

2.750999928

2.753000021

2.754999876

2.756999969

2.757999897

2.759999990

2.763000011

2.764999866

2.766999960

2.769000053

2.769999981

2.772000074

2.775000095

2.776999950

2.779000044

2.780999899

2.782000065

2.783999920

2.786999941

2.789999962

2.792000055

2.793999910

2.795000076

2.799000025

2.800999880

2.802999973

2.803999901

2.806999922

2.808000088

2.812000036

2.813999891

2.815000057

2.816999912

2.819000006

2.820999861

2.822999954

2.825000048

2.826999903

2.828999996

2.829999924

2.833999872

2.835999966

2.838000059

2.838999987

2.841000080

2.842999935

2.845999956

2.848000050

2.849999905

2.851000071

2.852999926

2.855000019

2.858000040

2.859999895

2.861999989

2.864000082

2.865000010

2.866999865

2.869999886

2.871999979

2.874000072

2.875999928

2.877000093

2.878999949

2.882999897

2.884999990

2.887000084

2.888999939

2.889999866

2.891999960

2.894999981

2.897000074

2.900000095

2.901999950

2.902999878

2.907000065

2.908999920

2.910000086

2.911999941

2.914000034

2.914999962

2.918999910

2.921000004

2.923000097

2.924999952

2.925999880

2.930000067

2.931999922

2.934000015

2.934999943

2.937000036

2.938999891

2.941999912

2.944000006

2.945999861

2.947999954

2.948999882

2.950999975

2.953999996

2.956000090

2.957999945

2.960000038

2.960999966

2.963000059

2.966000080

2.967999935

2.970000029

2.971999884

2.973000050

2.974999905

2.977999926

2.980000019

2.981999874

2.983999968

2.984999895

2.986999989

2.990000010

2.991999865

2.993999958

2.996000051

2.997999907

3.002000093

3.003000021

3.004999876

3.006999969

3.009000063

3.009999990

3.013999939

3.016000032

3.016999960

3.019000053

3.020999908

3.025000095

3.026999950

3.029000044

3.030999899

3.032000065

3.033999920

3.037999868

3.039999962

3.040999889

3.042999983

3.046000004

3.046999931

3.050999880

3.052999973

3.053999901

3.055999994

3.058000088

3.059999943

3.062999964

3.065000057

3.065999985

3.068000078

3.069999933

3.070999861

3.075000048

3.075999975

3.078000069

3.079999924

3.081000090

3.082999945

3.086999893

3.088999987

3.091000080

3.092000008

3.093999863

3.095000029

3.098999977

3.101000071

3.102999926

3.104000092

3.105999947

3.106999874

3.111000061

3.112999916

3.114000082

3.115999937

3.118000031

3.121000051

3.122999907

3.128999949

3.131000042

3.134000063

3.135999918

3.138000011

3.139999866

3.141000032

3.144999981

3.147000074

3.148000002

3.150000095

3.151999950

3.152999878

3.157000065

3.158999920

3.160000086

3.161999941

3.164000034

3.164999962

3.168999910

3.171000004

3.171999931

3.174000025

3.175999880

3.177999973

3.180999994

3.183000088

3.184999943

3.187000036

3.187999964

3.190000057

3.193000078

3.194999933

3.197000027

3.198999882

3.200000048

3.201999903

3.204999924

3.207999945

3.210000038

3.211999893

3.213000059

3.214999914

3.217999935

3.220000029

3.221999884

3.223999977

3.224999905

3.229000092

3.230999947

3.233000040

3.234999895

3.236000061

3.237999916

3.240999937

3.243000031

3.244999886

3.246999979

3.247999907

3.250000000

3.253000021

3.254999876

3.256999969

3.259000063

3.259999990

3.262000084

3.264999866

3.266999960

3.269000053

3.270999908

3.272000074

3.273999929

3.276999950

3.279000044

3.280999899

3.282999992

3.283999920

3.286000013

3.289000034

3.290999889

3.292999983

3.298000097

3.417999983

3.421999931

3.424000025

3.425999880

3.427999973

3.428999901

3.433000088

3.434999943

3.435999870

3.437999964

3.440000057

3.440999985

3.444999933

3.447000027

3.447999954

3.450000048

3.451999903

3.453000069

3.457000017

3.458999872

3.460999966

3.461999893

3.463999987

3.464999914

3.468999863

3.470999956

3.473000050

3.473999977

3.476000071

3.477999926

3.480999947

3.483000040

3.484999895

3.486000061

3.487999916

3.489000082

3.493000031

3.493999958

3.496000051

3.497999907

3.504999876

3.506000042

3.507999897

3.509999990

3.510999918

3.513000011

3.516000032

3.519000053

3.519999981

3.522000074

3.523999929

3.526999950

3.529000044

3.532000065

3.533999920

3.536000013

3.536999941

3.539999962

3.542000055

3.543999910

3.546000004

3.546999931

3.549000025

3.552000046

3.553999901

3.555999994

3.558000088

3.559999943

3.560999870

3.565000057

3.566999912

3.569000006

3.569999933

3.572000027

3.573999882

3.576999903

3.578999996

3.579999924

3.582000017

3.583999872

3.585000038

3.588999987

3.591000080

3.592000008

3.593999863

3.595999956

3.596999884

3.601000071

3.602999926

3.605000019

3.605999947

3.608000040

3.609999895

3.612999916

3.615000010

3.615999937

3.618000031

3.619999886

3.621000051

3.625000000

3.627000093

3.628000021

3.629999876

3.631999969

3.634000063

3.637000084

3.638999939

3.639999866

3.641999960

3.644000053

3.644999981

3.648999929

3.651000023

3.651999950

3.654000044

3.655999899

3.658999920

3.661000013

3.662999868

3.664999962

3.667000055

3.667999983

3.671999931

3.674000025

3.674999952

3.677000046

3.678999901

3.680000067

3.684000015

3.685999870

3.687000036

3.688999891

3.690999985

3.691999912

3.697000027

3.697999954

3.700000048

3.701999903

3.703000069

3.704999924

3.707999945

3.710000038

3.711999893

3.713999987

3.714999914

3.717000008

3.718999863

3.720999956

3.723000050

3.724999905

3.726999998

3.727999926

3.731999874

3.733999968

3.736000061

3.736999989

3.739000082

3.740999937

3.743999958

3.746000051

3.746999979

3.749000072

3.750999928

3.752000093

3.756000042

3.757999897

3.759999990

3.760999918

3.763000011

3.764999866

3.767999887

3.769999981

3.770999908

3.773000002

3.775000095

3.776000023

3.779999971

3.780999899

3.782999992

3.785000086

3.786000013

3.787999868

3.792000055

3.793999910

3.795000076

3.796999931

3.799000025

3.799999952

3.803999901

3.805999994

3.808000088

3.809999943

3.810999870

3.812999964

3.815999985

3.818000078

3.819999933

3.820999861

3.822999954

3.825999975

3.828000069

3.829999924

3.832000017

3.832999945

3.835000038

3.838000059

3.839999914

3.842000008

3.842999935

3.845000029

3.846999884

3.849999905

3.851999998

3.854000092

3.856999874

3.858999968

3.859999895

3.864000082

3.865000010

3.866999865

3.868999958

3.869999886

3.871999979

3.875000000

3.877000093

3.878999949

3.887000084

3.888999939

3.889999866

3.891999960

3.894000053

3.894999981

3.898999929

3.901000023

3.901999950

3.904000044

3.907000065

3.907999992

3.911000013

3.912999868

3.914999962

3.917000055

3.918999910

3.921999931

3.924000025

3.925999880

3.927999973

3.928999901

3.930999994

3.934000015

3.935999870

3.937999964

3.940000057

3.940999985

3.943000078

3.945999861

3.947999954

3.950000048

3.951999903

3.953000069

3.954999924

3.958999872

3.960000038

3.961999893

3.963999987

3.966000080

3.967000008

3.970000029

3.971999884

3.973999977

3.976000071

3.976999998

3.979000092

3.981999874

3.983999968

3.986000061

3.987999916

3.989000082

3.990999937

3.993999958

3.996000051

3.997999907

4.000000000

4.000999928

4.003000021

4.006000042

4.007999897

4.009999990

4.012000084

4.013000011

4.014999866

4.016999960

4.019999981

4.022000074

4.023999929

4.025000095

4.026999950

4.029999971

4.032000065

4.033999920

4.036000013

4.036999941

4.039000034

4.042000055

4.043999910

4.046000004

4.048000097

4.049000025

4.050999880

4.053999901

4.055999994

4.058000088

4.059999943

4.060999870

4.062999964

4.065999985

4.068000078

4.069999933

4.072000027

4.072999954

4.075000048

4.078000069

4.079999924

4.082000017

4.083999872

4.085000038

4.086999893

4.089999914

4.092000008

4.093999863

4.095999956

4.096999884

4.098999977

4.101999998

4.104000092

4.105999947

4.108000040

4.108999968

4.111000061

4.114000082

4.115999937

4.118000031

4.119999886

4.121999979

4.125000000

4.127000093

4.128999949

4.131000042

4.131999969

4.134000063

4.137000084

4.138999939

4.141000032

4.142999887

4.144000053

4.145999908

4.148999929

4.151000023

4.152999878

4.154999971

4.155999899

4.157999992

4.161000013

4.162999868

4.164999962

4.167000055

4.167999983

4.170000076

4.173000097

4.174999952

4.177000046

4.178999901

4.180000067

4.183000088

4.185999870

4.187999964

4.190000057

4.191999912

4.193000078

4.194999933

4.198999882

4.200000048

4.201999903

4.203999996

4.206000090

4.207000017

4.210999966

4.213000059

4.213999987

4.216000080

4.217999935

4.220999956

4.223000050

4.224999905

4.226999998

4.227999926

4.230000019

4.233000040

4.234999895

4.236999989

4.239000082

4.240999937

4.241999865

4.244999886

4.246999979

4.249000072

4.250999928

4.252000093

4.253999949

4.256999969

4.263000011

4.264999866

4.266999960

4.269999981

4.272000074

4.273000002

4.275000095

4.276999950

4.277999878

4.282000065

4.283999920

4.285000086

4.286999941

4.289000034

4.289999962

4.293999910

4.295000076

4.296999931

4.299000025

4.300999880

4.302000046

4.305999994

4.308000088

4.309999943

4.310999870

4.312999964

4.313999891

4.316999912

4.319000006

4.320999861

4.322000027

4.323999882

4.325999975

4.328999996

4.331000090

4.332999945

4.333999872

4.335999966

4.336999893

4.341000080

4.343999863

4.345000029

4.346999884

4.348999977

4.349999905

4.354000092

4.355000019

4.356999874

4.358999968

4.359999895

4.361999989

4.365999937

4.368000031

4.368999958

4.371000051

4.372999907

4.374000072

4.378000021

4.379999876

4.381999969

4.382999897

4.384999990

4.385999918

4.389999866

4.391999960

4.394000053

4.394999981

4.397000074

4.398999929

4.401999950

4.404000044

4.404999971

4.407000065

4.408999920

4.410000086

4.414000034

4.415999889

4.417999983

4.418999910

4.421000004

4.424000025

4.425999880

4.427999973

4.430000067

4.431999922

4.433000088

4.435999870

4.437999964

4.440000057

4.441999912

4.443000078

4.444999933

4.447999954

4.450000048

4.451999903

4.453999996

4.454999924

4.457000017

4.460000038

4.461999893

4.463999987

4.466000080

4.467000008

4.468999863

4.473000050

4.474999905

4.476000071

4.477999926

4.480000019

4.480999947

4.484999895

4.486999989

4.487999916

4.490000010

4.491999865

4.493999958

4.496999979

4.499000072

4.500999928

4.503000021

4.503999949

4.509000063

4.510999918

4.512000084

4.513999939

4.516000032

4.519999981

4.522000074

4.523999929

4.525000095

4.526999950

4.529000044

4.532000065

4.533999920

4.535000086

4.536999941

4.539000034

4.539999962

4.543999910

4.546000004

4.546999931

4.549000025

4.550999880

4.552999973

4.555999994

4.558000088

4.559999943

4.562000036

4.563999891

4.565000057

4.569000006

4.570999861

4.572999954

4.573999882

4.575999975

4.578000069

4.581000090

4.582999945

4.585000038

4.585999966

4.588000059

4.592000008

4.592999935

4.595000029

4.596999884

4.598999977

4.599999905

4.604000092

4.605999947

4.606999874

4.608999968

4.611000061

4.611999989

4.615999937

4.618999958

4.621999979

4.625999928

4.628999949

4.631000042

4.632999897

4.634000063

4.635999918

4.638000011

4.641000032

4.647000074

4.648999929

4.651999950

4.654000044

4.655999899

4.657999992

4.658999920

4.661000013

4.664000034

4.665999889

4.668999910

4.671000004

4.671999931

4.674000025

4.677000046

4.678999901

4.680999994

4.683000088

4.684999943

4.685999870

4.688999891

4.690999985

4.693000078

4.694999933

4.695999861

4.697999954

4.700999975

4.703000069

4.704999924

4.707000017

4.707999945

4.710000038

4.713000059

4.716000080

4.717999935

4.718999863

4.720999956

4.723999977

4.726000071

4.727999926

4.730000019

4.731999874

4.733000040

4.736999989

4.737999916

4.740000010

4.741999865

4.743000031

4.744999886

4.749000072

4.750999928

4.753000021

4.753999949

4.756000042

4.756999969

4.760999918

4.763000011

4.763999939

4.766000032

4.767999887

4.769000053

4.773000002

4.775000095

4.776000023

4.777999878

4.779999971

4.780999899

4.785000086

4.786999941

4.787999868

4.789999962

4.792000055

4.792999983

4.796999931

4.799000025

4.799999952

4.802999973

4.803999901

4.808000088

4.809999943

4.812000036

4.812999964

4.815000057

4.819000006

4.820999861

4.822999954

