1583318590.773000002

1583318590.775000095

1583318590.776000023

1583318590.779999971

1583318590.799999952

1583318590.805999994

1583318590.809000015

1583318590.818000078

1583318590.821000099

1583318590.822999954

1583318590.825000048

1583318590.826999903

1583318590.835000038

1583318590.838000059

1583318590.839999914

1583318590.844000101

1583318590.845999956

1583318590.846999884

1583318590.848999977

1583318590.851000071

1583318590.855000019

1583318590.857000113

1583318590.858999968

1583318590.861000061

1583318590.862999916

1583318590.867000103

1583318590.868999958

1583318590.869999886

1583318590.871999979

1583318590.874000072

1583318590.875999928

1583318590.878999949

1583318590.881000042

1583318590.882999897

1583318590.884000063

1583318590.885999918

1583318590.888000011

1583318590.891000032

1583318590.892999887

1583318590.894999981

1583318590.895999908

1583318590.898000002

1583318590.900000095

1583318590.904000044

1583318590.904999971

1583318590.907000065

1583318590.908999920

1583318590.910000086

1583318590.911999941

1583318590.914999962

1583318590.917000055

1583318590.918999910

1583318590.920000076

1583318590.923000097

1583318590.924999952

1583318590.928999901

1583318590.930999994

1583318590.931999922

1583318590.934000015

1583318590.936000109

1583318590.938999891

1583318590.940999985

1583318590.943000078

1583318590.944999933

1583318590.946000099

1583318590.947999954

1583318590.950999975

1583318590.953000069

1583318590.954999924

1583318590.957000017

1583318590.957999945

1583318590.960000038

1583318590.963999987

1583318590.964999914

1583318590.967000008

1583318590.969000101

1583318590.970999956

1583318590.971999884

1583318590.990000010

1583318590.992000103

1583318590.993999958

1583318590.994999886

1583318591.003999949

1583318591.006000042

1583318591.007999897

1583318591.012000084

1583318591.013999939

1583318591.015000105

1583318591.016999960

1583318591.019000053

1583318591.020999908

1583318591.023999929

1583318591.026000023

1583318591.026999950

1583318591.029000044

1583318591.030999899

1583318591.035000086

1583318591.036999941

1583318591.038000107

1583318591.039999962

1583318591.042000055

1583318591.042999983

1583318591.046999931

1583318591.049000025

1583318591.051000118

1583318591.052000046

1583318591.053999901

1583318591.055999994

1583318591.059000015

1583318591.061000109

1583318591.062999964

1583318591.065999985

1583318591.068000078

1583318591.071000099

1583318591.072999954

1583318591.075000048

1583318591.075999975

1583318591.078000069

1583318591.079999924

1583318591.082999945

1583318591.085000038

1583318591.086999893

1583318591.088000059

1583318591.091000080

1583318591.095000029

1583318591.096999884

1583318591.098000050

1583318591.099999905

1583318591.101999998

1583318591.102999926

1583318591.107000113

1583318591.108999968

1583318591.109999895

1583318591.111999989

1583318591.114000082

1583318591.115999937

1583318591.118999958

1583318591.121000051

1583318591.134999990

1583318591.135999918

1583318591.138000011

1583318591.141999960

1583318591.144000053

1583318591.144999981

1583318591.147000074

1583318591.148999929

1583318591.150000095

1583318591.155999899

1583318591.158999920

1583318591.160000086

1583318591.161999941

1583318591.165999889

1583318591.167999983

1583318591.168999910

1583318591.171000004

1583318591.173000097

1583318591.174000025

1583318591.177999973

1583318591.180000067

1583318591.180999994

1583318591.183000088

1583318591.184999943

1583318591.186000109

1583318591.190000057

1583318591.191999912

1583318591.193000078

1583318591.194999933

1583318591.197000027

1583318591.198999882

1583318591.201999903

1583318591.203999996

1583318591.206000090

1583318591.207999945

1583318591.210000038

1583318591.211999893

1583318591.216000080

1583318591.217000008

1583318591.219000101

1583318591.220999956

1583318591.223000050

1583318591.223999977

1583318591.227999926

1583318591.230000019

1583318591.230999947

1583318591.233000040

1583318591.234999895

1583318591.237999916

1583318591.240000010

1583318591.242000103

1583318591.243000031

1583318591.244999886

1583318591.246999979

1583318591.250000000

1583318591.252000093

1583318591.253999949

1583318591.256000042

1583318591.256999969

1583318591.259000063

1583318591.262000084

1583318591.263999939

1583318591.266000032

1583318591.266999960

1583318591.269000053

1583318591.270999908

1583318591.273999929

1583318591.276000023

1583318591.278000116

1583318591.279000044

1583318591.282000065

1583318591.282999992

1583318591.286999941

1583318591.289000034

1583318591.289999962

1583318591.292000055

1583318591.293999910

1583318591.295000076

1583318591.299000025

1583318591.301000118

1583318591.302000046

1583318591.303999901

1583318591.305999994

1583318591.306999922

1583318591.311000109

1583318591.312999964

1583318591.313999891

1583318591.315999985

1583318591.318000078

1583318591.319999933

1583318591.322999954

1583318591.325000048

1583318591.325999975

1583318591.328000069

1583318591.329999924

1583318591.334000111

1583318591.335000038

1583318591.336999893

1583318591.338999987

1583318591.339999914

1583318591.342000008

1583318591.345999956

1583318591.348000050

1583318591.349999905

1583318591.351000071

1583318591.354000092

1583318591.355999947

1583318591.358999968

1583318591.361000061

1583318591.361999989

1583318591.364000082

1583318591.365999937

1583318591.367000103

1583318591.371000051

1583318591.372999907

1583318591.374000072

1583318591.375999928

1583318591.378000021

1583318591.378999949

1583318591.382999897

1583318591.384999990

1583318591.385999918

1583318591.388000011

1583318591.390000105

1583318591.391000032

1583318591.394999981

1583318591.395999908

1583318591.398000002

1583318591.400000095

1583318591.401000023

1583318591.403000116

1583318591.407000065

1583318591.408999920

1583318591.410000086

1583318591.411999941

1583318591.414000034

1583318591.414999962

1583318591.418999910

1583318591.421000004

1583318591.421999931

1583318591.424000025

1583318591.426000118

1583318591.428999901

1583318591.430999994

1583318591.433000088

1583318591.434000015

1583318591.436000109

1583318591.437999964

1583318591.440999985

1583318591.443000078

1583318591.444999933

1583318591.447000027

1583318591.447999954

1583318591.450000048

1583318591.457999945

1583318591.460000038

1583318591.460999966

1583318591.464999914

1583318591.467000008

1583318591.467999935

1583318591.470000029

1583318591.471999884

1583318591.473000050

1583318591.476999998

1583318591.479000092

1583318591.480999947

1583318591.482000113

1583318591.483999968

1583318591.486000061

1583318591.489000082

1583318591.490999937

1583318591.493000031

1583318591.493999958

1583318591.496000051

1583318591.499000072

1583318591.502000093

1583318591.503999949

1583318591.505000114

1583318591.510999918

1583318591.513999939

1583318591.516000032

1583318591.517999887

1583318591.520999908

1583318591.522000074

1583318591.526000023

1583318591.528000116

1583318591.529999971

1583318591.532000065

1583318591.532999992

1583318591.536999941

1583318591.539000034

1583318591.540999889

1583318591.542000055

1583318591.543999910

1583318591.546000004

1583318591.549000025

1583318591.551000118

1583318591.552999973

1583318591.553999901

1583318591.555999994

1583318591.558000088

1583318591.561000109

1583318591.562999964

1583318591.565000057

1583318591.565999985

1583318591.568000078

1583318591.569999933

1583318591.572999954

1583318591.575000048

1583318591.576999903

1583318591.578000069

1583318591.579999924

1583318591.582000017

1583318591.585000038

1583318591.586999893

1583318591.588999987

1583318591.589999914

1583318591.592000008

1583318591.594000101

1583318591.596999884

1583318591.598999977

1583318591.601000071

1583318591.602999926

1583318591.604000092

1583318591.605999947

1583318591.609999895

1583318591.611000061

1583318591.612999916

1583318591.614000082

1583318591.615999937

1583318591.618000031

1583318591.621000051

1583318591.622999907

1583318591.625000000

1583318591.627000093

1583318591.628000021

1583318591.631999969

1583318591.634000063

1583318591.635999918

1583318591.637000084

1583318591.638999939

1583318591.641999960

1583318591.644999981

1583318591.647000074

1583318591.648999929

1583318591.650000095

1583318591.651999950

1583318591.654000044

1583318591.657000065

1583318591.658999920

1583318591.661000013

1583318591.661999941

1583318591.664000034

1583318591.665999889

1583318591.668999910

1583318591.671000004

1583318591.673000097

1583318591.674000025

1583318591.676000118

1583318591.677999973

1583318591.680999994

1583318591.683000088

1583318591.684999943

1583318591.686000109

1583318591.687999964

1583318591.690000057

1583318591.693000078

1583318591.694999933

1583318591.697000027

1583318591.697999954

1583318591.700000048

1583318591.701999903

1583318591.704999924

1583318591.707000017

1583318591.709000111

1583318591.710000038

1583318591.711999893

1583318591.713999987

1583318591.717000008

1583318591.719000101

1583318591.720999956

1583318591.723000050

1583318591.723999977

1583318591.727999926

1583318591.730000019

1583318591.732000113

1583318591.733999968

1583318591.734999895

1583318591.736999989

1583318591.740999937

1583318591.742000103

1583318591.743999958

1583318591.744999886

1583318591.746999979

1583318591.749000072

1583318591.752000093

1583318591.753999949

1583318591.759999990

1583318591.762000084

1583318591.765000105

1583318591.766999960

1583318591.767999887

1583318591.769999981

1583318591.772000074

1583318591.773000002

1583318591.776999950

1583318591.779000044

1583318591.779999971

1583318591.782000065

1583318591.785000086

1583318591.786000013

1583318591.789999962

1583318591.792000055

1583318591.792999983

1583318591.795000076

1583318591.796999931

1583318591.799000025

1583318591.802000046

1583318591.803999901

1583318591.805000067

1583318591.806999922

1583318591.809000015

1583318591.811000109

1583318591.813999891

1583318591.815999985

1583318591.816999912

1583318591.819000006

1583318591.821000099

1583318591.822000027

1583318591.825999975

1583318591.828000069

1583318591.829999924

1583318591.832000017

1583318591.832999945

1583318591.836999893

1583318591.838999987

1583318591.841000080

1583318591.842999935

1583318591.844000101

1583318591.848000050

1583318591.849999905

1583318591.851000071

1583318591.852999926

1583318591.855000019

1583318591.857000113

1583318591.859999895

1583318591.861999989

1583318591.862999916

1583318591.865000010

1583318591.867000103

1583318591.868000031

1583318591.871999979

1583318591.874000072

1583318591.875000000

1583318591.877000093

1583318591.878999949

1583318591.880000114

1583318591.884000063

1583318591.885999918

1583318591.887000084

1583318591.888999939

1583318591.891000032

1583318591.891999960

1583318591.895999908

1583318591.898000002

1583318591.898999929

1583318591.901000023

1583318591.903000116

1583318591.904000044

1583318591.907999992

1583318591.910000086

1583318591.911000013

1583318591.913000107

1583318591.914999962

1583318591.915999889

1583318591.920000076

1583318591.921999931

1583318591.923000097

1583318591.926000118

1583318591.927000046

1583318591.931999922

1583318591.934000015

1583318591.936000109

1583318591.937000036

1583318591.938999891

1583318591.940999985

1583318591.944000006

1583318591.946000099

1583318591.947999954

1583318591.948999882

1583318591.950999975

1583318591.953000069

1583318591.956000090

1583318591.957999945

1583318591.960000038

1583318591.960999966

1583318591.963000059

1583318591.964999914

1583318591.967999935

1583318591.970000029

1583318591.971999884

1583318591.973000050

1583318591.974999905

1583318591.976999998

1583318591.980999947

1583318591.983000040

1583318591.983999968

1583318591.986000061

1583318591.987999916

1583318591.990000010

1583318591.993000031

1583318591.994999886

1583318591.996000051

1583318591.997999907

1583318592.000000000

1583318592.000999928

1583318592.005000114

1583318592.006999969

1583318592.007999897

1583318592.009999990

1583318592.012000084

1583318592.013000011

1583318592.016999960

1583318592.017999887

1583318592.019999981

1583318592.022000074

1583318592.023999929

1583318592.028000116

1583318592.030999899

1583318592.033999920

1583318592.036999941

1583318592.039999962

1583318592.042000055

1583318592.043999910

1583318592.046000004

1583318592.046999931

1583318592.049000025

1583318592.052999973

1583318592.053999901

1583318592.055999994

1583318592.056999922

1583318592.059000015

1583318592.065000057

1583318592.066999912

1583318592.069000006

1583318592.071000099

1583318592.072999954

1583318592.076999903

1583318592.078999996

1583318592.079999924

1583318592.082000017

1583318592.084000111

1583318592.085999966

1583318592.088999987

1583318592.091000080

1583318592.092000008

1583318592.094000101

1583318592.095999956

1583318592.098000050

1583318592.101000071

1583318592.102999926

1583318592.105000019

1583318592.105999947

1583318592.108000040

1583318592.109999895

1583318592.112999916

1583318592.115000010

1583318592.117000103

1583318592.118999958

1583318592.119999886

1583318592.121999979

1583318592.125999928

1583318592.128000021

1583318592.128999949

1583318592.131000042

1583318592.132999897

1583318592.135999918

1583318592.138000011

1583318592.140000105

1583318592.141000032

1583318592.142999887

1583318592.144999981

1583318592.148000002

1583318592.150000095

1583318592.151999950

1583318592.153000116

1583318592.154999971

1583318592.157000065

1583318592.160000086

1583318592.161999941

1583318592.164000034

1583318592.164999962

1583318592.167000055

1583318592.168999910

1583318592.173000097

1583318592.174000025

1583318592.176000118

1583318592.177000046

1583318592.178999901

1583318592.180999994

1583318592.184000015

1583318592.186000109

1583318592.187999964

1583318592.190000057

1583318592.190999985

1583318592.193000078

1583318592.196000099

1583318592.197999954

1583318592.200000048

1583318592.200999975

1583318592.203000069

1583318592.204999924

1583318592.207999945

1583318592.210000038

1583318592.211999893

1583318592.213999987

1583318592.214999914

1583318592.217999935

1583318592.220999956

1583318592.223000050

1583318592.224999905

1583318592.226999998

1583318592.227999926

1583318592.232000113

1583318592.233999968

1583318592.234999895

1583318592.236999989

1583318592.239000082

1583318592.240999937

1583318592.243999958

1583318592.246000051

1583318592.247999907

1583318592.249000072

1583318592.250999928

1583318592.253000021

1583318592.256000042

1583318592.257999897

1583318592.259999990

1583318592.260999918

1583318592.263000011

1583318592.265000105

1583318592.267999887

1583318592.269999981

1583318592.272000074

1583318592.273000002

1583318592.275000095

1583318592.276999950

1583318592.279999971

1583318592.282000065

1583318592.283999920

1583318592.285000086

1583318592.286999941

1583318592.289000034

1583318592.292000055

1583318592.293999910

1583318592.296000004

1583318592.296999931

1583318592.299000025

1583318592.301000118

1583318592.303999901

1583318592.305999994

1583318592.308000088

1583318592.309999943

1583318592.311000109

1583318592.312999964

1583318592.316999912

1583318592.319000006

1583318592.319999933

1583318592.322000027

1583318592.323999882

1583318592.326999903

1583318592.328999996

1583318592.331000090

1583318592.332000017

1583318592.334000111

1583318592.335999966

1583318592.339999914

1583318592.341000080

1583318592.342999935

1583318592.344000101

1583318592.345999956

1583318592.348000050

1583318592.351000071

1583318592.352999926

1583318592.355000019

1583318592.357000113

1583318592.358000040

1583318592.365999937

1583318592.368000031

1583318592.369999886

1583318592.371999979

1583318592.372999907

1583318592.377000093

1583318592.378999949

1583318592.380000114

1583318592.381999969

1583318592.384000063

1583318592.384999990

1583318592.388000011

1583318592.390000105

1583318592.391999960

1583318592.394000053

1583318592.394999981

1583318592.397000074

1583318592.400000095

1583318592.401999950

1583318592.404000044

1583318592.405999899

1583318592.407000065

1583318592.408999920

1583318592.411999941

1583318592.414000034

1583318592.415999889

1583318592.417000055

1583318592.418999910

1583318592.421000004

1583318592.424000025

1583318592.427000046

1583318592.427999973

1583318592.430000067

1583318592.431999922

1583318592.434999943

1583318592.437000036

1583318592.438999891

1583318592.440000057

1583318592.441999912

1583318592.444000006

1583318592.447999954

1583318592.448999882

1583318592.450999975

1583318592.451999903

1583318592.453999996

1583318592.456000090

1583318592.459000111

1583318592.460999966

1583318592.463000059

1583318592.463999987

1583318592.466000080

1583318592.467999935

1583318592.470999956

1583318592.473000050

1583318592.474999905

1583318592.476000071

1583318592.477999926

1583318592.480000019

1583318592.483000040

1583318592.484999895

1583318592.486999989

1583318592.489000082

1583318592.490000010

1583318592.492000103

1583318592.494999886

1583318592.496999979

1583318592.499000072

1583318592.500999928

1583318592.502000093

1583318592.505000114

1583318592.509000063

1583318592.509999990

1583318592.512000084

1583318592.513000011

1583318592.515000105

1583318592.516999960

1583318592.519999981

1583318592.523000002

1583318592.525000095

1583318592.526999950

1583318592.528000116

1583318592.532000065

1583318592.533999920

1583318592.536000013

1583318592.538000107

1583318592.539000034

1583318592.542999983

1583318592.545000076

1583318592.546000004

1583318592.548000097

1583318592.549999952

1583318592.551000118

1583318592.555000067

1583318592.556999922

1583318592.558000088

1583318592.559999943

1583318592.562000036

1583318592.563999891

1583318592.566999912

1583318592.569000006

1583318592.569999933

1583318592.572000027

1583318592.573999882

1583318592.575999975

1583318592.578999996

1583318592.581000090

1583318592.582999945

1583318592.584000111

1583318592.585999966

1583318592.588000059

1583318592.591000080

1583318592.592999935

1583318592.595000029

1583318592.596999884

1583318592.598999977

1583318592.599999905

1583318592.604000092

1583318592.605999947

1583318592.607000113

1583318592.608999968

1583318592.611000061

1583318592.611999989

1583318592.615999937

1583318592.617000103

1583318592.618999958

1583318592.621000051

1583318592.621999979

1583318592.625999928

1583318592.628000021

1583318592.630000114

1583318592.631000042

1583318592.632999897

1583318592.634999990

1583318592.638000011

1583318592.640000105

1583318592.641999960

1583318592.642999887

1583318592.644999981

1583318592.648000002

1583318592.651000023

1583318592.653000116

1583318592.654999971

1583318592.655999899

1583318592.657999992

1583318592.664999962

1583318592.667000055

1583318592.667999983

1583318592.670000076

1583318592.671999931

1583318592.674999952

1583318592.677000046

1583318592.678999901

1583318592.680000067

1583318592.681999922

1583318592.684000015

1583318592.687000036

1583318592.688999891

1583318592.690999985

1583318592.693000078

1583318592.694000006

1583318592.696000099

1583318592.700000048

1583318592.701999903

1583318592.703000069

1583318592.704999924

1583318592.706000090

1583318592.707999945

1583318592.710999966

1583318592.713000059

1583318592.714999914

1583318592.716000080

1583318592.717999935

1583318592.720000029

1583318592.723000050

1583318592.726000071

1583318592.726999998

1583318592.729000092

1583318592.730999947

1583318592.733999968

1583318592.736000061

1583318592.737999916

1583318592.740000010

1583318592.740999937

1583318592.743000031

1583318592.746000051

1583318592.747999907

1583318592.750000000

1583318592.752000093

1583318592.753000021

1583318592.755000114

1583318592.757999897

1583318592.759999990

1583318592.762000084

1583318592.763000011

1583318592.765000105

1583318592.766999960

1583318592.769999981

1583318592.772000074

1583318592.773999929

1583318592.775000095

1583318592.776999950

1583318592.779000044

1583318592.782000065

1583318592.783999920

1583318592.786000013

1583318592.788000107

1583318592.789999962

1583318592.792000055

1583318592.796000004

1583318592.798000097

1583318592.799000025

1583318592.801000118

1583318592.802999973

1583318592.803999901

1583318592.808000088

1583318592.809999943

1583318592.811000109

1583318592.812999964

1583318592.815000057

1583318592.815999985

1583318592.819999933

1583318592.822000027

1583318592.822999954

1583318592.825999975

1583318592.826999903

1583318592.831000090

1583318592.832999945

1583318592.835000038

1583318592.836999893

1583318592.838000059

1583318592.842000008

1583318592.842999935

1583318592.845000029

1583318592.846999884

1583318592.848999977

1583318592.849999905

1583318592.854000092

1583318592.855999947

1583318592.857000113

1583318592.858999968

1583318592.861000061

1583318592.862999916

1583318592.865999937

1583318592.868000031

1583318592.869999886

1583318592.871000051

1583318592.872999907

1583318592.875000000

1583318592.878000021

1583318592.880000114

1583318592.881999969

1583318592.884000063

1583318592.885999918

1583318592.887000084

1583318592.891000032

1583318592.892999887

1583318592.894000053

1583318592.895999908

1583318592.898000002

1583318592.898999929

1583318592.903000116

1583318592.904999971

1583318592.905999899

1583318592.907999992

1583318592.910000086

1583318592.911000013

1583318592.914999962

1583318592.917000055

1583318592.917999983

1583318592.920000076

1583318592.921999931

1583318592.924999952

1583318592.927000046

1583318592.928999901

1583318592.930999994

1583318592.931999922

1583318592.934000015

1583318592.938999891

1583318592.940999985

1583318592.943000078

1583318592.944000006

1583318592.946000099

1583318592.950000048

1583318592.951999903

1583318592.953000069

1583318592.954999924

1583318592.957000017

1583318592.957999945

1583318592.961999893

1583318592.967999935

1583318592.970000029

1583318592.970999956

1583318592.974999905

1583318592.976000071

1583318592.977999926

1583318592.980000019

1583318592.982000113

1583318592.983000040

1583318592.986999989

1583318592.989000082

1583318592.990999937

1583318592.992000103

1583318592.993999958

1583318592.996000051

1583318592.999000072

1583318593.000999928

1583318593.003000021

1583318593.003999949

1583318593.006000042

1583318593.007999897

1583318593.010999918

1583318593.013000011

1583318593.013999939

1583318593.016000032

1583318593.017999887

1583318593.019000053

1583318593.023000002

1583318593.025000095

1583318593.026000023

1583318593.028000116

1583318593.029999971

1583318593.030999899

1583318593.035000086

1583318593.036999941

1583318593.038000107

1583318593.039999962

1583318593.042000055

1583318593.045000076

1583318593.046999931

1583318593.049000025

1583318593.051000118

1583318593.052000046

1583318593.053999901

1583318593.058000088

1583318593.059999943

1583318593.061000109

1583318593.062999964

1583318593.065000057

1583318593.065999985

1583318593.069999933

1583318593.071000099

1583318593.072999954

1583318593.075000048

1583318593.076999903

1583318593.078000069

1583318593.082999945

1583318593.085000038

1583318593.085999966

1583318593.088000059

1583318593.089999914

1583318593.091000080

1583318593.095000029

1583318593.095999956

1583318593.098000050

1583318593.099999905

1583318593.101000071

1583318593.102999926

1583318593.105999947

1583318593.108000040

1583318593.109999895

1583318593.111000061

1583318593.112999916

1583318593.115000010

1583318593.118000031

1583318593.119999886

1583318593.121999979

1583318593.124000072

1583318593.125000000

1583318593.128999949

1583318593.131000042

1583318593.132999897

1583318593.134000063

1583318593.135999918

1583318593.138000011

1583318593.141999960

1583318593.144000053

1583318593.144999981

1583318593.147000074

1583318593.148999929

1583318593.151000023

1583318593.154000044

1583318593.155999899

1583318593.157000065

1583318593.158999920

1583318593.161000013

1583318593.161999941

1583318593.165999889

1583318593.167999983

1583318593.170000076

1583318593.171000004

1583318593.173000097

1583318593.174999952

1583318593.177999973

1583318593.180000067

1583318593.180999994

1583318593.183000088

1583318593.184999943

1583318593.186000109

1583318593.190000057

1583318593.191999912

1583318593.193000078

1583318593.194999933

1583318593.197000027

1583318593.197999954

1583318593.201999903

1583318593.203999996

1583318593.204999924

1583318593.207000017

1583318593.209000111

1583318593.210999966

1583318593.213999987

1583318593.216000080

1583318593.217000008

1583318593.219000101

1583318593.220999956

1583318593.224999905

1583318593.226999998

1583318593.229000092

1583318593.230000019

1583318593.232000113

1583318593.233999968

1583318593.236999989

1583318593.239000082

1583318593.240999937

1583318593.242000103

1583318593.243999958

1583318593.246000051

1583318593.249000072

1583318593.250999928

1583318593.253000021

1583318593.253999949

1583318593.256000042

1583318593.257999897

1583318593.260999918

1583318593.267999887

1583318593.269000053

1583318593.273000002

1583318593.275000095

1583318593.276000023

1583318593.278000116

1583318593.279999971

1583318593.282000065

1583318593.285000086

1583318593.286999941

1583318593.289000034

1583318593.289999962

1583318593.292000055

1583318593.293999910

1583318593.296999931

1583318593.299000025

1583318593.301000118

1583318593.302000046

1583318593.303999901

1583318593.305999994

1583318593.309000015

1583318593.311000109

1583318593.312999964

1583318593.313999891

1583318593.315999985

1583318593.318000078

1583318593.321000099

1583318593.322999954

1583318593.325000048

1583318593.326999903

1583318593.328999996

1583318593.332000017

1583318593.334000111

1583318593.335999966

1583318593.338000059

1583318593.339999914

1583318593.341000080

1583318593.345000029

1583318593.346999884

1583318593.348000050

1583318593.349999905

1583318593.351999998

1583318593.352999926

1583318593.357000113

1583318593.358999968

1583318593.361000061

1583318593.361999989

1583318593.364000082

1583318593.365999937

1583318593.369999886

1583318593.371999979

1583318593.374000072

1583318593.375000000

1583318593.377000093

1583318593.378999949

1583318593.381999969

1583318593.384000063

1583318593.384999990

1583318593.387000084

1583318593.388999939

1583318593.390000105

1583318593.394000053

1583318593.395999908

1583318593.397000074

1583318593.398999929

1583318593.401000023

1583318593.401999950

1583318593.405999899

1583318593.407999992

1583318593.408999920

1583318593.411000013

1583318593.413000107

1583318593.414000034

1583318593.417999983

1583318593.420000076

1583318593.421000004

1583318593.424000025

1583318593.424999952

1583318593.428999901

1583318593.430999994

1583318593.431999922

1583318593.434000015

1583318593.436000109

1583318593.437000036

1583318593.440999985

1583318593.443000078

1583318593.444000006

1583318593.446000099

1583318593.447999954

1583318593.448999882

1583318593.453000069

1583318593.453999996

1583318593.456000090

1583318593.457999945

1583318593.460000038

1583318593.460999966

1583318593.464999914

1583318593.467000008

1583318593.467999935

1583318593.470000029

1583318593.471999884

1583318593.473000050

1583318593.476999998

1583318593.479000092

1583318593.480000019

1583318593.482000113

1583318593.483000040

1583318593.484999895

1583318593.487999916

1583318593.490000010

1583318593.492000103

1583318593.493000031

1583318593.494999886

1583318593.496999979

1583318593.500000000

1583318593.502000093

1583318593.503999949

1583318593.505000114

1583318593.506999969

1583318593.509000063

1583318593.513000011

1583318593.515000105

1583318593.516999960

1583318593.517999887

1583318593.520999908

1583318593.523999929

1583318593.526000023

1583318593.528000116

1583318593.529999971

1583318593.532000065

1583318593.532999992

1583318593.536000013

1583318593.538000107

1583318593.539999962

1583318593.542000055

1583318593.542999983

1583318593.545000076

1583318593.549000025

1583318593.549999952

1583318593.552000046

1583318593.553999901

1583318593.555000067

1583318593.556999922

1583318593.561000109

1583318593.562999964

1583318593.568000078

1583318593.572000027

1583318593.573999882

1583318593.575000048

1583318593.576999903

1583318593.578999996

1583318593.579999924

1583318593.584000111

1583318593.585999966

1583318593.586999893

1583318593.588999987

1583318593.591000080

1583318593.592000008

1583318593.595999956

1583318593.598000050

1583318593.598999977

1583318593.601000071

1583318593.602999926

1583318593.604000092

1583318593.608000040

1583318593.609999895

1583318593.611000061

1583318593.612999916

1583318593.615000010

1583318593.617000103

1583318593.619999886

1583318593.621999979

1583318593.624000072

1583318593.625999928

1583318593.627000093

1583318593.631000042

1583318593.632999897

1583318593.634000063

1583318593.635999918

1583318593.638000011

1583318593.640000105

1583318593.642999887

1583318593.644999981

1583318593.647000074

1583318593.648000002

1583318593.650000095

1583318593.651999950

1583318593.655999899

1583318593.657999992

1583318593.660000086

1583318593.661000013

1583318593.663000107

1583318593.664999962

1583318593.667999983

1583318593.670000076

1583318593.671999931

1583318593.673000097

1583318593.674999952

1583318593.677000046

1583318593.680000067

1583318593.681999922

1583318593.684000015

1583318593.684999943

1583318593.687000036

1583318593.688999891

1583318593.693000078

1583318593.694000006

1583318593.696000099

1583318593.697999954

1583318593.698999882

1583318593.700999975

1583318593.703999996

1583318593.706000090

1583318593.707999945

1583318593.710000038

1583318593.710999966

1583318593.713000059

1583318593.716000080

1583318593.717999935

1583318593.720000029

1583318593.721999884

1583318593.723999977

1583318593.726999998

1583318593.729000092

1583318593.730999947

1583318593.732000113

1583318593.733999968

1583318593.736000061

1583318593.739000082

1583318593.740999937

1583318593.743000031

1583318593.744999886

1583318593.746000051

1583318593.747999907

1583318593.750999928

1583318593.753000021

1583318593.755000114

1583318593.756000042

1583318593.757999897

1583318593.759999990

1583318593.763000011

1583318593.765000105

1583318593.766999960

1583318593.767999887

1583318593.769999981

1583318593.772000074

1583318593.776000023

1583318593.776999950

1583318593.779000044

1583318593.780999899

1583318593.782000065

1583318593.783999920

1583318593.786999941

1583318593.789000034

1583318593.790999889

1583318593.792000055

1583318593.795000076

1583318593.796000004

1583318593.801000118

1583318593.802999973

1583318593.803999901

1583318593.805999994

1583318593.808000088

1583318593.809999943

1583318593.812999964

1583318593.815000057

1583318593.815999985

1583318593.818000078

1583318593.819999933

1583318593.823999882

1583318593.825999975

1583318593.826999903

1583318593.828999996

1583318593.831000090

1583318593.835000038

1583318593.836999893

1583318593.838999987

1583318593.841000080

1583318593.842000008

1583318593.844000101

1583318593.846999884

1583318593.848999977

1583318593.851000071

1583318593.852999926

1583318593.854000092

1583318593.855999947

1583318593.858999968

1583318593.861000061

1583318593.862999916

1583318593.864000082

1583318593.865999937

1583318593.872999907

1583318593.874000072

1583318593.875999928

1583318593.878000021

1583318593.878999949

1583318593.882999897

1583318593.884999990

1583318593.887000084

1583318593.888000011

1583318593.890000105

1583318593.891999960

1583318593.894999981

1583318593.897000074

1583318593.898999929

1583318593.900000095

1583318593.901999950

1583318593.904000044

1583318593.907000065

1583318593.908999920

1583318593.911000013

1583318593.911999941

1583318593.914000034

1583318593.915999889

1583318593.918999910

1583318593.921000004

1583318593.923000097

1583318593.924999952

1583318593.926000118

1583318593.930000067

1583318593.931999922

1583318593.934000015

1583318593.936000109

1583318593.937999964

1583318593.940000057

1583318593.944000006

1583318593.946000099

1583318593.947999954

1583318593.950000048

1583318593.950999975

1583318593.954999924

1583318593.957000017

1583318593.957999945

1583318593.960000038

1583318593.961999893

1583318593.963000059

1583318593.967000008

1583318593.969000101

1583318593.970000029

1583318593.971999884

1583318593.973999977

1583318593.974999905

1583318593.979000092

1583318593.980999947

1583318593.982000113

1583318593.983999968

1583318593.986000061

1583318593.986999989

1583318593.990999937

1583318593.993000031

1583318593.994999886

1583318593.996000051

1583318593.997999907

1583318594.000000000

1583318594.003000021

1583318594.005000114

1583318594.006999969

1583318594.007999897

1583318594.009999990

1583318594.012000084

1583318594.015000105

1583318594.016999960

1583318594.019000053

1583318594.020999908

1583318594.023000002

1583318594.023999929

1583318594.028000116

1583318594.029999971

1583318594.030999899

1583318594.032999992

1583318594.035000086

1583318594.036999941

1583318594.039999962

1583318594.042000055

1583318594.042999983

1583318594.045000076

1583318594.046999931

1583318594.051000118

1583318594.052999973

1583318594.055000067

1583318594.055999994

1583318594.058000088

1583318594.059999943

1583318594.062999964

1583318594.065000057

1583318594.066999912

1583318594.068000078

1583318594.069999933

1583318594.073999882

1583318594.075999975

1583318594.076999903

1583318594.078999996

1583318594.081000090

1583318594.082000017

1583318594.086999893

1583318594.088999987

1583318594.089999914

1583318594.092000008

1583318594.094000101

1583318594.095999956

1583318594.098999977

1583318594.101000071

1583318594.102999926

1583318594.104000092

1583318594.105999947

1583318594.108000040

1583318594.111000061

1583318594.112999916

1583318594.115000010

1583318594.115999937

1583318594.118000031

1583318594.119999886

1583318594.122999907

1583318594.125000000

1583318594.127000093

1583318594.128999949

1583318594.130000114

1583318594.134000063

1583318594.135999918

1583318594.137000084

1583318594.138999939

1583318594.141000032

1583318594.142999887

1583318594.145999908

1583318594.148000002

1583318594.150000095

1583318594.151000023

1583318594.153000116

1583318594.154999971

1583318594.157999992

1583318594.160000086

1583318594.161999941

1583318594.164000034

1583318594.164999962

1583318594.167000055

1583318594.170000076

1583318594.177000046

1583318594.178999901

1583318594.181999922

1583318594.184000015

1583318594.186000109

1583318594.187999964

1583318594.188999891

1583318594.190999985

1583318594.194000006

1583318594.196000099

1583318594.197999954

1583318594.198999882

1583318594.200999975

1583318594.203000069

1583318594.207000017

1583318594.207999945

1583318594.210000038

1583318594.210999966

1583318594.213000059

1583318594.214999914

1583318594.217999935

1583318594.220999956

1583318594.221999884

1583318594.223999977

1583318594.226000071

1583318594.229000092

1583318594.232000113

1583318594.233999968

1583318594.236000061

1583318594.236999989

1583318594.239000082

1583318594.243000031

1583318594.244999886

1583318594.246000051

1583318594.247999907

1583318594.250000000

1583318594.250999928

1583318594.255000114

1583318594.256999969

1583318594.257999897

1583318594.259999990

1583318594.262000084

1583318594.263000011

1583318594.266999960

1583318594.267999887

1583318594.269999981

1583318594.272000074

1583318594.273000002

1583318594.275000095

1583318594.279000044

1583318594.279999971

1583318594.282000065

1583318594.283999920

1583318594.286000013

1583318594.286999941

1583318594.290999889

1583318594.292999983

1583318594.295000076

1583318594.296000004

1583318594.298000097

1583318594.299999952

1583318594.302999973

1583318594.305000067

1583318594.305999994

1583318594.308000088

1583318594.309999943

1583318594.311000109

1583318594.315000057

1583318594.316999912

1583318594.319000006

1583318594.321000099

1583318594.322000027

1583318594.325999975

1583318594.328000069

1583318594.328999996

1583318594.331000090

1583318594.332999945

1583318594.334000111

1583318594.338000059

1583318594.339999914

1583318594.341000080

1583318594.342999935

1583318594.345000029

1583318594.346999884

1583318594.349999905

1583318594.351999998

1583318594.354000092

1583318594.355000019

1583318594.357000113

1583318594.361000061

1583318594.361999989

1583318594.364000082

1583318594.365999937

1583318594.368000031

1583318594.368999958

1583318594.372999907

1583318594.375999928

1583318594.377000093

1583318594.378999949

1583318594.381000042

1583318594.382999897

1583318594.385999918

1583318594.388000011

1583318594.390000105

1583318594.391000032

1583318594.392999887

1583318594.394999981

1583318594.398000002

1583318594.400000095

1583318594.401999950

1583318594.403000116

1583318594.404999971

1583318594.407000065

1583318594.410000086

1583318594.411999941

1583318594.414000034

1583318594.414999962

1583318594.417000055

1583318594.421000004

1583318594.423000097

1583318594.424000025

1583318594.426000118

1583318594.427999973

1583318594.430000067

1583318594.433000088

1583318594.434999943

1583318594.437000036

1583318594.437999964

1583318594.440000057

1583318594.441999912

1583318594.446000099

1583318594.447000027

1583318594.448999882

1583318594.450000048

1583318594.451999903

1583318594.453999996

1583318594.457000017

1583318594.459000111

1583318594.460999966

1583318594.461999893

1583318594.463999987

1583318594.466000080

1583318594.469000101

1583318594.470999956

1583318594.473000050

1583318594.479000092

1583318594.482000113

1583318594.483999968

1583318594.486000061

1583318594.486999989

1583318594.489000082

1583318594.490999937

1583318594.493999958

1583318594.496000051

1583318594.496999979

1583318594.499000072

1583318594.500999928

1583318594.502000093

1583318594.506000042

1583318594.506999969

1583318594.509000063

1583318594.510999918

1583318594.513000011

1583318594.513999939

1583318594.519000053

1583318594.520999908

1583318594.522000074

1583318594.523999929

1583318594.526000023

1583318594.529000044

1583318594.530999899

1583318594.532999992

1583318594.533999920

1583318594.536000013

1583318594.538000107

1583318594.540999889

1583318594.542999983

1583318594.543999910

1583318594.546000004

1583318594.548000097

1583318594.549000025

1583318594.552999973

1583318594.555000067

1583318594.555999994

1583318594.558000088

1583318594.559999943

1583318594.561000109

1583318594.565000057

1583318594.565999985

1583318594.568000078

1583318594.569000006

1583318594.571000099

1583318594.572999954

1583318594.575999975

1583318594.578000069

1583318594.579999924

1583318594.582000017

1583318594.582999945

1583318594.585000038

1583318594.588000059

1583318594.589999914

1583318594.592000008

1583318594.592999935

1583318594.595000029

1583318594.596999884

1583318594.601000071

1583318594.601999998

1583318594.604000092

1583318594.605999947

1583318594.607000113

1583318594.608999968

1583318594.612999916

1583318594.614000082

1583318594.615999937

1583318594.618000031

1583318594.619999886

1583318594.622999907

1583318594.625000000

1583318594.627000093

1583318594.628999949

1583318594.630000114

1583318594.631999969

1583318594.635999918

1583318594.637000084

1583318594.638999939

1583318594.641000032

1583318594.641999960

1583318594.644000053

1583318594.648000002

1583318594.650000095

1583318594.651000023

1583318594.653000116

1583318594.654999971

1583318594.655999899

1583318594.660000086

1583318594.663000107

1583318594.664000034

1583318594.665999889

1583318594.667999983

1583318594.668999910

1583318594.673000097

1583318594.674999952

1583318594.676000118

1583318594.677999973

1583318594.680000067

1583318594.680999994

1583318594.684999943

1583318594.687000036

1583318594.687999964

1583318594.690000057

1583318594.690999985

1583318594.693000078

1583318594.696000099

1583318594.697999954

1583318594.700000048

1583318594.701999903

1583318594.703999996

1583318594.704999924

1583318594.709000111

1583318594.710000038

1583318594.711999893

1583318594.713999987

1583318594.714999914

1583318594.719000101

1583318594.720999956

1583318594.723000050

1583318594.723999977

1583318594.726000071

1583318594.727999926

1583318594.730999947

1583318594.733000040

1583318594.734999895

1583318594.736000061

1583318594.737999916

1583318594.740000010

1583318594.743999958

1583318594.744999886

1583318594.746999979

1583318594.747999907

1583318594.750000000

1583318594.752000093

1583318594.755000114

1583318594.756999969

1583318594.759000063

1583318594.759999990

1583318594.762000084

1583318594.763999939

1583318594.766999960

1583318594.769000053

1583318594.770999908

1583318594.772000074

1583318594.779000044

1583318594.780999899

1583318594.782999992

1583318594.783999920

1583318594.786000013

1583318594.788000107

1583318594.790999889

1583318594.792999983

1583318594.795000076

1583318594.796999931

1583318594.798000097

1583318594.799999952

1583318594.802999973

1583318594.816999912

1583318594.819000006

1583318594.821000099

1583318594.822999954

1583318594.823999882

1583318594.828000069

1583318594.829999924

1583318594.831000090

1583318594.832999945

1583318594.835000038

1583318594.838999987

1583318594.841000080

1583318594.842000008

1583318594.844000101

1583318594.845999956

1583318594.846999884

1583318594.851000071

1583318594.852999926

1583318594.854000092

1583318594.855999947

1583318594.858000040

1583318594.859999895

1583318594.862999916

1583318594.865000010

1583318594.867000103

1583318594.868000031

1583318594.869999886

1583318594.871999979

1583318594.875000000

1583318594.877000093

1583318594.878999949

1583318594.880000114

1583318594.881999969

1583318594.884000063

1583318594.887000084

1583318594.888999939

1583318594.891000032

1583318594.891999960

1583318594.894000053

1583318594.895999908

1583318594.900000095

1583318594.901999950

1583318594.903000116

1583318594.904999971

1583318594.907000065

1583318594.907999992

1583318594.911999941

1583318594.914000034

1583318594.914999962

1583318594.917000055

1583318594.918999910

1583318594.923000097

1583318594.924000025

1583318594.926000118

1583318594.927999973

1583318594.928999901

1583318594.930999994

1583318594.934999943

1583318594.937000036

1583318594.937999964

1583318594.940000057

1583318594.941999912

1583318594.943000078

1583318594.947000027

1583318594.950000048

1583318594.950999975

1583318594.953000069

1583318594.954999924

1583318594.959000111

1583318594.960999966

1583318594.961999893

1583318594.963999987

1583318594.966000080

1583318594.967000008

1583318594.970999956

1583318594.973000050

1583318594.973999977

1583318594.976000071

1583318594.977999926

1583318594.980000019

1583318594.983000040

1583318594.984999895

1583318594.986999989

1583318594.987999916

1583318594.990000010

1583318594.992000103

1583318594.994999886

1583318594.996999979

1583318594.999000072

1583318595.000000000

1583318595.002000093

1583318595.003999949

1583318595.006999969

1583318595.009000063

1583318595.010999918

1583318595.012000084

1583318595.013999939

1583318595.016000032

1583318595.019000053

1583318595.020999908

1583318595.023000002

1583318595.025000095

1583318595.026000023

1583318595.028000116

1583318595.030999899

1583318595.032999992

1583318595.035000086

1583318595.036000013

1583318595.038000107

1583318595.039999962

1583318595.042999983

1583318595.045000076

1583318595.046999931

1583318595.048000097

1583318595.049999952

1583318595.052000046

1583318595.055999994

1583318595.058000088

1583318595.059000015

1583318595.061000109

1583318595.062999964

1583318595.065999985

1583318595.068000078

1583318595.069999933

1583318595.071000099

1583318595.072999954

1583318595.075000048

1583318595.078000069

1583318595.079999924

1583318595.082000017

1583318595.084000111

1583318595.085000038

1583318595.086999893

1583318595.095000029

1583318595.095999956

1583318595.098000050

1583318595.099999905

1583318595.104000092

1583318595.105000019

1583318595.107000113

1583318595.108999968

1583318595.111000061

1583318595.111999989

1583318595.115999937

1583318595.118000031

1583318595.119999886

1583318595.121000051

1583318595.122999907

1583318595.125999928

1583318595.128000021

1583318595.130000114

1583318595.131999969

1583318595.132999897

1583318595.134999990

1583318595.138000011

1583318595.140000105

1583318595.141999960

1583318595.142999887

1583318595.145999908

1583318595.147000074

1583318595.150000095

1583318595.151999950

1583318595.154000044

1583318595.155999899

1583318595.157000065

1583318595.158999920

1583318595.161999941

1583318595.164000034

1583318595.165999889

1583318595.167000055

1583318595.168999910

1583318595.171000004

1583318595.174999952

1583318595.176000118

1583318595.177999973

1583318595.180000067

1583318595.181999922

1583318595.183000088

1583318595.187000036

1583318595.188999891

1583318595.190000057

1583318595.191999912

1583318595.194000006

1583318595.194999933

1583318595.198999882

1583318595.200999975

1583318595.201999903

1583318595.203999996

1583318595.206000090

1583318595.207000017

1583318595.210999966

1583318595.213000059

1583318595.213999987

1583318595.216000080

1583318595.217999935

1583318595.220999956

1583318595.223000050

1583318595.224999905

1583318595.226999998

1583318595.227999926

1583318595.230000019

1583318595.233999968

1583318595.236000061

1583318595.237999916

1583318595.240000010

1583318595.242000103

1583318595.246000051

1583318595.247999907

1583318595.249000072

1583318595.250999928

1583318595.253000021

1583318595.253999949

1583318595.257999897

1583318595.259999990

1583318595.260999918

1583318595.263000011

1583318595.265000105

1583318595.266000032

1583318595.269999981

1583318595.272000074

1583318595.273000002

1583318595.275000095

1583318595.276000023

1583318595.278000116

1583318595.279999971

1583318595.282999992

1583318595.285000086

1583318595.286000013

1583318595.290999889

1583318595.293999910

1583318595.296000004

1583318595.298000097

1583318595.299000025

1583318595.301000118

1583318595.302999973

1583318595.305999994

1583318595.308000088

1583318595.309999943

1583318595.312000036

1583318595.312999964

1583318595.316999912

1583318595.319000006

1583318595.321000099

1583318595.322000027

1583318595.323999882

1583318595.325999975

1583318595.328999996

1583318595.331000090

1583318595.332999945

1583318595.334000111

1583318595.335999966

1583318595.338000059

1583318595.341000080

1583318595.342999935

1583318595.345000029

1583318595.346999884

1583318595.348999977

1583318595.349999905

1583318595.354000092

1583318595.355999947

1583318595.357000113

1583318595.358999968

1583318595.361000061

1583318595.361999989

1583318595.365999937

1583318595.368000031

1583318595.369999886

1583318595.371000051

1583318595.372999907

1583318595.375000000

1583318595.378000021

1583318595.380000114

1583318595.381000042

1583318595.382999897

1583318595.385999918

1583318595.391999960

1583318595.394000053

1583318595.395999908

1583318595.397000074

1583318595.398999929

1583318595.403000116

1583318595.404000044

1583318595.405999899

1583318595.407000065

1583318595.408999920

1583318595.411000013

1583318595.414000034

1583318595.417000055

1583318595.417999983

1583318595.420000076

1583318595.421999931

1583318595.424999952

1583318595.427000046

1583318595.428999901

1583318595.430000067

1583318595.431999922

1583318595.434000015

1583318595.437000036

1583318595.438999891

1583318595.440999985

1583318595.443000078

1583318595.444000006

1583318595.446000099

1583318595.448999882

1583318595.450999975

1583318595.453000069

1583318595.454999924

1583318595.457000017

1583318595.457999945

1583318595.461999893

1583318595.463000059

1583318595.464999914

1583318595.467000008

1583318595.469000101

1583318595.470000029

1583318595.473999977

1583318595.476000071

1583318595.476999998

1583318595.479000092

1583318595.480999947

1583318595.482000113

1583318595.486000061

1583318595.486999989

1583318595.489000082

1583318595.490999937

1583318595.492000103

1583318595.493999958

1583318595.496999979

1583318595.499000072

1583318595.500999928

1583318595.502000093

1583318595.503999949

1583318595.506000042

1583318595.509000063

1583318595.510999918

1583318595.513000011

1583318595.516000032

1583318595.516999960

1583318595.519999981

1583318595.522000074

1583318595.523999929

1583318595.526000023

1583318595.528000116

1583318595.529000044

1583318595.533999920

1583318595.535000086

1583318595.536999941

1583318595.539000034

1583318595.539999962

1583318595.542000055

1583318595.545000076

1583318595.546999931

1583318595.549000025

1583318595.549999952

1583318595.552000046

1583318595.553999901

1583318595.556999922

1583318595.559000015

1583318595.561000109

1583318595.562999964

1583318595.563999891

1583318595.565999985

1583318595.569000006

1583318595.571000099

1583318595.572999954

1583318595.573999882

1583318595.575999975

1583318595.578000069

1583318595.581000090

1583318595.582999945

1583318595.585000038

1583318595.585999966

1583318595.588000059

1583318595.589999914

1583318595.592999935

1583318595.595000029

1583318595.596999884

1583318595.598000050

1583318595.599999905

1583318595.601999998

1583318595.605000019

1583318595.607000113

1583318595.608999968

1583318595.609999895

1583318595.611999989

1583318595.615999937

1583318595.618000031

1583318595.618999958

1583318595.621000051

1583318595.622999907

1583318595.625000000

1583318595.628000021

1583318595.630000114

1583318595.631999969

1583318595.632999897

1583318595.634999990

1583318595.637000084

1583318595.640000105

1583318595.641999960

1583318595.644000053

1583318595.644999981

1583318595.647000074

1583318595.648999929

1583318595.651999950

1583318595.654000044

1583318595.655999899

1583318595.657999992

1583318595.658999920

1583318595.661000013

1583318595.664000034

1583318595.665999889

1583318595.667999983

1583318595.668999910

1583318595.671000004

1583318595.673000097

1583318595.677999973

1583318595.678999901

1583318595.680999994

1583318595.681999922

1583318595.684000015

1583318595.690000057

1583318595.691999912

1583318595.694000006

1583318595.696000099

1583318595.697000027

1583318595.700999975

1583318595.703000069

1583318595.703999996

1583318595.706000090

1583318595.707999945

1583318595.710000038

1583318595.713000059

1583318595.714999914

1583318595.717000008

1583318595.719000101

1583318595.720999956

1583318595.723999977

1583318595.726000071

1583318595.727999926

1583318595.729000092

1583318595.730999947

1583318595.733000040

1583318595.736000061

1583318595.737999916

1583318595.740000010

1583318595.742000103

1583318595.743000031

1583318595.744999886

1583318595.749000072

1583318595.750000000

1583318595.752000093

1583318595.753999949

1583318595.755000114

1583318595.756999969

1583318595.760999918

1583318595.762000084

1583318595.763999939

1583318595.766000032

1583318595.766999960

1583318595.769000053

1583318595.773000002

1583318595.773999929

1583318595.776000023

1583318595.778000116

1583318595.779999971

1583318595.780999899

1583318595.785000086

1583318595.786999941

1583318595.788000107

1583318595.789999962

1583318595.792000055

1583318595.792999983

1583318595.796999931

1583318595.799000025

1583318595.799999952

1583318595.802000046

1583318595.803999901

1583318595.805000067

1583318595.809000015

1583318595.811000109

1583318595.812000036

1583318595.815000057

1583318595.815999985

1583318595.819999933

1583318595.822000027

1583318595.823999882

1583318595.825999975

1583318595.828000069

1583318595.828999996

1583318595.835999966

1583318595.836999893

1583318595.838999987

1583318595.841000080

1583318595.844000101

1583318595.845999956

1583318595.848000050

1583318595.849999905

1583318595.851000071

1583318595.852999926

1583318595.855999947

1583318595.858000040

1583318595.859999895

1583318595.861999989

1583318595.862999916

1583318595.865000010

1583318595.868000031

1583318595.869999886

1583318595.871999979

1583318595.872999907

1583318595.875000000

1583318595.877000093

1583318595.881000042

1583318595.881999969

1583318595.884000063

1583318595.885999918

1583318595.887000084

1583318595.888999939

1583318595.891999960

1583318595.894000053

1583318595.895999908

1583318595.897000074

1583318595.898999929

1583318595.901000023

1583318595.904000044

1583318595.905999899

1583318595.907999992

1583318595.908999920

1583318595.911000013

1583318595.914999962

1583318595.917000055

1583318595.918999910

1583318595.920000076

1583318595.921999931

1583318595.924000025

1583318595.927000046

1583318595.928999901

1583318595.930999994

1583318595.931999922

1583318595.934000015

1583318595.936000109

1583318595.938999891

1583318595.940999985

1583318595.943000078

1583318595.944000006

1583318595.946000099

1583318595.947999954

1583318595.951999903

1583318595.953000069

1583318595.954999924

1583318595.956000090

1583318595.959000111

1583318595.960000038

1583318595.963999987

1583318595.966000080

1583318595.967000008

1583318595.970000029

1583318595.970999956

1583318595.973000050

1583318595.976999998

1583318595.986000061

1583318595.989000082

1583318595.993999958

1583318595.996000051

1583318596.000000000

1583318596.000999928

1583318596.003000021

1583318596.005000114

1583318596.006999969

1583318596.009000063

1583318596.012000084

1583318596.015000105

1583318596.017999887

1583318596.020999908

1583318596.026000023

1583318596.028000116

1583318596.029000044

1583318596.030999899

1583318596.032999992

1583318596.036000013

1583318596.038000107

1583318596.039999962

1583318596.042000055

1583318596.042999983

1583318596.045000076

1583318596.049000025

1583318596.051000118

1583318596.052000046

1583318596.053999901

1583318596.055999994

1583318596.056999922

1583318596.061000109

1583318596.062000036

1583318596.063999891

1583318596.065999985

1583318596.068000078

1583318596.069000006

1583318596.072999954

1583318596.075000048

1583318596.075999975

1583318596.078000069

1583318596.079999924

1583318596.081000090

1583318596.085000038

1583318596.086999893

1583318596.088000059

1583318596.089999914

1583318596.092000008

1583318596.092999935

1583318596.096999884

1583318596.098000050

1583318596.099999905

1583318596.101999998

1583318596.104000092

1583318596.105000019

1583318596.108999968

1583318596.111000061

1583318596.111999989

1583318596.114000082

1583318596.117000103

1583318596.121000051

1583318596.122999907

1583318596.125000000

1583318596.125999928

1583318596.128000021

1583318596.130000114

1583318596.132999897

1583318596.134999990

1583318596.137000084

1583318596.138000011

1583318596.140000105

1583318596.141999960

1583318596.144999981

1583318596.147000074

1583318596.148000002

1583318596.150000095

1583318596.151999950

1583318596.154000044

1583318596.157000065

1583318596.158999920

1583318596.160000086

1583318596.161999941

1583318596.164000034

1583318596.164999962

1583318596.168999910

1583318596.171000004

1583318596.171999931

1583318596.174000025

1583318596.176000118

1583318596.177000046

1583318596.180999994

1583318596.183000088

1583318596.184000015

1583318596.186000109

1583318596.187999964

1583318596.191999912

1583318596.194000006

1583318596.194999933

1583318596.197000027

1583318596.198999882

1583318596.200999975

1583318596.203999996

1583318596.206000090

1583318596.207000017

1583318596.209000111

1583318596.210999966

1583318596.211999893

1583318596.216000080

1583318596.217999935

1583318596.219000101

1583318596.220999956

1583318596.223000050

1583318596.223999977

