1583256940.055999994

1583256940.058000088

1583256940.059999943

1583256940.061000109

1583256940.063999891

1583256940.071000099

1583256940.111000061

1583256940.115000010

1583256940.117000103

1583256940.118999958

1583256940.121999979

1583256940.125999928

1583256940.128000021

1583256940.130000114

1583256940.131999969

1583256940.134000063

1583256940.138000011

1583256940.140000105

1583256940.141999960

1583256940.144000053

1583256940.145999908

1583256940.150000095

1583256940.151999950

1583256940.154000044

1583256940.155999899

1583256940.157999992

1583256940.161999941

1583256940.164000034

1583256940.164999962

1583256940.167000055

1583256940.168999910

1583256940.171000004

1583256940.174000025

1583256940.176000118

1583256940.177999973

1583256940.178999901

1583256940.180999994

1583256940.183000088

1583256940.186000109

1583256940.187999964

1583256940.190000057

1583256940.191999912

1583256940.193000078

1583256940.194999933

1583256940.198999882

1583256940.200000048

1583256940.201999903

1583256940.203999996

1583256940.206000090

1583256940.207000017

1583256940.210999966

1583256940.211999893

1583256940.213999987

1583256940.216000080

1583256940.217999935

1583256940.220000029

1583256940.223999977

1583256940.227999926

1583256940.232000113

1583256940.236000061

1583256940.237999916

1583256940.240000010

1583256940.240999937

1583256940.243000031

1583256940.246999979

1583256940.247999907

1583256940.250000000

1583256940.252000093

1583256940.253999949

1583256940.255000114

1583256940.259000063

1583256940.260999918

1583256940.263000011

1583256940.265000105

1583256940.266000032

1583256940.267999887

1583256940.272000074

1583256940.273000002

1583256940.275000095

1583256940.276999950

1583256940.279000044

1583256940.279999971

1583256940.283999920

1583256940.285000086

1583256940.286999941

1583256940.289000034

1583256940.290999889

1583256940.292000055

1583256940.311000109

1583256940.312999964

1583256940.313999891

1583256940.315999985

1583256940.338999987

1583256940.342999935

1583256940.344000101

1583256940.345999956

1583256940.348000050

1583256940.349999905

1583256940.351000071

1583256940.355000019

1583256940.358000040

1583256940.359999895

1583256940.361999989

1583256940.362999916

1583256940.367000103

1583256940.368999958

1583256940.371000051

1583256940.371999979

1583256940.374000072

1583256940.375999928

1583256940.380000114

1583256940.381999969

1583256940.384000063

1583256940.384999990

1583256940.387000084

1583256940.388999939

1583256940.391999960

1583256940.394000053

1583256940.395999908

1583256940.397000074

1583256940.398999929

1583256940.401000023

1583256940.404000044

1583256940.407000065

1583256940.408999920

1583256940.411000013

1583256940.413000107

1583256940.415999889

1583256940.417999983

1583256940.420000076

1583256940.423000097

1583256940.424999952

1583256940.427999973

1583256940.430000067

1583256940.431999922

1583256940.434000015

1583256940.436000109

1583256940.437000036

1583256940.440999985

1583256940.441999912

1583256940.444000006

1583256940.446000099

1583256940.447999954

1583256940.448999882

1583256940.453000069

1583256940.454999924

1583256940.456000090

1583256940.457999945

1583256940.460000038

1583256940.463999987

1583256940.464999914

1583256940.467000008

1583256940.469000101

1583256940.470999956

1583256940.471999884

1583256940.476000071

1583256940.477999926

1583256940.480000019

1583256940.480999947

1583256940.483000040

1583256940.484999895

1583256940.487999916

1583256940.490000010

1583256940.492000103

1583256940.493999958

1583256940.494999886

1583256940.496999979

1583256940.500000000

1583256940.502000093

1583256940.503999949

1583256940.506000042

1583256940.507999897

1583256940.509000063

1583256940.513000011

1583256940.513999939

1583256940.516000032

1583256940.517999887

1583256940.519999981

1583256940.522000074

1583256940.523999929

1583256940.526000023

1583256940.528000116

1583256940.530999899

1583256940.532999992

1583256940.536000013

1583256940.538000107

1583256940.539999962

1583256940.542000055

1583256940.542999983

1583256940.545000076

1583256940.548000097

1583256940.549999952

1583256940.552000046

1583256940.553999901

1583256940.555999994

1583256940.559000015

1583256940.561000109

1583256940.562999964

1583256940.565000057

1583256940.565999985

1583256940.568000078

1583256940.572000027

1583256940.572999954

1583256940.575000048

1583256940.576999903

1583256940.578000069

1583256940.579999924

1583256940.584000111

1583256940.585999966

1583256940.588000059

1583256940.588999987

1583256940.591000080

1583256940.592999935

1583256940.595999956

1583256940.598000050

1583256940.599999905

1583256940.601000071

1583256940.602999926

1583256940.605000019

1583256940.608000040

1583256940.609999895

1583256940.611999989

1583256940.614000082

1583256940.615000010

1583256940.617000103

1583256940.619999886

1583256940.624000072

1583256940.625999928

1583256940.627000093

1583256940.628999949

1583256940.631999969

1583256940.634000063

1583256940.635999918

1583256940.638000011

1583256940.640000105

1583256940.642999887

1583256940.644999981

1583256940.647000074

1583256940.648999929

1583256940.651000023

1583256940.651999950

1583256940.655999899

1583256940.657999992

1583256940.660000086

1583256940.661000013

1583256940.663000107

1583256940.664999962

1583256940.667999983

1583256940.670000076

1583256940.671999931

1583256940.674000025

1583256940.674999952

1583256940.677000046

1583256940.680999994

1583256940.683000088

1583256940.684999943

1583256940.693000078

1583256940.694000006

1583256940.696000099

1583256940.697999954

1583256940.700000048

1583256940.700999975

1583256940.704999924

1583256940.707000017

1583256940.709000111

1583256940.710999966

1583256940.711999893

1583256940.713999987

1583256940.717000008

1583256940.719000101

1583256940.720999956

1583256940.723999977

1583256940.726000071

1583256940.729000092

1583256940.730999947

1583256940.733000040

1583256940.734999895

1583256940.736999989

1583256940.737999916

1583256940.742000103

1583256940.743999958

1583256940.744999886

1583256940.746999979

1583256940.749000072

1583256940.752000093

1583256940.753999949

1583256940.756000042

1583256940.757999897

1583256940.759000063

1583256940.760999918

1583256940.765000105

1583256940.766000032

1583256940.767999887

1583256940.769999981

1583256940.772000074

1583256940.773000002

1583256940.776999950

1583256940.779000044

1583256940.780999899

1583256940.782000065

1583256940.783999920

1583256940.786000013

1583256940.789000034

1583256940.790999889

1583256940.792999983

1583256940.795000076

1583256940.796000004

1583256940.798000097

1583256940.802000046

1583256940.802999973

1583256940.805000067

1583256940.806999922

1583256940.809000015

1583256940.812000036

1583256940.813999891

1583256940.815999985

1583256940.818000078

1583256940.819000006

1583256940.821000099

1583256940.823999882

1583256940.825999975

1583256940.828000069

1583256940.829999924

1583256940.831000090

1583256940.832999945

1583256940.836999893

1583256940.838999987

1583256940.841000080

1583256940.842999935

1583256940.845000029

1583256940.845999956

1583256940.849999905

1583256940.851000071

1583256940.852999926

1583256940.855000019

1583256940.857000113

1583256940.858000040

1583256940.861999989

1583256940.862999916

1583256940.865000010

1583256940.867000103

1583256940.868999958

1583256940.871999979

1583256940.874000072

1583256940.875999928

1583256940.878000021

1583256940.878999949

1583256940.881000042

1583256940.884999990

1583256940.887000084

1583256940.888000011

1583256940.890000105

1583256940.891999960

1583256940.894000053

1583256940.897000074

1583256940.898999929

1583256940.901000023

1583256940.903000116

1583256940.904000044

1583256940.905999899

1583256940.908999920

1583256940.911000013

1583256940.913000107

1583256940.914999962

1583256940.915999889

1583256940.917999983

1583256940.921000004

1583256940.924999952

1583256940.927000046

1583256940.927999973

1583256940.930000067

1583256940.933000088

1583256940.936000109

1583256940.937000036

1583256940.938999891

1583256940.940999985

1583256940.944000006

1583256940.953000069

1583256940.957000017

1583256940.957999945

1583256940.960000038

1583256940.961999893

1583256940.963999987

1583256940.966000080

1583256940.969000101

1583256940.970999956

1583256940.973000050

1583256940.973999977

1583256940.976000071

1583256940.977999926

1583256940.980999947

1583256940.983000040

1583256940.984999895

1583256940.986000061

1583256940.989000082

1583256940.990999937

1583256940.993999958

1583256940.996000051

1583256940.997999907

1583256941.000000000

1583256941.002000093

1583256941.003000021

1583256941.006999969

1583256941.007999897

1583256941.009999990

1583256941.012000084

1583256941.013999939

1583256941.016999960

1583256941.019000053

1583256941.020999908

1583256941.023000002

1583256941.026000023

1583256941.029000044

1583256941.032000065

1583256941.032999992

1583256941.035000086

1583256941.036999941

1583256941.039000034

1583256941.042000055

1583256941.043999910

1583256941.046000004

1583256941.048000097

1583256941.049000025

1583256941.051000118

1583256941.055000067

1583256941.055999994

1583256941.058000088

1583256941.059999943

1583256941.061000109

1583256941.062999964

1583256941.066999912

1583256941.068000078

1583256941.069999933

1583256941.072000027

1583256941.073999882

1583256941.075000048

1583256941.078999996

1583256941.079999924

1583256941.082000017

1583256941.084000111

1583256941.085999966

1583256941.086999893

1583256941.091000080

1583256941.092000008

1583256941.094000101

1583256941.095999956

1583256941.098000050

1583256941.101000071

1583256941.102999926

1583256941.105000019

1583256941.107000113

1583256941.108000040

1583256941.109999895

1583256941.114000082

1583256941.115999937

1583256941.117000103

1583256941.118999958

1583256941.121000051

1583256941.121999979

1583256941.125000000

1583256941.127000093

1583256941.128999949

1583256941.131000042

1583256941.131999969

1583256941.134000063

1583256941.138000011

1583256941.138999939

1583256941.141999960

1583256941.144000053

1583256941.145999908

1583256941.148999929

1583256941.151000023

1583256941.153000116

1583256941.154999971

1583256941.155999899

1583256941.157999992

1583256941.161999941

1583256941.164000034

1583256941.164999962

1583256941.167000055

1583256941.168999910

1583256941.171000004

1583256941.174000025

1583256941.176000118

1583256941.177999973

1583256941.180000067

1583256941.180999994

1583256941.183000088

1583256941.186000109

1583256941.187999964

1583256941.190000057

1583256941.191999912

1583256941.194000006

1583256941.194999933

1583256941.198999882

1583256941.200000048

1583256941.201999903

1583256941.203999996

1583256941.206000090

1583256941.207000017

1583256941.210999966

1583256941.211999893

1583256941.213999987

1583256941.216000080

1583256941.217000008

1583256941.219000101

1583256941.223000050

1583256941.224999905

1583256941.226999998

1583256941.227999926

1583256941.230000019

1583256941.233000040

1583256941.236999989

1583256941.237999916

1583256941.240000010

1583256941.242000103

1583256941.244999886

1583256941.246999979

1583256941.249000072

1583256941.250999928

1583256941.253000021

1583256941.255000114

1583256941.257999897

1583256941.259999990

1583256941.262000084

1583256941.263000011

1583256941.265000105

1583256941.266999960

1583256941.269999981

1583256941.272000074

1583256941.273999929

1583256941.275000095

1583256941.276999950

1583256941.279000044

1583256941.282000065

1583256941.283999920

1583256941.286000013

1583256941.288000107

1583256941.289000034

1583256941.290999889

1583256941.295000076

1583256941.296999931

1583256941.299000025

1583256941.301000118

1583256941.302999973

1583256941.305999994

1583256941.308000088

1583256941.309999943

1583256941.312000036

1583256941.312999964

1583256941.315000057

1583256941.319000006

1583256941.321000099

1583256941.322999954

1583256941.325999975

1583256941.326999903

1583256941.331000090

1583256941.332999945

1583256941.335000038

1583256941.336999893

1583256941.338000059

1583256941.339999914

1583256941.342999935

1583256941.345000029

1583256941.346999884

1583256941.348999977

1583256941.349999905

1583256941.351999998

1583256941.355000019

1583256941.357000113

1583256941.358999968

1583256941.361000061

1583256941.362999916

1583256941.367000103

1583256941.368999958

1583256941.371000051

1583256941.371999979

1583256941.374000072

1583256941.375999928

1583256941.378999949

1583256941.381000042

1583256941.382999897

1583256941.384999990

1583256941.385999918

1583256941.388000011

1583256941.391999960

1583256941.392999887

1583256941.394999981

1583256941.397000074

1583256941.398999929

1583256941.400000095

1583256941.403000116

1583256941.404999971

1583256941.407000065

1583256941.408999920

1583256941.410000086

1583256941.414999962

1583256941.417000055

1583256941.418999910

1583256941.421000004

1583256941.421999931

1583256941.424000025

1583256941.427000046

1583256941.428999901

1583256941.430999994

1583256941.433000088

1583256941.434999943

1583256941.436000109

1583256941.440000057

1583256941.440999985

1583256941.443000078

1583256941.446000099

1583256941.447999954

1583256941.448999882

1583256941.453000069

1583256941.454999924

1583256941.456000090

1583256941.457999945

1583256941.460000038

1583256941.463000059

1583256941.464999914

1583256941.467000008

1583256941.469000101

1583256941.470999956

1583256941.471999884

1583256941.476000071

1583256941.477999926

1583256941.480000019

1583256941.480999947

1583256941.483000040

1583256941.484999895

1583256941.487999916

1583256941.490000010

1583256941.492000103

1583256941.493999958

1583256941.494999886

1583256941.496999979

1583256941.500000000

1583256941.502000093

1583256941.503999949

1583256941.506000042

1583256941.506999969

1583256941.509000063

1583256941.513000011

1583256941.515000105

1583256941.516000032

1583256941.517999887

1583256941.519999981

1583256941.523000002

1583256941.526999950

1583256941.529000044

1583256941.529999971

1583256941.532000065

1583256941.535000086

1583256941.536999941

1583256941.539000034

1583256941.540999889

1583256941.542999983

1583256941.545000076

1583256941.548000097

1583256941.549999952

1583256941.552999973

1583256941.555000067

1583256941.555999994

1583256941.559999943

1583256941.562000036

1583256941.562999964

1583256941.565000057

1583256941.566999912

1583256941.569000006

1583256941.572000027

1583256941.573999882

1583256941.575000048

1583256941.578000069

1583256941.578999996

1583256941.581000090

1583256941.584000111

1583256941.585999966

1583256941.588000059

1583256941.589999914

1583256941.591000080

1583256941.592999935

1583256941.595999956

1583256941.598999977

1583256941.601000071

1583256941.602999926

1583256941.604000092

1583256941.605999947

1583256941.608999968

1583256941.611000061

1583256941.612999916

1583256941.615000010

1583256941.615999937

1583256941.618000031

1583256941.621999979

1583256941.622999907

1583256941.625000000

1583256941.628000021

1583256941.630000114

1583256941.632999897

1583256941.634999990

1583256941.637000084

1583256941.638999939

1583256941.640000105

1583256941.644000053

1583256941.645999908

1583256941.648000002

1583256941.650000095

1583256941.651000023

1583256941.653000116

1583256941.657000065

1583256941.658999920

1583256941.661000013

1583256941.663000107

1583256941.664000034

1583256941.665999889

1583256941.668999910

1583256941.671000004

1583256941.673000097

1583256941.674999952

1583256941.676000118

1583256941.677999973

1583256941.681999922

1583256941.683000088

1583256941.690000057

1583256941.693000078

1583256941.694999933

1583256941.697000027

1583256941.698999882

1583256941.700000048

1583256941.701999903

1583256941.706000090

1583256941.707000017

1583256941.709000111

1583256941.710999966

1583256941.713000059

1583256941.716000080

1583256941.717999935

1583256941.720000029

1583256941.721999884

1583256941.723000050

1583256941.724999905

1583256941.729000092

1583256941.730000019

1583256941.732000113

1583256941.733999968

1583256941.736000061

1583256941.736999989

1583256941.740999937

1583256941.743000031

1583256941.744999886

1583256941.746000051

1583256941.747999907

1583256941.750999928

1583256941.753999949

1583256941.756000042

1583256941.757999897

1583256941.759000063

1583256941.760999918

1583256941.763000011

1583256941.766000032

1583256941.767999887

1583256941.769999981

1583256941.772000074

1583256941.773000002

1583256941.775000095

1583256941.778000116

1583256941.779999971

1583256941.782000065

1583256941.783999920

1583256941.786000013

1583256941.789000034

1583256941.790999889

1583256941.792999983

1583256941.795000076

1583256941.796000004

1583256941.798000097

1583256941.802000046

1583256941.803999901

1583256941.805999994

1583256941.806999922

1583256941.809000015

1583256941.811000109

1583256941.813999891

1583256941.815999985

1583256941.818000078

1583256941.819000006

1583256941.821000099

1583256941.822999954

1583256941.825999975

1583256941.828999996

1583256941.831000090

1583256941.832999945

1583256941.835000038

1583256941.838000059

1583256941.839999914

1583256941.842000008

1583256941.844000101

1583256941.845000029

1583256941.846999884

1583256941.849999905

1583256941.851999998

1583256941.854000092

1583256941.855999947

1583256941.857000113

1583256941.858999968

1583256941.861999989

1583256941.864000082

1583256941.865999937

1583256941.868000031

1583256941.869999886

1583256941.872999907

1583256941.875000000

1583256941.877000093

1583256941.878999949

1583256941.880000114

1583256941.881999969

1583256941.884999990

1583256941.887000084

1583256941.888999939

1583256941.891000032

1583256941.892999887

1583256941.894000053

1583256941.898000002

1583256941.900000095

1583256941.903000116

1583256941.904999971

1583256941.905999899

1583256941.907999992

1583256941.911999941

1583256941.913000107

1583256941.914999962

1583256941.917000055

1583256941.917999983

1583256941.920000076

1583256941.924000025

1583256941.924999952

1583256941.927000046

1583256941.930000067

1583256941.931999922

1583256941.936000109

1583256941.937000036

1583256941.938999891

1583256941.940999985

1583256941.943000078

1583256941.946000099

1583256941.947999954

1583256941.950000048

1583256941.951999903

1583256941.953000069

1583256941.954999924

1583256941.959000111

1583256941.960999966

1583256941.961999893

1583256941.963999987

1583256941.966000080

1583256941.967999935

1583256941.970999956

1583256941.973000050

1583256941.974999905

1583256941.976999998

1583256941.977999926

1583256941.980000019

1583256941.983000040

1583256941.984999895

1583256941.986999989

1583256941.989000082

1583256941.990000010

1583256941.992000103

1583256941.996000051

1583256941.997999907

1583256941.999000072

1583256942.000999928

1583256942.003000021

1583256942.006000042

1583256942.007999897

1583256942.009999990

1583256942.012000084

1583256942.013000011

1583256942.015000105

1583256942.019000053

1583256942.020999908

1583256942.022000074

1583256942.023999929

1583256942.026000023

1583256942.026999950

1583256942.030999899

1583256942.032999992

1583256942.035000086

1583256942.036999941

1583256942.038000107

1583256942.039999962

1583256942.042999983

1583256942.045000076

1583256942.046999931

1583256942.049000025

1583256942.051000118

1583256942.053999901

1583256942.056999922

1583256942.059000015

1583256942.061000109

1583256942.062999964

1583256942.063999891

1583256942.068000078

1583256942.069999933

1583256942.072000027

1583256942.072999954

1583256942.075000048

1583256942.076999903

1583256942.079999924

1583256942.082000017

1583256942.084000111

1583256942.085999966

1583256942.086999893

1583256942.088999987

1583256942.092999935

1583256942.095000029

1583256942.095999956

1583256942.098000050

1583256942.099999905

1583256942.102999926

1583256942.105000019

1583256942.107000113

1583256942.108999968

1583256942.109999895

1583256942.111999989

1583256942.115999937

1583256942.118000031

1583256942.118999958

1583256942.121000051

1583256942.122999907

1583256942.125000000

1583256942.128000021

1583256942.131000042

1583256942.132999897

1583256942.134999990

1583256942.137000084

1583256942.140000105

1583256942.141999960

1583256942.144000053

1583256942.145999908

1583256942.147000074

1583256942.148999929

1583256942.153000116

1583256942.154000044

1583256942.155999899

1583256942.157999992

1583256942.160000086

1583256942.163000107

1583256942.164999962

1583256942.167000055

1583256942.168999910

1583256942.170000076

1583256942.171999931

1583256942.176000118

1583256942.177999973

1583256942.178999901

1583256942.180999994

1583256942.183000088

1583256942.184000015

1583256942.187999964

1583256942.190000057

1583256942.191999912

1583256942.194000006

1583256942.194999933

1583256942.197000027

1583256942.200000048

1583256942.201999903

1583256942.203999996

1583256942.206000090

1583256942.207999945

1583256942.210000038

1583256942.213999987

1583256942.214999914

1583256942.217000008

1583256942.219000101

1583256942.220000029

1583256942.221999884

1583256942.226000071

1583256942.226999998

1583256942.229000092

1583256942.230999947

1583256942.233000040

1583256942.236000061

1583256942.237999916

1583256942.240000010

1583256942.242000103

1583256942.243000031

1583256942.244999886

1583256942.249000072

1583256942.250000000

1583256942.252000093

1583256942.253999949

1583256942.256000042

1583256942.257999897

1583256942.260999918

1583256942.263000011

1583256942.266000032

1583256942.267999887

1583256942.269000053

1583256942.273000002

1583256942.275000095

1583256942.276999950

1583256942.279000044

1583256942.279999971

1583256942.282000065

1583256942.285000086

1583256942.286999941

1583256942.289000034

1583256942.290999889

1583256942.292999983

1583256942.293999910

1583256942.296999931

1583256942.299000025

1583256942.301000118

1583256942.302999973

1583256942.303999901

1583256942.308000088

1583256942.309999943

1583256942.312000036

1583256942.313999891

1583256942.315000057

1583256942.316999912

1583256942.321000099

1583256942.322999954

1583256942.325000048

1583256942.325999975

1583256942.328000069

1583256942.329999924

1583256942.332999945

1583256942.335000038

1583256942.336999893

1583256942.338999987

1583256942.341000080

1583256942.344000101

1583256942.345999956

1583256942.348000050

1583256942.349999905

1583256942.351000071

1583256942.352999926

1583256942.357000113

1583256942.358999968

1583256942.361000061

1583256942.362999916

1583256942.365000010

1583256942.367000103

1583256942.371000051

1583256942.372999907

1583256942.375000000

1583256942.377000093

1583256942.378000021

1583256942.381999969

1583256942.384000063

1583256942.385999918

1583256942.387000084

1583256942.388999939

1583256942.391000032

1583256942.394000053

1583256942.395999908

1583256942.397000074

1583256942.398999929

1583256942.401000023

1583256942.401999950

1583256942.405999899

1583256942.407999992

1583256942.408999920

1583256942.411000013

1583256942.413000107

1583256942.414000034

1583256942.417999983

1583256942.420000076

1583256942.421999931

1583256942.424000025

1583256942.426000118

1583256942.428999901

1583256942.433000088

1583256942.434000015

1583256942.436000109

1583256942.437999964

1583256942.440999985

1583256942.443000078

1583256942.444999933

1583256942.447000027

1583256942.448999882

1583256942.450999975

1583256942.453999996

1583256942.456000090

1583256942.457999945

1583256942.459000111

1583256942.460999966

1583256942.463000059

1583256942.466000080

1583256942.467999935

1583256942.469000101

1583256942.470999956

1583256942.473000050

1583256942.474999905

1583256942.477999926

1583256942.480000019

1583256942.482000113

1583256942.483999968

1583256942.486000061

1583256942.489000082

1583256942.490999937

1583256942.493000031

1583256942.494999886

1583256942.496000051

1583256942.497999907

1583256942.502000093

1583256942.503999949

1583256942.505000114

1583256942.506999969

1583256942.509000063

1583256942.509999990

1583256942.515000105

1583256942.516999960

1583256942.517999887

1583256942.519999981

1583256942.522000074

1583256942.523999929

1583256942.526999950

1583256942.529000044

1583256942.530999899

1583256942.533999920

1583256942.535000086

1583256942.539000034

1583256942.540999889

1583256942.542999983

1583256942.545000076

1583256942.546000004

1583256942.548000097

1583256942.552000046

1583256942.552999973

1583256942.555000067

1583256942.556999922

1583256942.559000015

1583256942.562000036

1583256942.563999891

1583256942.565999985

1583256942.568000078

1583256942.569000006

1583256942.571000099

1583256942.573999882

1583256942.575999975

1583256942.578000069

1583256942.579999924

1583256942.582000017

1583256942.582999945

1583256942.586999893

1583256942.588999987

1583256942.589999914

1583256942.592000008

1583256942.594000101

1583256942.595999956

1583256942.598999977

1583256942.601000071

1583256942.602999926

1583256942.605000019

1583256942.605999947

1583256942.608000040

1583256942.611000061

1583256942.612999916

1583256942.615000010

1583256942.617000103

1583256942.618999958

1583256942.621999979

1583256942.624000072

1583256942.625999928

1583256942.628000021

1583256942.628999949

1583256942.631000042

1583256942.634000063

1583256942.635999918

1583256942.638000011

1583256942.640000105

1583256942.641999960

1583256942.644000053

1583256942.647000074

1583256942.648999929

1583256942.650000095

1583256942.651999950

1583256942.654000044

1583256942.655999899

1583256942.658999920

1583256942.661000013

1583256942.661999941

1583256942.664000034

1583256942.667000055

1583256942.668999910

1583256942.671999931

1583256942.674000025

1583256942.676000118

1583256942.677999973

1583256942.678999901

1583256942.680999994

1583256942.684000015

1583256942.686000109

1583256942.693000078

1583256942.696000099

1583256942.697999954

1583256942.700000048

1583256942.700999975

1583256942.703000069

1583256942.704999924

1583256942.707999945

1583256942.710000038

1583256942.711999893

1583256942.713999987

1583256942.714999914

1583256942.717000008

1583256942.720000029

1583256942.721999884

1583256942.723999977

1583256942.726000071

1583256942.726999998

1583256942.729000092

1583256942.732000113

1583256942.736000061

1583256942.737999916

1583256942.739000082

1583256942.740999937

1583256942.743999958

1583256942.746000051

1583256942.747999907

1583256942.750000000

1583256942.752000093

1583256942.755000114

1583256942.756999969

1583256942.759000063

1583256942.759999990

1583256942.762000084

1583256942.763999939

1583256942.766999960

1583256942.769000053

1583256942.770999908

1583256942.773000002

1583256942.775000095

1583256942.776000023

1583256942.779999971

1583256942.782000065

1583256942.782999992

1583256942.785000086

1583256942.786999941

1583256942.789000034

1583256942.792000055

1583256942.793999910

1583256942.796000004

1583256942.798000097

1583256942.799000025

1583256942.801000118

1583256942.803999901

1583256942.805999994

1583256942.808000088

1583256942.809999943

1583256942.812000036

1583256942.812999964

1583256942.815999985

1583256942.819000006

1583256942.821000099

1583256942.822999954

1583256942.823999882

1583256942.825999975

1583256942.829999924

1583256942.831000090

1583256942.832999945

1583256942.835999966

1583256942.838000059

1583256942.841000080

1583256942.842999935

1583256942.845000029

1583256942.846999884

1583256942.848999977

1583256942.851999998

1583256942.854000092

1583256942.855999947

1583256942.858000040

1583256942.859999895

1583256942.861999989

1583256942.865000010

1583256942.867000103

1583256942.868999958

1583256942.869999886

1583256942.871999979

1583256942.874000072

1583256942.877000093

1583256942.878999949

1583256942.881000042

1583256942.882999897

1583256942.884000063

1583256942.885999918

1583256942.888999939

1583256942.891000032

1583256942.892999887

1583256942.894999981

1583256942.895999908

1583256942.898000002

1583256942.901000023

1583256942.903000116

1583256942.904999971

1583256942.907000065

1583256942.908999920

1583256942.911999941

1583256942.914000034

1583256942.915999889

1583256942.917999983

1583256942.918999910

1583256942.921000004

1583256942.924000025

1583256942.926000118

1583256942.927999973

1583256942.930000067

1583256942.931999922

1583256942.933000088

1583256942.937000036

1583256942.938999891

1583256942.940999985

1583256942.943000078

1583256942.944000006

1583256942.946000099

1583256942.948999882

1583256942.950999975

1583256942.953000069

1583256942.954999924

1583256942.956000090

1583256942.957999945

1583256942.960999966

1583256942.963000059

1583256942.964999914

1583256942.967000008

1583256942.969000101

1583256942.973000050

1583256942.974999905

1583256942.976999998

1583256942.979000092

1583256942.980000019

1583256942.982000113

1583256942.986000061

1583256942.987999916

1583256942.989000082

1583256942.990999937

1583256942.993000031

1583256942.993999958

1583256942.997999907

1583256943.000000000

1583256943.002000093

1583256943.003000021

1583256943.005000114

1583256943.006999969

1583256943.009999990

1583256943.012000084

1583256943.013999939

1583256943.016000032

1583256943.016999960

1583256943.019000053

1583256943.022000074

1583256943.023999929

1583256943.026000023

1583256943.028000116

1583256943.029999971

1583256943.032999992

1583256943.036000013

1583256943.038000107

1583256943.039999962

1583256943.042000055

1583256943.045000076

1583256943.046999931

1583256943.049000025

1583256943.051000118

1583256943.052999973

1583256943.053999901

1583256943.058000088

1583256943.059999943

1583256943.062000036

1583256943.062999964

1583256943.065000057

1583256943.066999912

1583256943.069999933

1583256943.072000027

1583256943.073999882

1583256943.075999975

1583256943.076999903

1583256943.078999996

1583256943.082999945

1583256943.084000111

1583256943.085999966

1583256943.088000059

1583256943.089999914

1583256943.092999935

1583256943.095000029

1583256943.096999884

1583256943.098999977

1583256943.099999905

1583256943.101999998

1583256943.105999947

1583256943.108000040

1583256943.108999968

1583256943.111000061

1583256943.112999916

1583256943.114000082

1583256943.118000031

1583256943.119999886

1583256943.122999907

1583256943.125000000

1583256943.125999928

1583256943.128000021

1583256943.131999969

1583256943.132999897

1583256943.134999990

1583256943.138999939

1583256943.141999960

1583256943.144000053

1583256943.145999908

1583256943.148000002

1583256943.150000095

1583256943.151000023

1583256943.154999971

1583256943.157000065

1583256943.158999920

1583256943.161000013

1583256943.161999941

1583256943.164000034

1583256943.167000055

1583256943.168999910

1583256943.171000004

1583256943.173000097

1583256943.174000025

1583256943.176000118

1583256943.178999901

1583256943.180999994

1583256943.183000088

1583256943.184999943

1583256943.186000109

1583256943.187999964

1583256943.191999912

1583256943.193000078

1583256943.194999933

1583256943.197000027

1583256943.198999882

1583256943.200000048

1583256943.203000069

1583256943.204999924

1583256943.207000017

1583256943.209000111

1583256943.210000038

1583256943.211999893

1583256943.214999914

1583256943.217000008

1583256943.219000101

1583256943.220999956

1583256943.223000050

1583256943.226000071

1583256943.227999926

1583256943.230000019

1583256943.232000113

1583256943.233000040

1583256943.234999895

1583256943.237999916

1583256943.240000010

1583256943.242000103

1583256943.243999958

1583256943.244999886

1583256943.246999979

1583256943.250000000

1583256943.252000093

1583256943.253999949

1583256943.256000042

1583256943.257999897

1583256943.259000063

1583256943.263000011

1583256943.265000105

1583256943.266000032

1583256943.267999887

1583256943.269999981

1583256943.272000074

1583256943.276000023

1583256943.279000044

1583256943.280999899

1583256943.282000065

1583256943.283999920

1583256943.288000107

1583256943.289999962

1583256943.292000055

1583256943.293999910

1583256943.295000076

1583256943.299000025

1583256943.301000118

1583256943.302999973

1583256943.303999901

1583256943.305999994

1583256943.308000088

1583256943.311000109

1583256943.313999891

1583256943.315000057

1583256943.316999912

1583256943.319000006

1583256943.321000099

1583256943.323999882

1583256943.325999975

1583256943.328000069

1583256943.329999924

1583256943.331000090

1583256943.332999945

1583256943.335999966

1583256943.339999914

1583256943.342000008

1583256943.344000101

1583256943.346999884

1583256943.348999977

1583256943.351000071

1583256943.352999926

1583256943.355000019

1583256943.355999947

1583256943.359999895

1583256943.361999989

1583256943.362999916

1583256943.365000010

1583256943.367000103

1583256943.368000031

1583256943.371999979

1583256943.374000072

1583256943.375000000

1583256943.378000021

1583256943.380000114

1583256943.382999897

1583256943.384999990

1583256943.387000084

1583256943.388999939

1583256943.390000105

1583256943.391999960

1583256943.395999908

1583256943.398000002

1583256943.400000095

1583256943.401999950

1583256943.404000044

1583256943.407000065

1583256943.408999920

1583256943.411000013

1583256943.413000107

1583256943.414999962

1583256943.415999889

1583256943.420000076

1583256943.421999931

1583256943.423000097

1583256943.426000118

1583256943.428999901

1583256943.431999922

1583256943.434000015

1583256943.436000109

1583256943.437000036

1583256943.440999985

1583256943.444000006

1583256943.446000099

1583256943.447999954

1583256943.450000048

1583256943.451999903

1583256943.453000069

1583256943.457000017

1583256943.459000111

1583256943.460000038

1583256943.461999893

1583256943.463999987

1583256943.466000080

1583256943.469000101

1583256943.470999956

1583256943.473000050

1583256943.474999905

1583256943.476000071

1583256943.477999926

1583256943.480999947

1583256943.483000040

1583256943.484999895

1583256943.486999989

1583256943.487999916

1583256943.490000010

1583256943.493000031

1583256943.494999886

1583256943.496999979

1583256943.499000072

1583256943.500999928

1583256943.503999949

1583256943.506000042

1583256943.507999897

1583256943.509999990

1583256943.512000084

1583256943.513000011

1583256943.516999960

1583256943.519000053

1583256943.520999908

1583256943.522000074

1583256943.523999929

1583256943.526000023

1583256943.529000044

1583256943.530999899

1583256943.532999992

1583256943.535000086

1583256943.536999941

1583256943.539999962

1583256943.542999983

1583256943.543999910

1583256943.546000004

1583256943.548000097

1583256943.549000025

1583256943.552999973

1583256943.555000067

1583256943.555999994

1583256943.558000088

1583256943.559999943

1583256943.562000036

1583256943.565000057

1583256943.566999912

1583256943.569000006

1583256943.571000099

1583256943.572000027

1583256943.575999975

1583256943.578000069

1583256943.581000090

1583256943.582999945

1583256943.584000111

1583256943.585999966

1583256943.589999914

1583256943.591000080

1583256943.592999935

1583256943.595000029

1583256943.596999884

1583256943.598000050

1583256943.601999998

1583256943.604000092

1583256943.605000019

1583256943.607000113

1583256943.608999968

1583256943.611000061

1583256943.614000082

1583256943.615999937

1583256943.618000031

1583256943.619999886

1583256943.621000051

1583256943.622999907

1583256943.625999928

1583256943.628000021

1583256943.630000114

1583256943.631999969

1583256943.632999897

1583256943.634999990

1583256943.638000011

1583256943.641999960

1583256943.644000053

1583256943.644999981

1583256943.647000074

1583256943.650000095

1583256943.651999950

1583256943.654000044

1583256943.655999899

1583256943.657999992

1583256943.661000013

1583256943.663000107

1583256943.664999962

1583256943.667000055

1583256943.667999983

1583256943.670000076

1583256943.674000025

1583256943.676000118

1583256943.677000046

1583256943.678999901

1583256943.680999994

1583256943.683000088

1583256943.686000109

1583256943.687999964

1583256943.690000057

1583256943.697000027

1583256943.698999882

1583256943.700999975

1583256943.703000069

1583256943.704999924

1583256943.707000017

1583256943.710000038

1583256943.711999893

1583256943.713999987

1583256943.716000080

1583256943.717000008

1583256943.719000101

1583256943.721999884

1583256943.723999977

1583256943.726000071

1583256943.727999926

1583256943.729000092

1583256943.730999947

1583256943.734999895

1583256943.736999989

1583256943.739000082

1583256943.742000103

1583256943.743999958

1583256943.746999979

1583256943.749000072

1583256943.750999928

1583256943.753000021

1583256943.755000114

1583256943.757999897

1583256943.759999990

1583256943.762000084

1583256943.763000011

1583256943.765000105

1583256943.766999960

1583256943.769999981

1583256943.772000074

1583256943.773999929

1583256943.776000023

1583256943.776999950

1583256943.779000044

1583256943.782999992

1583256943.783999920

1583256943.786000013

1583256943.788000107

1583256943.789999962

1583256943.790999889

1583256943.795000076

1583256943.796999931

1583256943.799000025

1583256943.801000118

1583256943.802000046

1583256943.803999901

1583256943.806999922

1583256943.809000015

1583256943.811000109

1583256943.812999964

1583256943.815000057

1583256943.818000078

1583256943.819999933

1583256943.822000027

1583256943.822999954

1583256943.825000048

1583256943.826999903

1583256943.829999924

1583256943.832000017

1583256943.834000111

1583256943.835999966

1583256943.838000059

1583256943.838999987

1583256943.842999935

1583256943.845000029

1583256943.846999884

1583256943.848999977

1583256943.849999905

1583256943.851999998

1583256943.855000019

1583256943.857000113

1583256943.858999968

1583256943.861000061

1583256943.861999989

1583256943.864000082

1583256943.867000103

1583256943.868999958

1583256943.871000051

1583256943.872999907

1583256943.874000072

1583256943.875999928

1583256943.878999949

1583256943.881000042

1583256943.882999897

1583256943.885999918

1583256943.887000084

1583256943.888999939

1583256943.891999960

1583256943.894000053

1583256943.895999908

1583256943.898000002

1583256943.900000095

1583256943.903000116

1583256943.904999971

1583256943.907000065

1583256943.908999920

1583256943.910000086

1583256943.911999941

1583256943.915999889

1583256943.917000055

1583256943.918999910

1583256943.921000004

1583256943.923000097

1583256943.924000025

1583256943.927999973

1583256943.930000067

1583256943.931999922

1583256943.934000015

1583256943.934999943

1583256943.937000036

1583256943.940000057

1583256943.944000006

1583256943.944999933

1583256943.947000027

1583256943.948999882

1583256943.951999903

1583256943.953999996

1583256943.956000090

1583256943.957999945

1583256943.959000111

1583256943.960999966

1583256943.963999987

1583256943.966000080

1583256943.967999935

1583256943.970000029

1583256943.970999956

1583256943.973000050

1583256943.976000071

1583256943.977999926

1583256943.980000019

1583256943.982000113

1583256943.983999968

1583256943.986999989

1583256943.989000082

1583256943.990999937

1583256943.993000031

1583256943.993999958

1583256943.996000051

1583256944.000000000

1583256944.002000093

1583256944.003000021

1583256944.005000114

1583256944.006999969

1583256944.009000063

1583256944.012000084

1583256944.013999939

1583256944.015000105

1583256944.016999960

1583256944.019000053

1583256944.020999908

1583256944.023999929

1583256944.026000023

1583256944.028000116

1583256944.029999971

1583256944.030999899

1583256944.032999992

1583256944.036000013

1583256944.039000034

1583256944.040999889

1583256944.043999910

1583256944.046000004

1583256944.049000025

1583256944.051000118

1583256944.052999973

1583256944.055000067

1583256944.056999922

1583256944.059999943

1583256944.062000036

1583256944.063999891

1583256944.065999985

1583256944.068000078

1583256944.069000006

1583256944.072999954

1583256944.075000048

1583256944.075999975

1583256944.078000069

1583256944.079999924

1583256944.082000017

1583256944.085000038

1583256944.086999893

1583256944.088000059

1583256944.096999884

1583256944.098999977

1583256944.102999926

1583256944.105000019

1583256944.108000040

1583256944.111999989

1583256944.114000082

1583256944.115000010

1583256944.117000103

1583256944.121000051

1583256944.122999907

1583256944.124000072

1583256944.125999928

1583256944.128000021

1583256944.130000114

1583256944.132999897

1583256944.134999990

1583256944.135999918

1583256944.138000011

1583256944.140000105

1583256944.141999960

1583256944.144999981

1583256944.147000074

1583256944.148999929

1583256944.151000023

1583256944.151999950

1583256944.154000044

1583256944.157000065

1583256944.158999920

1583256944.161000013

1583256944.163000107

1583256944.164000034

1583256944.167999983

1583256944.170000076

1583256944.171999931

1583256944.174000025

1583256944.174999952

1583256944.177000046

1583256944.180999994

1583256944.181999922

1583256944.184000015

1583256944.186000109

1583256944.187999964

1583256944.190999985

1583256944.194000006

1583256944.196000099

1583256944.197999954

1583256944.200000048

1583256944.201999903

1583256944.204999924

1583256944.207000017

1583256944.209000111

1583256944.210999966

1583256944.211999893

1583256944.213999987

1583256944.217999935

1583256944.220000029

1583256944.220999956

1583256944.223000050

1583256944.224999905

1583256944.226999998

1583256944.230000019

1583256944.232000113

1583256944.233000040

1583256944.234999895

1583256944.236999989

1583256944.237999916

1583256944.242000103

1583256944.243999958

1583256944.246999979

1583256944.250000000

1583256944.256000042

1583256944.256999969

1583256944.259000063

1583256944.260999918

1583256944.263000011

1583256944.266000032

1583256944.267999887

1583256944.269999981

1583256944.272000074

1583256944.273000002

1583256944.275000095

1583256944.278000116

1583256944.279999971

1583256944.282000065

1583256944.283999920

1583256944.286000013

1583256944.289000034

1583256944.290999889

1583256944.292999983

1583256944.293999910

1583256944.296000004

1583256944.298000097

1583256944.301000118

1583256944.302999973

1583256944.305000067

1583256944.306999922

1583256944.308000088

1583256944.309999943

1583256944.313999891

1583256944.315999985

1583256944.318000078

1583256944.319999933

1583256944.322000027

1583256944.325000048

1583256944.326999903

1583256944.328999996

1583256944.329999924

1583256944.332000017

1583256944.334000111

1583256944.336999893

1583256944.338999987

1583256944.341000080

1583256944.344000101

1583256944.346999884

1583256944.351000071

1583256944.352999926

1583256944.354000092

1583256944.355999947

1583256944.358000040

1583256944.359999895

1583256944.362999916

1583256944.365000010

1583256944.365999937

1583256944.368000031

1583256944.369999886

1583256944.371999979

1583256944.375000000

1583256944.377000093

1583256944.378000021

1583256944.380000114

1583256944.381999969

1583256944.384000063

1583256944.387000084

1583256944.390000105

1583256944.391999960

1583256944.392999887

1583256944.394999981

1583256944.398999929

1583256944.400000095

1583256944.401999950

1583256944.404000044

1583256944.405999899

1583256944.407999992

1583256944.411000013

1583256944.413000107

1583256944.414999962

1583256944.415999889

1583256944.417999983

1583256944.420000076

1583256944.423000097

1583256944.424999952

1583256944.427000046

1583256944.427999973

1583256944.430000067

1583256944.434999943

1583256944.436000109

1583256944.437999964

1583256944.440000057

1583256944.441999912

1583256944.444000006

1583256944.447000027

1583256944.448999882

1583256944.450999975

1583256944.453000069

1583256944.454999924

1583256944.457999945

1583256944.460000038

1583256944.461999893

1583256944.463999987

1583256944.466000080

1583256944.467000008

1583256944.470999956

1583256944.473000050

1583256944.473999977

1583256944.476999998

1583256944.477999926

1583256944.480000019

1583256944.483000040

1583256944.484999895

1583256944.486999989

1583256944.489000082

1583256944.490000010

1583256944.492000103

1583256944.496000051

1583256944.497999907

1583256944.500000000

1583256944.502000093

1583256944.503000021

1583256944.505000114

1583256944.507999897

1583256944.509999990

1583256944.512000084

1583256944.513999939

1583256944.516000032

1583256944.519000053

1583256944.520999908

1583256944.523000002

1583256944.525000095

1583256944.526000023

1583256944.528000116

1583256944.532000065

1583256944.533999920

1583256944.535000086

1583256944.536999941

1583256944.539000034

1583256944.540999889

1583256944.543999910

1583256944.548000097

1583256944.549000025

1583256944.551000118

1583256944.552999973

1583256944.555999994

1583256944.558000088

1583256944.559999943

1583256944.562000036

1583256944.562999964

1583256944.565000057

1583256944.569000006

1583256944.569999933

1583256944.572000027

1583256944.573999882

1583256944.575999975

1583256944.578999996

1583256944.581000090

1583256944.582999945

1583256944.585000038

1583256944.585999966

1583256944.588000059

1583256944.592000008

1583256944.594000101

1583256944.595000029

1583256944.596999884

1583256944.598999977

1583256944.599999905

1583256944.604000092

1583256944.605999947

1583256944.608000040

1583256944.608999968

1583256944.611000061

1583256944.612999916

1583256944.615999937

1583256944.618000031

1583256944.619999886

1583256944.621999979

1583256944.622999907

1583256944.625000000

1583256944.628000021

1583256944.630000114

1583256944.631999969

1583256944.634000063

1583256944.634999990

1583256944.637000084

1583256944.640000105

1583256944.641999960

1583256944.644000053

1583256944.648000002

1583256944.650000095

1583256944.653000116

1583256944.654999971

1583256944.657000065

1583256944.658999920

1583256944.661000013

1583256944.664000034

1583256944.665999889

1583256944.667999983

1583256944.668999910

1583256944.671000004

1583256944.673000097

1583256944.676000118

1583256944.677999973

1583256944.680000067

1583256944.681999922

1583256944.683000088

1583256944.684999943

1583256944.688999891

1583256944.690000057

1583256944.691999912

1583256944.694000006

1583256944.696000099

1583256944.697000027

1583256944.700999975

1583256944.707999945

1583256944.710000038

1583256944.713000059

1583256944.714999914

1583256944.717000008

1583256944.719000101

1583256944.720000029

1583256944.721999884

1583256944.724999905

1583256944.726999998

1583256944.729000092

1583256944.730000019

1583256944.732000113

1583256944.733999968

1583256944.736999989

1583256944.739000082

1583256944.740999937

1583256944.742000103

1583256944.743999958

1583256944.744999886

1583256944.749000072

1583256944.750000000

1583256944.752000093

1583256944.753000021

1583256944.755000114

1583256944.756000042

1583256944.756999969

1583256944.760999918

1583256944.763000011

1583256944.763999939

1583256944.766000032

1583256944.767999887

1583256944.769999981

1583256944.773000002

1583256944.775000095

1583256944.776999950

1583256944.779000044

1583256944.779999971

1583256944.782000065

1583256944.785000086

1583256944.786999941

1583256944.789000034

1583256944.790999889

1583256944.792000055

1583256944.793999910

1583256944.796999931

1583256944.799000025

1583256944.802000046

1583256944.806999922

1583256944.809999943

1583256944.812000036

1583256944.813999891

1583256944.815999985

1583256944.816999912

1583256944.819000006

1583256944.822000027

1583256944.823999882

1583256944.825999975

1583256944.828000069

1583256944.828999996

1583256944.831000090

1583256944.834000111

1583256944.835999966

1583256944.838000059

1583256944.839999914

1583256944.842000008

1583256944.845000029

1583256944.848000050

1583256944.849999905

1583256944.851999998

1583256944.854000092

1583256944.857000113

1583256944.858999968

1583256944.861000061

1583256944.862999916

1583256944.865000010

1583256944.865999937

1583256944.869999886

1583256944.871999979

1583256944.872999907

1583256944.875000000

1583256944.877000093

1583256944.878000021

1583256944.881999969

1583256944.884000063

1583256944.884999990

1583256944.887000084

1583256944.888999939

1583256944.891000032

1583256944.894000053

1583256944.895999908

1583256944.897000074

1583256944.898999929

1583256944.901000023

1583256944.903000116

1583256944.905999899

1583256944.907999992

1583256944.910000086

1583256944.911999941

1583256944.913000107

1583256944.914999962

1583256944.917999983

1583256944.920000076

1583256944.921999931

1583256944.924000025

1583256944.924999952

1583256944.928999901

1583256944.930999994

1583256944.933000088

1583256944.934000015

1583256944.936000109

1583256944.937999964

1583256944.940999985

1583256944.943000078

1583256944.944999933

1583256944.947000027

1583256944.950000048

1583256944.953999996

1583256944.956000090

1583256944.957999945

1583256944.960000038

1583256944.961999893

1583256944.963999987

1583256944.967000008

1583256944.969000101

1583256944.970999956

1583256944.971999884

1583256944.973999977

1583256944.976000071

1583256944.979000092

1583256944.980999947

1583256944.983000040

1583256944.984999895

1583256944.986000061

1583256944.987999916

1583256944.990999937

1583256944.993000031

1583256944.994999886

1583256944.996999979

1583256944.999000072

1583256945.002000093

1583256945.003999949

1583256945.006000042

1583256945.006999969

1583256945.009000063

1583256945.010999918

1583256945.015000105

1583256945.016999960

1583256945.017999887

1583256945.019999981

1583256945.022000074

1583256945.023999929

1583256945.026999950

1583256945.029000044

1583256945.030999899

1583256945.032999992

1583256945.033999920

1583256945.036000013

1583256945.039000034

1583256945.040999889

1583256945.042999983

1583256945.045000076

1583256945.046999931

1583256945.049999952

1583256945.052000046

1583256945.053999901

1583256945.055999994

1583256945.058000088

1583256945.059000015

1583256945.062999964

1583256945.065000057

1583256945.065999985

1583256945.068000078

1583256945.069999933

1583256945.072000027

1583256945.075000048

1583256945.076999903

1583256945.078999996

1583256945.081000090

1583256945.082000017

1583256945.084000111

1583256945.086999893

1583256945.088999987

1583256945.091000080

1583256945.092999935

1583256945.095000029

1583256945.098000050

1583256945.099999905

1583256945.101999998

1583256945.102999926

1583256945.105999947

1583256945.108000040

1583256945.111999989

1583256945.112999916

1583256945.115000010

1583256945.117000103

1583256945.118999958

1583256945.119999886

1583256945.124000072

1583256945.125999928

1583256945.128000021

1583256945.128999949

1583256945.131000042

1583256945.132999897

1583256945.135999918

1583256945.138000011

1583256945.140000105

1583256945.141999960

1583256945.142999887

1583256945.147000074

1583256945.150000095

1583256945.151999950

1583256945.154000044

1583256945.155999899

1583256945.160000086

1583256945.161999941

1583256945.164000034

1583256945.164999962

1583256945.167000055

1583256945.168999910

1583256945.171999931

1583256945.174000025

1583256945.176000118

1583256945.177000046

1583256945.178999901

1583256945.180999994

1583256945.184000015

1583256945.186000109

1583256945.187999964

1583256945.188999891

1583256945.190999985

1583256945.191999912

1583256945.196000099

1583256945.197999954

1583256945.198999882

1583256945.200999975

1583256945.203000069

1583256945.204999924

1583256945.207999945

1583256945.210000038

1583256945.211999893

1583256945.213999987

1583256945.214999914

1583256945.217000008

1583256945.220000029

1583256945.221999884

1583256945.223999977

1583256945.226000071

1583256945.227999926

1583256945.230999947

1583256945.233000040

1583256945.234999895

1583256945.236000061

1583256945.237999916

1583256945.240000010

1583256945.243999958

1583256945.246000051

1583256945.246999979

1583256945.250000000

1583256945.250999928

1583256945.253000021

1583256945.256000042

1583256945.259000063

1583256945.260999918

1583256945.263000011

1583256945.265000105

1583256945.269000053

1583256945.270999908

1583256945.273000002

1583256945.273999929

1583256945.276000023

1583256945.278000116

1583256945.280999899

1583256945.282999992

1583256945.285000086

1583256945.286999941

1583256945.288000107

1583256945.289999962

1583256945.292999983

1583256945.295000076

1583256945.296999931

1583256945.299000025

1583256945.299999952

1583256945.302000046

1583256945.305000067

1583256945.306999922

1583256945.309000015

1583256945.311000109

1583256945.312000036

1583256945.315999985

1583256945.318000078

1583256945.319999933

1583256945.321000099

1583256945.322999954

1583256945.325000048

1583256945.328999996

1583256945.331000090

1583256945.332999945

1583256945.334000111

1583256945.335999966

1583256945.339999914

1583256945.342000008

1583256945.344000101

1583256945.345000029

1583256945.346999884

1583256945.348999977

1583256945.352999926

1583256945.355000019

1583256945.357000113

1583256945.358000040

1583256945.359999895

1583256945.361999989

1583256945.365000010

1583256945.367000103

1583256945.368999958

1583256945.369999886

1583256945.371999979

1583256945.374000072

1583256945.377000093

1583256945.378999949

1583256945.381000042

1583256945.382999897

1583256945.384000063

1583256945.388000011

1583256945.390000105

1583256945.391999960

1583256945.394000053

1583256945.395999908

1583256945.398000002

1583256945.401000023

1583256945.403000116

1583256945.404999971

1583256945.407000065

1583256945.407999992

1583256945.411000013

1583256945.414000034

1583256945.415999889

1583256945.417999983

1583256945.420000076

1583256945.421000004

1583256945.424999952

1583256945.427000046

1583256945.428999901

1583256945.430000067

1583256945.431999922

1583256945.434000015

1583256945.437000036

1583256945.440000057

1583256945.440999985

1583256945.444000006

1583256945.444999933

1583256945.447000027

1583256945.450000048

1583256945.453999996

1583256945.456000090

1583256945.457000017

1583256945.459000111

1583256945.461999893

1583256945.464999914

1583256945.466000080

1583256945.467999935

1583256945.470000029

1583256945.473000050

1583256945.474999905

1583256945.476999998

1583256945.479000092

1583256945.480999947

1583256945.482000113

1583256945.486000061

1583256945.487999916

1583256945.489000082

1583256945.490999937

1583256945.493000031

1583256945.494999886

1583256945.497999907

1583256945.500000000

1583256945.502000093

1583256945.503000021

1583256945.505000114

1583256945.506999969

1583256945.509999990

1583256945.512000084

1583256945.513999939

1583256945.516000032

1583256945.516999960

1583256945.520999908

1583256945.523000002

1583256945.525000095

1583256945.526000023

1583256945.528000116

1583256945.529999971

1583256945.533999920

1583256945.536000013

1583256945.536999941

1583256945.539000034

1583256945.540999889

1583256945.542999983

1583256945.546000004

1583256945.548000097

1583256945.549999952

1583256945.552999973

1583256945.555000067

1583256945.558000088

1583256945.559999943

1583256945.562000036

1583256945.565000057

1583256945.565999985

1583256945.569999933

1583256945.572000027

1583256945.573999882

1583256945.575999975

1583256945.578000069

1583256945.578999996

1583256945.582999945

1583256945.585000038

1583256945.585999966

1583256945.588000059

1583256945.589999914

1583256945.591000080

1583256945.595000029

1583256945.596999884

1583256945.598999977

1583256945.599999905

1583256945.601999998

1583256945.604000092

1583256945.607000113

1583256945.608999968

1583256945.611000061

1583256945.612999916

1583256945.614000082

1583256945.615999937

1583256945.618999958

1583256945.621000051

1583256945.622999907

1583256945.625000000

1583256945.625999928

1583256945.630000114

1583256945.631999969

1583256945.634000063

1583256945.634999990

1583256945.637000084

1583256945.638999939

1583256945.642999887

1583256945.644000053

1583256945.645999908

1583256945.648000002

1583256945.650000095

1583256945.651000023

1583256945.654999971

1583256945.657000065

1583256945.658999920

1583256945.660000086

1583256945.661999941

1583256945.664000034

1583256945.667000055

1583256945.668999910

1583256945.671000004

1583256945.673000097

1583256945.674000025

1583256945.676000118

1583256945.678999901

1583256945.680999994

1583256945.683000088

1583256945.684999943

1583256945.686000109

1583256945.687999964

1583256945.690999985

1583256945.693000078

1583256945.694999933

1583256945.696000099

1583256945.697999954

1583256945.700000048

1583256945.707999945

1583256945.710000038

1583256945.711999893

1583256945.716000080

1583256945.717999935

1583256945.720000029

1583256945.721999884

1583256945.723000050

1583256945.724999905

1583256945.727999926

1583256945.730000019

1583256945.732000113

1583256945.733999968

1583256945.736000061

1583256945.739000082

1583256945.740999937

1583256945.743000031

1583256945.743999958

1583256945.746000051

1583256945.747999907

1583256945.750999928

1583256945.753999949

1583256945.756000042

1583256945.757999897

1583256945.759999990

1583256945.763000011

1583256945.765000105

1583256945.766999960

1583256945.769000053

1583256945.770999908

1583256945.772000074

1583256945.776000023

1583256945.778000116

1583256945.779000044

1583256945.780999899

1583256945.782999992

1583256945.783999920

1583256945.788000107

1583256945.789999962

1583256945.790999889

1583256945.792999983

1583256945.795000076

1583256945.796000004

1583256945.799999952

1583256945.802000046

1583256945.803999901

1583256945.805000067

1583256945.806999922

1583256945.809000015

1583256945.812000036

1583256945.813999891

1583256945.815999985

1583256945.818000078

1583256945.819000006

1583256945.822999954

1583256945.825000048

1583256945.826999903

1583256945.828000069

1583256945.829999924

1583256945.832000017

1583256945.835999966

1583256945.836999893

1583256945.838999987

1583256945.841000080

1583256945.842999935

1583256945.844000101

1583256945.848000050

1583256945.849999905

1583256945.851000071

1583256945.855000019

1583256945.855999947

1583256945.859999895

1583256945.861999989

1583256945.864000082

1583256945.865000010

1583256945.867000103

1583256945.869999886

1583256945.872999907

1583256945.875000000

1583256945.877000093

1583256945.878999949

1583256945.880000114

1583256945.881999969

1583256945.884999990

1583256945.887000084

1583256945.888999939

1583256945.891000032

1583256945.891999960

1583256945.895999908

1583256945.898000002

1583256945.900000095

1583256945.901999950

1583256945.903000116

1583256945.904999971

1583256945.908999920

1583256945.911000013

1583256945.911999941

1583256945.914000034

1583256945.915999889

1583256945.917000055

1583256945.921000004

1583256945.923000097

1583256945.924000025

1583256945.926000118

1583256945.927999973

1583256945.930000067

1583256945.933000088

1583256945.934999943

1583256945.937000036

1583256945.937999964

1583256945.940000057

1583256945.941999912

1583256945.944999933

1583256945.947000027

1583256945.948999882

1583256945.950999975

1583256945.951999903

1583256945.954999924

1583256945.957000017

1583256945.960000038

1583256945.960999966

1583256945.963000059

1583256945.964999914

1583256945.967999935

1583256945.970000029

1583256945.971999884

1583256945.973000050

1583256945.974999905

1583256945.976999998

1583256945.980999947

1583256945.983000040

1583256945.983999968

1583256945.986000061

1583256945.987999916

1583256945.989000082

1583256945.993000031

1583256945.994999886

1583256945.996999979

1583256945.999000072

1583256946.000000000

1583256946.003999949

1583256946.006000042

1583256946.007999897

1583256946.009000063

1583256946.010999918

1583256946.013000011

1583256946.016000032

1583256946.017999887

1583256946.020999908

1583256946.023000002

1583256946.023999929

1583256946.026000023

1583256946.029999971

1583256946.032000065

1583256946.033999920

1583256946.035000086

1583256946.036999941

1583256946.039000034

1583256946.042000055

1583256946.043999910

1583256946.046000004

1583256946.048000097

1583256946.049000025

1583256946.051000118

1583256946.053999901

1583256946.058000088

1583256946.059999943

1583256946.061000109

1583256946.062999964

1583256946.065999985

1583256946.068000078

1583256946.069999933

1583256946.072000027

1583256946.073999882

1583256946.076999903

1583256946.078999996

1583256946.081000090

1583256946.082999945

1583256946.084000111

1583256946.085999966

1583256946.089999914

1583256946.092000008

1583256946.092999935

1583256946.095000029

1583256946.096999884

1583256946.098999977

1583256946.101999998

1583256946.104000092

1583256946.105999947

1583256946.107000113

1583256946.108999968

1583256946.111000061

1583256946.114000082

1583256946.115999937

1583256946.118000031

1583256946.119999886

1583256946.121999979

1583256946.125000000

1583256946.127000093

1583256946.128999949

1583256946.131000042

1583256946.131999969

1583256946.134000063

1583256946.138000011

1583256946.140000105

1583256946.141000032

1583256946.142999887

1583256946.144999981

1583256946.147000074

1583256946.150000095

1583256946.151999950

1583256946.154000044

1583256946.157000065

1583256946.158999920

1583256946.161999941

1583256946.164000034

1583256946.165999889

1583256946.167999983

1583256946.170000076

1583256946.174000025

1583256946.176000118

1583256946.177999973

1583256946.180000067

1583256946.180999994

1583256946.183000088

1583256946.187000036

1583256946.187999964

1583256946.190000057

1583256946.191999912

1583256946.194000006

1583256946.194999933

1583256946.198999882

1583256946.200000048

1583256946.201999903

1583256946.203999996

1583256946.206000090

1583256946.207999945

1583256946.210999966

1583256946.213000059

1583256946.214999914

1583256946.217000008

1583256946.219000101

1583256946.221999884

1583256946.223999977

1583256946.226000071

1583256946.227999926

1583256946.229000092

1583256946.230999947

1583256946.234999895

1583256946.236000061

1583256946.237999916

1583256946.240000010

1583256946.242000103

1583256946.243000031

1583256946.246999979

1583256946.249000072

1583256946.250000000

1583256946.252000093

1583256946.253999949

1583256946.256000042

1583256946.259000063

1583256946.260999918

1583256946.263000011

1583256946.263999939

1583256946.266000032

1583256946.267999887

1583256946.270999908

1583256946.273000002

1583256946.275000095

1583256946.276000023

1583256946.278000116

1583256946.279999971

1583256946.282999992

1583256946.285000086

1583256946.286999941

1583256946.289000034

1583256946.290999889

1583256946.295000076

1583256946.296999931

1583256946.299000025

1583256946.299999952

1583256946.302000046

1583256946.303999901

1583256946.306999922

1583256946.309000015

1583256946.311000109

1583256946.312999964

1583256946.313999891

1583256946.315999985

1583256946.319000006

1583256946.321000099

1583256946.322999954

1583256946.325999975

1583256946.326999903

1583256946.328999996

1583256946.332000017

1583256946.334000111

1583256946.335999966

1583256946.338000059

1583256946.339999914

1583256946.342999935

1583256946.345000029

1583256946.346999884

1583256946.348999977

1583256946.351000071

1583256946.351999998

1583256946.355999947

1583256946.358999968

1583256946.361000061

1583256946.362999916

1583256946.364000082

1583256946.368000031

1583256946.369999886

1583256946.371000051

1583256946.372999907

1583256946.375000000

1583256946.377000093

1583256946.380000114

1583256946.381999969

1583256946.384000063

1583256946.385999918

1583256946.387000084

1583256946.388999939

1583256946.391999960

1583256946.394000053

1583256946.395999908

1583256946.398000002

1583256946.398999929

1583256946.403000116

1583256946.405999899

1583256946.407000065

1583256946.408999920

1583256946.411000013

1583256946.413000107

1583256946.415999889

1583256946.417999983

1583256946.420000076

1583256946.421999931

1583256946.423000097

1583256946.427000046

1583256946.428999901

1583256946.430000067

1583256946.431999922

1583256946.434000015

1583256946.436000109

1583256946.438999891

1583256946.440999985

1583256946.443000078

1583256946.447999954

1583256946.450999975

1583256946.453000069

1583256946.454999924

1583256946.457000017

1583256946.460000038

1583256946.463000059

1583256946.464999914

1583256946.467000008

1583256946.469000101

1583256946.470999956

1583256946.471999884

1583256946.476000071

1583256946.479000092

1583256946.480000019

1583256946.482000113

1583256946.483999968

1583256946.486000061

1583256946.489000082

1583256946.490999937

1583256946.493000031

1583256946.494999886

1583256946.496000051

1583256946.497999907

1583256946.500999928

1583256946.503000021

1583256946.505000114

1583256946.506999969

1583256946.509000063

1583256946.512000084

1583256946.513999939

1583256946.516000032

1583256946.517999887

1583256946.519000053

1583256946.520999908

1583256946.525000095

1583256946.526999950

1583256946.528000116

1583256946.529999971

1583256946.532000065

1583256946.533999920

1583256946.536999941

1583256946.539000034

1583256946.540999889

1583256946.542999983

1583256946.543999910

1583256946.548000097

1583256946.549999952

1583256946.552000046

1583256946.552999973

1583256946.555000067

1583256946.556999922

1583256946.561000109

1583256946.562999964

1583256946.563999891

1583256946.565999985

1583256946.568000078

1583256946.569999933

1583256946.572999954

1583256946.575000048

1583256946.576999903

1583256946.578999996

1583256946.579999924

1583256946.584000111

1583256946.585999966

1583256946.588000059

1583256946.589999914

1583256946.592000008

1583256946.592999935

1583256946.596999884

1583256946.598000050

1583256946.599999905

1583256946.601999998

1583256946.604000092

1583256946.605999947

1583256946.608999968

1583256946.611000061

1583256946.612999916

1583256946.614000082

1583256946.615999937

1583256946.618000031

1583256946.621000051

1583256946.622999907

1583256946.625000000

1583256946.627000093

1583256946.628000021

1583256946.631000042

1583256946.634000063

1583256946.635999918

1583256946.638000011

1583256946.640000105

1583256946.641000032

1583256946.644999981

1583256946.647000074

1583256946.648999929

1583256946.650000095

1583256946.651999950

1583256946.654000044

1583256946.657000065

1583256946.660000086

1583256946.661999941

1583256946.664000034

1583256946.665999889

1583256946.670000076

1583256946.671999931

1583256946.673000097

1583256946.674999952

1583256946.677000046

1583256946.678999901

1583256946.681999922

1583256946.684000015

1583256946.686000109

1583256946.687000036

1583256946.688999891

1583256946.690999985

1583256946.694000006

1583256946.696000099

1583256946.697999954

1583256946.700000048

1583256946.700999975

1583256946.704999924

1583256946.707000017

1583256946.709000111

1583256946.710000038

1583256946.711999893

1583256946.719000101

1583256946.720999956

1583256946.723000050

1583256946.723999977

1583256946.726000071

1583256946.730000019

1583256946.732000113

1583256946.733999968

1583256946.734999895

1583256946.736999989

1583256946.739000082

1583256946.742000103

1583256946.743999958

1583256946.746000051

1583256946.747999907

1583256946.749000072

1583256946.750999928

1583256946.753999949

1583256946.756000042

1583256946.757999897

1583256946.760999918

1583256946.763000011

1583256946.766000032

1583256946.767999887

1583256946.769999981

1583256946.772000074

1583256946.773000002

1583256946.776999950

1583256946.779000044

1583256946.780999899

1583256946.782000065

1583256946.785000086

1583256946.786999941

1583256946.790999889

1583256946.792000055

1583256946.793999910

1583256946.796000004

1583256946.798000097

1583256946.799999952

1583256946.802999973

1583256946.805000067

1583256946.806999922

1583256946.809000015

1583256946.809999943

1583256946.812000036

1583256946.815000057

1583256946.816999912

1583256946.819000006

1583256946.821000099

1583256946.822000027

1583256946.825999975

1583256946.828000069

1583256946.829999924

1583256946.832000017

1583256946.834000111

1583256946.835000038

1583256946.838999987

1583256946.839999914

1583256946.842000008

1583256946.844000101

1583256946.845999956

1583256946.848000050

1583256946.851000071

1583256946.852999926

1583256946.855000019

1583256946.857000113

1583256946.858999968

1583256946.862999916

1583256946.865000010

1583256946.867000103

1583256946.868000031

1583256946.869999886

1583256946.874000072

1583256946.875999928

1583256946.878000021

1583256946.880000114

1583256946.881999969

1583256946.884000063

1583256946.887000084

1583256946.888999939

1583256946.891000032

1583256946.892999887

1583256946.894999981

1583256946.898999929

1583256946.901000023

1583256946.903000116

1583256946.904999971

1583256946.905999899

1583256946.907999992

1583256946.911000013

1583256946.913000107

1583256946.914999962

1583256946.917000055

1583256946.918999910

1583256946.921999931

1583256946.924000025

1583256946.926000118

1583256946.927999973

1583256946.930000067

1583256946.931999922

1583256946.936000109

1583256946.937999964

1583256946.940000057

1583256946.941999912

1583256946.944000006

1583256946.947000027

1583256946.948999882

1583256946.950999975

1583256946.953000069

1583256946.954999924

1583256946.957000017

1583256946.960000038

1583256946.963999987

1583256946.966000080

1583256946.967999935

1583256946.971999884

1583256946.973999977

1583256946.976000071

1583256946.977999926

1583256946.979000092

1583256946.983000040

1583256946.984999895

1583256946.986999989

1583256946.989000082

1583256946.990999937

1583256946.993000031

1583256946.996000051

1583256946.997999907

1583256947.000000000

1583256947.002000093

1583256947.003999949

1583256947.007999897

1583256947.009999990

1583256947.010999918

1583256947.013000011

1583256947.015000105

1583256947.016999960

1583256947.020999908

1583256947.023000002

1583256947.025000095

1583256947.026000023

1583256947.028000116

1583256947.032000065

1583256947.033999920

1583256947.036000013

1583256947.036999941

1583256947.039000034

1583256947.040999889

1583256947.043999910

1583256947.046000004

1583256947.048000097

1583256947.049999952

1583256947.052000046

1583256947.055999994

1583256947.058000088

1583256947.059999943

1583256947.062999964

1583256947.065000057

1583256947.068000078

1583256947.069999933

1583256947.072000027

1583256947.073999882

1583256947.075999975

1583256947.079999924

1583256947.082000017

1583256947.084000111

1583256947.085999966

1583256947.088999987

1583256947.092000008

1583256947.094000101

1583256947.095999956

1583256947.098000050

1583256947.099999905

1583256947.101999998

1583256947.105000019

1583256947.107000113

1583256947.108999968

1583256947.111000061

1583256947.112999916

1583256947.115999937

1583256947.118000031

1583256947.119999886

1583256947.121999979

1583256947.124000072

1583256947.125999928

1583256947.128999949

1583256947.131000042

1583256947.132999897

1583256947.134999990

1583256947.137000084

1583256947.141000032

1583256947.141999960

1583256947.144000053

1583256947.145999908

1583256947.148000002

1583256947.150000095

1583256947.153000116

1583256947.154999971

1583256947.157000065

1583256947.158999920

1583256947.161000013

1583256947.164999962

1583256947.167000055

1583256947.168999910

1583256947.171000004

1583256947.173000097

1583256947.177000046

1583256947.178999901

1583256947.180999994

1583256947.183000088

1583256947.184000015

1583256947.187999964

1583256947.190000057

1583256947.191999912

1583256947.194000006

1583256947.196000099

1583256947.197999954

1583256947.200999975

1583256947.203000069

1583256947.204999924

1583256947.207000017

1583256947.209000111

1583256947.211999893

1583256947.213999987

1583256947.216000080

1583256947.217999935

1583256947.220000029

1583256947.221999884

1583256947.224999905

1583256947.226999998

1583256947.229000092

1583256947.230999947

1583256947.233000040

1583256947.236000061

1583256947.237999916

1583256947.240999937

1583256947.243000031

1583256947.244999886

1583256947.246999979

1583256947.250000000

1583256947.252000093

1583256947.253999949

1583256947.256000042

1583256947.257999897

1583256947.262000084

1583256947.263999939

1583256947.266000032

1583256947.267999887

1583256947.269000053

1583256947.273000002

1583256947.275000095

1583256947.276999950

1583256947.279000044

1583256947.280999899

1583256947.282999992

1583256947.286000013

1583256947.288000107

1583256947.289999962

1583256947.292000055

1583256947.293999910

1583256947.296999931

1583256947.299999952

1583256947.302000046

1583256947.303999901

1583256947.305999994

1583256947.309999943

1583256947.312000036

1583256947.313999891

1583256947.315999985

1583256947.318000078

1583256947.321000099

1583256947.322999954

1583256947.325000048

1583256947.326999903

1583256947.328999996

1583256947.331000090

1583256947.334000111

1583256947.335999966

1583256947.338000059

1583256947.339999914

1583256947.342000008

1583256947.345999956

1583256947.348000050

1583256947.348999977

1583256947.351000071

1583256947.352999926

1583256947.355000019

1583256947.358000040

1583256947.359999895

1583256947.361999989

1583256947.365999937

1583256947.369999886

1583256947.371999979

1583256947.374000072

1583256947.375999928

1583256947.378000021

1583256947.381999969

1583256947.384000063

1583256947.384999990

1583256947.387000084

1583256947.388999939

1583256947.391000032

1583256947.394999981

1583256947.397000074

1583256947.398999929

1583256947.401000023

1583256947.403000116

1583256947.407000065

1583256947.408999920

1583256947.411000013

1583256947.413000107

1583256947.414999962

1583256947.418999910

1583256947.421000004

1583256947.423000097

1583256947.424999952

1583256947.427000046

1583256947.430999994

1583256947.433000088

1583256947.434000015

1583256947.436000109

1583256947.437999964

1583256947.440000057

1583256947.443000078

1583256947.444999933

1583256947.447000027

1583256947.448999882

1583256947.450999975

1583256947.454999924

1583256947.457000017

1583256947.459000111

1583256947.460999966

1583256947.461999893

1583256947.466000080

1583256947.467999935

1583256947.470000029

1583256947.471999884

1583256947.473000050

1583256947.474999905

1583256947.479000092

1583256947.480999947

1583256947.483000040

1583256947.484999895

1583256947.486000061

1583256947.490000010

1583256947.492000103

1583256947.493999958

1583256947.494999886

1583256947.496999979

1583256947.499000072

1583256947.503000021

1583256947.505000114

1583256947.506999969

1583256947.509000063

1583256947.509999990

1583256947.513999939

1583256947.516000032

1583256947.517999887

1583256947.519999981

1583256947.522000074

1583256947.523000002

1583256947.526999950

1583256947.529000044

1583256947.529999971

1583256947.532000065

1583256947.533999920

1583256947.538000107

1583256947.539999962

1583256947.542000055

1583256947.543999910

1583256947.546999931

1583256947.549000025

1583256947.552000046

1583256947.553999901

1583256947.555999994

1583256947.558000088

1583256947.559999943

1583256947.563999891

1583256947.566999912

1583256947.569000006

1583256947.571000099

1583256947.572999954

1583256947.576999903

1583256947.578999996

1583256947.579999924

1583256947.582000017

1583256947.584000111

1583256947.588000059

1583256947.589999914

1583256947.592000008

1583256947.592999935

1583256947.595000029

1583256947.598999977

1583256947.601999998

1583256947.602999926

1583256947.605000019

1583256947.607000113

1583256947.608999968

1583256947.611999989

1583256947.614000082

1583256947.615999937

1583256947.618000031

1583256947.619999886

1583256947.624000072

1583256947.625999928

1583256947.627000093

1583256947.628999949

1583256947.631000042

1583256947.632999897

1583256947.635999918

1583256947.638000011

1583256947.640000105

1583256947.641999960

1583256947.644000053

1583256947.648000002

1583256947.650000095

1583256947.651000023

1583256947.653000116

1583256947.654999971

1583256947.657000065

1583256947.660000086

1583256947.661999941

1583256947.664000034

1583256947.667999983

1583256947.671000004

1583256947.673000097

1583256947.674999952

1583256947.677000046

1583256947.678999901

1583256947.680999994

1583256947.684000015

1583256947.686000109

1583256947.687999964

1583256947.690000057

1583256947.691999912

1583256947.696000099

1583256947.698999882

1583256947.700000048

1583256947.701999903

1583256947.703999996

1583256947.707999945

1583256947.710000038

1583256947.711999893

1583256947.713999987

1583256947.716000080

1583256947.717000008

1583256947.720999956

1583256947.723000050

1583256947.723999977

1583256947.726000071

1583256947.727999926

1583256947.732000113

1583256947.733999968

1583256947.736000061

1583256947.737999916

1583256947.740000010

1583256947.742000103

1583256947.744999886

1583256947.746999979

1583256947.749000072

1583256947.750999928

1583256947.753000021

1583256947.756000042

1583256947.757999897

1583256947.759999990

1583256947.762000084

1583256947.763999939

1583256947.766999960

1583256947.769000053

1583256947.772000074

1583256947.773000002

1583256947.775000095

1583256947.776999950

1583256947.785000086

1583256947.786999941

1583256947.789000034

1583256947.792000055

1583256947.793999910

1583256947.796000004

1583256947.798000097

1583256947.799999952

1583256947.802000046

1583256947.805000067

1583256947.806999922

1583256947.809000015

1583256947.811000109

1583256947.812999964

1583256947.816999912

1583256947.819000006

1583256947.819999933

1583256947.822000027

1583256947.823999882

1583256947.828000069

1583256947.829999924

1583256947.832000017

1583256947.834000111

1583256947.835999966

1583256947.838000059

1583256947.841000080

1583256947.842999935

1583256947.845000029

1583256947.846999884

1583256947.848999977

1583256947.852999926

1583256947.855000019

1583256947.857000113

1583256947.858999968

1583256947.861000061

1583256947.862999916

1583256947.865999937

1583256947.869999886

1583256947.871999979

1583256947.872999907

1583256947.877000093

1583256947.878999949

1583256947.881000042

1583256947.882999897

1583256947.884999990

1583256947.887000084

1583256947.891000032

1583256947.891999960

1583256947.894000053

1583256947.895999908

1583256947.898000002

1583256947.901999950

1583256947.904000044

1583256947.905999899

1583256947.907999992

1583256947.910000086

1583256947.913000107

1583256947.914999962

1583256947.917000055

1583256947.917999983

1583256947.920000076

1583256947.921999931

1583256947.926000118

1583256947.927000046

1583256947.928999901

1583256947.930999994

1583256947.933000088

1583256947.934999943

1583256947.937999964

1583256947.940000057

1583256947.941999912

1583256947.944000006

1583256947.946000099

1583256947.950000048

1583256947.950999975

1583256947.953000069

1583256947.954999924

1583256947.957000017

1583256947.959000111

1583256947.961999893

1583256947.963999987

1583256947.966000080

1583256947.969000101

1583256947.973000050

1583256947.974999905

1583256947.976999998

1583256947.979000092

1583256947.980999947

1583256947.983000040

1583256947.986000061

1583256947.987999916

1583256947.990000010

1583256947.992000103

1583256947.993999958

1583256947.997999907

1583256948.000000000

1583256948.000999928

1583256948.003999949

1583256948.006000042

1583256948.007999897

1583256948.010999918

1583256948.013000011

1583256948.015000105

1583256948.016999960

1583256948.019000053

1583256948.023000002

1583256948.025000095

1583256948.026000023

1583256948.028000116

1583256948.029999971

1583256948.032000065

1583256948.035000086

1583256948.036999941

1583256948.039000034

1583256948.040999889

1583256948.042999983

1583256948.046999931

1583256948.048000097

1583256948.049999952

1583256948.052999973

1583256948.053999901

1583256948.058000088

1583256948.059999943

1583256948.062000036

1583256948.063999891

1583256948.065999985

1583256948.066999912

1583256948.069999933

1583256948.072000027

1583256948.073999882

1583256948.075999975

1583256948.078000069

1583256948.082000017

1583256948.084000111

1583256948.085999966

1583256948.088000059

1583256948.088999987

1583256948.092999935

1583256948.095000029

1583256948.096999884

1583256948.098999977

1583256948.101000071

1583256948.102999926

1583256948.105999947

1583256948.108000040

1583256948.109999895

1583256948.111999989

1583256948.114000082

1583256948.118000031

1583256948.118999958

1583256948.121000051

1583256948.122999907

1583256948.125000000

1583256948.127000093

1583256948.130000114

1583256948.131999969

1583256948.134000063

1583256948.135999918

1583256948.138000011

1583256948.141999960

1583256948.142999887

1583256948.144999981

1583256948.148000002

1583256948.148999929

1583256948.153000116

1583256948.155999899

1583256948.157999992

1583256948.160000086

1583256948.161999941

1583256948.164000034

1583256948.167000055

1583256948.171000004

1583256948.173000097

1583256948.174000025

1583256948.177999973

1583256948.180999994

1583256948.183000088

1583256948.184999943

1583256948.186000109

1583256948.190000057

1583256948.191999912

1583256948.194000006

1583256948.196000099

1583256948.197999954

1583256948.200000048

1583256948.203000069

1583256948.204999924

1583256948.207000017

1583256948.209000111

1583256948.210999966

1583256948.214999914

1583256948.217000008

1583256948.217999935

1583256948.220000029

1583256948.221999884

1583256948.226000071

1583256948.227999926

1583256948.230000019

1583256948.232000113

1583256948.233999968

1583256948.236000061

1583256948.239000082

1583256948.240999937

1583256948.243000031

1583256948.244999886

1583256948.246999979

1583256948.250999928

1583256948.252000093

1583256948.253999949

1583256948.256000042

1583256948.257999897

1583256948.259999990

1583256948.263000011

1583256948.265000105

1583256948.266999960

1583256948.269999981

1583256948.275000095

1583256948.278000116

1583256948.280999899

1583256948.282999992

1583256948.286999941

1583256948.289000034

1583256948.290999889

1583256948.292999983

1583256948.293999910

1583256948.298000097

1583256948.299999952

1583256948.302000046

1583256948.303999901

1583256948.305999994

1583256948.309000015

1583256948.312000036

1583256948.313999891

1583256948.315999985

1583256948.318000078

1583256948.319999933

1583256948.323999882

1583256948.325999975

1583256948.328000069

1583256948.329999924

1583256948.331000090

1583256948.335000038

1583256948.336999893

1583256948.338999987

1583256948.341000080

1583256948.342999935

1583256948.345000029

1583256948.348000050

1583256948.349999905

1583256948.351999998

1583256948.354000092

1583256948.355999947

1583256948.359999895

1583256948.361999989

1583256948.362999916

1583256948.365000010

1583256948.367000103

1583256948.369999886

1583256948.372999907

1583256948.375000000

1583256948.377000093

1583256948.378999949

1583256948.381000042

1583256948.384000063

1583256948.385999918

1583256948.388000011

1583256948.390000105

1583256948.391999960

1583256948.395999908

1583256948.397000074

1583256948.400000095

1583256948.401999950

1583256948.403000116

1583256948.407000065

1583256948.408999920

1583256948.411000013

1583256948.413000107

1583256948.414999962

1583256948.417000055

1583256948.420000076

1583256948.423000097

1583256948.424999952

1583256948.427000046

1583256948.427999973

1583256948.431999922

1583256948.434000015

1583256948.436000109

1583256948.437999964

1583256948.440000057

1583256948.444000006

1583256948.444999933

1583256948.447000027

1583256948.448999882

1583256948.450999975

1583256948.453000069

1583256948.456000090

1583256948.459000111

1583256948.460999966

1583256948.463000059

1583256948.464999914

1583256948.469000101

1583256948.471999884

1583256948.473999977

1583256948.476000071

1583256948.477999926

1583256948.480999947

1583256948.483000040

1583256948.484999895

1583256948.486999989

1583256948.489000082

1583256948.493000031

1583256948.493999958

1583256948.496000051

1583256948.497999907

1583256948.500000000

1583256948.502000093

1583256948.505000114

1583256948.506999969

1583256948.509000063

1583256948.510999918

1583256948.513000011

1583256948.516999960

1583256948.517999887

1583256948.519999981

1583256948.522000074

1583256948.523999929

1583256948.526000023

1583256948.529000044

1583256948.530999899

1583256948.532999992

1583256948.535000086

1583256948.536999941

1583256948.540999889

1583256948.542000055

1583256948.543999910

1583256948.546000004

1583256948.548000097

1583256948.552000046

1583256948.553999901

1583256948.555999994

1583256948.558000088

1583256948.559000015

1583256948.561000109

1583256948.565000057

1583256948.566999912

1583256948.569000006

1583256948.571000099

1583256948.572999954

1583256948.575999975

1583256948.578000069

1583256948.579999924

1583256948.582000017

1583256948.584000111

1583256948.588000059

1583256948.589999914

1583256948.591000080

1583256948.592999935

1583256948.595000029

1583256948.598999977

1583256948.601000071

1583256948.602999926

