nSeg: 21

breaks: 
0.000000000000000
0.332666669573103
0.665333339146205
0.998000008719308
1.330666678292411
1.663333347865513
1.996000017438616
2.328666687011719
2.661333356584822
2.994000026157924
3.326666695731027
3.659333365304129
3.992000034877232
4.324666704450335
4.657333374023438
4.990000043596540
5.322666713169643
5.655333382742746
5.988000052315848
6.320666721888951
6.653333391462054
6.986000061035156

coefs_q:
q1:
0.011994071356116
-0.006306957144634
-0.000000000000000
-1.370039701000000
q2:
-0.049485643283571
0.025265698036534
-0.000000000000000
1.882508159000000
q3:
0.014082847259747
-0.005693585454376
0.000000000000000
-2.747732878000000
q4:
0.321080566442885
-0.185294137248843
0.000000000000000
0.948473096000000
q5:
-0.016963217195775
0.006936671825185
-0.000000000000000
-1.028236151000000
q6:
-0.037408708171164
0.018215081352965
-0.000000000000000
-0.438732535000000
q7:
0.147043962985140
-0.084117372220112
0.000000000000000
-0.541073501000000

q1:
-0.010632880400257
0.005663126173350
-0.000214181104985
-1.370296108884725
q2:
0.038668097368947
-0.024120974391950
0.000380811402426
1.883482414040583
q3:
-0.023419737896493
0.008361096233644
0.000887391926990
-2.747844506982718
q4:
-0.190594281491352
0.135144270860757
-0.016683189030861
0.939787793277926
q5:
0.028512672255201
-0.009992619084105
-0.001016611797016
-1.028092994805243
q6:
0.040365458813888
-0.019118809728034
-0.000300640308733
-0.438093935847679
q7:
-0.094012858682014
0.062632504121179
-0.007147299516690
-0.544969066022393

q1:
0.012577231910809
-0.004948488558818
0.000023555010193
-1.370132090230911
q2:
-0.021884799994787
0.014469787119418
-0.002829816924954
1.882363274757332
q3:
0.040448939187061
-0.015011802391259
-0.001325076340774
-2.747486206621796
q4:
0.055997240081037
-0.055068823729463
0.009955243280884
0.942177100632007
q5:
-0.052591272042975
0.018463028075196
0.001801210951972
-1.028487340531486
q6:
-0.049372972742761
0.021165918520185
0.000380364555406
-0.438823707477037
q7:
0.050663472947149
-0.031192329663198
0.003311798611044
-0.543876483764134

q1:
-0.065776359956947
0.007603588997834
0.000906818430622
-1.370208855144888
q2:
-0.222157991176338
-0.007371243466200
-0.000468368049018
1.882217523952008
q3:
0.028501955722746
0.025356239270114
0.002116173024324
-2.748099189977272
q4:
0.231480909935049
0.000816422359669
-0.008092722399149
0.941456123466962
q5:
0.095420716876197
-0.034023061882252
-0.003375093673066
-1.027781049017948
q6:
-0.104957825091629
-0.028108308707589
-0.001929137267115
-0.438172480594533
q7:
-0.058883053737114
0.019369816779807
-0.000621157375858
-0.544361534897471

q1:
-0.031223319078038
-0.058041218812724
-0.015872099901058
-1.371487293423422
q2:
-0.054445551292695
-0.229084920597249
-0.079129452648037
1.873067155088833
q3:
-0.039947136473817
0.053801191329932
0.028449211834006
-2.743539801038944
q4:
0.125958404899685
0.231834372493201
0.069302442698091
0.947376325431834
q5:
0.000043648057666
0.061206814392194
0.005668034740915
-1.029156125730815
q6:
0.103123136773308
-0.132856219064195
-0.055476670640362
-0.445788955253792
q7:
0.050697696926361
-0.039395471363253
-0.007283025192155
-0.544592366478430

q1:
0.056710676996599
-0.089202091524851
-0.064855041567978
-1.384340160767917
q2:
0.105795029536752
-0.283421581262087
-0.249623283756143
1.819386829683901
q3:
0.064223933247393
0.013933948780751
0.050982435307694
-2.729592338175947
q4:
-0.263452950633428
0.357540861681357
0.265367938979809
1.000724570362364
q5:
-0.056771060891756
0.061250375154125
0.046405460152572
-1.020495371128486
q6:
-0.065972232157490
-0.029939327665271
-0.109633322992186
-0.475150503643725
q7:
0.013339250615485
0.011200830611304
-0.016662442430915
-0.549508520406244

q1:
0.009307411070133
-0.032604835387768
-0.105376146274933
-1.413699191083663
q2:
-0.066384413324354
-0.177838140861949
-0.403069019323361
1.708874906567434
q3:
-0.010224272005677
0.078029434721637
0.081575587820108
-2.708725730534435
q4:
-0.138271624102302
0.094614814652069
0.415785061954223
1.118872564935760
q5:
0.035326397804004
0.004592855889148
0.068309308537670
-1.000369460421413
q6:
0.057662127327961
-0.095779615933678
-0.151455825261497
-0.517363939911889
q7:
-0.024187634114702
0.024513402841868
-0.004781507331692
-0.553320908070579

q1:
0.113160601731515
-0.023316039058621
-0.123979157336629
-1.452019950963257
q2:
0.441318784780859
-0.244089785938480
-0.543430377531943
1.552662485230881
q3:
-0.221255746399628
0.067825611170823
0.130096700177584
-2.673329368374148
q4:
-0.281777463812645
-0.043380267407661
0.432829088153106
1.262570639361156
q5:
-0.202029873757060
0.039848601205566
0.083093500060344
-0.975836401629991
q6:
0.332486387540197
-0.038232812357599
-0.196037293462560
-0.576225052267428
q7:
0.072061214178989
0.000374143784496
0.003497749918345
-0.553089202703712

q1:
0.020613186302999
0.089618242456113
-0.101922624147027
-1.491677966094829
q2:
0.072514631818730
0.196346365120812
-0.559313022329384
1.361115865231701
q3:
0.058829227158088
-0.152987625665203
0.101766136441603
-2.630690055639088
q4:
0.048946570825611
-0.324594178749585
0.310416254661968
1.391383971082205
q5:
0.109582310328459
-0.161777214565541
0.042531914328215
-0.951221816363016
q6:
-0.248114646308830
0.293588605306569
-0.111088932266028
-0.633430667983162
q7:
-0.085856564687672
0.072291236163451
0.027671099858893
-0.549231260144162

q1:
-0.106684484530978
0.110190202566238
-0.035453014188861
-1.514907554043512
q2:
-0.107776181450914
0.268715968308182
-0.404602284723665
1.199449795248273
q3:
0.030457294120753
-0.094276056448481
0.019509750806462
-2.611600739528510
q4:
-0.086225198718627
-0.275745500638845
0.110703252907235
1.460529192756098
q5:
-0.024977765888726
-0.052414067902257
-0.028722386261939
-0.950941982127045
q6:
0.020155835167096
0.045970186126969
0.001870960004435
-0.647030054930168
q7:
-0.098617306625315
-0.013393616143456
0.047264374956727
-0.535186576851520

q1:
-0.012658011144864
0.003719086074107
0.002440809496564
-1.518434775624496
q2:
0.245552280686498
0.161155338280436
-0.261598428815791
1.090622312995151
q3:
0.077532918934297
-0.063879676650402
-0.033103390197436
-2.614422461500175
q4:
0.202309460322704
-0.361798249711859
-0.101386303229080
1.463666113617685
q5:
0.223079266844061
-0.077341878476995
-0.071887864801231
-0.967217039228288
q6:
-0.119269988463641
0.066085709799475
0.039148221708315
-0.640578218801041
q7:
-0.053537351087503
-0.111813689015395
0.005612077743308
-0.524576149253839

q1:
0.040909501878806
-0.008913609158836
0.000712764801947
-1.517677227109694
q2:
-0.147059788774129
0.406216516546607
-0.072852723460965
1.030471901994072
q3:
0.025793740728284
0.013498177122060
-0.049863635853629
-2.629649840902339
q4:
0.086014281915110
-0.159893406545802
-0.274935729060392
1.397347177349498
q5:
-0.230103227809012
0.145291231778475
-0.049283379738782
-0.991478217009560
q6:
0.080986514948720
-0.052945739727190
0.043519451790553
-0.624632351175485
q7:
0.219104228319762
-0.165243965867532
-0.086555769586329
-0.537054287699955

q1:
-0.023655135555467
0.031914074072914
0.008364252863546
-1.516920463464071
q2:
-0.175239168338815
0.259450846067766
0.148592621103469
1.045776993919673
q3:
0.026821153271104
0.039240330593790
-0.032319292133542
-2.643794403011681
q4:
-0.135718029699410
-0.074051152444537
-0.352761286364456
1.291356920465210
q5:
0.221343095633375
-0.084351791581260
-0.029010859122725
-1.000265503782950
q6:
-0.169314118864651
0.027878802897779
0.035180517399113
-0.613032692651816
q7:
-0.247114839003809
0.053422055906028
-0.123755191958526
-0.576069200834324

q1:
0.033139191700879
0.008306248582301
0.021744213650412
-1.511476986841443
q2:
-0.055343499817818
0.084562154537665
0.263034280304728
1.117470006884725
q3:
-0.074095741764267
0.066007841792214
0.002693266852766
-2.649215912457724
q4:
0.348486113189591
-0.209497747267916
-0.447088554492916
1.160813476377054
q5:
-0.208709601390706
0.136548619790807
-0.011646714119976
-1.011102615324232
q6:
0.261398593700317
-0.141096689205445
-0.002483299774965
-0.604477383758416
q7:
0.329684584827446
-0.193198555574444
-0.170254174587804
-0.620423960715473

q1:
-0.112630085827242
0.041379162188729
0.038272893777983
-1.502104155196769
q2:
-0.515633561761263
0.029329341236926
0.300922184896760
1.212293509081680
q3:
0.243169071659296
-0.007939709134588
0.022010599152307
-2.643742909046678
q4:
0.271737868367066
0.138291396733853
-0.470776533977538
1.001727111908441
q5:
0.394733779206924
-0.071743564216921
0.009911767889288
-1.007549345604134
q6:
-0.777673007343884
0.119779109586685
-0.009574947990097
-0.611294800906794
q7:
-0.364350500104344
0.135826662957968
-0.189339891031632
-0.686305152661731

q1:
0.015588384514179
-0.071025664448914
0.028410490606595
-1.488939232554513
q2:
0.497700026701384
-0.485272957896783
0.149244940429410
1.296662900050354
q3:
-0.419318522428829
0.234743026501654
0.097460503388940
-2.628347048440149
q4:
-0.142264033673134
0.409485791733550
-0.288549321021969
0.870423860128630
q5:
-0.591092380157889
0.322200750873394
0.093230526044946
-0.997659457238431
q6:
1.184962458646786
-0.656338558523280
-0.188070392895813
-0.629854692609233
q7:
0.605353205154190
-0.227795139323051
-0.219934737769717
-0.747674337330685

q1:
0.125006878326013
-0.055468456567843
-0.013669887352626
-1.486774324072388
q2:
-0.028189302599375
0.011431673090799
-0.008386261693237
1.310930915893601
q3:
0.114911092113642
-0.183736862538485
0.114428554082267
-2.585384174708282
q4:
-0.302829383489777
0.267506284887319
-0.063336621565125
0.814512241522643
q5:
0.243450943206733
-0.267709449678096
0.111357965734291
-0.952748961333382
q6:
-0.508482413858612
0.526253985538267
-0.231345194553577
-0.721429836391095
q7:
-0.304177077417118
0.376347364699092
-0.170516363696196
-0.823762488906564

q1:
-0.103372447071434
0.069288409091491
-0.009072449772926
-1.492858213206495
q2:
0.020802535143264
-0.016701251149168
-0.010139274675970
1.308368399901792
q3:
0.123712831066828
-0.069055591607125
0.030332930268436
-2.563420755129960
q4:
0.045910152986705
-0.034717442475942
0.014104467353645
0.811897664367414
q5:
0.102971436508179
-0.024745406235053
0.014067982817182
-0.936367799918974
q6:
-0.123801177511631
0.018788532073758
-0.050027715443845
-0.758871574712076
q7:
-0.165032475229146
0.072778638784595
-0.021107111898600
-0.850036681541025

q1:
0.052818062301566
-0.033877293987136
0.002707647954710
-1.492014050164015
q2:
0.018953462681733
0.004059679105193
-0.014344704346008
1.303912972652993
q3:
-0.091204208533741
0.054409814876259
0.025460768500068
-2.556417663169790
q4:
-0.032389016379103
0.011100890605095
0.006248027695970
0.814437865632475
q5:
-0.127620264533675
0.078020088297949
0.031790693871611
-0.930635433396528
q6:
0.185580832765917
-0.104765044162311
-0.078629235381856
-0.777992628121648
q7:
0.147305707759464
-0.091923772933062
-0.027476059914301
-0.855079825787120

q1:
-0.029493197135258
0.018835132650363
-0.002296377760376
-1.492917897567353
q2:
-0.042242271822449
0.022975235026824
-0.005351089499515
1.300288017253818
q3:
0.066690744774468
-0.036611986035651
0.031381512946105
-2.545284043618128
q4:
0.024727468456275
-0.021223348023660
0.002880623498641
0.816552469656181
q5:
0.067888233292736
-0.049344936819419
0.041329961013478
-0.916123844422277
q6:
-0.132747414973972
0.080444628556211
-0.086719827044171
-0.808911792376756
q7:
-0.085393406637412
0.055087324695287
-0.039730318468464
-0.868970035782466

q1:
0.019904851020612
-0.010599078347785
0.000443482994886
-1.492683195873385
q2:
0.050759380389045
-0.019182552620304
-0.004089390474590
1.299495330846284
q3:
-0.147853056705521
0.029945377830765
0.029163754597236
-2.536440965913929
q4:
0.002204571214926
0.003454665711309
-0.003030424868912
0.816072378605420
q5:
-0.130376735986280
0.018407520598670
0.031038113794125
-0.905336282684804
q6:
0.337022131544751
-0.052037292745278
-0.077269653248503
-0.833745144210238
q7:
0.155058492550107
-0.030135295873422
-0.031429610141202
-0.879234413780542

coefs_qdot:
qdot1:
0.035982214068348
-0.012613914289268
-0.000000000000000
qdot2:
-0.148456929850712
0.050531396073069
-0.000000000000000
qdot3:
0.042248541779240
-0.011387170908751
0.000000000000000
qdot4:
0.963241699328656
-0.370588274497686
0.000000000000000
qdot5:
-0.050889651587324
0.013873343650370
-0.000000000000000
qdot6:
-0.112226124513492
0.036430162705931
-0.000000000000000
qdot7:
0.441131888955420
-0.168234744440225
0.000000000000000

qdot1:
-0.031898641200770
0.011326252346699
-0.000214181104985
qdot2:
0.116004292106840
-0.048241948783899
0.000380811402426
qdot3:
-0.070259213689478
0.016722192467288
0.000887391926990
qdot4:
-0.571782844474057
0.270288541721514
-0.016683189030861
qdot5:
0.085538016765603
-0.019985238168211
-0.001016611797016
qdot6:
0.121096376441665
-0.038237619456069
-0.000300640308733
qdot7:
-0.282038576046042
0.125265008242358
-0.007147299516690

qdot1:
0.037731695732426
-0.009896977117636
0.000023555010193
qdot2:
-0.065654399984361
0.028939574238836
-0.002829816924954
qdot3:
0.121346817561182
-0.030023604782519
-0.001325076340774
qdot4:
0.167991720243110
-0.110137647458926
0.009955243280884
qdot5:
-0.157773816128924
0.036926056150392
0.001801210951972
qdot6:
-0.148118918228284
0.042331837040370
0.000380364555406
qdot7:
0.151990418841446
-0.062384659326396
0.003311798611044

qdot1:
-0.197329079870842
0.015207177995668
0.000906818430622
qdot2:
-0.666473973529014
-0.014742486932400
-0.000468368049018
qdot3:
0.085505867168239
0.050712478540228
0.002116173024324
qdot4:
0.694442729805148
0.001632844719337
-0.008092722399149
qdot5:
0.286262150628590
-0.068046123764505
-0.003375093673066
qdot6:
-0.314873475274888
-0.056216617415178
-0.001929137267115
qdot7:
-0.176649161211343
0.038739633559614
-0.000621157375858

qdot1:
-0.093669957234113
-0.116082437625448
-0.015872099901058
qdot2:
-0.163336653878086
-0.458169841194498
-0.079129452648037
qdot3:
-0.119841409421452
0.107602382659865
0.028449211834006
qdot4:
0.377875214699056
0.463668744986403
0.069302442698091
qdot5:
0.000130944172997
0.122413628784389
0.005668034740915
qdot6:
0.309369410319923
-0.265712438128389
-0.055476670640362
qdot7:
0.152093090779082
-0.078790942726505
-0.007283025192155

qdot1:
0.170132030989796
-0.178404183049702
-0.064855041567978
qdot2:
0.317385088610256
-0.566843162524173
-0.249623283756143
qdot3:
0.192671799742178
0.027867897561502
0.050982435307694
qdot4:
-0.790358851900284
0.715081723362715
0.265367938979809
qdot5:
-0.170313182675268
0.122500750308251
0.046405460152572
qdot6:
-0.197916696472469
-0.059878655330543
-0.109633322992186
qdot7:
0.040017751846456
0.022401661222609
-0.016662442430915

qdot1:
0.027922233210400
-0.065209670775536
-0.105376146274933
qdot2:
-0.199153239973062
-0.355676281723897
-0.403069019323361
qdot3:
-0.030672816017030
0.156058869443274
0.081575587820108
qdot4:
-0.414814872306905
0.189229629304137
0.415785061954223
qdot5:
0.105979193412012
0.009185711778297
0.068309308537670
qdot6:
0.172986381983884
-0.191559231867357
-0.151455825261497
qdot7:
-0.072562902344106
0.049026805683735
-0.004781507331692

qdot1:
0.339481805194544
-0.046632078117242
-0.123979157336629
qdot2:
1.323956354342577
-0.488179571876960
-0.543430377531943
qdot3:
-0.663767239198884
0.135651222341646
0.130096700177584
qdot4:
-0.845332391437934
-0.086760534815322
0.432829088153106
qdot5:
-0.606089621271181
0.079697202411132
0.083093500060344
qdot6:
0.997459162620591
-0.076465624715198
-0.196037293462560
qdot7:
0.216183642536967
0.000748287568992
0.003497749918345

qdot1:
0.061839558908996
0.179236484912226
-0.101922624147027
qdot2:
0.217543895456190
0.392692730241624
-0.559313022329384
qdot3:
0.176487681474264
-0.305975251330405
0.101766136441603
qdot4:
0.146839712476834
-0.649188357499170
0.310416254661968
qdot5:
0.328746930985376
-0.323554429131082
0.042531914328215
qdot6:
-0.744343938926490
0.587177210613138
-0.111088932266028
qdot7:
-0.257569694063017
0.144582472326901
0.027671099858893

qdot1:
-0.320053453592934
0.220380405132477
-0.035453014188861
qdot2:
-0.323328544352742
0.537431936616364
-0.404602284723665
qdot3:
0.091371882362259
-0.188552112896961
0.019509750806462
qdot4:
-0.258675596155882
-0.551491001277690
0.110703252907235
qdot5:
-0.074933297666179
-0.104828135804515
-0.028722386261939
qdot6:
0.060467505501287
0.091940372253938
0.001870960004435
qdot7:
-0.295851919875945
-0.026787232286912
0.047264374956727

qdot1:
-0.037974033434593
0.007438172148215
0.002440809496564
qdot2:
0.736656842059495
0.322310676560872
-0.261598428815791
qdot3:
0.232598756802892
-0.127759353300805
-0.033103390197436
qdot4:
0.606928380968113
-0.723596499423718
-0.101386303229080
qdot5:
0.669237800532183
-0.154683756953990
-0.071887864801231
qdot6:
-0.357809965390923
0.132171419598951
0.039148221708315
qdot7:
-0.160612053262510
-0.223627378030790
0.005612077743308

qdot1:
0.122728505636417
-0.017827218317673
0.000712764801947
qdot2:
-0.441179366322388
0.812433033093214
-0.072852723460965
qdot3:
0.077381222184851
0.026996354244119
-0.049863635853629
qdot4:
0.258042845745329
-0.319786813091604
-0.274935729060392
qdot5:
-0.690309683427036
0.290582463556949
-0.049283379738782
qdot6:
0.242959544846160
-0.105891479454380
0.043519451790553
qdot7:
0.657312684959287
-0.330487931735064
-0.086555769586329

qdot1:
-0.070965406666402
0.063828148145829
0.008364252863546
qdot2:
-0.525717505016445
0.518901692135533
0.148592621103469
qdot3:
0.080463459813312
0.078480661187580
-0.032319292133542
qdot4:
-0.407154089098230
-0.148102304889075
-0.352761286364456
qdot5:
0.664029286900126
-0.168703583162521
-0.029010859122725
qdot6:
-0.507942356593953
0.055757605795557
0.035180517399113
qdot7:
-0.741344517011426
0.106844111812056
-0.123755191958526

qdot1:
0.099417575102637
0.016612497164603
0.021744213650412
qdot2:
-0.166030499453453
0.169124309075329
0.263034280304728
qdot3:
-0.222287225292801
0.132015683584428
0.002693266852766
qdot4:
1.045458339568772
-0.418995494535832
-0.447088554492916
qdot5:
-0.626128804172119
0.273097239581614
-0.011646714119976
qdot6:
0.784195781100950
-0.282193378410890
-0.002483299774965
qdot7:
0.989053754482337
-0.386397111148887
-0.170254174587804

qdot1:
-0.337890257481726
0.082758324377459
0.038272893777983
qdot2:
-1.546900685283790
0.058658682473851
0.300922184896760
qdot3:
0.729507214977887
-0.015879418269177
0.022010599152307
qdot4:
0.815213605101197
0.276582793467706
-0.470776533977538
qdot5:
1.184201337620773
-0.143487128433842
0.009911767889288
qdot6:
-2.333019022031651
0.239558219173371
-0.009574947990097
qdot7:
-1.093051500313033
0.271653325915937
-0.189339891031632

qdot1:
0.046765153542538
-0.142051328897829
0.028410490606595
qdot2:
1.493100080104151
-0.970545915793565
0.149244940429410
qdot3:
-1.257955567286488
0.469486053003309
0.097460503388940
qdot4:
-0.426792101019401
0.818971583467101
-0.288549321021969
qdot5:
-1.773277140473666
0.644401501746788
0.093230526044946
qdot6:
3.554887375940359
-1.312677117046561
-0.188070392895813
qdot7:
1.816059615462569
-0.455590278646103
-0.219934737769717

qdot1:
0.375020634978039
-0.110936913135686
-0.013669887352626
qdot2:
-0.084567907798125
0.022863346181598
-0.008386261693237
qdot3:
0.344733276340927
-0.367473725076971
0.114428554082267
qdot4:
-0.908488150469332
0.535012569774638
-0.063336621565125
qdot5:
0.730352829620199
-0.535418899356193
0.111357965734291
qdot6:
-1.525447241575837
1.052507971076534
-0.231345194553577
qdot7:
-0.912531232251354
0.752694729398184
-0.170516363696196

qdot1:
-0.310117341214302
0.138576818182983
-0.009072449772926
qdot2:
0.062407605429793
-0.033402502298337
-0.010139274675970
qdot3:
0.371138493200484
-0.138111183214251
0.030332930268436
qdot4:
0.137730458960115
-0.069434884951883
0.014104467353645
qdot5:
0.308914309524537
-0.049490812470106
0.014067982817182
qdot6:
-0.371403532534893
0.037577064147515
-0.050027715443845
qdot7:
-0.495097425687439
0.145557277569190
-0.021107111898600

qdot1:
0.158454186904697
-0.067754587974272
0.002707647954710
qdot2:
0.056860388045199
0.008119358210386
-0.014344704346008
qdot3:
-0.273612625601222
0.108819629752519
0.025460768500068
qdot4:
-0.097167049137309
0.022201781210189
0.006248027695970
qdot5:
-0.382860793601025
0.156040176595898
0.031790693871611
qdot6:
0.556742498297752
-0.209530088324621
-0.078629235381856
qdot7:
0.441917123278392
-0.183847545866124
-0.027476059914301

qdot1:
-0.088479591405775
0.037670265300727
-0.002296377760376
qdot2:
-0.126726815467348
0.045950470053647
-0.005351089499515
qdot3:
0.200072234323403
-0.073223972071302
0.031381512946105
qdot4:
0.074182405368824
-0.042446696047320
0.002880623498641
qdot5:
0.203664699878209
-0.098689873638838
0.041329961013478
qdot6:
-0.398242244921915
0.160889257112422
-0.086719827044171
qdot7:
-0.256180219912237
0.110174649390574
-0.039730318468464

qdot1:
0.059714553061837
-0.021198156695569
0.000443482994886
qdot2:
0.152278141167136
-0.038365105240608
-0.004089390474590
qdot3:
-0.443559170116564
0.059890755661530
0.029163754597236
qdot4:
0.006613713644779
0.006909331422617
-0.003030424868912
qdot5:
-0.391130207958839
0.036815041197341
0.031038113794125
qdot6:
1.011066394634253
-0.104074585490557
-0.077269653248503
qdot7:
0.465175477650322
-0.060270591746844
-0.031429610141202

coefs_qdotdot:
qdotdot1:
0.071964428136695
-0.012613914289268
qdotdot2:
-0.296913859701424
0.050531396073069
qdotdot3:
0.084497083558480
-0.011387170908751
qdotdot4:
1.926483398657312
-0.370588274497686
qdotdot5:
-0.101779303174647
0.013873343650370
qdotdot6:
-0.224452249026985
0.036430162705931
qdotdot7:
0.882263777910840
-0.168234744440225

qdotdot1:
-0.063797282401541
0.011326252346699
qdotdot2:
0.232008584213679
-0.048241948783899
qdotdot3:
-0.140518427378956
0.016722192467288
qdotdot4:
-1.143565688948115
0.270288541721514
qdotdot5:
0.171076033531206
-0.019985238168211
qdotdot6:
0.242192752883329
-0.038237619456069
qdotdot7:
-0.564077152092083
0.125265008242358

qdotdot1:
0.075463391464852
-0.009896977117636
qdotdot2:
-0.131308799968722
0.028939574238836
qdotdot3:
0.242693635122364
-0.030023604782519
qdotdot4:
0.335983440486219
-0.110137647458926
qdotdot5:
-0.315547632257849
0.036926056150392
qdotdot6:
-0.296237836456568
0.042331837040370
qdotdot7:
0.303980837682892
-0.062384659326396

qdotdot1:
-0.394658159741684
0.015207177995668
qdotdot2:
-1.332947947058028
-0.014742486932400
qdotdot3:
0.171011734336479
0.050712478540228
qdotdot4:
1.388885459610296
0.001632844719337
qdotdot5:
0.572524301257179
-0.068046123764505
qdotdot6:
-0.629746950549776
-0.056216617415178
qdotdot7:
-0.353298322422686
0.038739633559614

qdotdot1:
-0.187339914468226
-0.116082437625448
qdotdot2:
-0.326673307756172
-0.458169841194498
qdotdot3:
-0.239682818842905
0.107602382659865
qdotdot4:
0.755750429398112
0.463668744986403
qdotdot5:
0.000261888345994
0.122413628784389
qdotdot6:
0.618738820639846
-0.265712438128389
qdotdot7:
0.304186181558165
-0.078790942726505

qdotdot1:
0.340264061979592
-0.178404183049702
qdotdot2:
0.634770177220512
-0.566843162524173
qdotdot3:
0.385343599484355
0.027867897561502
qdotdot4:
-1.580717703800569
0.715081723362715
qdotdot5:
-0.340626365350537
0.122500750308251
qdotdot6:
-0.395833392944939
-0.059878655330543
qdotdot7:
0.080035503692912
0.022401661222609

qdotdot1:
0.055844466420799
-0.065209670775536
qdotdot2:
-0.398306479946123
-0.355676281723897
qdotdot3:
-0.061345632034060
0.156058869443274
qdotdot4:
-0.829629744613809
0.189229629304137
qdotdot5:
0.211958386824024
0.009185711778297
qdotdot6:
0.345972763967769
-0.191559231867357
qdotdot7:
-0.145125804688212
0.049026805683735

qdotdot1:
0.678963610389087
-0.046632078117242
qdotdot2:
2.647912708685153
-0.488179571876960
qdotdot3:
-1.327534478397768
0.135651222341646
qdotdot4:
-1.690664782875868
-0.086760534815322
qdotdot5:
-1.212179242542361
0.079697202411132
qdotdot6:
1.994918325241182
-0.076465624715198
qdotdot7:
0.432367285073934
0.000748287568992

qdotdot1:
0.123679117817991
0.179236484912226
qdotdot2:
0.435087790912381
0.392692730241624
qdotdot3:
0.352975362948529
-0.305975251330405
qdotdot4:
0.293679424953668
-0.649188357499170
qdotdot5:
0.657493861970751
-0.323554429131082
qdotdot6:
-1.488687877852980
0.587177210613138
qdotdot7:
-0.515139388126035
0.144582472326901

qdotdot1:
-0.640106907185868
0.220380405132477
qdotdot2:
-0.646657088705484
0.537431936616364
qdotdot3:
0.182743764724519
-0.188552112896961
qdotdot4:
-0.517351192311764
-0.551491001277690
qdotdot5:
-0.149866595332357
-0.104828135804515
qdotdot6:
0.120935011002574
0.091940372253938
qdotdot7:
-0.591703839751889
-0.026787232286912

qdotdot1:
-0.075948066869186
0.007438172148215
qdotdot2:
1.473313684118990
0.322310676560872
qdotdot3:
0.465197513605783
-0.127759353300805
qdotdot4:
1.213856761936225
-0.723596499423718
qdotdot5:
1.338475601064367
-0.154683756953990
qdotdot6:
-0.715619930781847
0.132171419598951
qdotdot7:
-0.321224106525021
-0.223627378030790

qdotdot1:
0.245457011272834
-0.017827218317673
qdotdot2:
-0.882358732644775
0.812433033093214
qdotdot3:
0.154762444369702
0.026996354244119
qdotdot4:
0.516085691490658
-0.319786813091604
qdotdot5:
-1.380619366854072
0.290582463556949
qdotdot6:
0.485919089692320
-0.105891479454380
qdotdot7:
1.314625369918574
-0.330487931735064

qdotdot1:
-0.141930813332804
0.063828148145829
qdotdot2:
-1.051435010032890
0.518901692135533
qdotdot3:
0.160926919626623
0.078480661187580
qdotdot4:
-0.814308178196461
-0.148102304889075
qdotdot5:
1.328058573800252
-0.168703583162521
qdotdot6:
-1.015884713187907
0.055757605795557
qdotdot7:
-1.482689034022853
0.106844111812056

qdotdot1:
0.198835150205274
0.016612497164603
qdotdot2:
-0.332060998906906
0.169124309075329
qdotdot3:
-0.444574450585603
0.132015683584428
qdotdot4:
2.090916679137544
-0.418995494535832
qdotdot5:
-1.252257608344238
0.273097239581614
qdotdot6:
1.568391562201900
-0.282193378410890
qdotdot7:
1.978107508964675
-0.386397111148887

qdotdot1:
-0.675780514963451
0.082758324377459
qdotdot2:
-3.093801370567580
0.058658682473851
qdotdot3:
1.459014429955773
-0.015879418269177
qdotdot4:
1.630427210202395
0.276582793467706
qdotdot5:
2.368402675241545
-0.143487128433842
qdotdot6:
-4.666038044063303
0.239558219173371
qdotdot7:
-2.186103000626067
0.271653325915937

qdotdot1:
0.093530307085077
-0.142051328897829
qdotdot2:
2.986200160208302
-0.970545915793565
qdotdot3:
-2.515911134572977
0.469486053003309
qdotdot4:
-0.853584202038802
0.818971583467101
qdotdot5:
-3.546554280947332
0.644401501746788
qdotdot6:
7.109774751880718
-1.312677117046561
qdotdot7:
3.632119230925138
-0.455590278646103

qdotdot1:
0.750041269956079
-0.110936913135686
qdotdot2:
-0.169135815596250
0.022863346181598
qdotdot3:
0.689466552681854
-0.367473725076971
qdotdot4:
-1.816976300938665
0.535012569774638
qdotdot5:
1.460705659240399
-0.535418899356193
qdotdot6:
-3.050894483151674
1.052507971076534
qdotdot7:
-1.825062464502708
0.752694729398184

qdotdot1:
-0.620234682428604
0.138576818182983
qdotdot2:
0.124815210859585
-0.033402502298337
qdotdot3:
0.742276986400969
-0.138111183214251
qdotdot4:
0.275460917920230
-0.069434884951883
qdotdot5:
0.617828619049073
-0.049490812470106
qdotdot6:
-0.742807065069786
0.037577064147515
qdotdot7:
-0.990194851374878
0.145557277569190

qdotdot1:
0.316908373809393
-0.067754587974272
qdotdot2:
0.113720776090398
0.008119358210386
qdotdot3:
-0.547225251202443
0.108819629752519
qdotdot4:
-0.194334098274618
0.022201781210189
qdotdot5:
-0.765721587202051
0.156040176595898
qdotdot6:
1.113484996595504
-0.209530088324621
qdotdot7:
0.883834246556784
-0.183847545866124

qdotdot1:
-0.176959182811549
0.037670265300727
qdotdot2:
-0.253453630934696
0.045950470053647
qdotdot3:
0.400144468646806
-0.073223972071302
qdotdot4:
0.148364810737648
-0.042446696047320
qdotdot5:
0.407329399756418
-0.098689873638838
qdotdot6:
-0.796484489843830
0.160889257112422
qdotdot7:
-0.512360439824474
0.110174649390574

qdotdot1:
0.119429106123674
-0.021198156695569
qdotdot2:
0.304556282334271
-0.038365105240608
qdotdot3:
-0.887118340233128
0.059890755661530
qdotdot4:
0.013227427289558
0.006909331422617
qdotdot5:
-0.782260415917678
0.036815041197341
qdotdot6:
2.022132789268507
-0.104074585490557
qdotdot7:
0.930350955300644
-0.060270591746844

