0.000000000

0.007567024

0.015134048

0.022701072

0.030268096

0.037835120

0.045402144

0.052969168

0.060536192

0.068103216

0.075670240

0.083237264

0.090804288

0.098371312

0.105938336

0.113505360

0.121072384

0.128639408

0.136206432

0.143773456

0.151340480

0.158907504

0.166474528

0.174041552

0.181608576

0.189175600

0.196742624

0.204309648

0.211876672

0.219443696

0.227010720

0.234577744

0.242144768

0.249711793

0.257278817

0.264845841

0.272412865

0.279979889

0.287546913

0.295113937

0.302680961

0.310247985

0.317815009

0.325382033

0.332949057

0.340516081

0.348083105

0.355650129

0.363217153

0.370784177

0.378351201

0.385918225

0.393485249

0.401052273

0.408619297

0.416186321

0.423753345

0.431320369

0.438887393

0.446454417

0.454021441

0.461588465

0.469155489

0.476722513

0.484289537

0.491856561

0.499423585

0.506990609

0.514557633

0.522124657

0.529691681

0.537258705

0.544825729

0.552392753

0.559959777

0.567526801

0.575093825

0.582660849

0.590227873

0.597794897

0.605361921

0.612928945

0.620495969

0.628062993

0.635630017

0.643197041

0.650764065

0.658331089

0.665898113

0.673465137

0.681032161

0.688599185

0.696166209

0.703733233

0.711300257

0.718867281

0.726434305

0.734001330

0.741568354

0.749135378

0.756702402

0.764269426

0.771836450

0.779403474

0.786970498

0.794537522

0.802104546

0.809671570

0.817238594

0.824805618

0.832372642

0.839939666

0.847506690

0.855073714

0.862640738

0.870207762

0.877774786

0.885341810

0.892908834

0.900475858

0.908042882

0.915609906

0.923176930

0.930743954

0.938310978

0.945878002

0.953445026

0.961012050

0.968579074

0.976146098

0.983713122

0.991280146

0.998847170

1.006414194

1.013981218

1.021548242

1.029115266

1.036682290

1.044249314

1.051816338

1.059383362

1.066950386

1.074517410

1.082084434

1.089651458

1.097218482

1.104785506

1.112352530

1.119919554

1.127486578

1.135053602

1.142620626

1.150187650

1.157754674

1.165321698

1.172888722

1.180455746

1.188022770

1.195589794

1.203156818

1.210723842

1.218290867

1.225857891

1.233424915

1.240991939

1.248558963

1.256125987

1.263693011

1.271260035

1.278827059

1.286394083

1.293961107

1.301528131

1.309095155

1.316662179

1.324229203

1.331796227

1.339363251

1.346930275

1.354497299

1.362064323

1.369631347

1.377198371

1.384765395

1.392332419

1.399899443

1.407466467

1.415033491

1.422600515

1.430167539

1.437734563

1.445301587

1.452868611

1.460435635

1.468002659

1.475569683

1.483136707

1.490703731

1.498270755

1.505837779

1.513404803

1.520971827

1.528538851

1.536105875

1.543672899

1.551239923

1.558806947

1.566373971

1.573940995

1.581508019

1.589075043

1.596642067

1.604209091

1.611776115

1.619343139

1.626910163

1.634477187

1.642044211

1.649611235

1.657178259

1.664745283

1.672312307

1.679879331

1.687446355

1.695013379

1.702580404

1.710147428

1.717714452

1.725281476

1.732848500

1.740415524

1.747982548

1.755549572

1.763116596

1.770683620

1.778250644

1.785817668

1.793384692

1.800951716

1.808518740

1.816085764

1.823652788

1.831219812

1.838786836

1.846353860

1.853920884

1.861487908

1.869054932

1.876621956

1.884188980

1.891756004

1.899323028

1.906890052

1.914457076

1.922024100

1.929591124

1.937158148

1.944725172

1.952292196

1.959859220

1.967426244

1.974993268

1.982560292

1.990127316

1.997694340

2.005261364

2.012828388

2.020395412

2.027962436

2.035529460

2.043096484

2.050663508

2.058230532

2.065797556

2.073364580

2.080931604

2.088498628

2.096065652

2.103632676

2.111199700

2.118766724

2.126333748

2.133900772

2.141467796

2.149034820

2.156601844

2.164168868

2.171735892

2.179302916

2.186869941

2.194436965

2.202003989

2.209571013

2.217138037

2.224705061

2.232272085

2.239839109

2.247406133

2.254973157

2.262540181

2.270107205

2.277674229

2.285241253

2.292808277

2.300375301

2.307942325

2.315509349

2.323076373

2.330643397

2.338210421

2.345777445

2.353344469

2.360911493

2.368478517

2.376045541

2.383612565

2.391179589

2.398746613

2.406313637

2.413880661

2.421447685

2.429014709

2.436581733

2.444148757

2.451715781

2.459282805

2.466849829

2.474416853

2.481983877

2.489550901

2.497117925

2.504684949

2.512251973

2.519818997

2.527386021

2.534953045

2.542520069

2.550087093

2.557654117

2.565221141

2.572788165

2.580355189

2.587922213

2.595489237

2.603056261

2.610623285

2.618190309

2.625757333

2.633324357

2.640891381

2.648458405

2.656025429

2.663592453

2.671159478

2.678726502

2.686293526

2.693860550

2.701427574

2.708994598

2.716561622

2.724128646

2.731695670

2.739262694

2.746829718

2.754396742

2.761963766

2.769530790

2.777097814

2.784664838

2.792231862

2.799798886

2.807365910

2.814932934

2.822499958

2.830066982

2.837634006

2.845201030

2.852768054

2.860335078

2.867902102

2.875469126

2.883036150

2.890603174

2.898170198

2.905737222

2.913304246

2.920871270

2.928438294

2.936005318

2.943572342

2.951139366

2.958706390

2.966273414

2.973840438

2.981407462

2.988974486

2.996541510

3.004108534

3.011675558

3.019242582

3.026809606

3.034376630

3.041943654

3.049510678

3.057077702

3.064644726

3.072211750

3.079778774

3.087345798

3.094912822

3.102479846

3.110046870

3.117613894

3.125180918

3.132747942

3.140314966

3.147881990

3.155449014

3.163016039

3.170583063

3.178150087

3.185717111

3.193284135

3.200851159

3.208418183

3.215985207

3.223552231

3.231119255

3.238686279

3.246253303

3.253820327

3.261387351

3.268954375

3.276521399

3.284088423

3.291655447

3.299222471

3.306789495

3.314356519

3.321923543

3.329490567

3.337057591

3.344624615

3.352191639

3.359758663

3.367325687

3.374892711

3.382459735

3.390026759

3.397593783

3.405160807

3.412727831

3.420294855

3.427861879

3.435428903

3.442995927

3.450562951

3.458129975

3.465696999

3.473264023

3.480831047

3.488398071

3.495965095

3.503532119

3.511099143

3.518666167

3.526233191

3.533800215

3.541367239

3.548934263

3.556501287

3.564068311

3.571635335

3.579202359

3.586769383

3.594336407

3.601903431

3.609470455

3.617037479

3.624604503

3.632171527

3.639738551

3.647305576

3.654872600

3.662439624

3.670006648

3.677573672

3.685140696

3.692707720

3.700274744

3.707841768

3.715408792

3.722975816

3.730542840

3.738109864

3.745676888

3.753243912

3.760810936

3.768377960

3.775944984

3.783512008

3.791079032

3.798646056

3.806213080

3.813780104

3.821347128

3.828914152

3.836481176

3.844048200

3.851615224

3.859182248

3.866749272

3.874316296

3.881883320

3.889450344

3.897017368

3.904584392

3.912151416

3.919718440

3.927285464

3.934852488

3.942419512

3.949986536

3.957553560

3.965120584

3.972687608

3.980254632

3.987821656

3.995388680

4.002955704

4.010522728

4.018089752

4.025656776

4.033223800

4.040790824

4.048357848

4.055924872

4.063491896

4.071058920

4.078625944

4.086192968

4.093759992

4.101327016

4.108894040

4.116461064

4.124028088

4.131595113

4.139162137

4.146729161

4.154296185

4.161863209

4.169430233

4.176997257

4.184564281

4.192131305

4.199698329

4.207265353

4.214832377

4.222399401

4.229966425

4.237533449

4.245100473

4.252667497

4.260234521

4.267801545

4.275368569

4.282935593

4.290502617

4.298069641

4.305636665

4.313203689

4.320770713

4.328337737

4.335904761

4.343471785

4.351038809

4.358605833

4.366172857

4.373739881

4.381306905

4.388873929

4.396440953

4.404007977

4.411575001

4.419142025

4.426709049

4.434276073

4.441843097

4.449410121

4.456977145

4.464544169

4.472111193

4.479678217

4.487245241

4.494812265

4.502379289

4.509946313

4.517513337

4.525080361

4.532647385

4.540214409

4.547781433

4.555348457

4.562915481

4.570482505

4.578049529

4.585616553

4.593183577

4.600750601

4.608317625

4.615884650

4.623451674

4.631018698

4.638585722

4.646152746

4.653719770

4.661286794

4.668853818

4.676420842

4.683987866

4.691554890

4.699121914

4.706688938

4.714255962

4.721822986

4.729390010

4.736957034

4.744524058

4.752091082

4.759658106

4.767225130

4.774792154

4.782359178

4.789926202

4.797493226

4.805060250

4.812627274

4.820194298

4.827761322

4.835328346

4.842895370

4.850462394

4.858029418

4.865596442

4.873163466

4.880730490

4.888297514

4.895864538

4.903431562

4.910998586

4.918565610

4.926132634

4.933699658

4.941266682

4.948833706

4.956400730

4.963967754

4.971534778

4.979101802

4.986668826

4.994235850

5.001802874

5.009369898

5.016936922

5.024503946

5.032070970

5.039637994

5.047205018

5.054772042

5.062339066

5.069906090

5.077473114

5.085040138

5.092607162

5.100174187

5.107741211

5.115308235

5.122875259

5.130442283

5.138009307

5.145576331

5.153143355

5.160710379

5.168277403

5.175844427

5.183411451

5.190978475

5.198545499

5.206112523

5.213679547

5.221246571

5.228813595

5.236380619

5.243947643

5.251514667

5.259081691

5.266648715

5.274215739

5.281782763

5.289349787

5.296916811

5.304483835

5.312050859

5.319617883

5.327184907

5.334751931

5.342318955

5.349885979

5.357453003

5.365020027

5.372587051

5.380154075

5.387721099

5.395288123

5.402855147

5.410422171

5.417989195

5.425556219

5.433123243

5.440690267

5.448257291

5.455824315

5.463391339

5.470958363

5.478525387

5.486092411

5.493659435

5.501226459

5.508793483

5.516360507

5.523927531

5.531494555

5.539061579

5.546628603

5.554195627

5.561762651

5.569329675

5.576896699

5.584463723

5.592030748

5.599597772

5.607164796

5.614731820

5.622298844

5.629865868

5.637432892

5.644999916

5.652566940

5.660133964

5.667700988

5.675268012

5.682835036

5.690402060

5.697969084

5.705536108

5.713103132

5.720670156

5.728237180

5.735804204

5.743371228

5.750938252

5.758505276

5.766072300

5.773639324

5.781206348

5.788773372

5.796340396

5.803907420

5.811474444

5.819041468

5.826608492

5.834175516

5.841742540

5.849309564

5.856876588

5.864443612

5.872010636

5.879577660

5.887144684

5.894711708

5.902278732

5.909845756

5.917412780

5.924979804

5.932546828

5.940113852

5.947680876

5.955247900

5.962814924

5.970381948

5.977948972

5.985515996

5.993083020

6.000650044

6.008217068

6.015784092

6.023351116

6.030918140

6.038485164

6.046052188

6.053619212

6.061186236

6.068753260

6.076320285

6.083887309

6.091454333

6.099021357

6.106588381

6.114155405

6.121722429

6.129289453

6.136856477

6.144423501

6.151990525

6.159557549

6.167124573

6.174691597

6.182258621

6.189825645

6.197392669

6.204959693

6.212526717

6.220093741

6.227660765

6.235227789

6.242794813

6.250361837

6.257928861

6.265495885

6.273062909

6.280629933

6.288196957

6.295763981

6.303331005

6.310898029

6.318465053

6.326032077

6.333599101

6.341166125

6.348733149

6.356300173

6.363867197

6.371434221

6.379001245

6.386568269

6.394135293

6.401702317

6.409269341

6.416836365

6.424403389

6.431970413

6.439537437

6.447104461

6.454671485

6.462238509

6.469805533

6.477372557

6.484939581

6.492506605

6.500073629

6.507640653

6.515207677

6.522774701

6.530341725

6.537908749

6.545475773

6.553042797

6.560609822

6.568176846

6.575743870

6.583310894

6.590877918

6.598444942

6.606011966

6.613578990

6.621146014

6.628713038

6.636280062

6.643847086

6.651414110

6.658981134

6.666548158

6.674115182

6.681682206

6.689249230

6.696816254

6.704383278

6.711950302

6.719517326

6.727084350

6.734651374

6.742218398

6.749785422

6.757352446

6.764919470

6.772486494

6.780053518

6.787620542

6.795187566

6.802754590

6.810321614

6.817888638

6.825455662

6.833022686

6.840589710

6.848156734

6.855723758

6.863290782

6.870857806

6.878424830

6.885991854

6.893558878

6.901125902

6.908692926

6.916259950

6.923826974

6.931393998

6.938961022

6.946528046

6.954095070

6.961662094

6.969229118

6.976796142

6.984363166

6.991930190

6.999497214

7.007064238

7.014631262

7.022198286

7.029765310

7.037332334

7.044899359

7.052466383

7.060033407

7.067600431

7.075167455

7.082734479

7.090301503

7.097868527

7.105435551

7.113002575

7.120569599

7.128136623

7.135703647

7.143270671

7.150837695

7.158404719

7.165971743

7.173538767

7.181105791

7.188672815

7.196239839

7.203806863

7.211373887

7.218940911

7.226507935

7.234074959

7.241641983

7.249209007

7.256776031

7.264343055

7.271910079

7.279477103

7.287044127

7.294611151

7.302178175

7.309745199

7.317312223

7.324879247

7.332446271

7.340013295

7.347580319

7.355147343

7.362714367

7.370281391

7.377848415

7.385415439

7.392982463

7.400549487

7.408116511

7.415683535

7.423250559

7.430817583

7.438384607

7.445951631

7.453518655

7.461085679

7.468652703

7.476219727

7.483786751

7.491353775

7.498920799

7.506487823

7.514054847

7.521621871

7.529188896

7.536755920

7.544322944

7.551889968

7.559456992

7.567024016

7.574591040

7.582158064

7.589725088

7.597292112

7.604859136

7.612426160

7.619993184

7.627560208

7.635127232

7.642694256

7.650261280

7.657828304

7.665395328

7.672962352

7.680529376

7.688096400

7.695663424

7.703230448

7.710797472

7.718364496

7.725931520

7.733498544

7.741065568

7.748632592

7.756199616

7.763766640

7.771333664

7.778900688

7.786467712

7.794034736

7.801601760

7.809168784

7.816735808

7.824302832

7.831869856

7.839436880

7.847003904

7.854570928

7.862137952

7.869704976

7.877272000

7.884839024

7.892406048

7.899973072

7.907540096

7.915107120

7.922674144

7.930241168

7.937808192

7.945375216

7.952942240

7.960509264

7.968076288

7.975643312

7.983210336

7.990777360

7.998344384

8.005911408

8.013478433

8.021045457

8.028612481

8.036179505

8.043746529

8.051313553

8.058880577

8.066447601

8.074014625

8.081581649

8.089148673

8.096715697

8.104282721

8.111849745

8.119416769

8.126983793

8.134550817

8.142117841

8.149684865

8.157251889

8.164818913

8.172385937

8.179952961

8.187519985

8.195087009

8.202654033

8.210221057

8.217788081

8.225355105

8.232922129

8.240489153

8.248056177

8.255623201

8.263190225

8.270757249

8.278324273

8.285891297

8.293458321

8.301025345

8.308592369

8.316159393

8.323726417

8.331293441

8.338860465

8.346427489

8.353994513

8.361561537

8.369128561

8.376695585

8.384262609

8.391829633

8.399396657

8.406963681

8.414530705

8.422097729

8.429664753

8.437231777

8.444798801

8.452365825

8.459932849

8.467499873

8.475066897

8.482633921

8.490200945

8.497767969

8.505334994

8.512902018

8.520469042

8.528036066

8.535603090

8.543170114

8.550737138

8.558304162

8.565871186

8.573438210

8.581005234

8.588572258

8.596139282

8.603706306

8.611273330

8.618840354

8.626407378

8.633974402

8.641541426

8.649108450

8.656675474

8.664242498

8.671809522

8.679376546

8.686943570

8.694510594

8.702077618

8.709644642

8.717211666

8.724778690

8.732345714

8.739912738

8.747479762

8.755046786

8.762613810

8.770180834

8.777747858

8.785314882

8.792881906

8.800448930

8.808015954

8.815582978

8.823150002

8.830717026

8.838284050

8.845851074

8.853418098

8.860985122

8.868552146

8.876119170

8.883686194

8.891253218

8.898820242

8.906387266

8.913954290

8.921521314

8.929088338

8.936655362

8.944222386

8.951789410

8.959356434

8.966923458

8.974490482

8.982057506

8.989624531

8.997191555

9.004758579

9.012325603

9.019892627

9.027459651

9.035026675

9.042593699

9.050160723

9.057727747

9.065294771

9.072861795

9.080428819

9.087995843

9.095562867

9.103129891

9.110696915

9.118263939

9.125830963

9.133397987

9.140965011

9.148532035

9.156099059

9.163666083

9.171233107

9.178800131

9.186367155

9.193934179

9.201501203

9.209068227

9.216635251

9.224202275

9.231769299

9.239336323

9.246903347

9.254470371

9.262037395

9.269604419

9.277171443

9.284738467

9.292305491

9.299872515

9.307439539

9.315006563

9.322573587

9.330140611

9.337707635

9.345274659

9.352841683

9.360408707

9.367975731

9.375542755

9.383109779

9.390676803

9.398243827

9.405810851

9.413377875

9.420944899

9.428511923

9.436078947

9.443645971

9.451212995

9.458780019

9.466347043

9.473914068

9.481481092

9.489048116

9.496615140

9.504182164

9.511749188

9.519316212

9.526883236

9.534450260

9.542017284

9.549584308

9.557151332

9.564718356

9.572285380

9.579852404

9.587419428

9.594986452

9.602553476

9.610120500

9.617687524

9.625254548

9.632821572

9.640388596

9.647955620

9.655522644

9.663089668

9.670656692

9.678223716

9.685790740

9.693357764

9.700924788

9.708491812

9.716058836

9.723625860

9.731192884

9.738759908

9.746326932

9.753893956

9.761460980

9.769028004

9.776595028

9.784162052

9.791729076

9.799296100

9.806863124

9.814430148

9.821997172

9.829564196

9.837131220

9.844698244

9.852265268

9.859832292

9.867399316

9.874966340

9.882533364

9.890100388

9.897667412

9.905234436

9.912801460

9.920368484

9.927935508

9.935502532

9.943069556

9.950636580

9.958203605

9.965770629

9.973337653

9.980904677

9.988471701

9.996038725

10.003605749

10.011172773

10.018739797

10.026306821

10.033873845

10.041440869

10.049007893

10.056574917

10.064141941

10.071708965

10.079275989

10.086843013

10.094410037

10.101977061

10.109544085

10.117111109

10.124678133

10.132245157

10.139812181

10.147379205

10.154946229

10.162513253

10.170080277

10.177647301

10.185214325

10.192781349

10.200348373

10.207915397

10.215482421

10.223049445

10.230616469

10.238183493

10.245750517

10.253317541

10.260884565

10.268451589

10.276018613

10.283585637

10.291152661

10.298719685

10.306286709

10.313853733

10.321420757

10.328987781

10.336554805

10.344121829

10.351688853

10.359255877

10.366822901

10.374389925

10.381956949

10.389523973

10.397090997

10.404658021

10.412225045

10.419792069

10.427359093

10.434926117

10.442493142

10.450060166

10.457627190

10.465194214

10.472761238

10.480328262

10.487895286

10.495462310

10.503029334

10.510596358

10.518163382

10.525730406

10.533297430

10.540864454

10.548431478

10.555998502

10.563565526

10.571132550

10.578699574

10.586266598

10.593833622

10.601400646

10.608967670

10.616534694

10.624101718

10.631668742

10.639235766

10.646802790

10.654369814

10.661936838

10.669503862

10.677070886

10.684637910

10.692204934

10.699771958

10.707338982

10.714906006

10.722473030

10.730040054

10.737607078

10.745174102

10.752741126

10.760308150

10.767875174

10.775442198

10.783009222

10.790576246

10.798143270

10.805710294

10.813277318

10.820844342

10.828411366

10.835978390

10.843545414

10.851112438

10.858679462

10.866246486

10.873813510

10.881380534

10.888947558

10.896514582

10.904081606

10.911648630

10.919215654

10.926782678

10.934349703

10.941916727

10.949483751

10.957050775

10.964617799

10.972184823

10.979751847

10.987318871

10.994885895

11.002452919

11.010019943

11.017586967

11.025153991

11.032721015

11.040288039

11.047855063

11.055422087

11.062989111

11.070556135

11.078123159

11.085690183

11.093257207

11.100824231

11.108391255

11.115958279

11.123525303

11.131092327

11.138659351

11.146226375

11.153793399

11.161360423

11.168927447

11.176494471

11.184061495

11.191628519

11.199195543

11.206762567

11.214329591

11.221896615

11.229463639

11.237030663

11.244597687

11.252164711

11.259731735

11.267298759

11.274865783

11.282432807

11.289999831

11.297566855

11.305133879

11.312700903

11.320267927

11.327834951

11.335401975

11.342968999

11.350536023

11.358103047

11.365670071

11.373237095

11.380804119

11.388371143

11.395938167

11.403505191

11.411072215

11.418639240

11.426206264

11.433773288

11.441340312

11.448907336

11.456474360

11.464041384

11.471608408

11.479175432

11.486742456

11.494309480

11.501876504

11.509443528

11.517010552

11.524577576

11.532144600

11.539711624

11.547278648

11.554845672

11.562412696

11.569979720

11.577546744

11.585113768

11.592680792

11.600247816

11.607814840

11.615381864

11.622948888

11.630515912

11.638082936

11.645649960

11.653216984

11.660784008

11.668351032

11.675918056

11.683485080

11.691052104

11.698619128

11.706186152

11.713753176

11.721320200

11.728887224

11.736454248

11.744021272

11.751588296

11.759155320

11.766722344

11.774289368

11.781856392

11.789423416

11.796990440

11.804557464

11.812124488

11.819691512

11.827258536

11.834825560

11.842392584

11.849959608

11.857526632

11.865093656

11.872660680

11.880227704

11.887794728

11.895361752

11.902928777

11.910495801

11.918062825

11.925629849

11.933196873

11.940763897

11.948330921

11.955897945

11.963464969

11.971031993

11.978599017

11.986166041

11.993733065

12.001300089

12.008867113

12.016434137

12.024001161

12.031568185

12.039135209

12.046702233

12.054269257

12.061836281

12.069403305

12.076970329

12.084537353

12.092104377

12.099671401

12.107238425

12.114805449

12.122372473

12.129939497

12.137506521

12.145073545

12.152640569

12.160207593

12.167774617

12.175341641

12.182908665

12.190475689

12.198042713

12.205609737

12.213176761

12.220743785

12.228310809

12.235877833

12.243444857

12.251011881

12.258578905

12.266145929

12.273712953

12.281279977

12.288847001

12.296414025

12.303981049

12.311548073

12.319115097

12.326682121

12.334249145

12.341816169

12.349383193

12.356950217

12.364517241

12.372084265

12.379651289

12.387218314

12.394785338

12.402352362

12.409919386

12.417486410

12.425053434

12.432620458

12.440187482

12.447754506

12.455321530

12.462888554

12.470455578

12.478022602

12.485589626

12.493156650

12.500723674

12.508290698

12.515857722

12.523424746

12.530991770

12.538558794

12.546125818

12.553692842

12.561259866

12.568826890

12.576393914

12.583960938

12.591527962

12.599094986

12.606662010

12.614229034

12.621796058

12.629363082

12.636930106

12.644497130

12.652064154

12.659631178

12.667198202

12.674765226

12.682332250

12.689899274

12.697466298

12.705033322

12.712600346

12.720167370

12.727734394

12.735301418

12.742868442

12.750435466

12.758002490

12.765569514

12.773136538

12.780703562

12.788270586

12.795837610

12.803404634

12.810971658

12.818538682

12.826105706

12.833672730

12.841239754

12.848806778

12.856373802

12.863940826

12.871507851

12.879074875

12.886641899

12.894208923

12.901775947

12.909342971

12.916909995

12.924477019

12.932044043

12.939611067

12.947178091

12.954745115

12.962312139

12.969879163

12.977446187

12.985013211

12.992580235

13.000147259

13.007714283

13.015281307

13.022848331

13.030415355

13.037982379

13.045549403

13.053116427

13.060683451

13.068250475

13.075817499

13.083384523

13.090951547

13.098518571

13.106085595

13.113652619

13.121219643

13.128786667

13.136353691

13.143920715

13.151487739

13.159054763

13.166621787

13.174188811

13.181755835

13.189322859

13.196889883

13.204456907

13.212023931

13.219590955

13.227157979

13.234725003

13.242292027

13.249859051

13.257426075

13.264993099

13.272560123

13.280127147

13.287694171

13.295261195

13.302828219

13.310395243

13.317962267

13.325529291

13.333096315

13.340663339

13.348230363

13.355797388

13.363364412

13.370931436

13.378498460

13.386065484

13.393632508

13.401199532

13.408766556

13.416333580

13.423900604

13.431467628

13.439034652

13.446601676

13.454168700

13.461735724

13.469302748

13.476869772

13.484436796

13.492003820

13.499570844

13.507137868

13.514704892

13.522271916

13.529838940

13.537405964

13.544972988

13.552540012

13.560107036

13.567674060

13.575241084

13.582808108

13.590375132

13.597942156

13.605509180

13.613076204

13.620643228

13.628210252

13.635777276

13.643344300

13.650911324

13.658478348

13.666045372

13.673612396

13.681179420

13.688746444

13.696313468

13.703880492

13.711447516

13.719014540

13.726581564

13.734148588

13.741715612

13.749282636

13.756849660

13.764416684

13.771983708

13.779550732

13.787117756

13.794684780

13.802251804

13.809818828

13.817385852

13.824952876

13.832519900

13.840086924

13.847653949

13.855220973

13.862787997

13.870355021

13.877922045

13.885489069

13.893056093

13.900623117

13.908190141

13.915757165

13.923324189

13.930891213

13.938458237

13.946025261

13.953592285

13.961159309

13.968726333

13.976293357

13.983860381

13.991427405

13.998994429

14.006561453

14.014128477

14.021695501

14.029262525

14.036829549

14.044396573

14.051963597

14.059530621

14.067097645

14.074664669

14.082231693

14.089798717

14.097365741

14.104932765

14.112499789

14.120066813

14.127633837

14.135200861

14.142767885

14.150334909

14.157901933

14.165468957

14.173035981

14.180603005

14.188170029

14.195737053

14.203304077

14.210871101

14.218438125

14.226005149

14.233572173

14.241139197

14.248706221

14.256273245

14.263840269

14.271407293

14.278974317

14.286541341

14.294108365

14.301675389

14.309242413

14.316809437

14.324376461

14.331943486

14.339510510

14.347077534

14.354644558

14.362211582

14.369778606

14.377345630

14.384912654

14.392479678

14.400046702

14.407613726

14.415180750

14.422747774

14.430314798

14.437881822

14.445448846

14.453015870

14.460582894

14.468149918

14.475716942

14.483283966

14.490850990

14.498418014

14.505985038

14.513552062

14.521119086

14.528686110

14.536253134

14.543820158

14.551387182

14.558954206

14.566521230

14.574088254

14.581655278

14.589222302

14.596789326

14.604356350

14.611923374

14.619490398

14.627057422

14.634624446

14.642191470

14.649758494

14.657325518

14.664892542

14.672459566

14.680026590

14.687593614

14.695160638

14.702727662

14.710294686

14.717861710

14.725428734

14.732995758

14.740562782

14.748129806

14.755696830

14.763263854

14.770830878

14.778397902

14.785964926

14.793531950

14.801098974

14.808665998

14.816233023

14.823800047

14.831367071

14.838934095

14.846501119

14.854068143

14.861635167

14.869202191

14.876769215

14.884336239

14.891903263

14.899470287

14.907037311

14.914604335

14.922171359

14.929738383

14.937305407

14.944872431

14.952439455

14.960006479

14.967573503

14.975140527

14.982707551

14.990274575

14.997841599

15.005408623

15.012975647

15.020542671

15.028109695

15.035676719

15.043243743

15.050810767

15.058377791

15.065944815

15.073511839

15.081078863

15.088645887

15.096212911

15.103779935

15.111346959

15.118913983

15.126481007

15.134048031

15.141615055

15.149182079

15.156749103

15.164316127

15.171883151

15.179450175

15.187017199

15.194584223

15.202151247

15.209718271

15.217285295

15.224852319

15.232419343

15.239986367

15.247553391

15.255120415

15.262687439

15.270254463

15.277821487

15.285388511

15.292955535

15.300522560

15.308089584

15.315656608

15.323223632

15.330790656

15.338357680

15.345924704

15.353491728

15.361058752

15.368625776

15.376192800

15.383759824

15.391326848

15.398893872

15.406460896

15.414027920

15.421594944

15.429161968

15.436728992

15.444296016

15.451863040

15.459430064

15.466997088

15.474564112

15.482131136

15.489698160

15.497265184

15.504832208

15.512399232

15.519966256

15.527533280

15.535100304

15.542667328

15.550234352

15.557801376

15.565368400

15.572935424

15.580502448

15.588069472

15.595636496

15.603203520

15.610770544

15.618337568

15.625904592

15.633471616

15.641038640

15.648605664

15.656172688

15.663739712

15.671306736

15.678873760

15.686440784

15.694007808

15.701574832

15.709141856

15.716708880

15.724275904

15.731842928

15.739409952

15.746976976

15.754544000

15.762111024

15.769678048

15.777245072

15.784812097

15.792379121

15.799946145

15.807513169

15.815080193

15.822647217

15.830214241

15.837781265

15.845348289

15.852915313

15.860482337

15.868049361

15.875616385

15.883183409

15.890750433

15.898317457

15.905884481

15.913451505

15.921018529

15.928585553

15.936152577

15.943719601

15.951286625

15.958853649

15.966420673

15.973987697

15.981554721

15.989121745

15.996688769

16.004255793

16.011822817

16.019389841

16.026956865

16.034523889

16.042090913

16.049657937

16.057224961

16.064791985

16.072359009

16.079926033

16.087493057

16.095060081

16.102627105

16.110194129

16.117761153

16.125328177

16.132895201

16.140462225

16.148029249

16.155596273

16.163163297

16.170730321

16.178297345

16.185864369

16.193431393

16.200998417

16.208565441

16.216132465

16.223699489

16.231266513

16.238833537

16.246400561

16.253967585

16.261534609

16.269101633

16.276668658

16.284235682

16.291802706

16.299369730

16.306936754

16.314503778

16.322070802

16.329637826

16.337204850

16.344771874

16.352338898

16.359905922

16.367472946

16.375039970

16.382606994

16.390174018

16.397741042

16.405308066

16.412875090

16.420442114

16.428009138

16.435576162

16.443143186

16.450710210

16.458277234

16.465844258

16.473411282

16.480978306

16.488545330

16.496112354

16.503679378

16.511246402

16.518813426

16.526380450

16.533947474

16.541514498

16.549081522

16.556648546

16.564215570

16.571782594

16.579349618

16.586916642

16.594483666

16.602050690

16.609617714

16.617184738

16.624751762

16.632318786

16.639885810

16.647452834

16.655019858

16.662586882

16.670153906

16.677720930

16.685287954

16.692854978

16.700422002

16.707989026

16.715556050

16.723123074

16.730690098

16.738257122

16.745824146

16.753391170

16.760958195

16.768525219

16.776092243

16.783659267

16.791226291

16.798793315

16.806360339

16.813927363

16.821494387

16.829061411

16.836628435

16.844195459

16.851762483

16.859329507

16.866896531

16.874463555

16.882030579

16.889597603

16.897164627

16.904731651

16.912298675

16.919865699

16.927432723

16.934999747

16.942566771

16.950133795

16.957700819

16.965267843

16.972834867

16.980401891

16.987968915

16.995535939

17.003102963

17.010669987

17.018237011

17.025804035

17.033371059

17.040938083

17.048505107

17.056072131

17.063639155

17.071206179

17.078773203

17.086340227

17.093907251

17.101474275

17.109041299

17.116608323

17.124175347

17.131742371

17.139309395

17.146876419

17.154443443

17.162010467

17.169577491

17.177144515

17.184711539

17.192278563

17.199845587

17.207412611

17.214979635

17.222546659

17.230113683

17.237680707

17.245247732

17.252814756

17.260381780

17.267948804

17.275515828

17.283082852

17.290649876

17.298216900

17.305783924

17.313350948

17.320917972

17.328484996

17.336052020

17.343619044

17.351186068

17.358753092

17.366320116

17.373887140

17.381454164

17.389021188

17.396588212

17.404155236

17.411722260

17.419289284

17.426856308

17.434423332

17.441990356

17.449557380

17.457124404

17.464691428

17.472258452

17.479825476

17.487392500

17.494959524

17.502526548

17.510093572

17.517660596

17.525227620

17.532794644

17.540361668

17.547928692

17.555495716

17.563062740

17.570629764

17.578196788

17.585763812

17.593330836

17.600897860

17.608464884

17.616031908

17.623598932

17.631165956

17.638732980

17.646300004

17.653867028

17.661434052

17.669001076

17.676568100

17.684135124

17.691702148

17.699269172

17.706836196

17.714403220

17.721970244

17.729537269

17.737104293

17.744671317

17.752238341

17.759805365

17.767372389

17.774939413

17.782506437

17.790073461

17.797640485

17.805207509

17.812774533

17.820341557

17.827908581

17.835475605

17.843042629

17.850609653

17.858176677

17.865743701

17.873310725

17.880877749

17.888444773

17.896011797

17.903578821

17.911145845

17.918712869

17.926279893

17.933846917

17.941413941

17.948980965

17.956547989

17.964115013

17.971682037

17.979249061

17.986816085

17.994383109

18.001950133

18.009517157

18.017084181

18.024651205

18.032218229

18.039785253

18.047352277

18.054919301

18.062486325

18.070053349

18.077620373

18.085187397

18.092754421

18.100321445

18.107888469

18.115455493

18.123022517

18.130589541

18.138156565

18.145723589

18.153290613

18.160857637

18.168424661

18.175991685

18.183558709

18.191125733

18.198692757

18.206259781

18.213826806

18.221393830

18.228960854

18.236527878

18.244094902

18.251661926

18.259228950

18.266795974

18.274362998

18.281930022

18.289497046

18.297064070

18.304631094

18.312198118

18.319765142

18.327332166

18.334899190

18.342466214

18.350033238

18.357600262

18.365167286

18.372734310

18.380301334

18.387868358

18.395435382

18.403002406

18.410569430

18.418136454

18.425703478

18.433270502

18.440837526

18.448404550

18.455971574

18.463538598

18.471105622

18.478672646

18.486239670

18.493806694

18.501373718

18.508940742

18.516507766

18.524074790

18.531641814

18.539208838

18.546775862

18.554342886

18.561909910

18.569476934

18.577043958

18.584610982

18.592178006

18.599745030

18.607312054

18.614879078

18.622446102

18.630013126

18.637580150

18.645147174

18.652714198

18.660281222

18.667848246

18.675415270

18.682982294

18.690549318

18.698116343

18.705683367

18.713250391

18.720817415

18.728384439

18.735951463

18.743518487

18.751085511

18.758652535

18.766219559

18.773786583

18.781353607

18.788920631

18.796487655

18.804054679

18.811621703

18.819188727

18.826755751

18.834322775

18.841889799

18.849456823

18.857023847

18.864590871

18.872157895

18.879724919

18.887291943

18.894858967

18.902425991

18.909993015

18.917560039

18.925127063

18.932694087

18.940261111

18.947828135

18.955395159

18.962962183

18.970529207

18.978096231

18.985663255

18.993230279

19.000797303

19.008364327

19.015931351

19.023498375

19.031065399

19.038632423

19.046199447

19.053766471

19.061333495

19.068900519

19.076467543

19.084034567

19.091601591

19.099168615

19.106735639

19.114302663

19.121869687

19.129436711

19.137003735

19.144570759

19.152137783

19.159704807

19.167271831

19.174838855

19.182405879

19.189972904

19.197539928

19.205106952

19.212673976

19.220241000

19.227808024

19.235375048

19.242942072

19.250509096

19.258076120

19.265643144

19.273210168

19.280777192

19.288344216

19.295911240

19.303478264

19.311045288

19.318612312

19.326179336

19.333746360

19.341313384

19.348880408

19.356447432

19.364014456

19.371581480

19.379148504

19.386715528

19.394282552

19.401849576

19.409416600

19.416983624

19.424550648

19.432117672

19.439684696

19.447251720

19.454818744

19.462385768

19.469952792

19.477519816

19.485086840

19.492653864

19.500220888

19.507787912

19.515354936

19.522921960

19.530488984

19.538056008

19.545623032

19.553190056

19.560757080

19.568324104

19.575891128

19.583458152

19.591025176

19.598592200

19.606159224

19.613726248

19.621293272

19.628860296

19.636427320

19.643994344

19.651561368

19.659128392

19.666695416

19.674262441

19.681829465

19.689396489

19.696963513

19.704530537

19.712097561

19.719664585

19.727231609

19.734798633

19.742365657

19.749932681

19.757499705

19.765066729

19.772633753

19.780200777

19.787767801

19.795334825

19.802901849

19.810468873

19.818035897

19.825602921

19.833169945

19.840736969

19.848303993

19.855871017

19.863438041

19.871005065

19.878572089

19.886139113

19.893706137

19.901273161

19.908840185

19.916407209

19.923974233

19.931541257

19.939108281

19.946675305

19.954242329

19.961809353

19.969376377

19.976943401

19.984510425

19.992077449

19.999644473

20.007211497

20.014778521

20.022345545

20.029912569

20.037479593

20.045046617

20.052613641

20.060180665

20.067747689

20.075314713

20.082881737

20.090448761

20.098015785

20.105582809

20.113149833

20.120716857

20.128283881

20.135850905

20.143417929

20.150984953

20.158551978

20.166119002

20.173686026

20.181253050

20.188820074

20.196387098

20.203954122

20.211521146

20.219088170

20.226655194

20.234222218

20.241789242

20.249356266

20.256923290

20.264490314

20.272057338

20.279624362

20.287191386

20.294758410

20.302325434

20.309892458

20.317459482

20.325026506

20.332593530

20.340160554

20.347727578

20.355294602

20.362861626

20.370428650

20.377995674

20.385562698

20.393129722

20.400696746

20.408263770

20.415830794

20.423397818

20.430964842

20.438531866

20.446098890

20.453665914

20.461232938

20.468799962

20.476366986

20.483934010

20.491501034

20.499068058

20.506635082

20.514202106

20.521769130

20.529336154

20.536903178

20.544470202

20.552037226

20.559604250

20.567171274

20.574738298

20.582305322

20.589872346

20.597439370

20.605006394

20.612573418

20.620140442

20.627707466

20.635274490

20.642841515

20.650408539

20.657975563

20.665542587

20.673109611

20.680676635

20.688243659

20.695810683

20.703377707

20.710944731

20.718511755

20.726078779

20.733645803

20.741212827

20.748779851

20.756346875

20.763913899

20.771480923

20.779047947

20.786614971

20.794181995

20.801749019

20.809316043

20.816883067

20.824450091

20.832017115

20.839584139

20.847151163

20.854718187

20.862285211

20.869852235

20.877419259

20.884986283

20.892553307

20.900120331

20.907687355

20.915254379

20.922821403

20.930388427

20.937955451

20.945522475

20.953089499

20.960656523

20.968223547

20.975790571

20.983357595

20.990924619

20.998491643

21.006058667

21.013625691

21.021192715

21.028759739

21.036326763

21.043893787

21.051460811

21.059027835

21.066594859

21.074161883

21.081728907

21.089295931

21.096862955

21.104429979

21.111997003

21.119564027

21.127131052

21.134698076

21.142265100

21.149832124

21.157399148

21.164966172

21.172533196

21.180100220

21.187667244

21.195234268

21.202801292

21.210368316

21.217935340

21.225502364

21.233069388

21.240636412

21.248203436

21.255770460

21.263337484

21.270904508

21.278471532

21.286038556

21.293605580

21.301172604

21.308739628

21.316306652

21.323873676

21.331440700

21.339007724

21.346574748

21.354141772

21.361708796

21.369275820

21.376842844

21.384409868

21.391976892

21.399543916

21.407110940

21.414677964

21.422244988

21.429812012

21.437379036

21.444946060

21.452513084

21.460080108

21.467647132

21.475214156

21.482781180

21.490348204

21.497915228

21.505482252

21.513049276

21.520616300

21.528183324

21.535750348

21.543317372

21.550884396

21.558451420

21.566018444

21.573585468

21.581152492

21.588719516

21.596286540

21.603853564

21.611420588

21.618987613

21.626554637

21.634121661

21.641688685

21.649255709

21.656822733

21.664389757

21.671956781

21.679523805

21.687090829

21.694657853

21.702224877

21.709791901

21.717358925

21.724925949

21.732492973

21.740059997

21.747627021

21.755194045

21.762761069

21.770328093

21.777895117

21.785462141

21.793029165

21.800596189

21.808163213

21.815730237

21.823297261

21.830864285

21.838431309

21.845998333

21.853565357

21.861132381

21.868699405

21.876266429

21.883833453

21.891400477

21.898967501

21.906534525

21.914101549

21.921668573

21.929235597

21.936802621

21.944369645

21.951936669

21.959503693

21.967070717

21.974637741

21.982204765

21.989771789

21.997338813

22.004905837

22.012472861

22.020039885

22.027606909

22.035173933

22.042740957

22.050307981

22.057875005

22.065442029

22.073009053

22.080576077

22.088143101

22.095710125

22.103277150

22.110844174

22.118411198

22.125978222

22.133545246

22.141112270

22.148679294

22.156246318

22.163813342

22.171380366

22.178947390

22.186514414

22.194081438

22.201648462

22.209215486

22.216782510

22.224349534

22.231916558

22.239483582

22.247050606

22.254617630

22.262184654

22.269751678

22.277318702

22.284885726

22.292452750

22.300019774

22.307586798

22.315153822

22.322720846

22.330287870

22.337854894

22.345421918

22.352988942

22.360555966

22.368122990

22.375690014

22.383257038

22.390824062

22.398391086

22.405958110

22.413525134

22.421092158

22.428659182

22.436226206

22.443793230

22.451360254

22.458927278

22.466494302

22.474061326

22.481628350

22.489195374

22.496762398

22.504329422

22.511896446

22.519463470

22.527030494

22.534597518

22.542164542

22.549731566

22.557298590

22.564865614

22.572432638

22.579999662

22.587566687

22.595133711

22.602700735

22.610267759

22.617834783

22.625401807

22.632968831

22.640535855

22.648102879

22.655669903

22.663236927

22.670803951

22.678370975

22.685937999

22.693505023

22.701072047

22.708639071

22.716206095

22.723773119

22.731340143

22.738907167

22.746474191

22.754041215

22.761608239

22.769175263

22.776742287

22.784309311

22.791876335

22.799443359

22.807010383

22.814577407

22.822144431

22.829711455

22.837278479

22.844845503

22.852412527

22.859979551

22.867546575

22.875113599

22.882680623

22.890247647

22.897814671

22.905381695

22.912948719

22.920515743

22.928082767

22.935649791

22.943216815

22.950783839

22.958350863

22.965917887

22.973484911

22.981051935

22.988618959

22.996185983

23.003753007

23.011320031

23.018887055

23.026454079

23.034021103

23.041588127

23.049155151

23.056722175

23.064289199

23.071856224

23.079423248

23.086990272

23.094557296

23.102124320

23.109691344

23.117258368

23.124825392

23.132392416

23.139959440

23.147526464

23.155093488

23.162660512

23.170227536

23.177794560

23.185361584

23.192928608

23.200495632

23.208062656

23.215629680

23.223196704

23.230763728

23.238330752

23.245897776

23.253464800

23.261031824

23.268598848

23.276165872

23.283732896

23.291299920

23.298866944

23.306433968

23.314000992

23.321568016

23.329135040

23.336702064

23.344269088

23.351836112

23.359403136

23.366970160

23.374537184

23.382104208

23.389671232

23.397238256

23.404805280

23.412372304

23.419939328

23.427506352

23.435073376

23.442640400

23.450207424

23.457774448

23.465341472

23.472908496

23.480475520

23.488042544

23.495609568

23.503176592

23.510743616

23.518310640

23.525877664

23.533444688

23.541011712

23.548578736

23.556145761

23.563712785

23.571279809

23.578846833

23.586413857

23.593980881

23.601547905

23.609114929

23.616681953

23.624248977

23.631816001

23.639383025

23.646950049

23.654517073

23.662084097

23.669651121

23.677218145

23.684785169

23.692352193

23.699919217

23.707486241

23.715053265

23.722620289

23.730187313

23.737754337

23.745321361

23.752888385

23.760455409

23.768022433

23.775589457

23.783156481

23.790723505

23.798290529

23.805857553

23.813424577

23.820991601

23.828558625

23.836125649

23.843692673

23.851259697

23.858826721

23.866393745

23.873960769

23.881527793

23.889094817

23.896661841

23.904228865

23.911795889

23.919362913

23.926929937

23.934496961

23.942063985

23.949631009

23.957198033

23.964765057

23.972332081

23.979899105

23.987466129

23.995033153

24.002600177

24.010167201

24.017734225

24.025301249

24.032868273

24.040435298

24.048002322

24.055569346

24.063136370

24.070703394

24.078270418

24.085837442

24.093404466

24.100971490

24.108538514

24.116105538

24.123672562

24.131239586

24.138806610

24.146373634

24.153940658

24.161507682

24.169074706

24.176641730

24.184208754

24.191775778

24.199342802

24.206909826

24.214476850

24.222043874

24.229610898

24.237177922

24.244744946

24.252311970

24.259878994

24.267446018

24.275013042

24.282580066

24.290147090

24.297714114

24.305281138

24.312848162

24.320415186

24.327982210

24.335549234

24.343116258

24.350683282

24.358250306

24.365817330

24.373384354

24.380951378

24.388518402

24.396085426

24.403652450

24.411219474

24.418786498

24.426353522

24.433920546

24.441487570

24.449054594

24.456621618

24.464188642

24.471755666

24.479322690

24.486889714

24.494456738

24.502023762

24.509590786

24.517157810

24.524724834

24.532291859

24.539858883

24.547425907

24.554992931

24.562559955

24.570126979

24.577694003

24.585261027

24.592828051

24.600395075

24.607962099

24.615529123

24.623096147

24.630663171

24.638230195

24.645797219

24.653364243

24.660931267

24.668498291

24.676065315

24.683632339

24.691199363

24.698766387

24.706333411

24.713900435

24.721467459

24.729034483

24.736601507

24.744168531

24.751735555

24.759302579

24.766869603

24.774436627

24.782003651

24.789570675

24.797137699

24.804704723

24.812271747

24.819838771

24.827405795

24.834972819

24.842539843

24.850106867

24.857673891

24.865240915

24.872807939

24.880374963

24.887941987

24.895509011

24.903076035

24.910643059

24.918210083

24.925777107

24.933344131

24.940911155

24.948478179

24.956045203

24.963612227

24.971179251

24.978746275

24.986313299

24.993880323

25.001447347

25.009014371

25.016581396

25.024148420

25.031715444

25.039282468

25.046849492

25.054416516

25.061983540

25.069550564

25.077117588

25.084684612

25.092251636

25.099818660

25.107385684

25.114952708

25.122519732

25.130086756

25.137653780

25.145220804

25.152787828

25.160354852

25.167921876

25.175488900

25.183055924

25.190622948

25.198189972

25.205756996

25.213324020

25.220891044

25.228458068

25.236025092

25.243592116

25.251159140

25.258726164

25.266293188

25.273860212

25.281427236

25.288994260

25.296561284

25.304128308

25.311695332

25.319262356

25.326829380

25.334396404

25.341963428

25.349530452

25.357097476

25.364664500

25.372231524

25.379798548

25.387365572

25.394932596

25.402499620

25.410066644

25.417633668

25.425200692

25.432767716

25.440334740

25.447901764

25.455468788

25.463035812

25.470602836

25.478169860

25.485736884

