nSeg: 39

breaks: 
0.000000000000000
0.327179487179484
0.654358974358967
0.981538461538451
1.308717948717935
1.635897435897418
1.963076923076902
2.290256410256386
2.617435897435869
2.944615384615353
3.271794871794837
3.598974358974320
3.926153846153804
4.253333333333288
4.580512820512771
4.907692307692255
5.234871794871738
5.562051282051223
5.889230769230706
6.216410256410190
6.543589743589673
6.870769230769158
7.197948717948640
7.525128205128124
7.852307692307608
8.179487179487092
8.506666666666575
8.833846153846059
9.161025641025542
9.488205128205026
9.815384615384509
10.142564102563993
10.469743589743477
10.796923076922962
11.124102564102445
11.451282051281927
11.778461538461412
12.105641025640896
12.432820512820379
12.759999999999863

coefs_q:
q1:
0.117116370254974
-0.189425464433393
0.000000000000000
-2.272468629775721
q2:
0.401829291491506
-0.579519066515055
-0.000000000000000
1.279970650318185
q3:
-0.183363546217686
0.329694407410335
-0.000000000000000
-2.750399733713708
q4:
-0.280846280749773
0.320309301938827
0.000000000000000
1.596452762527073
q5:
-0.151657567122751
0.286056673532689
0.000000000000000
-0.961694502595571
q6:
0.325216438268502
-0.574583162275572
0.000000000000000
-0.433590988301365
q7:
0.090988571671205
-0.200455755041927
0.000000000000000
-1.261311132815366

q1:
0.109974307077254
-0.074471242552359
-0.086341589259953
-2.288644134482549
q2:
0.316480111056079
-0.185108161943396
-0.250170344490506
1.232008635460312
q3:
-0.189913006782059
0.149716034353593
0.156853262484812
-2.721529142065469
q4:
-0.189967196966419
0.044647875602899
0.119406502190574
1.620904536261342
q5:
-0.169181659975066
0.137198938418359
0.138480554063982
-0.936384723070483
q6:
0.362014734827613
-0.255370719790492
-0.271543885516996
-0.483707874269104
q7:
0.127395634317728
-0.111146972386191
-0.101950020563660
-1.279582474734150

q1:
0.001305373462150
0.033472769625006
-0.099755448607466
-2.321013537810416
q2:
-0.037799513677256
0.125529239370106
-0.269663345824741
1.141427071894947
q3:
-0.023327491589816
-0.036690886149411
0.193832772512641
-2.660834804701007
q4:
0.066994146987663
-0.141812234650292
0.087616317025325
1.658097993954850
q5:
-0.039006649524478
-0.028859367834089
0.173927039208989
-0.882315387213244
q6:
0.086981198746394
0.099960666086454
-0.322390867190420
-0.587209000114502
q7:
0.048875240117745
0.013896742528747
-0.133768300896506
-1.320374488106038

q1:
-0.051946123204650
0.034754043884779
-0.077433034751444
-2.350022615673236
q2:
-0.098884385700496
0.088427562868430
-0.199661068989775
1.065312344803022
q3:
0.041059621925279
-0.059587716356030
0.162332388718554
-2.602161333361196
q4:
0.115774393548947
-0.076054902683940
0.016334658759048
1.673930126301425
q5:
0.007169047597840
-0.067145894598115
0.142516086679889
-0.829865464804513
q6:
0.023312252376300
0.185336058086760
-0.229047631281441
-0.678941870984889
q7:
-0.006442424205745
0.061869670521241
-0.108979084729382
-1.360941359018738

q1:
-0.025505642908268
-0.016233073968400
-0.071373353312137
-2.373456149829286
q2:
-0.003579632383016
-0.008631264942210
-0.173553357155453
1.005989925815757
q3:
0.022613239972546
-0.019286118220141
0.136526487970043
-2.553990109966358
q4:
0.021118722866983
0.037582117445640
0.003747152614415
1.675187898704123
q5:
0.012551789774959
-0.060109198648235
0.100880830530571
-0.790173767708815
q6:
0.000532508610240
0.208217930419189
-0.100284839144624
-0.733225522451594
q7:
-0.023117464159623
0.055546183377756
-0.070563025863967
-1.390199789080834

q1:
0.026385715860488
-0.041267843469131
-0.090186473991698
-2.399439033490449
q2:
0.053620145171039
-0.012144811804309
-0.180350863290980
0.948157510571257
q3:
-0.008653326171410
0.002909646552911
0.131168442368149
-2.510593961133356
q4:
-0.058018638488152
0.058310956198155
0.035121399273256
1.681176570488877
q5:
0.014688421715477
-0.047789134222968
0.065578709314250
-0.763162497392843
q6:
-0.064920069937159
0.208740608101240
0.036135441663597
-0.743729031065788
q7:
-0.015956142294779
0.032855503171849
-0.041639807392866
-1.408150195801445

q1:
0.049543493791462
-0.015369248516836
-0.108716968703004
-2.432439655311759
q2:
0.041112361101147
0.040485422994341
-0.171078396655472
0.889728308371322
q3:
-0.021708339398797
-0.005583925904565
0.130293473021300
-2.467669939020035
q4:
-0.062674983094697
0.001363431035939
0.054645634686257
1.696877541309794
q5:
0.009945176331243
-0.033371883369930
0.039024489199240
-0.746307706143416
q6:
-0.097746298668316
0.145019062532153
0.151878349286214
-0.711835042691623
q7:
-0.002237739223923
0.017193935811743
-0.025264657612594
-1.418815660965387

q1:
0.048306645237557
0.033259596158475
-0.102863613936150
-2.467919659170454
q2:
0.015666215568388
0.080838786659775
-0.131383603958383
0.839528680080683
q3:
-0.015126595920354
-0.026891495960614
0.119668181149514
-2.426398626269318
q4:
-0.052868100617257
-0.060154475447779
0.035410410924845
1.712707331963358
q5:
0.010610508727796
-0.023610310294034
0.020381084297902
-0.736763720510619
q6:
-0.117441476215729
0.049077310916176
0.215382701214436
-0.650043198153892
q7:
-0.004860924356191
0.014997508696569
-0.014732277306798
-1.425319562684475

q1:
0.025506642120588
0.080674426407031
-0.065586738860872
-2.496322340472581
q2:
-0.002153881424582
0.096215779786900
-0.073454981705574
0.805744846371983
q3:
-0.003453279363252
-0.041738831648592
0.097213745757374
-2.390654075109890
q4:
-0.030306327330724
-0.112046549592101
-0.020930232139484
1.716001950797836
q5:
0.009533542503085
-0.013195687881213
0.008338916689796
-0.732251230915134
q6:
-0.084364224436905
-0.066196014969414
0.209781812401120
-0.578434044972691
q7:
-0.010740530946668
0.010226324482339
-0.006479556502622
-1.428704478109397

q1:
-0.015719408922445
0.105710176673084
-0.004605520006968
-2.508251738662531
q2:
-0.019036584329146
0.094101662327080
-0.011187018593411
0.791936001362621
q3:
0.002246660647296
-0.045128358162061
0.068792583142401
-2.363436669552899
q4:
0.027051965462526
-0.141793375495181
-0.103981448655220
1.696098396152770
q5:
-0.005153099305058
-0.003838149239724
0.002765794595869
-0.730601562540262
q6:
0.030329619444389
-0.149002746032099
0.139373192134985
-0.519838506665929
q7:
-0.002740553923285
-0.000315919739160
-0.003237075361007
-1.430105934512979

q1:
-0.032049016455527
0.090280972223054
0.059518763580588
-2.498993221718153
q2:
-0.016652680825307
0.075416522631703
0.044275854229000
0.797682358375326
q3:
0.011824234511751
-0.042923174326715
0.039983927897356
-2.345681290841322
q4:
0.037161003724123
-0.115240830933501
-0.188077768502141
1.647846777912798
q5:
-0.003366563010266
-0.008896114403765
-0.001400595252616
-0.730287990421873
q6:
0.051403550150996
-0.119233058023606
0.051611939320863
-0.489126421053528
q7:
-0.007237707714991
-0.003005878820784
-0.004323899710363
-1.431294840739341

q1:
-0.019452483194048
0.058823629917475
0.108302730845027
-2.470978113846746
q2:
-0.000893247357305
0.059071275913939
0.088277503189061
0.819658344809532
q3:
0.017831396796037
-0.031317233375181
0.015693989377454
-2.336780017029528
q4:
0.003643347828987
-0.078765876508901
-0.251552783552527
1.575276976432087
q5:
0.005484750980425
-0.012200525481534
-0.008302983071498
-0.731816442084215
q6:
0.014613191440173
-0.068778496490783
-0.009901584668973
-0.483203198168467
q7:
-0.017464788081529
-0.010109967316421
-0.008615135523459
-1.433284789659155

q1:
0.004149437270581
0.039730269490087
0.140547545112732
-2.429928115040744
q2:
0.017591348156013
0.058194519277077
0.126644465923352
0.854833016904503
q3:
0.016141024376848
-0.013815031596918
0.000927638068634
-2.334373147255414
q4:
-0.039421053374126
-0.075189790485987
-0.301923919728290
1.484670063260310
q5:
0.005998094708585
-0.006817031442286
-0.014525137593240
-0.735646935781551
q6:
0.002810867270450
-0.054435087046429
-0.050214541744225
-0.493293481638370
q7:
-0.025147215568286
-0.027252328541060
-0.020839312321958
-1.437797397172244

q1:
0.005630335202937
0.043803101764904
0.167877950682313
-2.379545530950656
q2:
0.010184112481697
0.075461104082517
0.170373844232798
0.903114111765351
q3:
0.016630619513407
0.002028004637589
-0.002928835367291
-2.334983179318479
q4:
-0.036676685475806
-0.113883070567052
-0.363784681447181
1.376457293386549
q5:
0.010665427367253
-0.000929670789859
-0.017059699656886
-0.740918928019029
q6:
-0.010370033274101
-0.051676112710203
-0.084931949664599
-0.515451284567796
q7:
-0.025294976713862
-0.051935287821931
-0.046747876034568
-1.448413597594139

q1:
-0.064811356608247
0.049329492317941
0.198349025054033
-2.319733150612085
q2:
-0.086214835585053
0.085457202179936
0.223023013153539
0.967291461713588
q3:
0.000400635675379
0.018351597329209
0.003738952353128
-2.335141882839729
q4:
0.151911978857756
-0.149882648003305
-0.450083413984558
1.243959091300996
q5:
0.006353011472239
0.009538856379844
-0.014242950730522
-0.746226490290086
q6:
0.045721958893040
-0.061854699216167
-0.122076902489739
-0.549134212743553
q7:
0.039296706189295
-0.076763280350306
-0.088855407569894
-1.470153946049375

q1:
-0.133221662985051
-0.014285346937538
0.209814750568237
-2.251826786448821
q2:
-0.177686718127146
0.000834025097993
0.251255732642420
1.046388368109660
q3:
-0.026124844685394
0.018744836653658
0.015876144599831
-2.331940069968813
q4:
0.346953323468079
-0.000775197986002
-0.499375570774905
1.085977103060692
q5:
-0.008135883669375
0.015774581486441
-0.005960913110681
-0.749642887200225
q6:
0.115202193108570
-0.016976838025768
-0.147868964418126
-0.594095256933367
q7:
0.120346464422416
-0.038192051813737
-0.126466434195873
-1.506066542901043

q1:
-0.013253579839612
-0.145047533067479
0.157684300597365
-2.189374773652133
q2:
-0.023891832337248
-0.173572322848342
0.194739304968204
1.122460177724720
q3:
-0.015525008311969
-0.006897703206774
0.019752283645529
-2.325654134192565
q4:
0.054553395893477
0.339772833356509
-0.388462498279325
0.934660159909219
q5:
-0.011584712497926
0.007788898746346
0.001748574268046
-0.750189509510858
q6:
0.029788825280549
0.096098545363874
-0.121981964786479
-0.640257487020011
q7:
0.039116683587764
0.079932631727033
-0.112809772665266
-1.547317146913973

q1:
0.117610307627130
-0.158056431433129
0.058514900929988
-2.153774709050472
q2:
0.145632010676451
-0.197023075203979
0.073488092682369
1.166757815432065
q3:
0.013524997181388
-0.022136095980676
0.010253020116507
-2.320473705019682
q4:
-0.288293269693760
0.393319089633490
-0.148609858860035
0.845845308237459
q5:
0.000120346358696
-0.003581942136233
0.003125004174330
-0.749189374100966
q6:
-0.088858274366124
0.125337423100781
-0.049532658181121
-0.668837173062155
q7:
-0.082033209193060
0.118327161156253
-0.047943235301402
-1.574299689735405

q1:
0.076249458658703
-0.042617391023732
-0.007141457391795
-2.147430096534444
q2:
0.096138121653975
-0.054079655493864
-0.008667569976719
1.174811524639245
q3:
0.013360022125570
-0.008860791054945
0.000111474512032
-2.319015025638402
q4:
-0.193826589903713
0.110348157226387
0.016179732676683
0.829229601915153
q5:
0.004026500780321
-0.003463817556467
0.000819776131282
-0.748546155971087
q6:
-0.064398267673358
0.038119609184495
0.003947129817856
-0.674738438881242
q7:
-0.062673244446082
0.037808411209835
0.003141121195810
-1.580192315482638

q1:
0.000001712762124
0.032224385321271
-0.010541835667779
-2.151658159243048
q2:
-0.000000863862067
0.040283608529575
-0.013181353547599
1.169553723293158
q3:
-0.000000360146148
0.004252584508307
-0.001396236142714
-2.319459156108574
q4:
-0.000000514644755
-0.079900095632948
0.026141713854434
0.839547188797684
q5:
0.000001941988158
0.000488347824833
-0.000153736529632
-0.748507709580565
q6:
0.000000832586005
-0.025089767393354
0.008210226773112
-0.671621897154999
q7:
-0.000003251999498
-0.023707788723396
0.007754555629834
-1.577312379707841

q1:
-0.076261020662096
0.032226066463171
0.010545030095540
-2.151657666660800
q2:
-0.096126846461245
0.040282760615731
0.013178309793275
1.169553240493858
q3:
-0.013323196749100
0.004252231011011
0.001386365037453
-2.319460764613383
q4:
0.193826535779035
-0.079900600776569
-0.026141796047756
0.839547184364002
q5:
-0.004073548287516
0.000490253960902
0.000166441900778
-0.748505665119663
q6:
0.064387112309838
-0.025088950178168
-0.008207220309263
-0.671621419908342
q7:
0.062692519796020
-0.023710980685981
-0.007759893028208
-1.577313195903446

q1:
-0.117639127832949
-0.042627058432855
0.007142038876741
-2.147428783781316
q2:
-0.145607730365178
-0.054069436372383
0.008667592289304
1.174810350115320
q3:
-0.013458786874336
-0.008824999028874
-0.000109750857623
-2.319018611857401
q4:
0.288295127492385
0.110347598957313
-0.016180162796826
0.829229514620057
q5:
-0.000212318826246
-0.003508090358228
-0.000820932264091
-0.748541398291609
q6:
0.088834328346752
0.038109476981335
-0.003947171026996
-0.674737281199994
q7:
0.082083359796847
0.037824138744574
-0.003142357212114
-1.580194544565530

q1:
0.013256492637048
-0.158094386982732
-0.058529900700255
-2.153775250290264
q2:
0.023885429206228
-0.196989024023124
-0.073473586034969
1.166758592507551
q3:
0.015485751629525
-0.022035315991684
-0.010206612900246
-2.320470576976650
q4:
-0.054553770951659
0.393320354865219
0.148609660043570
0.845845085521580
q5:
0.011626466348679
-0.003716489452298
-0.003184666581586
-0.749192955116982
q6:
-0.029782523196803
0.125303786958607
0.049518296867199
-0.668837952150553
q7:
-0.039118557863097
0.118392113437478
0.047968396065911
-1.574298883196995

q1:
0.133257537167974
-0.145082629594368
-0.157723201508557
-2.189384183498606
q2:
0.177652743885008
-0.173544556586858
-0.194704572921720
1.122469121875197
q3:
0.026019582310032
-0.006835455161473
-0.019652537000612
-2.325626409425774
q4:
-0.346955199255558
0.339773730454207
0.388463006932692
0.934659994447384
q5:
0.008272962984886
0.007695334440713
-0.001882870118710
-0.750225551289290
q6:
-0.115168200785534
0.096071094959284
0.121947617207514
-0.640266344743881
q7:
-0.120405984049398
0.079995744334932
0.112876833634524
-1.547301221024043

q1:
0.064829613989351
-0.014285231574112
-0.209865096598552
-2.251851424397352
q2:
0.086199962512645
0.000828444334118
-0.251213741956206
1.046410458258903
q3:
-0.000426624129503
0.018703765628989
-0.015769469268164
-2.331876733361097
q4:
-0.151911615701360
-0.000776142045861
0.499376064063216
1.085977134354459
q5:
-0.006310693475881
0.015815565801262
0.005809414165588
-0.749728082567299
q6:
-0.045706782177869
-0.016970923657900
0.147827570689710
-0.594117100421513
q7:
-0.039329763866038
-0.038187360008939
0.126555679378105
-1.506024004638263

q1:
-0.005634024523077
0.049347528003127
-0.198393432433571
-2.319773608964345
q2:
-0.010178369820946
0.085437022923451
-0.222989450617576
0.967326172047795
q3:
-0.016599032937290
0.018285017637261
-0.003667498127719
-2.335048950961540
q4:
0.036677392982396
-0.149883235611194
0.450083406142601
1.243959195649324
q5:
-0.010697779956052
0.009621377435706
0.014131860209272
-0.746355383660511
q6:
0.010363945190165
-0.061833888318638
0.122044252719950
-0.549168434758606
q7:
0.025296256940614
-0.076791035926680
0.088937106759170
-1.470082864144710

q1:
-0.004156549387455
0.043817516240477
-0.167911741034895
-2.379598717043610
q2:
-0.017583841227305
0.075446561468430
-0.170351641980644
0.903157844083218
q3:
-0.016115153107558
0.001992428384967
0.002966866263143
-2.334872889931890
q4:
0.039421120503670
-0.113882963730011
0.363784516306864
1.376457357047111
q5:
-0.006021980381384
-0.000878905044234
0.016992217842995
-0.741076467443275
q6:
-0.002819415394766
-0.051661277501215
0.084910962569660
-0.515494174411123
q7:
0.025149922078428
-0.051961786806508
0.046811824244414
-1.448318711687739

q1:
0.019448193370814
0.039737703149405
-0.140574187203744
-2.429991062716423
q2:
0.000896065757213
0.058187345002244
-0.126629368991778
0.854882719527220
q3:
-0.017822984834440
-0.013825214203682
-0.000904578532928
-2.334253317150592
q4:
-0.003643489671244
-0.075189617758718
0.301923846055680
1.484670086677975
q5:
-0.005487217129705
-0.006789710403193
0.014483204173528
-0.735821956137169
q6:
-0.014617715475872
-0.054428642150232
0.050200517063188
-0.493341949356997
q7:
0.017462360124812
-0.027276170981836
0.020886789850074
-1.437684330553524

q1:
0.032049107928218
0.058826852950296
-0.108325886284970
-2.471049132765665
q2:
0.016652524523756
0.059066868007016
-0.088266195709774
0.819712317568090
q3:
-0.011823495668306
-0.031319159318101
-0.015674891510825
-2.336653437713780
q4:
-0.037161091069801
-0.078765843005262
0.251552777354440
1.575276989267623
q5:
0.003375590683109
-0.012175625062811
0.008278135441574
-0.732002343948164
q6:
-0.051404520204474
-0.068776492109625
0.009890324418168
-0.483255723019073
q7:
0.007228773655747
-0.010136192890098
0.008646231824283
-1.433158826650266

q1:
0.015726925715361
0.090284285039839
-0.059539780624609
-2.499071468404239
q2:
0.019032580617834
0.075411961308795
-0.044267481297730
0.797739553384307
q3:
-0.002256099457923
-0.042924375066377
-0.039965853017131
-2.345548643383850
q4:
-0.027051981106249
-0.115240883163004
0.188077756177336
1.647846789247750
q5:
0.005159245494980
-0.008862352976929
0.001394940575239
-0.730479040240313
q6:
-0.030326144833693
-0.119232005787247
-0.051622199509115
-0.489182449439961
q7:
0.002736224441927
-0.003040873517227
0.004334965994604
-1.431161823913442

q1:
-0.025496652385563
0.105720867511223
0.004589084671584
-2.508336243805553
q2:
0.002148155014877
0.094093171207530
0.011191121033252
0.791995307326137
q3:
0.003436379842838
-0.045138823457384
-0.068778325149520
-2.363298567479424
q4:
0.030306477634742
-0.141793443079599
0.103981397129757
1.696098397316422
q5:
-0.009547375619644
-0.003798355091087
-0.002747383397784
-0.730790633152959
q6:
0.084369671840042
-0.148998283331702
-0.139381647949058
-0.519897657644709
q7:
0.010757041506583
-0.000355163988074
0.003223852185177
-1.429973194715862

q1:
-0.048308878605239
0.080694922554317
0.065580507267386
-2.496410728629885
q2:
-0.015663250469552
0.096201667975979
0.073451688930215
0.805804385067449
q3:
0.015127608250587
-0.041765884473183
-0.097211762923726
-2.390513020264506
q4:
0.052868365714198
-0.112046469647345
0.020930184658071
1.716001933132900
q5:
-0.010638870032856
-0.013169471468522
-0.008298908190107
-0.732430502423121
q6:
0.117440284772677
-0.066186205433323
-0.209785598632178
-0.578495294017762
q7:
0.004886732821884
0.010203285983002
0.006445955689159
-1.428579687364586

q1:
-0.049557371944871
0.033277900169483
0.102870076958557
-2.468007970358305
q2:
-0.041101627769523
0.080827585207404
0.131372029202521
0.839585734676621
q3:
0.021727775794678
-0.026917555144146
-0.119683575475447
-2.426259783134138
q4:
0.062674690262987
-0.060154135300179
-0.035410320960657
1.712707316605872
q5:
-0.009963939814679
-0.023611931593079
-0.020333028781543
-0.736928088994252
q6:
0.097738832766651
0.049085951005087
-0.215380451106647
-0.650104677628786
q7:
0.002252423217895
0.014999802198943
0.014691889155867
-1.425207327725380

q1:
-0.026405391678833
-0.015364566447175
0.108730952299497
-2.432524378612465
q2:
-0.053608910473126
0.040484756719780
0.171062939022800
0.889780752786911
q3:
0.008680465250470
-0.005590907517985
-0.130319677618236
-2.467538241406234
q4:
0.058017263010956
0.001363483757952
-0.054645416183191
1.696877581542366
q5:
-0.014700226892557
-0.033391921749640
-0.038983520285469
-0.746457182562936
q6:
0.064907158622693
0.145020374551430
-0.151872843052771
-0.711895122568044
q7:
0.015962809759427
0.017210642218970
0.025230485842343
-1.418715880386317

q1:
0.025477524433257
-0.041282473971937
0.090197202664936
-2.399519369560339
q2:
0.003587713673950
-0.012134450790765
0.180338577578036
0.948205219721437
q3:
-0.022576365127551
0.002929302989399
-0.131190500022974
-2.510470633980245
q4:
-0.021118903234871
0.058309658836397
-0.035121587990783
1.681176639680997
q5:
-0.012610566595048
-0.047820759838027
-0.065554643799792
-0.763301128118253
q6:
-0.000557568902031
0.208729247168780
-0.036133223228416
-0.743787621166639
q7:
0.023152949262118
0.032878753952068
0.041618708794713
-1.408059573646383

q1:
0.051918446892503
-0.016275303835910
0.071365478438574
-2.373535526644636
q2:
0.098885568587250
-0.008612971830796
0.173550446484418
1.006035007476269
q3:
-0.041026242523823
-0.019230267705027
-0.136523841299164
-2.553870603992204
q4:
-0.115768735868489
0.037580643045863
-0.003748248195459
1.675187760956716
q5:
-0.007299111517994
-0.060198515972858
-0.100896335065097
-0.790309968663915
q6:
-0.023341705105455
0.208181971846479
0.100271575608369
-0.733285480569488
q7:
0.006526632552489
0.055604264150885
0.070568537281730
-1.390112338232939

q1:
-0.001280730638139
0.034684648652424
0.077388638434951
-2.350110058860003
q2:
0.037786531036626
0.088447017028689
0.199670508451729
1.065358473792414
q3:
0.023294104477197
-0.059499102674564
-0.162282476325923
-2.602033813793246
q4:
-0.066986705266808
-0.076050823852745
-0.016334902223557
1.673929670424320
q5:
0.039002993018689
-0.067362874662828
-0.142631805437183
-0.830020854904461
q6:
-0.086960563053340
0.185271190527586
0.229001379503063
-0.679011049430608
q7:
-0.048869069680423
0.062010405025482
0.109049644427639
-1.360842938347438

q1:
-0.109853176747788
0.033427562272219
0.099673556675937
-2.321122071996935
q2:
-0.316506153058456
0.125535950569254
0.269681346055568
1.141477917084699
q3:
0.189765219119652
-0.036635043203100
-0.193735596874614
-2.660682638374874
q4:
0.189955122754645
-0.141800851483857
-0.087611501641378
1.658098155679721
q5:
0.169613397477560
-0.029079936899869
-0.174185915066413
-0.882531993118545
q6:
-0.361895375587130
0.099916053253693
0.322308795673552
-0.587299532301168
q7:
-0.127675918659145
0.014043533554545
0.133932933050232
-1.320237700514798

q1:
-0.117040526222059
-0.074397555827916
0.086269015194638
-2.288780058919377
q2:
-0.401834566369094
-0.185127011971197
0.250184373145599
1.232065176286926
q3:
0.183276739492201
0.149626818025110
-0.156767005932850
-2.721344380101810
q4:
0.280821119614218
0.044647407466084
-0.119398115632834
1.620907069128393
q5:
0.152067342566450
0.137402136316566
-0.138745113411105
-0.936694518062527
q6:
-0.325137144564229
-0.255298176937978
0.271470952129669
-0.483825853851022
q7:
-0.091258576953284
-0.111275291221661
0.102120696439145
-1.279385925934241

coefs_qdot:
qdot1:
0.351349110764921
-0.378850928866786
0.000000000000000
qdot2:
1.205487874474518
-1.159038133030109
-0.000000000000000
qdot3:
-0.550090638653057
0.659388814820670
-0.000000000000000
qdot4:
-0.842538842249320
0.640618603877655
0.000000000000000
qdot5:
-0.454972701368254
0.572113347065377
0.000000000000000
qdot6:
0.975649314805506
-1.149166324551144
0.000000000000000
qdot7:
0.272965715013616
-0.400911510083855
0.000000000000000

qdot1:
0.329922921231763
-0.148942485104718
-0.086341589259953
qdot2:
0.949440333168236
-0.370216323886792
-0.250170344490506
qdot3:
-0.569739020346178
0.299432068707186
0.156853262484812
qdot4:
-0.569901590899258
0.089295751205798
0.119406502190574
qdot5:
-0.507544979925199
0.274397876836718
0.138480554063982
qdot6:
1.086044204482840
-0.510741439580984
-0.271543885516996
qdot7:
0.382186902953185
-0.222293944772383
-0.101950020563660

qdot1:
0.003916120386451
0.066945539250013
-0.099755448607466
qdot2:
-0.113398541031768
0.251058478740211
-0.269663345824741
qdot3:
-0.069982474769448
-0.073381772298822
0.193832772512641
qdot4:
0.200982440962989
-0.283624469300584
0.087616317025325
qdot5:
-0.117019948573434
-0.057718735668178
0.173927039208989
qdot6:
0.260943596239182
0.199921332172908
-0.322390867190420
qdot7:
0.146625720353236
0.027793485057493
-0.133768300896506

qdot1:
-0.155838369613949
0.069508087769557
-0.077433034751444
qdot2:
-0.296653157101489
0.176855125736860
-0.199661068989775
qdot3:
0.123178865775836
-0.119175432712060
0.162332388718554
qdot4:
0.347323180646840
-0.152109805367880
0.016334658759048
qdot5:
0.021507142793520
-0.134291789196230
0.142516086679889
qdot6:
0.069936757128900
0.370672116173519
-0.229047631281441
qdot7:
-0.019327272617236
0.123739341042482
-0.108979084729382

qdot1:
-0.076516928724804
-0.032466147936800
-0.071373353312137
qdot2:
-0.010738897149049
-0.017262529884420
-0.173553357155453
qdot3:
0.067839719917639
-0.038572236440283
0.136526487970043
qdot4:
0.063356168600949
0.075164234891280
0.003747152614415
qdot5:
0.037655369324878
-0.120218397296470
0.100880830530571
qdot6:
0.001597525830720
0.416435860838379
-0.100284839144624
qdot7:
-0.069352392478870
0.111092366755511
-0.070563025863967

qdot1:
0.079157147581465
-0.082535686938261
-0.090186473991698
qdot2:
0.160860435513118
-0.024289623608618
-0.180350863290980
qdot3:
-0.025959978514230
0.005819293105823
0.131168442368149
qdot4:
-0.174055915464457
0.116621912396311
0.035121399273256
qdot5:
0.044065265146431
-0.095578268445935
0.065578709314250
qdot6:
-0.194760209811476
0.417481216202481
0.036135441663597
qdot7:
-0.047868426884337
0.065711006343697
-0.041639807392866

qdot1:
0.148630481374385
-0.030738497033672
-0.108716968703004
qdot2:
0.123337083303442
0.080970845988683
-0.171078396655472
qdot3:
-0.065125018196391
-0.011167851809129
0.130293473021300
qdot4:
-0.188024949284091
0.002726862071877
0.054645634686257
qdot5:
0.029835528993728
-0.066743766739861
0.039024489199240
qdot6:
-0.293238896004948
0.290038125064306
0.151878349286214
qdot7:
-0.006713217671768
0.034387871623485
-0.025264657612594

qdot1:
0.144919935712672
0.066519192316949
-0.102863613936150
qdot2:
0.046998646705163
0.161677573319550
-0.131383603958383
qdot3:
-0.045379787761061
-0.053782991921229
0.119668181149514
qdot4:
-0.158604301851771
-0.120308950895557
0.035410410924845
qdot5:
0.031831526183387
-0.047220620588068
0.020381084297902
qdot6:
-0.352324428647186
0.098154621832353
0.215382701214436
qdot7:
-0.014582773068573
0.029995017393139
-0.014732277306798

qdot1:
0.076519926361764
0.161348852814061
-0.065586738860872
qdot2:
-0.006461644273745
0.192431559573800
-0.073454981705574
qdot3:
-0.010359838089756
-0.083477663297184
0.097213745757374
qdot4:
-0.090918981992173
-0.224093099184202
-0.020930232139484
qdot5:
0.028600627509256
-0.026391375762426
0.008338916689796
qdot6:
-0.253092673310715
-0.132392029938829
0.209781812401120
qdot7:
-0.032221592840005
0.020452648964678
-0.006479556502622

qdot1:
-0.047158226767335
0.211420353346169
-0.004605520006968
qdot2:
-0.057109752987438
0.188203324654159
-0.011187018593411
qdot3:
0.006739981941888
-0.090256716324122
0.068792583142401
qdot4:
0.081155896387579
-0.283586750990362
-0.103981448655220
qdot5:
-0.015459297915174
-0.007676298479447
0.002765794595869
qdot6:
0.090988858333167
-0.298005492064198
0.139373192134985
qdot7:
-0.008221661769854
-0.000631839478320
-0.003237075361007

qdot1:
-0.096147049366582
0.180561944446108
0.059518763580588
qdot2:
-0.049958042475922
0.150833045263405
0.044275854229000
qdot3:
0.035472703535252
-0.085846348653430
0.039983927897356
qdot4:
0.111483011172369
-0.230481661867003
-0.188077768502141
qdot5:
-0.010099689030798
-0.017792228807530
-0.001400595252616
qdot6:
0.154210650452987
-0.238466116047213
0.051611939320863
qdot7:
-0.021713123144972
-0.006011757641568
-0.004323899710363

qdot1:
-0.058357449582143
0.117647259834951
0.108302730845027
qdot2:
-0.002679742071916
0.118142551827879
0.088277503189061
qdot3:
0.053494190388111
-0.062634466750363
0.015693989377454
qdot4:
0.010930043486962
-0.157531753017802
-0.251552783552527
qdot5:
0.016454252941274
-0.024401050963067
-0.008302983071498
qdot6:
0.043839574320518
-0.137556992981567
-0.009901584668973
qdot7:
-0.052394364244588
-0.020219934632842
-0.008615135523459

qdot1:
0.012448311811743
0.079460538980174
0.140547545112732
qdot2:
0.052774044468039
0.116389038554154
0.126644465923352
qdot3:
0.048423073130545
-0.027630063193835
0.000927638068634
qdot4:
-0.118263160122378
-0.150379580971975
-0.301923919728290
qdot5:
0.017994284125756
-0.013634062884572
-0.014525137593240
qdot6:
0.008432601811351
-0.108870174092859
-0.050214541744225
qdot7:
-0.075441646704857
-0.054504657082121
-0.020839312321958

qdot1:
0.016891005608812
0.087606203529807
0.167877950682313
qdot2:
0.030552337445091
0.150922208165034
0.170373844232798
qdot3:
0.049891858540221
0.004056009275177
-0.002928835367291
qdot4:
-0.110030056427419
-0.227766141134104
-0.363784681447181
qdot5:
0.031996282101758
-0.001859341579719
-0.017059699656886
qdot6:
-0.031110099822304
-0.103352225420406
-0.084931949664599
qdot7:
-0.075884930141585
-0.103870575643863
-0.046747876034568

qdot1:
-0.194434069824740
0.098658984635881
0.198349025054033
qdot2:
-0.258644506755159
0.170914404359873
0.223023013153539
qdot3:
0.001201907026137
0.036703194658419
0.003738952353128
qdot4:
0.455735936573267
-0.299765296006609
-0.450083413984558
qdot5:
0.019059034416716
0.019077712759687
-0.014242950730522
qdot6:
0.137165876679121
-0.123709398432334
-0.122076902489739
qdot7:
0.117890118567886
-0.153526560700612
-0.088855407569894

qdot1:
-0.399664988955153
-0.028570693875076
0.209814750568237
qdot2:
-0.533060154381437
0.001668050195986
0.251255732642420
qdot3:
-0.078374534056181
0.037489673307316
0.015876144599831
qdot4:
1.040859970404237
-0.001550395972003
-0.499375570774905
qdot5:
-0.024407651008126
0.031549162972882
-0.005960913110681
qdot6:
0.345606579325711
-0.033953676051535
-0.147868964418126
qdot7:
0.361039393267247
-0.076384103627474
-0.126466434195873

qdot1:
-0.039760739518837
-0.290095066134958
0.157684300597365
qdot2:
-0.071675497011743
-0.347144645696684
0.194739304968204
qdot3:
-0.046575024935908
-0.013795406413548
0.019752283645529
qdot4:
0.163660187680430
0.679545666713018
-0.388462498279325
qdot5:
-0.034754137493778
0.015577797492693
0.001748574268046
qdot6:
0.089366475841646
0.192197090727748
-0.121981964786479
qdot7:
0.117350050763291
0.159865263454066
-0.112809772665266

qdot1:
0.352830922881389
-0.316112862866258
0.058514900929988
qdot2:
0.436896032029354
-0.394046150407958
0.073488092682369
qdot3:
0.040574991544163
-0.044272191961352
0.010253020116507
qdot4:
-0.864879809081280
0.786638179266981
-0.148609858860035
qdot5:
0.000361039076088
-0.007163884272466
0.003125004174330
qdot6:
-0.266574823098371
0.250674846201563
-0.049532658181121
qdot7:
-0.246099627579181
0.236654322312506
-0.047943235301402

qdot1:
0.228748375976108
-0.085234782047464
-0.007141457391795
qdot2:
0.288414364961925
-0.108159310987727
-0.008667569976719
qdot3:
0.040080066376711
-0.017721582109890
0.000111474512032
qdot4:
-0.581479769711140
0.220696314452775
0.016179732676683
qdot5:
0.012079502340964
-0.006927635112934
0.000819776131282
qdot6:
-0.193194803020074
0.076239218368990
0.003947129817856
qdot7:
-0.188019733338247
0.075616822419670
0.003141121195810

qdot1:
0.000005138286372
0.064448770642541
-0.010541835667779
qdot2:
-0.000002591586202
0.080567217059151
-0.013181353547599
qdot3:
-0.000001080438443
0.008505169016614
-0.001396236142714
qdot4:
-0.000001543934266
-0.159800191265895
0.026141713854434
qdot5:
0.000005825964475
0.000976695649666
-0.000153736529632
qdot6:
0.000002497758015
-0.050179534786709
0.008210226773112
qdot7:
-0.000009755998495
-0.047415577446792
0.007754555629834

qdot1:
-0.228783061986288
0.064452132926342
0.010545030095540
qdot2:
-0.288380539383735
0.080565521231462
0.013178309793275
qdot3:
-0.039969590247300
0.008504462022023
0.001386365037453
qdot4:
0.581479607337105
-0.159801201553138
-0.026141796047756
qdot5:
-0.012220644862547
0.000980507921804
0.000166441900778
qdot6:
0.193161336929515
-0.050177900356336
-0.008207220309263
qdot7:
0.188077559388060
-0.047421961371961
-0.007759893028208

qdot1:
-0.352917383498846
-0.085254116865710
0.007142038876741
qdot2:
-0.436823191095533
-0.108138872744765
0.008667592289304
qdot3:
-0.040376360623008
-0.017649998057749
-0.000109750857623
qdot4:
0.864885382477154
0.220695197914626
-0.016180162796826
qdot5:
-0.000636956478739
-0.007016180716457
-0.000820932264091
qdot6:
0.266502985040257
0.076218953962669
-0.003947171026996
qdot7:
0.246250079390542
0.075648277489148
-0.003142357212114

qdot1:
0.039769477911144
-0.316188773965465
-0.058529900700255
qdot2:
0.071656287618684
-0.393978048046249
-0.073473586034969
qdot3:
0.046457254888576
-0.044070631983368
-0.010206612900246
qdot4:
-0.163661312854977
0.786640709730438
0.148609660043570
qdot5:
0.034879399046037
-0.007432978904596
-0.003184666581586
qdot6:
-0.089347569590408
0.250607573917215
0.049518296867199
qdot7:
-0.117355673589290
0.236784226874957
0.047968396065911

qdot1:
0.399772611503922
-0.290165259188737
-0.157723201508557
qdot2:
0.532958231655023
-0.347089113173716
-0.194704572921720
qdot3:
0.078058746930096
-0.013670910322946
-0.019652537000612
qdot4:
-1.040865597766673
0.679547460908413
0.388463006932692
qdot5:
0.024818888954657
0.015390668881426
-0.001882870118710
qdot6:
-0.345504602356601
0.192142189918568
0.121947617207514
qdot7:
-0.361217952148195
0.159991488669863
0.112876833634524

qdot1:
0.194488841968053
-0.028570463148224
-0.209865096598552
qdot2:
0.258599887537934
0.001656888668235
-0.251213741956206
qdot3:
-0.001279872388510
0.037407531257978
-0.015769469268164
qdot4:
-0.455734847104080
-0.001552284091722
0.499376064063216
qdot5:
-0.018932080427642
0.031631131602524
0.005809414165588
qdot6:
-0.137120346533606
-0.033941847315800
0.147827570689710
qdot7:
-0.117989291598114
-0.076374720017877
0.126555679378105

qdot1:
-0.016902073569230
0.098695056006255
-0.198393432433571
qdot2:
-0.030535109462839
0.170874045846902
-0.222989450617576
qdot3:
-0.049797098811870
0.036570035274522
-0.003667498127719
qdot4:
0.110032178947189
-0.299766471222388
0.450083406142601
qdot5:
-0.032093339868156
0.019242754871411
0.014131860209272
qdot6:
0.031091835570496
-0.123667776637277
0.122044252719950
qdot7:
0.075888770821843
-0.153582071853360
0.088937106759170

qdot1:
-0.012469648162366
0.087635032480953
-0.167911741034895
qdot2:
-0.052751523681915
0.150893122936859
-0.170351641980644
qdot3:
-0.048345459322674
0.003984856769934
0.002966866263143
qdot4:
0.118263361511009
-0.227765927460023
0.363784516306864
qdot5:
-0.018065941144153
-0.001757810088469
0.016992217842995
qdot6:
-0.008458246184299
-0.103322555002430
0.084910962569660
qdot7:
0.075449766235283
-0.103923573613016
0.046811824244414

qdot1:
0.058344580112442
0.079475406298810
-0.140574187203744
qdot2:
0.002688197271638
0.116374690004488
-0.126629368991778
qdot3:
-0.053468954503321
-0.027650428407364
-0.000904578532928
qdot4:
-0.010930469013733
-0.150379235517435
0.301923846055680
qdot5:
-0.016461651389114
-0.013579420806387
0.014483204173528
qdot6:
-0.043853146427615
-0.108857284300463
0.050200517063188
qdot7:
0.052387080374435
-0.054552341963672
0.020886789850074

qdot1:
0.096147323784653
0.117653705900592
-0.108325886284970
qdot2:
0.049957573571268
0.118133736014032
-0.088266195709774
qdot3:
-0.035470487004918
-0.062638318636203
-0.015674891510825
qdot4:
-0.111483273209402
-0.157531686010524
0.251552777354440
qdot5:
0.010126772049326
-0.024351250125622
0.008278135441574
qdot6:
-0.154213560613421
-0.137552984219251
0.009890324418168
qdot7:
0.021686320967240
-0.020272385780196
0.008646231824283

qdot1:
0.047180777146083
0.180568570079677
-0.059539780624609
qdot2:
0.057097741853502
0.150823922617590
-0.044267481297730
qdot3:
-0.006768298373769
-0.085848750132754
-0.039965853017131
qdot4:
-0.081155943318747
-0.230481766326009
0.188077756177336
qdot5:
0.015477736484940
-0.017724705953858
0.001394940575239
qdot6:
-0.090978434501080
-0.238464011574493
-0.051622199509115
qdot7:
0.008208673325780
-0.006081747034454
0.004334965994604

qdot1:
-0.076489957156690
0.211441735022447
0.004589084671584
qdot2:
0.006444465044632
0.188186342415061
0.011191121033252
qdot3:
0.010309139528514
-0.090277646914769
-0.068778325149520
qdot4:
0.090919432904226
-0.283586886159199
0.103981397129757
qdot5:
-0.028642126858931
-0.007596710182174
-0.002747383397784
qdot6:
0.253109015520127
-0.297996566663404
-0.139381647949058
qdot7:
0.032271124519749
-0.000710327976149
0.003223852185177

qdot1:
-0.144926635815717
0.161389845108634
0.065580507267386
qdot2:
-0.046989751408657
0.192403335951959
0.073451688930215
qdot3:
0.045382824751760
-0.083531768946367
-0.097211762923726
qdot4:
0.158605097142595
-0.224092939294690
0.020930184658071
qdot5:
-0.031916610098567
-0.026338942937044
-0.008298908190107
qdot6:
0.352320854318030
-0.132372410866646
-0.209785598632178
qdot7:
0.014660198465651
0.020406571966004
0.006445955689159

qdot1:
-0.148672115834613
0.066555800338966
0.102870076958557
qdot2:
-0.123304883308569
0.161655170414807
0.131372029202521
qdot3:
0.065183327384034
-0.053835110288292
-0.119683575475447
qdot4:
0.188024070788960
-0.120308270600358
-0.035410320960657
qdot5:
-0.029891819444037
-0.047223863186157
-0.020333028781543
qdot6:
0.293216498299952
0.098171902010175
-0.215380451106647
qdot7:
0.006757269653685
0.029999604397887
0.014691889155867

qdot1:
-0.079216175036499
-0.030729132894350
0.108730952299497
qdot2:
-0.160826731419379
0.080969513439560
0.171062939022800
qdot3:
0.026041395751411
-0.011181815035971
-0.130319677618236
qdot4:
0.174051789032867
0.002726967515905
-0.054645416183191
qdot5:
-0.044100680677672
-0.066783843499280
-0.038983520285469
qdot6:
0.194721475868079
0.290040749102860
-0.151872843052771
qdot7:
0.047888429278280
0.034421284437939
0.025230485842343

qdot1:
0.076432573299770
-0.082564947943874
0.090197202664936
qdot2:
0.010763141021851
-0.024268901581530
0.180338577578036
qdot3:
-0.067729095382653
0.005858605978798
-0.131190500022974
qdot4:
-0.063356709704612
0.116619317672795
-0.035121587990783
qdot5:
-0.037831699785143
-0.095641519676054
-0.065554643799792
qdot6:
-0.001672706706092
0.417458494337561
-0.036133223228416
qdot7:
0.069458847786355
0.065757507904136
0.041618708794713

qdot1:
0.155755340677510
-0.032550607671820
0.071365478438574
qdot2:
0.296656705761750
-0.017225943661591
0.173550446484418
qdot3:
-0.123078727571469
-0.038460535410055
-0.136523841299164
qdot4:
-0.347306207605466
0.075161286091726
-0.003748248195459
qdot5:
-0.021897334553981
-0.120397031945717
-0.100896335065097
qdot6:
-0.070025115316366
0.416363943692959
0.100271575608369
qdot7:
0.019579897657467
0.111208528301771
0.070568537281730

qdot1:
-0.003842191914417
0.069369297304847
0.077388638434951
qdot2:
0.113359593109878
0.176894034057378
0.199670508451729
qdot3:
0.069882313431590
-0.118998205349128
-0.162282476325923
qdot4:
-0.200960115800423
-0.152101647705491
-0.016334902223557
qdot5:
0.117008979056068
-0.134725749325655
-0.142631805437183
qdot6:
-0.260881689160021
0.370542381055173
0.229001379503063
qdot7:
-0.146607209041268
0.124020810050964
0.109049644427639

qdot1:
-0.329559530243363
0.066855124544439
0.099673556675937
qdot2:
-0.949518459175369
0.251071901138508
0.269681346055568
qdot3:
0.569295657358957
-0.073270086406201
-0.193735596874614
qdot4:
0.569865368263934
-0.283601702967715
-0.087611501641378
qdot5:
0.508840192432681
-0.058159873799737
-0.174185915066413
qdot6:
-1.085686126761389
0.199832106507387
0.322308795673552
qdot7:
-0.383027755977436
0.028087067109089
0.133932933050232

qdot1:
-0.351121578666177
-0.148795111655831
0.086269015194638
qdot2:
-1.205503699107281
-0.370254023942393
0.250184373145599
qdot3:
0.549830218476604
0.299253636050220
-0.156767005932850
qdot4:
0.842463358842653
0.089294814932168
-0.119398115632834
qdot5:
0.456202027699350
0.274804272633131
-0.138745113411105
qdot6:
-0.975411433692686
-0.510596353875955
0.271470952129669
qdot7:
-0.273775730859853
-0.222550582443322
0.102120696439145

coefs_qdotdot:
qdotdot1:
0.702698221529841
-0.378850928866786
qdotdot2:
2.410975748949036
-1.159038133030109
qdotdot3:
-1.100181277306115
0.659388814820670
qdotdot4:
-1.685077684498640
0.640618603877655
qdotdot5:
-0.909945402736508
0.572113347065377
qdotdot6:
1.951298629611012
-1.149166324551144
qdotdot7:
0.545931430027232
-0.400911510083855

qdotdot1:
0.659845842463525
-0.148942485104718
qdotdot2:
1.898880666336473
-0.370216323886792
qdotdot3:
-1.139478040692355
0.299432068707186
qdotdot4:
-1.139803181798515
0.089295751205798
qdotdot5:
-1.015089959850398
0.274397876836718
qdotdot6:
2.172088408965679
-0.510741439580984
qdotdot7:
0.764373805906370
-0.222293944772383

qdotdot1:
0.007832240772902
0.066945539250013
qdotdot2:
-0.226797082063536
0.251058478740211
qdotdot3:
-0.139964949538895
-0.073381772298822
qdotdot4:
0.401964881925978
-0.283624469300584
qdotdot5:
-0.234039897146868
-0.057718735668178
qdotdot6:
0.521887192478365
0.199921332172908
qdotdot7:
0.293251440706472
0.027793485057493

qdotdot1:
-0.311676739227899
0.069508087769557
qdotdot2:
-0.593306314202978
0.176855125736860
qdotdot3:
0.246357731551672
-0.119175432712060
qdotdot4:
0.694646361293680
-0.152109805367880
qdotdot5:
0.043014285587039
-0.134291789196230
qdotdot6:
0.139873514257801
0.370672116173519
qdotdot7:
-0.038654545234472
0.123739341042482

qdotdot1:
-0.153033857449609
-0.032466147936800
qdotdot2:
-0.021477794298098
-0.017262529884420
qdotdot3:
0.135679439835277
-0.038572236440283
qdotdot4:
0.126712337201898
0.075164234891280
qdotdot5:
0.075310738649756
-0.120218397296470
qdotdot6:
0.003195051661440
0.416435860838379
qdotdot7:
-0.138704784957740
0.111092366755511

qdotdot1:
0.158314295162930
-0.082535686938261
qdotdot2:
0.321720871026236
-0.024289623608618
qdotdot3:
-0.051919957028459
0.005819293105823
qdotdot4:
-0.348111830928915
0.116621912396311
qdotdot5:
0.088130530292861
-0.095578268445935
qdotdot6:
-0.389520419622952
0.417481216202481
qdotdot7:
-0.095736853768674
0.065711006343697

qdotdot1:
0.297260962748769
-0.030738497033672
qdotdot2:
0.246674166606884
0.080970845988683
qdotdot3:
-0.130250036392782
-0.011167851809129
qdotdot4:
-0.376049898568181
0.002726862071877
qdotdot5:
0.059671057987455
-0.066743766739861
qdotdot6:
-0.586477792009895
0.290038125064306
qdotdot7:
-0.013426435343536
0.034387871623485

qdotdot1:
0.289839871425345
0.066519192316949
qdotdot2:
0.093997293410326
0.161677573319550
qdotdot3:
-0.090759575522123
-0.053782991921229
qdotdot4:
-0.317208603703542
-0.120308950895557
qdotdot5:
0.063663052366774
-0.047220620588068
qdotdot6:
-0.704648857294371
0.098154621832353
qdotdot7:
-0.029165546137147
0.029995017393139

qdotdot1:
0.153039852723528
0.161348852814061
qdotdot2:
-0.012923288547491
0.192431559573800
qdotdot3:
-0.020719676179512
-0.083477663297184
qdotdot4:
-0.181837963984346
-0.224093099184202
qdotdot5:
0.057201255018511
-0.026391375762426
qdotdot6:
-0.506185346621430
-0.132392029938829
qdotdot7:
-0.064443185680011
0.020452648964678

qdotdot1:
-0.094316453534669
0.211420353346169
qdotdot2:
-0.114219505974877
0.188203324654159
qdotdot3:
0.013479963883776
-0.090256716324122
qdotdot4:
0.162311792775159
-0.283586750990362
qdotdot5:
-0.030918595830347
-0.007676298479447
qdotdot6:
0.181977716666335
-0.298005492064198
qdotdot7:
-0.016443323539708
-0.000631839478320

qdotdot1:
-0.192294098733163
0.180561944446108
qdotdot2:
-0.099916084951845
0.150833045263405
qdotdot3:
0.070945407070504
-0.085846348653430
qdotdot4:
0.222966022344738
-0.230481661867003
qdotdot5:
-0.020199378061596
-0.017792228807530
qdotdot6:
0.308421300905974
-0.238466116047213
qdotdot7:
-0.043426246289944
-0.006011757641568

qdotdot1:
-0.116714899164286
0.117647259834951
qdotdot2:
-0.005359484143832
0.118142551827879
qdotdot3:
0.106988380776221
-0.062634466750363
qdotdot4:
0.021860086973925
-0.157531753017802
qdotdot5:
0.032908505882547
-0.024401050963067
qdotdot6:
0.087679148641037
-0.137556992981567
qdotdot7:
-0.104788728489176
-0.020219934632842

qdotdot1:
0.024896623623486
0.079460538980174
qdotdot2:
0.105548088936078
0.116389038554154
qdotdot3:
0.096846146261089
-0.027630063193835
qdotdot4:
-0.236526320244757
-0.150379580971975
qdotdot5:
0.035988568251512
-0.013634062884572
qdotdot6:
0.016865203622702
-0.108870174092859
qdotdot7:
-0.150883293409715
-0.054504657082121

qdotdot1:
0.033782011217625
0.087606203529807
qdotdot2:
0.061104674890182
0.150922208165034
qdotdot3:
0.099783717080441
0.004056009275177
qdotdot4:
-0.220060112854838
-0.227766141134104
qdotdot5:
0.063992564203515
-0.001859341579719
qdotdot6:
-0.062220199644608
-0.103352225420406
qdotdot7:
-0.151769860283170
-0.103870575643863

qdotdot1:
-0.388868139649480
0.098658984635881
qdotdot2:
-0.517289013510319
0.170914404359873
qdotdot3:
0.002403814052273
0.036703194658419
qdotdot4:
0.911471873146534
-0.299765296006609
qdotdot5:
0.038118068833432
0.019077712759687
qdotdot6:
0.274331753358243
-0.123709398432334
qdotdot7:
0.235780237135771
-0.153526560700612

qdotdot1:
-0.799329977910306
-0.028570693875076
qdotdot2:
-1.066120308762874
0.001668050195986
qdotdot3:
-0.156749068112361
0.037489673307316
qdotdot4:
2.081719940808474
-0.001550395972003
qdotdot5:
-0.048815302016252
0.031549162972882
qdotdot6:
0.691213158651421
-0.033953676051535
qdotdot7:
0.722078786534495
-0.076384103627474

qdotdot1:
-0.079521479037674
-0.290095066134958
qdotdot2:
-0.143350994023487
-0.347144645696684
qdotdot3:
-0.093150049871816
-0.013795406413548
qdotdot4:
0.327320375360860
0.679545666713018
qdotdot5:
-0.069508274987557
0.015577797492693
qdotdot6:
0.178732951683292
0.192197090727748
qdotdot7:
0.234700101526582
0.159865263454066

qdotdot1:
0.705661845762778
-0.316112862866258
qdotdot2:
0.873792064058708
-0.394046150407958
qdotdot3:
0.081149983088326
-0.044272191961352
qdotdot4:
-1.729759618162560
0.786638179266981
qdotdot5:
0.000722078152176
-0.007163884272466
qdotdot6:
-0.533149646196742
0.250674846201563
qdotdot7:
-0.492199255158361
0.236654322312506

qdotdot1:
0.457496751952216
-0.085234782047464
qdotdot2:
0.576828729923850
-0.108159310987727
qdotdot3:
0.080160132753423
-0.017721582109890
qdotdot4:
-1.162959539422281
0.220696314452775
qdotdot5:
0.024159004681928
-0.006927635112934
qdotdot6:
-0.386389606040148
0.076239218368990
qdotdot7:
-0.376039466676495
0.075616822419670

qdotdot1:
0.000010276572745
0.064448770642541
qdotdot2:
-0.000005183172404
0.080567217059151
qdotdot3:
-0.000002160876887
0.008505169016614
qdotdot4:
-0.000003087868531
-0.159800191265895
qdotdot5:
0.000011651928949
0.000976695649666
qdotdot6:
0.000004995516029
-0.050179534786709
qdotdot7:
-0.000019511996990
-0.047415577446792

qdotdot1:
-0.457566123972577
0.064452132926342
qdotdot2:
-0.576761078767469
0.080565521231462
qdotdot3:
-0.079939180494599
0.008504462022023
qdotdot4:
1.162959214674209
-0.159801201553138
qdotdot5:
-0.024441289725094
0.000980507921804
qdotdot6:
0.386322673859031
-0.050177900356336
qdotdot7:
0.376155118776119
-0.047421961371961

qdotdot1:
-0.705834766997692
-0.085254116865710
qdotdot2:
-0.873646382191066
-0.108138872744765
qdotdot3:
-0.080752721246016
-0.017649998057749
qdotdot4:
1.729770764954308
0.220695197914626
qdotdot5:
-0.001273912957478
-0.007016180716457
qdotdot6:
0.533005970080515
0.076218953962669
qdotdot7:
0.492500158781084
0.075648277489148

qdotdot1:
0.079538955822289
-0.316188773965465
qdotdot2:
0.143312575237367
-0.393978048046249
qdotdot3:
0.092914509777152
-0.044070631983368
qdotdot4:
-0.327322625709954
0.786640709730438
qdotdot5:
0.069758798092074
-0.007432978904596
qdotdot6:
-0.178695139180817
0.250607573917215
qdotdot7:
-0.234711347178580
0.236784226874957

qdotdot1:
0.799545223007844
-0.290165259188737
qdotdot2:
1.065916463310047
-0.347089113173716
qdotdot3:
0.156117493860192
-0.013670910322946
qdotdot4:
-2.081731195533346
0.679547460908413
qdotdot5:
0.049637777909314
0.015390668881426
qdotdot6:
-0.691009204713202
0.192142189918568
qdotdot7:
-0.722435904296391
0.159991488669863

qdotdot1:
0.388977683936106
-0.028570463148224
qdotdot2:
0.517199775075868
0.001656888668235
qdotdot3:
-0.002559744777020
0.037407531257978
qdotdot4:
-0.911469694208159
-0.001552284091722
qdotdot5:
-0.037864160855284
0.031631131602524
qdotdot6:
-0.274240693067212
-0.033941847315800
qdotdot7:
-0.235978583196228
-0.076374720017877

qdotdot1:
-0.033804147138460
0.098695056006255
qdotdot2:
-0.061070218925679
0.170874045846902
qdotdot3:
-0.099594197623741
0.036570035274522
qdotdot4:
0.220064357894379
-0.299766471222388
qdotdot5:
-0.064186679736311
0.019242754871411
qdotdot6:
0.062183671140991
-0.123667776637277
qdotdot7:
0.151777541643686
-0.153582071853360

qdotdot1:
-0.024939296324732
0.087635032480953
qdotdot2:
-0.105503047363831
0.150893122936859
qdotdot3:
-0.096690918645348
0.003984856769934
qdotdot4:
0.236526723022017
-0.227765927460023
qdotdot5:
-0.036131882288307
-0.001757810088469
qdotdot6:
-0.016916492368598
-0.103322555002430
qdotdot7:
0.150899532470566
-0.103923573613016

qdotdot1:
0.116689160224883
0.079475406298810
qdotdot2:
0.005376394543276
0.116374690004488
qdotdot3:
-0.106937909006641
-0.027650428407364
qdotdot4:
-0.021860938027466
-0.150379235517435
qdotdot5:
-0.032923302778228
-0.013579420806387
qdotdot6:
-0.087706292855230
-0.108857284300463
qdotdot7:
0.104774160748870
-0.054552341963672

qdotdot1:
0.192294647569305
0.117653705900592
qdotdot2:
0.099915147142537
0.118133736014032
qdotdot3:
-0.070940974009836
-0.062638318636203
qdotdot4:
-0.222966546418803
-0.157531686010524
qdotdot5:
0.020253544098653
-0.024351250125622
qdotdot6:
-0.308427121226841
-0.137552984219251
qdotdot7:
0.043372641934480
-0.020272385780196

qdotdot1:
0.094361554292165
0.180568570079677
qdotdot2:
0.114195483707005
0.150823922617590
qdotdot3:
-0.013536596747537
-0.085848750132754
qdotdot4:
-0.162311886637495
-0.230481766326009
qdotdot5:
0.030955472969880
-0.017724705953858
qdotdot6:
-0.181956869002160
-0.238464011574493
qdotdot7:
0.016417346651559
-0.006081747034454

qdotdot1:
-0.152979914313379
0.211441735022447
qdotdot2:
0.012888930089265
0.188186342415061
qdotdot3:
0.020618279057028
-0.090277646914769
qdotdot4:
0.181838865808453
-0.283586886159199
qdotdot5:
-0.057284253717863
-0.007596710182174
qdotdot6:
0.506218031040253
-0.297996566663404
qdotdot7:
0.064542249039497
-0.000710327976149

qdotdot1:
-0.289853271631434
0.161389845108634
qdotdot2:
-0.093979502817314
0.192403335951959
qdotdot3:
0.090765649503520
-0.083531768946367
qdotdot4:
0.317210194285190
-0.224092939294690
qdotdot5:
-0.063833220197133
-0.026338942937044
qdotdot6:
0.704641708636060
-0.132372410866646
qdotdot7:
0.029320396931302
0.020406571966004

qdotdot1:
-0.297344231669226
0.066555800338966
qdotdot2:
-0.246609766617138
0.161655170414807
qdotdot3:
0.130366654768069
-0.053835110288292
qdotdot4:
0.376048141577920
-0.120308270600358
qdotdot5:
-0.059783638888073
-0.047223863186157
qdotdot6:
0.586432996599904
0.098171902010175
qdotdot7:
0.013514539307371
0.029999604397887

qdotdot1:
-0.158432350072999
-0.030729132894350
qdotdot2:
-0.321653462838758
0.080969513439560
qdotdot3:
0.052082791502821
-0.011181815035971
qdotdot4:
0.348103578065733
0.002726967515905
qdotdot5:
-0.088201361355344
-0.066783843499280
qdotdot6:
0.389442951736159
0.290040749102860
qdotdot7:
0.095776858556559
0.034421284437939

qdotdot1:
0.152865146599540
-0.082564947943874
qdotdot2:
0.021526282043701
-0.024268901581530
qdotdot3:
-0.135458190765306
0.005858605978798
qdotdot4:
-0.126713419409224
0.116619317672795
qdotdot5:
-0.075663399570287
-0.095641519676054
qdotdot6:
-0.003345413412185
0.417458494337561
qdotdot7:
0.138917695572711
0.065757507904136

qdotdot1:
0.311510681355019
-0.032550607671820
qdotdot2:
0.593313411523500
-0.017225943661591
qdotdot3:
-0.246157455142937
-0.038460535410055
qdotdot4:
-0.694612415210933
0.075161286091726
qdotdot5:
-0.043794669107963
-0.120397031945717
qdotdot6:
-0.140050230632732
0.416363943692959
qdotdot7:
0.039159795314933
0.111208528301771

qdotdot1:
-0.007684383828834
0.069369297304847
qdotdot2:
0.226719186219755
0.176894034057378
qdotdot3:
0.139764626863181
-0.118998205349128
qdotdot4:
-0.401920231600846
-0.152101647705491
qdotdot5:
0.234017958112135
-0.134725749325655
qdotdot6:
-0.521763378320041
0.370542381055173
qdotdot7:
-0.293214418082537
0.124020810050964

qdotdot1:
-0.659119060486726
0.066855124544439
qdotdot2:
-1.899036918350737
0.251071901138508
qdotdot3:
1.138591314717915
-0.073270086406201
qdotdot4:
1.139730736527867
-0.283601702967715
qdotdot5:
1.017680384865362
-0.058159873799737
qdotdot6:
-2.171372253522779
0.199832106507387
qdotdot7:
-0.766055511954872
0.028087067109089

qdotdot1:
-0.702243157332354
-0.148795111655831
qdotdot2:
-2.411007398214562
-0.370254023942393
qdotdot3:
1.099660436953209
0.299253636050220
qdotdot4:
1.684926717685307
0.089294814932168
qdotdot5:
0.912404055398700
0.274804272633131
qdotdot6:
-1.950822867385372
-0.510596353875955
qdotdot7:
-0.547551461719706
-0.222550582443322

