1583076136.947000027

1583076136.950000048

1583076136.951999903

1583076136.953999996

1583076136.956000090

1583076136.957000017

1583076136.959000111

1583076136.961999893

1583076136.963999987

1583076136.966000080

1583076136.967000008

1583076136.969000101

1583076137.005000114

1583076137.006999969

1583076137.012000084

1583076137.013999939

1583076137.069999933

1583076137.072000027

1583076137.073999882

1583076137.075999975

1583076137.078000069

1583076137.078999996

1583076137.082999945

1583076137.085999966

1583076137.088000059

1583076137.089999914

1583076137.092000008

1583076137.095000029

1583076137.096999884

1583076137.098999977

1583076137.101000071

1583076137.102999926

1583076137.107000113

1583076137.108999968

1583076137.111999989

1583076137.114000082

1583076137.115999937

1583076137.118999958

1583076137.121000051

1583076137.121999979

1583076137.124000072

1583076137.125999928

1583076137.127000093

1583076137.131000042

1583076137.132999897

1583076137.134000063

1583076137.135999918

1583076137.138000011

1583076137.138999939

1583076137.142999887

1583076137.144000053

1583076137.145999908

1583076137.148000002

1583076137.150000095

1583076137.151000023

1583076137.154999971

1583076137.155999899

1583076137.157999992

1583076137.160000086

1583076137.161000013

1583076137.163000107

1583076137.171000004

1583076137.173000097

1583076137.174000025

1583076137.177999973

1583076137.183000088

1583076137.184999943

1583076137.187000036

1583076137.190999985

1583076137.193000078

1583076137.194999933

1583076137.197000027

1583076137.197999954

1583076137.201999903

1583076137.203999996

1583076137.204999924

1583076137.207000017

1583076137.209000111

1583076137.210000038

1583076137.213000059

1583076137.216000080

1583076137.217999935

1583076137.219000101

1583076137.220999956

1583076137.224999905

1583076137.226999998

1583076137.227999926

1583076137.230000019

1583076137.232000113

1583076137.233000040

1583076137.236999989

1583076137.237999916

1583076137.240000010

1583076137.242000103

1583076137.243999958

1583076137.244999886

1583076137.249000072

1583076137.250000000

1583076137.252000093

1583076137.253999949

1583076137.256000042

1583076137.256999969

1583076137.260999918

1583076137.262000084

1583076137.263999939

1583076137.266000032

1583076137.267999887

1583076137.269000053

1583076137.273000002

1583076137.273999929

1583076137.276000023

1583076137.278000116

1583076137.279999971

1583076137.280999899

1583076137.285000086

1583076137.286000013

1583076137.288000107

1583076137.289999962

1583076137.292000055

1583076137.292999983

1583076137.296999931

1583076137.298000097

1583076137.299999952

1583076137.302000046

1583076137.302999973

1583076137.305000067

1583076137.306999922

1583076137.311000109

1583076137.312999964

1583076137.315000057

1583076137.316999912

1583076137.318000078

1583076137.322000027

1583076137.323999882

1583076137.325999975

1583076137.326999903

1583076137.328999996

1583076137.331000090

1583076137.334000111

1583076137.338999987

1583076137.341000080

1583076137.345000029

1583076137.345999956

1583076137.348000050

1583076137.349999905

1583076137.351000071

1583076137.352999926

1583076137.357000113

1583076137.358000040

1583076137.359999895

1583076137.361999989

1583076137.362999916

1583076137.365000010

1583076137.368999958

1583076137.371000051

1583076137.371999979

1583076137.374000072

1583076137.375999928

1583076137.377000093

1583076137.381000042

1583076137.381999969

1583076137.384000063

1583076137.385999918

1583076137.388000011

1583076137.388999939

1583076137.392999887

1583076137.394000053

1583076137.395999908

1583076137.398000002

1583076137.400000095

1583076137.401000023

1583076137.404999971

1583076137.405999899

1583076137.407999992

1583076137.410000086

1583076137.411999941

1583076137.413000107

1583076137.417000055

1583076137.418999910

1583076137.421000004

1583076137.421999931

1583076137.424000025

1583076137.427999973

1583076137.428999901

1583076137.430999994

1583076137.433000088

1583076137.434000015

1583076137.436000109

1583076137.440000057

1583076137.440999985

1583076137.443000078

1583076137.444999933

1583076137.446000099

1583076137.447999954

1583076137.451999903

1583076137.453000069

1583076137.454999924

1583076137.457000017

1583076137.459000111

1583076137.460999966

1583076137.463999987

1583076137.466000080

1583076137.467999935

1583076137.469000101

1583076137.470999956

1583076137.471999884

1583076137.476000071

1583076137.476999998

1583076137.479000092

1583076137.480999947

1583076137.483000040

1583076137.483999968

1583076137.487999916

1583076137.489000082

1583076137.490999937

1583076137.493000031

1583076137.494999886

1583076137.496000051

1583076137.500000000

1583076137.500999928

1583076137.503000021

1583076137.505000114

1583076137.506999969

1583076137.507999897

1583076137.510999918

1583076137.513000011

1583076137.515000105

1583076137.516000032

1583076137.517999887

1583076137.519999981

1583076137.523000002

1583076137.525000095

1583076137.526999950

1583076137.528000116

1583076137.529999971

1583076137.532999992

1583076137.536000013

1583076137.538000107

1583076137.539999962

1583076137.540999889

1583076137.542999983

1583076137.545000076

1583076137.548000097

1583076137.549999952

1583076137.552000046

1583076137.552999973

1583076137.555000067

1583076137.555999994

1583076137.559999943

1583076137.562000036

1583076137.563999891

1583076137.565000057

1583076137.566999912

1583076137.569000006

1583076137.572000027

1583076137.573999882

1583076137.575999975

1583076137.578000069

1583076137.578999996

1583076137.581000090

1583076137.584000111

1583076137.585999966

1583076137.588000059

1583076137.588999987

1583076137.591000080

1583076137.592999935

1583076137.595999956

1583076137.598000050

1583076137.599999905

1583076137.601000071

1583076137.602999926

1583076137.604000092

1583076137.608000040

1583076137.611000061

1583076137.611999989

1583076137.614000082

1583076137.615999937

1583076137.618999958

1583076137.621000051

1583076137.622999907

1583076137.625000000

1583076137.625999928

1583076137.628000021

1583076137.634000063

1583076137.635999918

1583076137.637000084

1583076137.638999939

1583076137.642999887

1583076137.644999981

1583076137.647000074

1583076137.648000002

1583076137.650000095

1583076137.651999950

1583076137.654999971

1583076137.657000065

1583076137.658999920

1583076137.660000086

1583076137.661999941

1583076137.663000107

1583076137.667000055

1583076137.667999983

1583076137.670000076

1583076137.671999931

1583076137.674000025

1583076137.674999952

1583076137.678999901

1583076137.680000067

1583076137.681999922

1583076137.684000015

1583076137.684999943

1583076137.687000036

1583076137.690999985

1583076137.691999912

1583076137.694000006

1583076137.696000099

1583076137.697000027

1583076137.698999882

1583076137.700999975

1583076137.703999996

1583076137.706000090

1583076137.707000017

1583076137.709000111

1583076137.710999966

1583076137.713999987

1583076137.716000080

1583076137.717999935

1583076137.719000101

1583076137.720999956

1583076137.723000050

1583076137.726000071

1583076137.727999926

1583076137.730000019

1583076137.730999947

1583076137.733000040

1583076137.734999895

1583076137.737999916

1583076137.740000010

1583076137.742000103

1583076137.743000031

1583076137.744999886

1583076137.746000051

1583076137.750000000

1583076137.752000093

1583076137.755000114

1583076137.756000042

1583076137.757999897

1583076137.759999990

1583076137.763000011

1583076137.765000105

1583076137.766000032

1583076137.767999887

1583076137.769999981

1583076137.772000074

1583076137.775000095

1583076137.776999950

1583076137.779000044

1583076137.779999971

1583076137.782000065

1583076137.783999920

1583076137.786999941

1583076137.789000034

1583076137.789999962

1583076137.792000055

1583076137.793999910

1583076137.795000076

1583076137.799000025

1583076137.801000118

1583076137.802000046

1583076137.803999901

1583076137.805999994

1583076137.806999922

1583076137.809999943

1583076137.812000036

1583076137.812999964

1583076137.815999985

1583076137.816999912

1583076137.819000006

1583076137.822000027

1583076137.823999882

1583076137.825999975

1583076137.828000069

1583076137.828999996

1583076137.831000090

1583076137.834000111

1583076137.835999966

1583076137.838000059

1583076137.839999914

1583076137.841000080

1583076137.842999935

1583076137.845999956

1583076137.848000050

1583076137.849999905

1583076137.851000071

1583076137.852999926

1583076137.855000019

1583076137.858000040

1583076137.859999895

1583076137.861000061

1583076137.862999916

1583076137.865000010

1583076137.867000103

1583076137.869999886

1583076137.871999979

1583076137.874000072

1583076137.875000000

1583076137.877000093

1583076137.878999949

1583076137.881999969

1583076137.884000063

1583076137.885999918

1583076137.887000084

1583076137.888999939

1583076137.890000105

1583076137.894000053

1583076137.895999908

1583076137.897000074

1583076137.898999929

1583076137.901000023

1583076137.901999950

1583076137.905999899

1583076137.907000065

1583076137.910000086

1583076137.911000013

1583076137.913000107

1583076137.914999962

1583076137.921000004

1583076137.923000097

1583076137.924000025

1583076137.926000118

1583076137.930000067

1583076137.930999994

1583076137.933000088

1583076137.934999943

1583076137.936000109

1583076137.937999964

1583076137.940999985

1583076137.943000078

1583076137.944999933

1583076137.946000099

1583076137.947999954

1583076137.948999882

1583076137.953000069

1583076137.954999924

1583076137.956000090

1583076137.957999945

1583076137.960000038

1583076137.960999966

1583076137.964999914

1583076137.966000080

1583076137.967999935

1583076137.970000029

1583076137.970999956

1583076137.973000050

1583076137.976999998

1583076137.979000092

1583076137.980999947

1583076137.983000040

1583076137.983999968

1583076137.986000061

1583076137.987999916

1583076137.990999937

1583076137.993000031

1583076137.993999958

1583076137.996000051

1583076137.997999907

1583076137.999000072

1583076138.003000021

1583076138.003999949

1583076138.006000042

1583076138.007999897

1583076138.009999990

1583076138.010999918

1583076138.015000105

1583076138.016000032

1583076138.017999887

1583076138.019999981

1583076138.020999908

1583076138.023000002

1583076138.026999950

1583076138.028000116

1583076138.029999971

1583076138.032000065

1583076138.032999992

1583076138.035000086

1583076138.038000107

1583076138.039999962

1583076138.042000055

1583076138.042999983

1583076138.045000076

1583076138.049000025

1583076138.051000118

1583076138.052000046

1583076138.053999901

1583076138.055000067

1583076138.056999922

1583076138.061000109

1583076138.062000036

1583076138.063999891

1583076138.065999985

1583076138.066999912

1583076138.069000006

1583076138.072999954

1583076138.073999882

1583076138.075999975

1583076138.078000069

1583076138.078999996

1583076138.081000090

1583076138.082000017

1583076138.085999966

1583076138.086999893

1583076138.088999987

1583076138.091000080

1583076138.092999935

1583076138.094000101

1583076138.098000050

1583076138.098999977

1583076138.101000071

1583076138.102999926

1583076138.104000092

1583076138.105999947

1583076138.108999968

1583076138.111000061

1583076138.111999989

1583076138.114000082

1583076138.115999937

1583076138.118999958

1583076138.121000051

1583076138.122999907

1583076138.125000000

1583076138.125999928

1583076138.128000021

1583076138.131999969

1583076138.132999897

1583076138.134999990

1583076138.137000084

1583076138.138000011

1583076138.140000105

1583076138.141999960

1583076138.144999981

1583076138.147000074

1583076138.148000002

1583076138.150000095

1583076138.151999950

1583076138.154000044

1583076138.157000065

1583076138.157999992

1583076138.160000086

1583076138.161999941

1583076138.163000107

1583076138.164999962

1583076138.167999983

1583076138.170000076

1583076138.171999931

1583076138.174000025

1583076138.174999952

1583076138.177000046

1583076138.180000067

1583076138.181999922

1583076138.184000015

1583076138.184999943

1583076138.187000036

1583076138.188999891

1583076138.191999912

1583076138.194000006

1583076138.196000099

1583076138.197000027

1583076138.198999882

1583076138.200000048

1583076138.204999924

1583076138.210999966

1583076138.213000059

1583076138.217000008

1583076138.217999935

1583076138.220000029

1583076138.221999884

1583076138.223000050

1583076138.224999905

1583076138.227999926

1583076138.230000019

1583076138.232000113

1583076138.233000040

1583076138.234999895

1583076138.236000061

1583076138.240000010

1583076138.242000103

1583076138.243999958

1583076138.244999886

1583076138.246999979

1583076138.247999907

1583076138.252000093

1583076138.253999949

1583076138.256000042

1583076138.256999969

1583076138.259000063

1583076138.259999990

1583076138.263999939

1583076138.265000105

1583076138.266999960

1583076138.269000053

1583076138.269999981

1583076138.272000074

1583076138.275000095

1583076138.276999950

1583076138.279000044

1583076138.280999899

1583076138.282000065

1583076138.283999920

1583076138.286000013

1583076138.289000034

1583076138.289999962

1583076138.292000055

1583076138.293999910

1583076138.295000076

1583076138.296999931

1583076138.299999952

1583076138.302000046

1583076138.303999901

1583076138.305000067

1583076138.306999922

1583076138.311000109

1583076138.312999964

1583076138.313999891

1583076138.315999985

1583076138.316999912

1583076138.319000006

1583076138.322999954

1583076138.323999882

1583076138.325999975

1583076138.328000069

1583076138.329999924

1583076138.331000090

1583076138.335000038

1583076138.335999966

1583076138.338999987

1583076138.341000080

1583076138.342000008

1583076138.344000101

1583076138.346999884

1583076138.348999977

1583076138.351000071

1583076138.351999998

1583076138.354000092

1583076138.355999947

1583076138.358999968

1583076138.361000061

1583076138.362999916

1583076138.364000082

1583076138.365999937

1583076138.368000031

1583076138.371000051

1583076138.372999907

1583076138.375000000

1583076138.375999928

1583076138.378000021

1583076138.380000114

1583076138.382999897

1583076138.384999990

1583076138.387000084

1583076138.388000011

1583076138.390000105

1583076138.391000032

1583076138.394999981

1583076138.397000074

1583076138.398000002

1583076138.400000095

1583076138.401999950

1583076138.403000116

1583076138.405999899

1583076138.407999992

1583076138.410000086

1583076138.411000013

1583076138.413000107

1583076138.414999962

1583076138.417999983

1583076138.420000076

1583076138.421999931

1583076138.423000097

1583076138.426000118

1583076138.427999973

1583076138.430999994

1583076138.433000088

1583076138.434999943

1583076138.436000109

1583076138.437999964

1583076138.440000057

1583076138.443000078

1583076138.444999933

1583076138.447000027

1583076138.447999954

1583076138.450000048

1583076138.451999903

1583076138.454999924

1583076138.457000017

1583076138.457999945

1583076138.460000038

1583076138.461999893

1583076138.463999987

1583076138.467999935

1583076138.469000101

1583076138.470999956

1583076138.473000050

1583076138.473999977

1583076138.476000071

1583076138.479000092

1583076138.480999947

1583076138.483000040

1583076138.483999968

1583076138.486000061

1583076138.486999989

1583076138.490999937

1583076138.492000103

1583076138.493999958

1583076138.500000000

1583076138.503000021

1583076138.505000114

1583076138.506999969

1583076138.509000063

1583076138.509999990

1583076138.513999939

1583076138.516000032

1583076138.516999960

1583076138.519000053

1583076138.520999908

1583076138.522000074

1583076138.526000023

1583076138.526999950

1583076138.529000044

1583076138.530999899

1583076138.532999992

1583076138.533999920

1583076138.538000107

1583076138.539000034

1583076138.540999889

1583076138.542999983

1583076138.543999910

1583076138.546000004

1583076138.549999952

1583076138.551000118

1583076138.552999973

1583076138.555000067

1583076138.555999994

1583076138.558000088

1583076138.559999943

1583076138.562999964

1583076138.565000057

1583076138.565999985

1583076138.568000078

1583076138.569999933

1583076138.571000099

1583076138.575000048

1583076138.575999975

1583076138.578000069

1583076138.579999924

1583076138.581000090

1583076138.582999945

1583076138.585999966

1583076138.588000059

1583076138.588999987

1583076138.591000080

1583076138.592999935

1583076138.594000101

1583076138.598000050

1583076138.599999905

1583076138.601999998

1583076138.602999926

1583076138.605000019

1583076138.608999968

1583076138.609999895

1583076138.611999989

1583076138.614000082

1583076138.615999937

1583076138.617000103

1583076138.621000051

1583076138.621999979

1583076138.624000072

1583076138.625999928

1583076138.628000021

1583076138.628999949

1583076138.632999897

1583076138.634000063

1583076138.635999918

1583076138.638000011

1583076138.638999939

1583076138.641999960

1583076138.644999981

1583076138.648000002

1583076138.650000095

1583076138.651000023

1583076138.653000116

1583076138.654999971

1583076138.657999992

1583076138.660000086

1583076138.661999941

1583076138.663000107

1583076138.664999962

1583076138.667000055

1583076138.671000004

1583076138.671999931

1583076138.674000025

1583076138.676000118

1583076138.677000046

1583076138.678999901

1583076138.681999922

1583076138.684000015

1583076138.686000109

1583076138.687000036

1583076138.688999891

1583076138.690999985

1583076138.694000006

1583076138.696000099

1583076138.697999954

1583076138.698999882

1583076138.700999975

1583076138.703000069

1583076138.704999924

1583076138.707000017

1583076138.709000111

1583076138.710999966

1583076138.711999893

1583076138.713999987

1583076138.717000008

1583076138.719000101

1583076138.720999956

1583076138.721999884

1583076138.723999977

1583076138.726000071

1583076138.729000092

1583076138.730999947

1583076138.733000040

1583076138.733999968

1583076138.736000061

1583076138.737999916

1583076138.740999937

1583076138.743000031

1583076138.744999886

1583076138.746000051

1583076138.747999907

1583076138.750000000

1583076138.753999949

1583076138.755000114

1583076138.756999969

1583076138.759000063

1583076138.759999990

1583076138.762000084

1583076138.765000105

1583076138.766999960

1583076138.769000053

1583076138.769999981

1583076138.772000074

1583076138.773000002

1583076138.776999950

1583076138.778000116

1583076138.779999971

1583076138.782000065

1583076138.782999992

1583076138.789999962

1583076138.792000055

1583076138.793999910

1583076138.795000076

1583076138.796999931

1583076138.799000025

1583076138.802000046

1583076138.803999901

1583076138.805000067

1583076138.806999922

1583076138.808000088

1583076138.812000036

1583076138.813999891

1583076138.815999985

1583076138.818000078

1583076138.819000006

1583076138.821000099

1583076138.823999882

1583076138.825999975

1583076138.828000069

1583076138.828999996

1583076138.831000090

1583076138.832999945

1583076138.835999966

1583076138.838000059

1583076138.839999914

1583076138.841000080

1583076138.842999935

1583076138.845000029

1583076138.848000050

1583076138.849999905

1583076138.851999998

1583076138.852999926

1583076138.855000019

1583076138.857000113

1583076138.859999895

1583076138.861999989

1583076138.864000082

1583076138.865000010

1583076138.867000103

1583076138.868999958

1583076138.872999907

1583076138.875000000

1583076138.877000093

1583076138.878000021

1583076138.880000114

1583076138.881999969

1583076138.884999990

1583076138.887000084

1583076138.888999939

1583076138.890000105

1583076138.891999960

1583076138.894000053

1583076138.897000074

1583076138.898999929

1583076138.900000095

1583076138.901999950

1583076138.904000044

1583076138.907999992

1583076138.908999920

1583076138.911000013

1583076138.913000107

1583076138.914999962

1583076138.915999889

1583076138.920000076

1583076138.921000004

1583076138.923000097

1583076138.924999952

1583076138.926000118

1583076138.927999973

1583076138.931999922

1583076138.933000088

1583076138.934999943

1583076138.937000036

1583076138.937999964

1583076138.940000057

1583076138.944000006

1583076138.946000099

1583076138.947000027

1583076138.948999882

1583076138.950000048

1583076138.951999903

1583076138.956000090

1583076138.957000017

1583076138.959000111

1583076138.960999966

1583076138.961999893

1583076138.963999987

1583076138.967000008

1583076138.969000101

1583076138.970999956

1583076138.973000050

1583076138.973999977

1583076138.976000071

1583076138.980000019

1583076138.980999947

1583076138.983000040

1583076138.984999895

1583076138.986000061

1583076138.987999916

1583076138.990999937

1583076138.993000031

1583076138.994999886

1583076138.996999979

1583076138.997999907

1583076139.000000000

1583076139.003000021

1583076139.005000114

1583076139.006999969

1583076139.009000063

1583076139.009999990

1583076139.012000084

1583076139.015000105

1583076139.016999960

1583076139.019000053

1583076139.020999908

1583076139.022000074

1583076139.023999929

1583076139.026999950

1583076139.029000044

1583076139.030999899

1583076139.032999992

1583076139.033999920

1583076139.036000013

1583076139.039000034

1583076139.040999889

1583076139.042000055

1583076139.043999910

1583076139.046000004

1583076139.046999931

1583076139.051000118

1583076139.052000046

1583076139.053999901

1583076139.055999994

1583076139.058000088

1583076139.059000015

1583076139.062999964

1583076139.063999891

1583076139.065999985

1583076139.068000078

1583076139.069000006

1583076139.071000099

1583076139.076999903

1583076139.078999996

1583076139.081000090

1583076139.082000017

1583076139.084000111

1583076139.088000059

1583076139.088999987

1583076139.091000080

1583076139.092000008

1583076139.095000029

1583076139.096999884

1583076139.099999905

1583076139.101999998

1583076139.104000092

1583076139.105999947

1583076139.107000113

1583076139.111000061

1583076139.112999916

1583076139.114000082

1583076139.115999937

1583076139.117000103

1583076139.118999958

1583076139.122999907

1583076139.124000072

1583076139.125999928

1583076139.128000021

1583076139.128999949

1583076139.131000042

1583076139.134000063

1583076139.135999918

1583076139.138000011

1583076139.140000105

1583076139.141999960

1583076139.142999887

1583076139.147000074

1583076139.148000002

1583076139.150000095

1583076139.151999950

1583076139.153000116

1583076139.154999971

1583076139.158999920

1583076139.160000086

1583076139.161999941

1583076139.164000034

1583076139.164999962

1583076139.167000055

1583076139.171000004

1583076139.171999931

1583076139.174999952

1583076139.176000118

1583076139.177999973

1583076139.178999901

1583076139.183000088

1583076139.184999943

1583076139.186000109

1583076139.187999964

1583076139.190000057

1583076139.190999985

1583076139.194999933

1583076139.196000099

1583076139.197999954

1583076139.200000048

1583076139.201999903

1583076139.204999924

1583076139.207000017

1583076139.210000038

1583076139.210999966

1583076139.213000059

1583076139.213999987

1583076139.217999935

1583076139.220000029

1583076139.221999884

1583076139.223000050

1583076139.224999905

1583076139.226000071

1583076139.230000019

1583076139.232000113

1583076139.233000040

1583076139.234999895

1583076139.236999989

1583076139.237999916

1583076139.242000103

1583076139.243000031

1583076139.244999886

1583076139.246999979

1583076139.249000072

1583076139.250000000

1583076139.253999949

1583076139.255000114

1583076139.256999969

1583076139.259000063

1583076139.259999990

1583076139.262000084

1583076139.266000032

1583076139.266999960

1583076139.269000053

1583076139.270999908

1583076139.272000074

1583076139.273999929

1583076139.278000116

1583076139.279000044

1583076139.280999899

1583076139.282999992

1583076139.283999920

1583076139.286000013

1583076139.289000034

1583076139.290999889

1583076139.292999983

1583076139.295000076

1583076139.296000004

1583076139.298000097

1583076139.301000118

1583076139.302999973

1583076139.303999901

1583076139.305999994

1583076139.308000088

1583076139.309000015

1583076139.312999964

1583076139.313999891

1583076139.315999985

1583076139.319000006

1583076139.319999933

1583076139.322000027

1583076139.325000048

1583076139.326999903

1583076139.328999996

1583076139.331000090

1583076139.332000017

1583076139.334000111

1583076139.338000059

1583076139.338999987

1583076139.341000080

1583076139.342999935

1583076139.344000101

1583076139.345999956

1583076139.348999977

1583076139.351000071

1583076139.352999926

1583076139.354000092

1583076139.355999947

1583076139.358000040

1583076139.359999895

1583076139.362999916

1583076139.368000031

1583076139.369999886

1583076139.374000072

1583076139.375000000

1583076139.377000093

1583076139.378999949

1583076139.381000042

1583076139.381999969

1583076139.385999918

1583076139.387000084

1583076139.388999939

1583076139.391000032

1583076139.392999887

1583076139.394000053

1583076139.398000002

1583076139.401000023

1583076139.401999950

1583076139.404000044

1583076139.405999899

1583076139.408999920

1583076139.411000013

1583076139.413000107

1583076139.414999962

1583076139.415999889

1583076139.417999983

1583076139.421000004

1583076139.423000097

1583076139.424999952

1583076139.426000118

1583076139.427999973

1583076139.430000067

1583076139.433000088

1583076139.434999943

1583076139.437000036

1583076139.437999964

1583076139.440000057

1583076139.441999912

1583076139.444999933

1583076139.447000027

1583076139.447999954

1583076139.450000048

1583076139.451999903

1583076139.453000069

1583076139.457000017

1583076139.459000111

1583076139.460999966

1583076139.461999893

1583076139.463999987

1583076139.464999914

1583076139.469000101

1583076139.470999956

1583076139.473000050

1583076139.473999977

1583076139.476000071

1583076139.476999998

1583076139.480999947

1583076139.483000040

1583076139.483999968

1583076139.486000061

1583076139.487999916

1583076139.489000082

1583076139.493000031

1583076139.494999886

1583076139.496999979

1583076139.497999907

1583076139.500000000

1583076139.503999949

1583076139.505000114

1583076139.506999969

1583076139.509000063

1583076139.510999918

1583076139.512000084

1583076139.516000032

1583076139.517999887

1583076139.519000053

1583076139.520999908

1583076139.522000074

1583076139.523999929

1583076139.528000116

1583076139.529000044

1583076139.530999899

1583076139.532999992

1583076139.533999920

1583076139.536000013

1583076139.539000034

1583076139.542000055

1583076139.543999910

1583076139.545000076

1583076139.546999931

1583076139.549000025

1583076139.552000046

1583076139.553999901

1583076139.555999994

1583076139.556999922

1583076139.559000015

1583076139.561000109

1583076139.562999964

1583076139.565999985

1583076139.566999912

1583076139.569000006

1583076139.571000099

1583076139.572000027

1583076139.573999882

1583076139.576999903

1583076139.578999996

1583076139.581000090

1583076139.582999945

1583076139.584000111

1583076139.585999966

1583076139.588999987

1583076139.591000080

1583076139.592999935

1583076139.595000029

1583076139.595999956

1583076139.598000050

1583076139.599999905

1583076139.601999998

1583076139.604000092

1583076139.605000019

1583076139.607000113

1583076139.608999968

1583076139.611999989

1583076139.614000082

1583076139.615999937

1583076139.617000103

1583076139.618999958

1583076139.619999886

1583076139.624000072

1583076139.625999928

1583076139.627000093

1583076139.628999949

1583076139.631000042

1583076139.631999969

1583076139.635999918

1583076139.638000011

1583076139.640000105

1583076139.641000032

1583076139.642999887

1583076139.644999981

1583076139.648000002

1583076139.650000095

1583076139.651999950

1583076139.653000116

1583076139.654999971

1583076139.661000013

1583076139.663000107

1583076139.664999962

1583076139.665999889

1583076139.667999983

1583076139.671000004

1583076139.673000097

1583076139.674999952

1583076139.677000046

1583076139.677999973

1583076139.680000067

1583076139.684000015

1583076139.684999943

1583076139.687000036

1583076139.688999891

1583076139.690999985

1583076139.691999912

1583076139.696000099

1583076139.698999882

1583076139.700999975

1583076139.701999903

1583076139.703999996

1583076139.707000017

1583076139.709000111

1583076139.710999966

1583076139.713000059

1583076139.713999987

1583076139.716000080

1583076139.720000029

1583076139.720999956

1583076139.723000050

1583076139.724999905

1583076139.726000071

1583076139.727999926

1583076139.732000113

1583076139.733000040

1583076139.734999895

1583076139.736999989

1583076139.737999916

1583076139.740000010

1583076139.743999958

1583076139.744999886

1583076139.746999979

1583076139.749000072

1583076139.750000000

1583076139.752000093

1583076139.755000114

1583076139.757999897

1583076139.759999990

1583076139.760999918

1583076139.763999939

1583076139.765000105

1583076139.769000053

1583076139.770999908

1583076139.772000074

1583076139.773999929

1583076139.776000023

1583076139.776999950

1583076139.780999899

1583076139.782999992

1583076139.785000086

1583076139.786000013

1583076139.788000107

1583076139.789999962

1583076139.792999983

1583076139.795000076

1583076139.796000004

1583076139.799999952

1583076139.801000118

1583076139.805000067

1583076139.806999922

1583076139.809000015

1583076139.809999943

1583076139.812000036

1583076139.813999891

1583076139.816999912

1583076139.819000006

1583076139.819999933

1583076139.822000027

1583076139.823999882

1583076139.825000048

1583076139.828999996

1583076139.831000090

1583076139.832000017

1583076139.834000111

1583076139.835999966

1583076139.836999893

1583076139.841000080

1583076139.842999935

1583076139.844000101

1583076139.845999956

1583076139.848000050

1583076139.848999977

1583076139.852999926

1583076139.855000019

1583076139.857000113

1583076139.858000040

1583076139.859999895

1583076139.861000061

1583076139.865000010

1583076139.867000103

1583076139.868000031

1583076139.869999886

1583076139.871999979

1583076139.874000072

1583076139.877000093

1583076139.878999949

1583076139.881000042

1583076139.881999969

1583076139.884000063

1583076139.885999918

1583076139.888999939

1583076139.891000032

1583076139.891999960

1583076139.894000053

1583076139.895999908

1583076139.897000074

1583076139.900000095

1583076139.901999950

1583076139.904000044

1583076139.905999899

1583076139.907000065

1583076139.908999920

1583076139.911999941

1583076139.914000034

1583076139.915999889

1583076139.917000055

1583076139.918999910

1583076139.921000004

1583076139.924000025

1583076139.926000118

1583076139.927000046

1583076139.928999901

1583076139.930999994

1583076139.931999922

1583076139.936000109

1583076139.937999964

1583076139.940000057

1583076139.940999985

1583076139.943000078

1583076139.944999933

1583076139.947999954

1583076139.953999996

1583076139.956000090

1583076139.957000017

1583076139.960000038

1583076139.961999893

1583076139.963999987

1583076139.966000080

1583076139.967000008

1583076139.969000101

1583076139.971999884

1583076139.973999977

1583076139.976000071

1583076139.976999998

1583076139.979000092

1583076139.980999947

1583076139.983999968

1583076139.986000061

1583076139.987999916

1583076139.990000010

1583076139.992000103

1583076139.993000031

1583076140.023999929

1583076140.124000072

1583076140.125999928

1583076140.128999949

1583076140.131000042

1583076140.132999897

1583076140.134000063

1583076140.135999918

1583076140.137000084

1583076140.141000032

1583076140.142999887

1583076140.144999981

1583076140.145999908

1583076140.148000002

1583076140.148999929

1583076140.153000116

1583076140.154999971

1583076140.155999899

1583076140.157999992

1583076140.161000013

1583076140.164999962

1583076140.165999889

1583076140.167999983

1583076140.170000076

1583076140.171000004

1583076140.173000097

1583076140.176000118

1583076140.178999901

1583076140.180000067

1583076140.181999922

1583076140.184000015

1583076140.186000109

1583076140.188999891

1583076140.190999985

1583076140.193000078

1583076140.194000006

1583076140.196000099

1583076140.197000027

1583076140.200000048

1583076140.201999903

1583076140.203999996

1583076140.206000090

1583076140.207999945

1583076140.210999966

1583076140.213999987

1583076140.214999914

1583076140.217000008

1583076140.219000101

1583076140.220000029

1583076140.221999884

1583076140.226000071

1583076140.226999998

1583076140.229000092

1583076140.230999947

1583076140.232000113

1583076140.233999968

1583076140.236999989

1583076140.239000082

1583076140.240999937

1583076140.242000103

1583076140.249000072

1583076140.250999928

1583076140.253000021

1583076140.253999949

1583076140.256000042

1583076140.257999897

1583076140.260999918

1583076140.263000011

1583076140.265000105

1583076140.266000032

1583076140.267999887

1583076140.269000053

1583076140.273000002

1583076140.275000095

1583076140.276000023

1583076140.278000116

1583076140.279999971

1583076140.280999899

1583076140.285000086

1583076140.286000013

1583076140.288000107

1583076140.289999962

1583076140.290999889

1583076140.292999983

1583076140.296000004

1583076140.299999952

1583076140.301000118

1583076140.302999973

1583076140.305000067

1583076140.305999994

1583076140.309999943

1583076140.311000109

1583076140.312999964

1583076140.315000057

1583076140.315999985

1583076140.318000078

1583076140.322000027

1583076140.322999954

1583076140.325000048

1583076140.326999903

1583076140.328000069

1583076140.329999924

1583076140.332999945

1583076140.335000038

1583076140.336999893

1583076140.338000059

1583076140.339999914

1583076140.342000008

1583076140.345000029

1583076140.346999884

1583076140.348999977

1583076140.349999905

1583076140.351999998

1583076140.352999926

1583076140.357000113

1583076140.358999968

1583076140.361000061

1583076140.361999989

1583076140.364000082

1583076140.365000010

1583076140.368999958

1583076140.371000051

1583076140.371999979

1583076140.374000072

1583076140.375999928

1583076140.377000093

1583076140.381000042

1583076140.382999897

1583076140.384999990

1583076140.385999918

1583076140.388000011

1583076140.390000105

1583076140.392999887

1583076140.394999981

1583076140.397000074

1583076140.400000095

1583076140.401000023

1583076140.404999971

1583076140.407000065

1583076140.408999920

1583076140.410000086

1583076140.411999941

1583076140.414000034

1583076140.417000055

1583076140.418999910

1583076140.420000076

1583076140.421999931

1583076140.424000025

1583076140.424999952

1583076140.430000067

1583076140.430999994

1583076140.433000088

1583076140.434999943

1583076140.436000109

1583076140.437999964

1583076140.440999985

1583076140.443000078

1583076140.444999933

1583076140.447000027

1583076140.447999954

1583076140.450000048

1583076140.453999996

1583076140.456000090

1583076140.457000017

1583076140.459000111

1583076140.460999966

1583076140.461999893

1583076140.466000080

1583076140.467999935

1583076140.469000101

1583076140.470999956

1583076140.473000050

1583076140.473999977

1583076140.477999926

1583076140.480000019

1583076140.482000113

1583076140.483000040

1583076140.484999895

1583076140.486000061

1583076140.490000010

1583076140.492000103

1583076140.493000031

1583076140.494999886

1583076140.496999979

1583076140.497999907

1583076140.500999928

1583076140.503000021

1583076140.505000114

1583076140.506000042

1583076140.507999897

1583076140.509999990

1583076140.513000011

1583076140.515000105

1583076140.516999960

1583076140.517999887

1583076140.519999981

1583076140.522000074

1583076140.525000095

1583076140.526999950

1583076140.528000116

1583076140.529999971

1583076140.530999899

1583076140.532999992

1583076140.539999962

1583076140.542000055

1583076140.542999983

1583076140.545000076

1583076140.546999931

1583076140.549000025

1583076140.551000118

1583076140.552999973

1583076140.555000067

1583076140.555999994

1583076140.558000088

1583076140.561000109

1583076140.562999964

1583076140.563999891

1583076140.565999985

1583076140.568000078

1583076140.569000006

1583076140.572999954

1583076140.573999882

1583076140.575999975

1583076140.578000069

1583076140.578999996

1583076140.581000090

1583076140.585000038

1583076140.585999966

1583076140.588000059

1583076140.589999914

1583076140.591000080

1583076140.592999935

1583076140.595999956

1583076140.598000050

1583076140.599999905

1583076140.601999998

1583076140.602999926

1583076140.605000019

1583076140.608999968

1583076140.609999895

1583076140.611999989

1583076140.614000082

1583076140.615000010

1583076140.617000103

1583076140.619999886

1583076140.621999979

1583076140.624000072

1583076140.625000000

1583076140.627000093

1583076140.628999949

1583076140.631999969

1583076140.634000063

1583076140.634999990

1583076140.638000011

1583076140.640000105

1583076140.641000032

1583076140.644999981

1583076140.647000074

1583076140.648000002

1583076140.650000095

1583076140.651999950

1583076140.653000116

1583076140.655999899

1583076140.657999992

1583076140.660000086

1583076140.661999941

1583076140.663000107

1583076140.664999962

1583076140.667999983

1583076140.670000076

1583076140.671999931

1583076140.674000025

1583076140.674999952

1583076140.677000046

1583076140.680000067

1583076140.681999922

1583076140.684000015

1583076140.686000109

1583076140.687000036

1583076140.688999891

1583076140.691999912

1583076140.694000006

1583076140.696000099

1583076140.697999954

1583076140.700999975

1583076140.704999924

1583076140.707000017

1583076140.707999945

1583076140.710000038

1583076140.711999893

1583076140.713000059

1583076140.716000080

1583076140.717999935

1583076140.720000029

1583076140.721999884

1583076140.723000050

1583076140.724999905

1583076140.727999926

1583076140.730000019

1583076140.732000113

1583076140.733999968

1583076140.734999895

1583076140.736999989

1583076140.740000010

1583076140.742000103

1583076140.743999958

1583076140.746000051

1583076140.746999979

1583076140.749000072

1583076140.752000093

1583076140.753999949

1583076140.756000042

1583076140.757999897

1583076140.759000063

1583076140.760999918

1583076140.765000105

1583076140.766999960

1583076140.769000053

1583076140.769999981

1583076140.772000074

1583076140.773000002

1583076140.776999950

1583076140.779000044

1583076140.779999971

1583076140.782000065

1583076140.783999920

1583076140.785000086

1583076140.789000034

1583076140.790999889

1583076140.792999983

1583076140.793999910

1583076140.796000004

1583076140.798000097

1583076140.799999952

1583076140.802000046

1583076140.803999901

1583076140.805000067

1583076140.806999922

1583076140.809000015

1583076140.812000036

1583076140.813999891

1583076140.815999985

1583076140.816999912

1583076140.819000006

1583076140.819999933

1583076140.823999882

1583076140.825999975

1583076140.831000090

1583076140.832999945

1583076140.835999966

1583076140.838000059

1583076140.838999987

1583076140.841000080

1583076140.842999935

1583076140.844000101

1583076140.848999977

1583076140.851000071

1583076140.851999998

1583076140.854000092

1583076140.855999947

1583076140.857000113

1583076140.861000061

1583076140.862999916

1583076140.865000010

1583076140.865999937

1583076140.868000031

1583076140.868999958

1583076140.872999907

1583076140.875000000

1583076140.875999928

1583076140.878000021

1583076140.880000114

1583076140.881000042

1583076140.884999990

1583076140.887000084

1583076140.888000011

1583076140.890000105

1583076140.891999960

1583076140.892999887

1583076140.897000074

1583076140.898999929

1583076140.901000023

1583076140.901999950

1583076140.904000044

1583076140.907000065

1583076140.908999920

1583076140.911000013

1583076140.913000107

1583076140.914000034

1583076140.915999889

1583076140.918999910

1583076140.921000004

1583076140.923000097

1583076140.924999952

1583076140.926000118

1583076140.927999973

1583076140.931999922

1583076140.933000088

1583076140.934999943

1583076140.937000036

1583076140.937999964

1583076140.940000057

1583076140.943000078

1583076140.944999933

1583076140.947000027

1583076140.948999882

1583076140.950000048

1583076140.951999903

1583076140.954999924

1583076140.957000017

1583076140.959000111

1583076140.960999966

1583076140.961999893

1583076140.963999987

1583076140.967000008

1583076140.969000101

1583076140.970999956

1583076140.973000050

1583076140.973999977

1583076140.976000071

1583076140.979000092

1583076140.980999947

1583076140.983000040

1583076140.983999968

1583076140.986000061

1583076140.987999916

1583076140.990999937

1583076140.993000031

1583076140.994999886

1583076140.996000051

1583076140.997999907

1583076141.000000000

1583076141.003000021

1583076141.005000114

1583076141.006999969

1583076141.009000063

1583076141.012000084

1583076141.013000011

1583076141.016000032

1583076141.017999887

1583076141.019999981

1583076141.022000074

1583076141.023999929

1583076141.025000095

1583076141.028000116

1583076141.029999971

1583076141.032000065

1583076141.033999920

1583076141.035000086

1583076141.036999941

1583076141.039999962

1583076141.042000055

1583076141.043999910

1583076141.045000076

1583076141.046999931

1583076141.048000097

1583076141.052000046

1583076141.053999901

1583076141.056999922

1583076141.058000088

1583076141.059999943

1583076141.061000109

1583076141.065000057

1583076141.066999912

1583076141.068000078

1583076141.069999933

1583076141.071000099

1583076141.072999954

1583076141.075999975

1583076141.078000069

1583076141.079999924

1583076141.082000017

1583076141.082999945

1583076141.085000038

1583076141.088999987

1583076141.089999914

1583076141.092000008

1583076141.094000101

1583076141.095000029

1583076141.096999884

1583076141.099999905

1583076141.101000071

1583076141.102999926

1583076141.105000019

1583076141.105999947

1583076141.108000040

1583076141.111000061

1583076141.112999916

1583076141.115000010

1583076141.121000051

1583076141.124000072

1583076141.125999928

1583076141.127000093

1583076141.128999949

1583076141.131000042

1583076141.132999897

1583076141.135999918

1583076141.138000011

1583076141.138999939

1583076141.141000032

1583076141.142999887

1583076141.144999981

1583076141.148000002

1583076141.150000095

1583076141.151999950

1583076141.153000116

1583076141.154999971

1583076141.155999899

1583076141.160000086

1583076141.161999941

1583076141.164000034

1583076141.164999962

1583076141.167000055

1583076141.168999910

1583076141.171999931

1583076141.174000025

1583076141.176000118

1583076141.177000046

1583076141.178999901

1583076141.180999994

1583076141.184000015

1583076141.186000109

1583076141.187000036

1583076141.188999891

1583076141.190999985

1583076141.191999912

1583076141.196000099

1583076141.197999954

1583076141.200000048

1583076141.200999975

1583076141.203000069

1583076141.206000090

1583076141.207999945

1583076141.210999966

1583076141.213000059

1583076141.213999987

1583076141.216000080

1583076141.219000101

1583076141.220999956

1583076141.223000050

1583076141.223999977

1583076141.226000071

1583076141.227999926

1583076141.230999947

1583076141.233000040

1583076141.234999895

1583076141.236000061

1583076141.237999916

1583076141.239000082

1583076141.243000031

1583076141.244999886

1583076141.246999979

1583076141.247999907

1583076141.250999928

1583076141.253999949

1583076141.256000042

1583076141.257999897

1583076141.259999990

1583076141.260999918

1583076141.263000011

1583076141.266999960

1583076141.269000053

1583076141.270999908

1583076141.273000002

1583076141.273999929

1583076141.276000023

1583076141.279000044

1583076141.280999899

1583076141.282999992

1583076141.285000086

1583076141.286000013

1583076141.288000107

1583076141.290999889

1583076141.292999983

1583076141.295000076

1583076141.296999931

1583076141.299999952

1583076141.302999973

1583076141.305000067

1583076141.306999922

1583076141.309000015

1583076141.309999943

1583076141.312000036

1583076141.315000057

1583076141.316999912

1583076141.319000006

1583076141.321000099

1583076141.322000027

1583076141.323999882

1583076141.326999903

1583076141.328999996

1583076141.331000090

1583076141.332000017

1583076141.334000111

1583076141.335999966

1583076141.338999987

1583076141.341000080

1583076141.342999935

1583076141.345000029

1583076141.345999956

1583076141.348000050

1583076141.351000071

1583076141.352999926

1583076141.355000019

1583076141.355999947

1583076141.358000040

1583076141.359999895

1583076141.362999916

1583076141.365000010

1583076141.365999937

1583076141.368000031

1583076141.369999886

1583076141.371000051

1583076141.374000072

1583076141.375999928

1583076141.378000021

1583076141.380000114

1583076141.381000042

1583076141.382999897

1583076141.384999990

1583076141.388000011

1583076141.390000105

1583076141.391999960

1583076141.392999887

1583076141.394999981

1583076141.395999908

1583076141.398999929

1583076141.401000023

1583076141.403000116

1583076141.404999971

1583076141.405999899

1583076141.407999992

1583076141.411000013

1583076141.417000055

1583076141.418999910

1583076141.420000076

1583076141.423000097

1583076141.424999952

1583076141.427000046

1583076141.428999901

1583076141.430000067

1583076141.431999922

1583076141.436000109

1583076141.437000036

1583076141.438999891

1583076141.440999985

1583076141.441999912

1583076141.444000006

1583076141.447000027

1583076141.448999882

1583076141.450999975

1583076141.451999903

1583076141.453999996

1583076141.454999924

1583076141.459000111

1583076141.460999966

1583076141.461999893

1583076141.463999987

1583076141.464999914

1583076141.467000008

1583076141.470999956

1583076141.473000050

1583076141.474999905

1583076141.476999998

1583076141.479000092

1583076141.480000019

1583076141.483999968

1583076141.486000061

1583076141.486999989

1583076141.489000082

1583076141.490999937

1583076141.492000103

1583076141.496000051

1583076141.499000072

1583076141.500999928

1583076141.503000021

1583076141.503999949

1583076141.507999897

1583076141.509999990

1583076141.510999918

1583076141.513000011

1583076141.515000105

1583076141.516000032

1583076141.519999981

1583076141.522000074

1583076141.523000002

1583076141.525000095

1583076141.526999950

1583076141.528000116

1583076141.532000065

1583076141.533999920

1583076141.535000086

1583076141.536999941

1583076141.539000034

1583076141.539999962

1583076141.543999910

1583076141.546000004

1583076141.546999931

1583076141.549000025

1583076141.551000118

1583076141.552000046

1583076141.555999994

1583076141.558000088

1583076141.559000015

1583076141.561000109

1583076141.562999964

1583076141.563999891

1583076141.568000078

1583076141.569999933

1583076141.571000099

1583076141.572999954

1583076141.575000048

1583076141.575999975

1583076141.579999924

1583076141.582000017

1583076141.584000111

1583076141.585000038

1583076141.586999893

1583076141.588000059

1583076141.592000008

1583076141.594000101

1583076141.595000029

1583076141.598999977

1583076141.599999905

1583076141.604000092

1583076141.605999947

1583076141.607000113

1583076141.608999968

1583076141.611000061

1583076141.611999989

1583076141.615999937

1583076141.618000031

1583076141.618999958

1583076141.621000051

1583076141.622999907

1583076141.624000072

1583076141.627000093

1583076141.628999949

1583076141.631000042

1583076141.632999897

1583076141.634000063

1583076141.635999918

1583076141.638999939

1583076141.641000032

1583076141.642999887

1583076141.644999981

1583076141.645999908

1583076141.648000002

1583076141.651000023

1583076141.653000116

1583076141.654999971

1583076141.657000065

1583076141.657999992

1583076141.660000086

1583076141.664000034

1583076141.664999962

1583076141.667000055

1583076141.668999910

1583076141.671000004

1583076141.671999931

1583076141.676000118

1583076141.677999973

1583076141.678999901

1583076141.680999994

1583076141.684000015

1583076141.684999943

1583076141.688999891

1583076141.690999985

1583076141.691999912

1583076141.694000006

1583076141.696000099

1583076141.697000027

1583076141.700000048

1583076141.701999903

1583076141.703999996

1583076141.706000090

1583076141.711999893

1583076141.713999987

1583076141.716000080

1583076141.717000008

1583076141.719000101

1583076141.720000029

1583076141.723999977

1583076141.726000071

1583076141.727999926

1583076141.729000092

1583076141.730999947

1583076141.733000040

1583076141.736000061

1583076141.737999916

1583076141.740000010

1583076141.740999937

1583076141.743000031

1583076141.744999886

1583076141.747999907

1583076141.750000000

1583076141.752000093

1583076141.753000021

1583076141.755000114

1583076141.756999969

1583076141.759999990

1583076141.762000084

1583076141.763000011

1583076141.766000032

1583076141.766999960

1583076141.769000053

1583076141.772000074

1583076141.773999929

1583076141.776000023

1583076141.776999950

1583076141.779000044

1583076141.779999971

1583076141.783999920

1583076141.786000013

1583076141.786999941

1583076141.789000034

1583076141.790999889

1583076141.792000055

1583076141.796000004

1583076141.798000097

1583076141.799999952

1583076141.801000118

1583076141.802999973

1583076141.805999994

1583076141.808000088

1583076141.809999943

1583076141.812000036

1583076141.812999964

1583076141.815000057

1583076141.818000078

1583076141.819999933

1583076141.822000027

1583076141.823999882

1583076141.825000048

1583076141.826999903

1583076141.829999924

1583076141.832000017

1583076141.834000111

1583076141.835999966

1583076141.838000059

1583076141.838999987

1583076141.842999935

1583076141.844000101

1583076141.845999956

1583076141.848000050

1583076141.848999977

1583076141.851000071

1583076141.855000019

1583076141.857000113

1583076141.858000040

1583076141.859999895

1583076141.861999989

1583076141.862999916

1583076141.867000103

1583076141.868999958

1583076141.869999886

1583076141.871999979

1583076141.874000072

1583076141.875000000

1583076141.878999949

1583076141.881000042

1583076141.881999969

1583076141.884000063

1583076141.885999918

1583076141.887000084

1583076141.891000032

1583076141.894000053

1583076141.894999981

1583076141.898000002

1583076141.900000095

1583076141.904000044

1583076141.905999899

1583076141.907000065

1583076141.908999920

1583076141.911000013

1583076141.911999941

1583076141.915999889

1583076141.917999983

1583076141.920000076

1583076141.921000004

1583076141.923000097

1583076141.924999952

1583076141.927999973

1583076141.930000067

1583076141.930999994

1583076141.933000088

1583076141.934999943

1583076141.936000109

1583076141.940000057

1583076141.940999985

1583076141.943000078

1583076141.944999933

1583076141.946000099

1583076141.947999954

1583076141.951999903

1583076141.953000069

1583076141.954999924

1583076141.957000017

1583076141.957999945

1583076141.960000038

1583076141.963000059

1583076141.964999914

1583076141.967000008

1583076141.969000101

1583076141.970000029

1583076141.971999884

1583076141.974999905

1583076141.976999998

1583076141.979000092

1583076141.980999947

1583076141.982000113

1583076141.983999968

1583076141.986999989

1583076141.989000082

1583076141.990999937

1583076141.992000103

1583076141.993999958

1583076141.996000051

1583076141.997999907

1583076142.000000000

1583076142.006000042

1583076142.006999969

1583076142.009000063

1583076142.013000011

1583076142.013999939

1583076142.016000032

1583076142.017999887

1583076142.019000053

1583076142.020999908

1583076142.023999929

1583076142.026000023

1583076142.028000116

1583076142.030999899

1583076142.032000065

1583076142.036000013

1583076142.038000107

1583076142.039000034

1583076142.040999889

1583076142.042999983

1583076142.043999910

1583076142.048000097

1583076142.049999952

1583076142.051000118

1583076142.052999973

1583076142.055000067

1583076142.055999994

1583076142.059999943

1583076142.062000036

1583076142.062999964

1583076142.065000057

1583076142.066999912

1583076142.068000078

1583076142.072000027

1583076142.072999954

1583076142.075000048

1583076142.076999903

1583076142.078999996

1583076142.079999924

1583076142.084000111

1583076142.085999966

1583076142.086999893

1583076142.088999987

1583076142.091000080

1583076142.092000008

1583076142.095999956

1583076142.098999977

1583076142.101000071

1583076142.102999926

1583076142.105000019

1583076142.108000040

1583076142.109999895

1583076142.111999989

1583076142.114000082

1583076142.115999937

1583076142.117000103

1583076142.121000051

1583076142.121999979

1583076142.124000072

1583076142.125999928

1583076142.127000093

1583076142.128999949

1583076142.131999969

1583076142.134000063

1583076142.135999918

1583076142.138000011

1583076142.138999939

1583076142.141000032

1583076142.144000053

1583076142.145999908

1583076142.148000002

1583076142.150000095

1583076142.151000023

1583076142.153000116

1583076142.157000065

1583076142.158999920

1583076142.160000086

1583076142.161999941

1583076142.164000034

1583076142.164999962

1583076142.168999910

1583076142.171000004

1583076142.171999931

1583076142.174000025

1583076142.176000118

1583076142.177000046

1583076142.180999994

1583076142.183000088

1583076142.184000015

1583076142.186000109

1583076142.187999964

1583076142.190000057

1583076142.193000078

1583076142.194999933

1583076142.197000027

1583076142.200000048

1583076142.200999975

1583076142.204999924

1583076142.207000017

1583076142.209000111

1583076142.210999966

1583076142.213000059

1583076142.216000080

1583076142.217999935

1583076142.219000101

1583076142.220999956

1583076142.223000050

1583076142.223999977

1583076142.226000071

1583076142.229000092

1583076142.230999947

1583076142.233000040

1583076142.233999968

1583076142.236000061

1583076142.237999916

1583076142.240999937

1583076142.243000031

1583076142.243999958

1583076142.246000051

1583076142.247999907

1583076142.249000072

1583076142.253000021

1583076142.255000114

1583076142.256000042

1583076142.257999897

1583076142.259999990

1583076142.260999918

1583076142.265000105

1583076142.266000032

1583076142.267999887

1583076142.269999981

1583076142.270999908

1583076142.273000002

1583076142.276999950

1583076142.278000116

1583076142.279999971

1583076142.282000065

1583076142.282999992

1583076142.285000086

1583076142.289000034

1583076142.289999962

1583076142.292000055

1583076142.293999910

1583076142.299999952

1583076142.302000046

1583076142.303999901

1583076142.305999994

1583076142.306999922

1583076142.309000015

1583076142.312999964

1583076142.315000057

1583076142.315999985

1583076142.318000078

1583076142.319999933

1583076142.321000099

1583076142.325000048

1583076142.326999903

1583076142.328000069

1583076142.329999924

1583076142.332000017

1583076142.334000111

1583076142.336999893

1583076142.338999987

1583076142.341000080

1583076142.342000008

1583076142.344000101

1583076142.345999956

1583076142.348999977

1583076142.351000071

1583076142.351999998

1583076142.354000092

1583076142.355999947

1583076142.357000113

1583076142.361000061

1583076142.362999916

1583076142.364000082

1583076142.365999937

1583076142.368000031

1583076142.368999958

1583076142.372999907

1583076142.375000000

1583076142.375999928

1583076142.378000021

1583076142.380000114

1583076142.381000042

1583076142.384999990

1583076142.387000084

1583076142.388000011

1583076142.390000105

1583076142.391999960

1583076142.392999887

1583076142.397000074

1583076142.400000095

1583076142.401999950

1583076142.404000044

1583076142.404999971

1583076142.408999920

1583076142.411000013

1583076142.411999941

1583076142.414000034

1583076142.415999889

1583076142.417000055

1583076142.421000004

1583076142.421999931

1583076142.424000025

1583076142.426000118

1583076142.427999973

1583076142.428999901

1583076142.433000088

1583076142.434999943

1583076142.437000036

1583076142.437999964

1583076142.440000057

1583076142.440999985

1583076142.444999933

1583076142.447000027

1583076142.448999882

1583076142.450000048

1583076142.451999903

1583076142.453999996

1583076142.457000017

1583076142.457999945

1583076142.460000038

1583076142.461999893

1583076142.463999987

1583076142.464999914

1583076142.469000101

1583076142.470000029

1583076142.471999884

1583076142.473999977

1583076142.474999905

1583076142.476999998

1583076142.480000019

1583076142.482000113

1583076142.483999968

1583076142.484999895

1583076142.486999989

1583076142.489000082

1583076142.492000103

1583076142.493999958

1583076142.496000051

1583076142.496999979

1583076142.500000000

1583076142.502000093

1583076142.505000114

1583076142.506999969

1583076142.509000063

1583076142.509999990

1583076142.512000084

1583076142.513999939

1583076142.516999960

1583076142.517999887

1583076142.520999908

1583076142.523000002

1583076142.523999929

1583076142.526000023

1583076142.529000044

1583076142.530999899

1583076142.532999992

1583076142.535000086

1583076142.536000013

1583076142.538000107

1583076142.540999889

1583076142.542999983

1583076142.543999910

1583076142.546000004

1583076142.548000097

1583076142.549000025

1583076142.551000118

1583076142.553999901

1583076142.555999994

1583076142.558000088

1583076142.559000015

1583076142.561000109

1583076142.562000036

1583076142.565999985

1583076142.566999912

1583076142.569000006

1583076142.571000099

1583076142.572000027

1583076142.573999882

1583076142.576999903

1583076142.578999996

1583076142.581000090

1583076142.582000017

1583076142.584000111

1583076142.589999914

1583076142.592000008

1583076142.594000101

1583076142.595000029

1583076142.596999884

1583076142.598000050

1583076142.601999998

1583076142.604000092

1583076142.605999947

1583076142.607000113

1583076142.608999968

1583076142.611000061

1583076142.614000082

1583076142.615999937

1583076142.617000103

1583076142.618999958

1583076142.621000051

1583076142.621999979

1583076142.625999928

1583076142.627000093

1583076142.628999949

1583076142.631000042

1583076142.632999897

1583076142.634000063

1583076142.638000011

1583076142.638999939

1583076142.641000032

1583076142.642999887

1583076142.644999981

1583076142.645999908

1583076142.650000095

1583076142.651999950

1583076142.653000116

1583076142.654999971

1583076142.657000065

1583076142.658999920

1583076142.661999941

1583076142.663000107

1583076142.664999962

1583076142.667000055

1583076142.668999910

1583076142.670000076

1583076142.674000025

1583076142.674999952

1583076142.677000046

1583076142.678999901

1583076142.680000067

1583076142.681999922

1583076142.684999943

1583076142.687000036

1583076142.688999891

1583076142.690999985

1583076142.691999912

1583076142.694000006

1583076142.697000027

1583076142.700000048

1583076142.701999903

1583076142.703999996

1583076142.706000090

1583076142.709000111

1583076142.710999966

1583076142.713000059

1583076142.714999914

1583076142.716000080

1583076142.717999935

1583076142.721999884

1583076142.723999977

1583076142.724999905

1583076142.726999998

1583076142.729000092

1583076142.730999947

1583076142.734999895

1583076142.736999989

1583076142.739000082

1583076142.740000010

1583076142.742000103

1583076142.743000031

1583076142.746999979

1583076142.749000072

1583076142.750000000

1583076142.752000093

1583076142.753999949

1583076142.755000114

1583076142.759000063

1583076142.760999918

1583076142.762000084

1583076142.763999939

1583076142.766000032

1583076142.766999960

1583076142.770999908

1583076142.773000002

1583076142.775000095

1583076142.776000023

1583076142.778000116

1583076142.779000044

1583076142.782999992

1583076142.785000086

1583076142.786999941

1583076142.788000107

1583076142.789999962

1583076142.790999889

1583076142.795000076

1583076142.796999931

1583076142.798000097

1583076142.802000046

1583076142.802999973

1583076142.806999922

1583076142.809000015

1583076142.809999943

1583076142.812000036

1583076142.813999891

1583076142.815000057

1583076142.819000006

1583076142.821000099

1583076142.822000027

1583076142.823999882

1583076142.825999975

1583076142.826999903

1583076142.831000090

1583076142.832000017

1583076142.834000111

1583076142.835999966

1583076142.838000059

1583076142.838999987

1583076142.842999935

1583076142.844000101

1583076142.845999956

1583076142.848000050

1583076142.849999905

1583076142.851000071

1583076142.855000019

1583076142.857000113

1583076142.858000040

1583076142.859999895

1583076142.861999989

1583076142.862999916

1583076142.867000103

1583076142.868000031

1583076142.869999886

1583076142.871999979

1583076142.872999907

1583076142.875000000

1583076142.878000021

1583076142.880000114

1583076142.885999918

1583076142.887000084

1583076142.891000032

1583076142.891999960

1583076142.894000053

1583076142.895999908

1583076142.898000002

1583076142.898999929

1583076142.901999950

1583076142.904000044

1583076142.904999971

1583076142.907000065

1583076142.908999920

1583076142.910000086

1583076142.914000034

1583076142.915999889

1583076142.917000055

1583076142.918999910

1583076142.921000004

1583076142.921999931

1583076142.926000118

1583076142.927999973

1583076142.928999901

1583076142.930999994

1583076142.933000088

1583076142.934000015

1583076142.937999964

1583076142.940999985

1583076142.941999912

1583076142.944000006

1583076142.946000099

1583076142.947999954

1583076142.950999975

1583076142.953000069

1583076142.953999996

1583076142.956000090

1583076142.957999945

1583076142.959000111

1583076142.963000059

1583076142.963999987

1583076142.966000080

1583076142.967999935

1583076142.969000101

1583076142.970999956

1583076142.973999977

1583076142.976000071

1583076142.977999926

1583076142.980000019

1583076142.980999947

1583076142.983000040

1583076142.986000061

1583076142.987999916

1583076142.989000082

1583076142.990999937

1583076142.993000031

1583076142.993999958

1583076142.996000051

1583076142.999000072

1583076143.000999928

1583076143.003000021

1583076143.005000114

1583076143.006000042

1583076143.007999897

1583076143.010999918

1583076143.013000011

1583076143.015000105

1583076143.016000032

1583076143.017999887

1583076143.019999981

1583076143.023000002

1583076143.025000095

1583076143.026999950

1583076143.028000116

1583076143.029999971

1583076143.032000065

1583076143.035000086

1583076143.036999941

1583076143.042999983

1583076143.046000004

1583076143.048000097

1583076143.049999952

1583076143.052000046

1583076143.052999973

1583076143.055000067

1583076143.059000015

1583076143.059999943

1583076143.062000036

1583076143.063999891

1583076143.065000057

1583076143.066999912

1583076143.071000099

1583076143.072999954

1583076143.073999882

1583076143.075999975

1583076143.078000069

1583076143.078999996

1583076143.082999945

1583076143.084000111

1583076143.085999966

1583076143.088000059

1583076143.088999987

1583076143.091000080

1583076143.094000101

1583076143.095999956

1583076143.098000050

1583076143.099999905

1583076143.102999926

1583076143.105999947

1583076143.108000040

1583076143.109999895

1583076143.111999989

1583076143.112999916

1583076143.115000010

1583076143.118000031

1583076143.119999886

1583076143.121999979

1583076143.124000072

1583076143.125000000

1583076143.127000093

1583076143.130000114

1583076143.131999969

1583076143.134000063

1583076143.135999918

1583076143.137000084

1583076143.138999939

1583076143.141999960

1583076143.144000053

1583076143.145999908

1583076143.148999929

1583076143.150000095

1583076143.151999950

1583076143.154999971

1583076143.157000065

1583076143.158999920

1583076143.161000013

1583076143.161999941

1583076143.164000034

1583076143.167000055

1583076143.168999910

1583076143.174000025

1583076143.176000118

1583076143.178999901

1583076143.180999994

1583076143.183000088

1583076143.184000015

1583076143.186000109

1583076143.187999964

1583076143.190999985

1583076143.193000078

1583076143.194999933

1583076143.197000027

1583076143.197999954

1583076143.200000048

1583076143.203000069

1583076143.204999924

1583076143.206000090

1583076143.207999945

1583076143.210000038

1583076143.210999966

1583076143.214999914

1583076143.217000008

1583076143.219000101

1583076143.220000029

1583076143.221999884

1583076143.223999977

1583076143.226999998

1583076143.229000092

1583076143.230999947

1583076143.233000040

1583076143.233999968

1583076143.236000061

1583076143.239000082

1583076143.240000010

1583076143.242000103

1583076143.243999958

1583076143.244999886

1583076143.246999979

1583076143.250000000

1583076143.252000093

1583076143.253999949

1583076143.255000114

1583076143.256999969

1583076143.259000063

1583076143.259999990

1583076143.263000011

1583076143.265000105

1583076143.266999960

1583076143.269000053

1583076143.269999981

1583076143.272000074

1583076143.275000095

1583076143.276999950

1583076143.279000044

1583076143.279999971

1583076143.282000065

1583076143.282999992

1583076143.286999941

1583076143.288000107

1583076143.289999962

1583076143.292999983

1583076143.295000076

1583076143.298000097

1583076143.301000118

1583076143.302999973

1583076143.305000067

1583076143.306999922

1583076143.309999943

1583076143.312000036

1583076143.313999891

1583076143.315999985

1583076143.316999912

1583076143.319000006

1583076143.322999954

1583076143.323999882

1583076143.325999975

1583076143.328000069

1583076143.329999924

1583076143.331000090

1583076143.335000038

1583076143.335999966

1583076143.338000059

1583076143.339999914

1583076143.342000008

1583076143.342999935

1583076143.346999884

1583076143.348000050

1583076143.349999905

1583076143.351999998

1583076143.354000092

1583076143.355000019

1583076143.359999895

1583076143.361999989

1583076143.362999916

1583076143.365000010

1583076143.367000103

1583076143.368000031

1583076143.371999979

1583076143.372999907

1583076143.375000000

1583076143.377000093

1583076143.378999949

1583076143.380000114

1583076143.384000063

1583076143.384999990

1583076143.387000084

1583076143.388999939

1583076143.390000105

1583076143.391999960

1583076143.394999981

1583076143.397000074

1583076143.398999929

1583076143.401000023

1583076143.404000044

1583076143.407000065

1583076143.408999920

1583076143.411000013

1583076143.413000107

1583076143.414000034

1583076143.415999889

1583076143.418999910

1583076143.421000004

1583076143.423000097

1583076143.424999952

1583076143.426000118

1583076143.427999973

1583076143.430999994

1583076143.433000088

1583076143.434999943

1583076143.437000036

1583076143.437999964

1583076143.440000057

1583076143.443000078

1583076143.444999933

1583076143.447000027

1583076143.448999882

1583076143.450000048

1583076143.451999903

1583076143.454999924

1583076143.457000017

1583076143.459000111

1583076143.463999987

1583076143.467000008

1583076143.469000101

1583076143.470999956

1583076143.473000050

1583076143.473999977

1583076143.476000071

1583076143.479000092

1583076143.480999947

1583076143.482000113

1583076143.483999968

1583076143.486000061

1583076143.487999916

1583076143.490999937

1583076143.493000031

1583076143.494999886

1583076143.496000051

1583076143.497999907

1583076143.500000000

1583076143.502000093

1583076143.503999949

1583076143.506000042

1583076143.507999897

1583076143.509000063

1583076143.510999918

1583076143.513999939

1583076143.516000032

1583076143.517999887

1583076143.519999981

1583076143.520999908

1583076143.523000002

1583076143.526000023

1583076143.528000116

1583076143.529999971

1583076143.532000065

1583076143.532999992

1583076143.535000086

1583076143.538000107

1583076143.539999962

1583076143.540999889

1583076143.542999983

1583076143.545000076

1583076143.546000004

1583076143.548000097

1583076143.551000118

1583076143.555000067

1583076143.676000118

1583076143.677999973

1583076143.678999901

1583076143.683000088

1583076143.684999943

1583076143.687000036

1583076143.687999964

1583076143.690000057

1583076143.691999912

1583076143.694999933

1583076143.697000027

1583076143.698999882

1583076143.700999975

1583076143.703999996

1583076143.707000017

1583076143.709000111

1583076143.710999966

1583076143.713000059

1583076143.713999987

1583076143.716000080

1583076143.719000101

1583076143.727999926

1583076143.730999947

1583076143.733000040

1583076143.734999895

1583076143.736999989

1583076143.737999916

1583076143.740000010

1583076143.743999958

1583076143.746000051

1583076143.750999928

1583076143.753000021

1583076143.756000042

1583076143.757999897

1583076143.759000063

1583076143.760999918

1583076143.763000011

1583076143.765000105

1583076143.767999887

1583076143.769999981

1583076143.772000074

1583076143.773000002

1583076143.776999950

1583076143.779999971

1583076143.782000065

1583076143.783999920

1583076143.786000013

1583076143.786999941

1583076143.789000034

1583076143.792999983

1583076143.793999910

1583076143.796000004

1583076143.798000097

1583076143.799999952

1583076143.802000046

1583076143.805000067

1583076143.806999922

1583076143.809000015

1583076143.811000109

1583076143.812000036

1583076143.815999985

1583076143.818000078

1583076143.819000006

1583076143.821000099

1583076143.822999954

1583076143.825000048

1583076143.828000069

1583076143.829999924

1583076143.832000017

1583076143.834000111

1583076143.835999966

1583076143.838999987

1583076143.841000080

1583076143.842999935

1583076143.845000029

1583076143.845999956

1583076143.865000010

1583076143.875000000

1583076143.878000021

1583076143.878999949

1583076143.881000042

1583076143.881999969

1583076143.885999918

1583076143.888999939

1583076143.891000032

1583076143.891999960

1583076143.894000053

1583076143.894999981

1583076143.898000002

1583076143.901000023

1583076143.903000116

1583076143.904000044

1583076143.904999971

1583076143.907000065

1583076143.914000034

1583076143.915999889

1583076143.917000055

1583076143.917999983

