0.000000000

0.010919357

0.021838714

0.032758071

0.043677429

0.054596786

0.065516143

0.076435500

0.087354857

0.098274214

0.109193572

0.120112929

0.131032286

0.141951643

0.152871000

0.163790357

0.174709714

0.185629072

0.196548429

0.207467786

0.218387143

0.229306500

0.240225857

0.251145215

0.262064572

0.272983929

0.283903286

0.294822643

0.305742000

0.316661358

0.327580715

0.338500072

0.349419429

0.360338786

0.371258143

0.382177500

0.393096858

0.404016215

0.414935572

0.425854929

0.436774286

0.447693643

0.458613001

0.469532358

0.480451715

0.491371072

0.502290429

0.513209786

0.524129143

0.535048501

0.545967858

0.556887215

0.567806572

0.578725929

0.589645286

0.600564644

0.611484001

0.622403358

0.633322715

0.644242072

0.655161429

0.666080787

0.677000144

0.687919501

0.698838858

0.709758215

0.720677572

0.731596929

0.742516287

0.753435644

0.764355001

0.775274358

0.786193715

0.797113072

0.808032430

0.818951787

0.829871144

0.840790501

0.851709858

0.862629215

0.873548572

0.884467930

0.895387287

0.906306644

0.917226001

0.928145358

0.939064715

0.949984073

0.960903430

0.971822787

0.982742144

0.993661501

1.004580858

1.015500215

1.026419573

1.037338930

1.048258287

1.059177644

1.070097001

1.081016358

1.091935716

1.102855073

1.113774430

1.124693787

1.135613144

1.146532501

1.157451859

1.168371216

1.179290573

1.190209930

1.201129287

1.212048644

1.222968001

1.233887359

1.244806716

1.255726073

1.266645430

1.277564787

1.288484144

1.299403502

1.310322859

1.321242216

1.332161573

1.343080930

1.354000287

1.364919644

1.375839002

1.386758359

1.397677716

1.408597073

1.419516430

1.430435787

1.441355145

1.452274502

1.463193859

1.474113216

1.485032573

1.495951930

1.506871288

1.517790645

1.528710002

1.539629359

1.550548716

1.561468073

1.572387430

1.583306788

1.594226145

1.605145502

1.616064859

1.626984216

1.637903573

1.648822931

1.659742288

1.670661645

1.681581002

1.692500359

1.703419716

1.714339073

1.725258431

1.736177788

1.747097145

1.758016502

1.768935859

1.779855216

1.790774574

1.801693931

1.812613288

1.823532645

1.834452002

1.845371359

1.856290717

1.867210074

1.878129431

1.889048788

1.899968145

1.910887502

1.921806859

1.932726217

1.943645574

1.954564931

1.965484288

1.976403645

1.987323002

1.998242360

2.009161717

2.020081074

2.031000431

2.041919788

2.052839145

2.063758502

2.074677860

2.085597217

2.096516574

2.107435931

2.118355288

2.129274645

2.140194003

2.151113360

2.162032717

2.172952074

2.183871431

2.194790788

2.205710145

2.216629503

2.227548860

2.238468217

2.249387574

2.260306931

2.271226288

2.282145646

2.293065003

2.303984360

2.314903717

2.325823074

2.336742431

2.347661789

2.358581146

2.369500503

2.380419860

2.391339217

2.402258574

2.413177931

2.424097289

2.435016646

2.445936003

2.456855360

2.467774717

2.478694074

2.489613432

2.500532789

2.511452146

2.522371503

2.533290860

2.544210217

2.555129574

2.566048932

2.576968289

2.587887646

2.598807003

2.609726360

2.620645717

2.631565075

2.642484432

2.653403789

2.664323146

2.675242503

2.686161860

2.697081218

2.708000575

2.718919932

2.729839289

2.740758646

2.751678003

2.762597360

2.773516718

2.784436075

2.795355432

2.806274789

2.817194146

2.828113503

2.839032861

2.849952218

2.860871575

2.871790932

2.882710289

2.893629646

2.904549003

2.915468361

2.926387718

2.937307075

2.948226432

2.959145789

2.970065146

2.980984504

2.991903861

3.002823218

3.013742575

3.024661932

3.035581289

3.046500646

3.057420004

3.068339361

3.079258718

3.090178075

3.101097432

3.112016789

3.122936147

3.133855504

3.144774861

3.155694218

3.166613575

3.177532932

3.188452290

3.199371647

3.210291004

3.221210361

3.232129718

3.243049075

3.253968432

3.264887790

3.275807147

3.286726504

3.297645861

3.308565218

3.319484575

3.330403933

3.341323290

3.352242647

3.363162004

3.374081361

3.385000718

3.395920075

3.406839433

3.417758790

3.428678147

3.439597504

3.450516861

3.461436218

3.472355576

3.483274933

3.494194290

3.505113647

3.516033004

3.526952361

3.537871719

3.548791076

3.559710433

3.570629790

3.581549147

3.592468504

3.603387861

3.614307219

3.625226576

3.636145933

3.647065290

3.657984647

3.668904004

3.679823362

3.690742719

3.701662076

3.712581433

3.723500790

3.734420147

3.745339504

3.756258862

3.767178219

3.778097576

3.789016933

3.799936290

3.810855647

3.821775005

3.832694362

3.843613719

3.854533076

3.865452433

3.876371790

3.887291148

3.898210505

3.909129862

3.920049219

3.930968576

3.941887933

3.952807290

3.963726648

3.974646005

3.985565362

3.996484719

4.007404076

4.018323433

4.029242791

4.040162148

4.051081505

4.062000862

4.072920219

4.083839576

4.094758933

4.105678291

4.116597648

4.127517005

4.138436362

4.149355719

4.160275076

4.171194434

4.182113791

4.193033148

4.203952505

4.214871862

4.225791219

4.236710576

4.247629934

4.258549291

4.269468648

4.280388005

4.291307362

4.302226719

4.313146077

4.324065434

4.334984791

4.345904148

4.356823505

4.367742862

4.378662220

4.389581577

4.400500934

4.411420291

4.422339648

4.433259005

4.444178362

4.455097720

4.466017077

4.476936434

4.487855791

4.498775148

4.509694505

4.520613863

4.531533220

4.542452577

4.553371934

4.564291291

4.575210648

4.586130005

4.597049363

4.607968720

4.618888077

4.629807434

4.640726791

4.651646148

4.662565506

4.673484863

4.684404220

4.695323577

4.706242934

4.717162291

4.728081649

4.739001006

4.749920363

4.760839720

4.771759077

4.782678434

4.793597791

4.804517149

4.815436506

4.826355863

4.837275220

4.848194577

4.859113934

4.870033292

4.880952649

4.891872006

4.902791363

4.913710720

4.924630077

4.935549434

4.946468792

4.957388149

4.968307506

4.979226863

4.990146220

5.001065577

5.011984935

5.022904292

5.033823649

5.044743006

5.055662363

5.066581720

5.077501077

5.088420435

5.099339792

5.110259149

5.121178506

5.132097863

5.143017220

5.153936578

5.164855935

5.175775292

5.186694649

5.197614006

5.208533363

5.219452721

5.230372078

5.241291435

5.252210792

5.263130149

5.274049506

5.284968863

5.295888221

5.306807578

5.317726935

5.328646292

5.339565649

5.350485006

5.361404364

5.372323721

5.383243078

5.394162435

5.405081792

5.416001149

5.426920506

5.437839864

5.448759221

5.459678578

5.470597935

5.481517292

5.492436649

5.503356007

5.514275364

5.525194721

5.536114078

5.547033435

5.557952792

5.568872150

5.579791507

5.590710864

5.601630221

5.612549578

5.623468935

5.634388292

5.645307650

5.656227007

5.667146364

5.678065721

5.688985078

5.699904435

5.710823793

5.721743150

5.732662507

5.743581864

5.754501221

5.765420578

5.776339935

5.787259293

5.798178650

5.809098007

5.820017364

5.830936721

5.841856078

5.852775436

5.863694793

5.874614150

5.885533507

5.896452864

5.907372221

5.918291578

5.929210936

5.940130293

5.951049650

5.961969007

5.972888364

5.983807721

5.994727079

6.005646436

6.016565793

6.027485150

6.038404507

6.049323864

6.060243222

6.071162579

6.082081936

6.093001293

6.103920650

6.114840007

6.125759364

6.136678722

6.147598079

6.158517436

6.169436793

6.180356150

6.191275507

6.202194865

6.213114222

6.224033579

6.234952936

6.245872293

6.256791650

6.267711007

6.278630365

6.289549722

6.300469079

6.311388436

6.322307793

6.333227150

6.344146508

6.355065865

6.365985222

6.376904579

6.387823936

6.398743293

6.409662651

6.420582008

6.431501365

6.442420722

6.453340079

6.464259436

6.475178793

6.486098151

6.497017508

6.507936865

6.518856222

6.529775579

6.540694936

6.551614294

6.562533651

6.573453008

6.584372365

6.595291722

6.606211079

6.617130436

6.628049794

6.638969151

6.649888508

6.660807865

6.671727222

6.682646579

6.693565937

6.704485294

6.715404651

6.726324008

6.737243365

6.748162722

6.759082080

6.770001437

6.780920794

6.791840151

6.802759508

6.813678865

6.824598222

6.835517580

6.846436937

6.857356294

6.868275651

6.879195008

6.890114365

6.901033723

6.911953080

6.922872437

6.933791794

6.944711151

6.955630508

6.966549865

6.977469223

6.988388580

6.999307937

7.010227294

7.021146651

7.032066008

7.042985366

7.053904723

7.064824080

7.075743437

7.086662794

7.097582151

7.108501508

7.119420866

7.130340223

7.141259580

7.152178937

7.163098294

7.174017651

7.184937009

7.195856366

7.206775723

7.217695080

7.228614437

7.239533794

7.250453152

7.261372509

7.272291866

7.283211223

7.294130580

7.305049937

7.315969294

7.326888652

7.337808009

7.348727366

7.359646723

7.370566080

7.381485437

7.392404795

7.403324152

7.414243509

7.425162866

7.436082223

7.447001580

7.457920937

7.468840295

7.479759652

7.490679009

7.501598366

7.512517723

7.523437080

7.534356438

7.545275795

7.556195152

7.567114509

7.578033866

7.588953223

7.599872581

7.610791938

7.621711295

7.632630652

7.643550009

7.654469366

7.665388723

7.676308081

7.687227438

7.698146795

7.709066152

7.719985509

7.730904866

7.741824224

7.752743581

7.763662938

7.774582295

7.785501652

7.796421009

7.807340366

7.818259724

7.829179081

7.840098438

7.851017795

7.861937152

7.872856509

7.883775867

7.894695224

7.905614581

7.916533938

7.927453295

7.938372652

7.949292009

7.960211367

7.971130724

7.982050081

7.992969438

8.003888795

8.014808152

8.025727510

8.036646867

8.047566224

8.058485581

8.069404938

8.080324295

8.091243653

8.102163010

8.113082367

8.124001724

8.134921081

8.145840438

8.156759795

8.167679153

8.178598510

8.189517867

8.200437224

8.211356581

8.222275938

8.233195296

8.244114653

8.255034010

8.265953367

8.276872724

8.287792081

8.298711438

8.309630796

8.320550153

8.331469510

8.342388867

8.353308224

8.364227581

8.375146939

8.386066296

8.396985653

8.407905010

8.418824367

8.429743724

8.440663082

8.451582439

8.462501796

8.473421153

8.484340510

8.495259867

8.506179224

8.517098582

8.528017939

8.538937296

8.549856653

8.560776010

8.571695367

8.582614725

8.593534082

8.604453439

8.615372796

8.626292153

8.637211510

8.648130867

8.659050225

8.669969582

8.680888939

8.691808296

8.702727653

8.713647010

8.724566368

8.735485725

8.746405082

8.757324439

8.768243796

8.779163153

8.790082511

8.801001868

8.811921225

8.822840582

8.833759939

8.844679296

8.855598653

8.866518011

8.877437368

8.888356725

8.899276082

8.910195439

8.921114796

8.932034154

8.942953511

8.953872868

8.964792225

8.975711582

8.986630939

8.997550296

9.008469654

9.019389011

9.030308368

9.041227725

9.052147082

9.063066439

9.073985797

9.084905154

9.095824511

9.106743868

9.117663225

9.128582582

9.139501939

9.150421297

9.161340654

9.172260011

9.183179368

9.194098725

9.205018082

9.215937440

9.226856797

9.237776154

9.248695511

9.259614868

9.270534225

9.281453583

9.292372940

9.303292297

9.314211654

9.325131011

9.336050368

9.346969725

9.357889083

9.368808440

9.379727797

9.390647154

9.401566511

9.412485868

9.423405226

9.434324583

9.445243940

9.456163297

9.467082654

9.478002011

9.488921368

9.499840726

9.510760083

9.521679440

9.532598797

9.543518154

9.554437511

9.565356869

9.576276226

9.587195583

9.598114940

9.609034297

9.619953654

9.630873012

9.641792369

9.652711726

9.663631083

9.674550440

9.685469797

9.696389154

9.707308512

9.718227869

9.729147226

9.740066583

9.750985940

9.761905297

9.772824655

9.783744012

9.794663369

9.805582726

9.816502083

9.827421440

9.838340797

9.849260155

9.860179512

9.871098869

9.882018226

9.892937583

9.903856940

9.914776298

9.925695655

9.936615012

9.947534369

9.958453726

9.969373083

9.980292440

9.991211798

10.002131155

10.013050512

10.023969869

10.034889226

10.045808583

10.056727941

10.067647298

10.078566655

10.089486012

10.100405369

10.111324726

10.122244084

10.133163441

10.144082798

10.155002155

10.165921512

10.176840869

10.187760226

10.198679584

10.209598941

10.220518298

10.231437655

10.242357012

10.253276369

10.264195727

10.275115084

10.286034441

10.296953798

10.307873155

10.318792512

10.329711869

10.340631227

10.351550584

10.362469941

10.373389298

10.384308655

10.395228012

10.406147370

10.417066727

10.427986084

10.438905441

10.449824798

10.460744155

10.471663513

10.482582870

10.493502227

10.504421584

10.515340941

10.526260298

10.537179655

10.548099013

10.559018370

10.569937727

10.580857084

10.591776441

10.602695798

10.613615156

10.624534513

10.635453870

10.646373227

10.657292584

10.668211941

10.679131298

10.690050656

10.700970013

10.711889370

10.722808727

10.733728084

10.744647441

10.755566799

10.766486156

10.777405513

10.788324870

10.799244227

10.810163584

10.821082941

10.832002299

10.842921656

10.853841013

10.864760370

10.875679727

10.886599084

10.897518442

10.908437799

10.919357156

10.930276513

10.941195870

10.952115227

10.963034585

10.973953942

10.984873299

10.995792656

11.006712013

11.017631370

11.028550727

11.039470085

11.050389442

11.061308799

11.072228156

11.083147513

11.094066870

11.104986228

11.115905585

11.126824942

11.137744299

11.148663656

11.159583013

11.170502370

11.181421728

11.192341085

11.203260442

11.214179799

11.225099156

11.236018513

11.246937871

11.257857228

11.268776585

11.279695942

11.290615299

11.301534656

11.312454014

11.323373371

11.334292728

11.345212085

11.356131442

11.367050799

11.377970156

11.388889514

11.399808871

11.410728228

11.421647585

11.432566942

11.443486299

11.454405657

11.465325014

11.476244371

11.487163728

11.498083085

11.509002442

11.519921799

11.530841157

11.541760514

11.552679871

11.563599228

11.574518585

11.585437942

11.596357300

11.607276657

11.618196014

11.629115371

11.640034728

11.650954085

11.661873443

11.672792800

11.683712157

11.694631514

11.705550871

11.716470228

11.727389585

11.738308943

11.749228300

11.760147657

11.771067014

11.781986371

11.792905728

11.803825086

11.814744443

11.825663800

11.836583157

11.847502514

11.858421871

11.869341228

11.880260586

11.891179943

11.902099300

11.913018657

11.923938014

11.934857371

11.945776729

11.956696086

11.967615443

11.978534800

11.989454157

12.000373514

12.011292871

12.022212229

12.033131586

12.044050943

12.054970300

12.065889657

12.076809014

12.087728372

12.098647729

12.109567086

12.120486443

12.131405800

12.142325157

12.153244515

12.164163872

12.175083229

12.186002586

12.196921943

12.207841300

12.218760657

12.229680015

12.240599372

12.251518729

12.262438086

12.273357443

12.284276800

12.295196158

12.306115515

12.317034872

12.327954229

12.338873586

12.349792943

12.360712300

12.371631658

12.382551015

12.393470372

12.404389729

12.415309086

12.426228443

12.437147801

12.448067158

12.458986515

12.469905872

12.480825229

12.491744586

12.502663944

12.513583301

12.524502658

12.535422015

12.546341372

12.557260729

12.568180086

12.579099444

12.590018801

12.600938158

12.611857515

12.622776872

12.633696229

12.644615587

12.655534944

12.666454301

12.677373658

12.688293015

12.699212372

12.710131729

12.721051087

12.731970444

12.742889801

12.753809158

12.764728515

12.775647872

12.786567230

12.797486587

12.808405944

12.819325301

12.830244658

12.841164015

12.852083372

12.863002730

12.873922087

12.884841444

12.895760801

12.906680158

12.917599515

12.928518873

12.939438230

12.950357587

12.961276944

12.972196301

12.983115658

12.994035016

13.004954373

13.015873730

13.026793087

13.037712444

13.048631801

13.059551158

13.070470516

13.081389873

13.092309230

13.103228587

13.114147944

13.125067301

13.135986659

13.146906016

13.157825373

13.168744730

13.179664087

13.190583444

13.201502801

13.212422159

13.223341516

13.234260873

13.245180230

13.256099587

13.267018944

13.277938302

13.288857659

13.299777016

13.310696373

13.321615730

13.332535087

13.343454445

13.354373802

13.365293159

13.376212516

13.387131873

13.398051230

13.408970587

13.419889945

13.430809302

13.441728659

13.452648016

13.463567373

13.474486730

13.485406088

13.496325445

13.507244802

13.518164159

13.529083516

13.540002873

13.550922230

13.561841588

13.572760945

13.583680302

13.594599659

13.605519016

13.616438373

13.627357731

13.638277088

13.649196445

13.660115802

13.671035159

13.681954516

13.692873874

13.703793231

13.714712588

13.725631945

13.736551302

13.747470659

13.758390016

13.769309374

13.780228731

13.791148088

13.802067445

13.812986802

13.823906159

13.834825517

13.845744874

13.856664231

13.867583588

13.878502945

13.889422302

13.900341659

13.911261017

13.922180374

13.933099731

13.944019088

13.954938445

13.965857802

13.976777160

13.987696517

13.998615874

14.009535231

14.020454588

14.031373945

14.042293302

14.053212660

14.064132017

14.075051374

14.085970731

14.096890088

14.107809445

14.118728803

14.129648160

14.140567517

14.151486874

14.162406231

14.173325588

14.184244946

14.195164303

14.206083660

14.217003017

14.227922374

14.238841731

14.249761088

14.260680446

14.271599803

14.282519160

14.293438517

14.304357874

14.315277231

14.326196589

14.337115946

14.348035303

14.358954660

14.369874017

14.380793374

14.391712731

14.402632089

14.413551446

14.424470803

14.435390160

14.446309517

14.457228874

14.468148232

14.479067589

14.489986946

14.500906303

14.511825660

14.522745017

14.533664375

14.544583732

14.555503089

14.566422446

14.577341803

14.588261160

14.599180517

14.610099875

14.621019232

14.631938589

14.642857946

14.653777303

14.664696660

14.675616018

14.686535375

14.697454732

14.708374089

14.719293446

14.730212803

14.741132160

14.752051518

14.762970875

14.773890232

14.784809589

14.795728946

14.806648303

14.817567661

14.828487018

14.839406375

14.850325732

14.861245089

14.872164446

14.883083803

14.894003161

14.904922518

14.915841875

14.926761232

14.937680589

14.948599946

14.959519304

14.970438661

14.981358018

14.992277375

15.003196732

15.014116089

15.025035447

15.035954804

15.046874161

15.057793518

15.068712875

15.079632232

15.090551589

15.101470947

15.112390304

15.123309661

15.134229018

15.145148375

15.156067732

15.166987090

15.177906447

15.188825804

15.199745161

15.210664518

15.221583875

15.232503232

15.243422590

15.254341947

15.265261304

15.276180661

15.287100018

15.298019375

15.308938733

15.319858090

15.330777447

15.341696804

15.352616161

15.363535518

15.374454876

15.385374233

15.396293590

15.407212947

15.418132304

15.429051661

15.439971018

15.450890376

15.461809733

15.472729090

15.483648447

15.494567804

15.505487161

15.516406519

15.527325876

15.538245233

15.549164590

15.560083947

15.571003304

15.581922661

15.592842019

15.603761376

15.614680733

15.625600090

15.636519447

15.647438804

15.658358162

15.669277519

15.680196876

15.691116233

15.702035590

15.712954947

15.723874305

15.734793662

15.745713019

15.756632376

15.767551733

15.778471090

15.789390447

15.800309805

15.811229162

15.822148519

15.833067876

15.843987233

15.854906590

15.865825948

15.876745305

15.887664662

15.898584019

15.909503376

15.920422733

15.931342090

15.942261448

15.953180805

15.964100162

15.975019519

15.985938876

15.996858233

16.007777591

16.018696948

16.029616305

16.040535662

16.051455019

16.062374376

16.073293733

16.084213091

16.095132448

16.106051805

16.116971162

16.127890519

16.138809876

16.149729234

16.160648591

16.171567948

16.182487305

16.193406662

16.204326019

16.215245377

16.226164734

16.237084091

16.248003448

16.258922805

16.269842162

16.280761519

16.291680877

16.302600234

16.313519591

16.324438948

16.335358305

16.346277662

16.357197020

16.368116377

16.379035734

16.389955091

16.400874448

16.411793805

16.422713162

16.433632520

16.444551877

16.455471234

16.466390591

16.477309948

16.488229305

16.499148663

16.510068020

16.520987377

16.531906734

16.542826091

16.553745448

16.564664806

16.575584163

16.586503520

16.597422877

16.608342234

16.619261591

16.630180948

16.641100306

16.652019663

16.662939020

16.673858377

16.684777734

16.695697091

16.706616449

16.717535806

16.728455163

16.739374520

16.750293877

16.761213234

16.772132591

16.783051949

16.793971306

16.804890663

16.815810020

16.826729377

16.837648734

16.848568092

16.859487449

16.870406806

16.881326163

16.892245520

16.903164877

16.914084234

16.925003592

16.935922949

16.946842306

16.957761663

16.968681020

16.979600377

16.990519735

17.001439092

17.012358449

17.023277806

17.034197163

17.045116520

17.056035878

17.066955235

17.077874592

17.088793949

17.099713306

17.110632663

17.121552020

17.132471378

17.143390735

17.154310092

17.165229449

17.176148806

17.187068163

17.197987521

17.208906878

17.219826235

17.230745592

17.241664949

17.252584306

17.263503663

17.274423021

17.285342378

17.296261735

17.307181092

17.318100449

17.329019806

17.339939164

17.350858521

17.361777878

17.372697235

17.383616592

17.394535949

17.405455307

17.416374664

17.427294021

17.438213378

17.449132735

17.460052092

17.470971449

17.481890807

17.492810164

17.503729521

17.514648878

17.525568235

17.536487592

17.547406950

17.558326307

17.569245664

17.580165021

17.591084378

17.602003735

17.612923092

17.623842450

17.634761807

17.645681164

17.656600521

17.667519878

17.678439235

17.689358593

17.700277950

17.711197307

17.722116664

17.733036021

17.743955378

17.754874735

17.765794093

17.776713450

17.787632807

17.798552164

17.809471521

17.820390878

17.831310236

17.842229593

17.853148950

17.864068307

17.874987664

17.885907021

17.896826379

17.907745736

17.918665093

17.929584450

17.940503807

17.951423164

17.962342521

17.973261879

17.984181236

17.995100593

18.006019950

18.016939307

18.027858664

18.038778022

18.049697379

18.060616736

18.071536093

18.082455450

18.093374807

18.104294164

18.115213522

18.126132879

18.137052236

18.147971593

18.158890950

18.169810307

18.180729665

18.191649022

18.202568379

18.213487736

18.224407093

18.235326450

18.246245808

18.257165165

18.268084522

18.279003879

18.289923236

18.300842593

18.311761950

18.322681308

18.333600665

18.344520022

18.355439379

18.366358736

18.377278093

18.388197451

18.399116808

18.410036165

18.420955522

18.431874879

18.442794236

18.453713593

18.464632951

18.475552308

18.486471665

18.497391022

18.508310379

18.519229736

18.530149094

18.541068451

18.551987808

18.562907165

18.573826522

18.584745879

18.595665237

18.606584594

18.617503951

18.628423308

18.639342665

18.650262022

18.661181379

18.672100737

18.683020094

18.693939451

18.704858808

18.715778165

18.726697522

18.737616880

18.748536237

18.759455594

18.770374951

18.781294308

18.792213665

18.803133022

18.814052380

18.824971737

18.835891094

18.846810451

18.857729808

18.868649165

18.879568523

18.890487880

18.901407237

18.912326594

18.923245951

18.934165308

18.945084665

18.956004023

18.966923380

18.977842737

18.988762094

18.999681451

19.010600808

19.021520166

19.032439523

19.043358880

19.054278237

19.065197594

19.076116951

19.087036309

19.097955666

19.108875023

19.119794380

19.130713737

19.141633094

19.152552451

19.163471809

19.174391166

19.185310523

19.196229880

19.207149237

19.218068594

19.228987952

19.239907309

19.250826666

19.261746023

19.272665380

19.283584737

19.294504094

19.305423452

19.316342809

19.327262166

19.338181523

19.349100880

19.360020237

19.370939595

19.381858952

19.392778309

19.403697666

19.414617023

19.425536380

19.436455738

19.447375095

19.458294452

19.469213809

19.480133166

19.491052523

19.501971880

19.512891238

19.523810595

19.534729952

19.545649309

19.556568666

19.567488023

19.578407381

19.589326738

19.600246095

19.611165452

19.622084809

19.633004166

19.643923523

19.654842881

19.665762238

19.676681595

19.687600952

19.698520309

19.709439666

19.720359024

19.731278381

19.742197738

19.753117095

19.764036452

19.774955809

19.785875166

19.796794524

19.807713881

19.818633238

19.829552595

19.840471952

19.851391309

19.862310667

19.873230024

19.884149381

19.895068738

19.905988095

19.916907452

19.927826810

19.938746167

19.949665524

19.960584881

19.971504238

19.982423595

19.993342952

20.004262310

20.015181667

20.026101024

20.037020381

20.047939738

20.058859095

20.069778453

20.080697810

20.091617167

20.102536524

20.113455881

20.124375238

20.135294595

20.146213953

20.157133310

20.168052667

20.178972024

20.189891381

20.200810738

20.211730096

20.222649453

20.233568810

20.244488167

20.255407524

20.266326881

20.277246239

20.288165596

20.299084953

20.310004310

20.320923667

20.331843024

20.342762381

20.353681739

20.364601096

20.375520453

20.386439810

20.397359167

20.408278524

20.419197882

20.430117239

20.441036596

20.451955953

20.462875310

20.473794667

20.484714024

20.495633382

20.506552739

20.517472096

20.528391453

20.539310810

20.550230167

20.561149525

20.572068882

20.582988239

20.593907596

20.604826953

20.615746310

20.626665668

20.637585025

20.648504382

20.659423739

20.670343096

20.681262453

20.692181810

20.703101168

20.714020525

20.724939882

20.735859239

20.746778596

20.757697953

20.768617311

20.779536668

20.790456025

20.801375382

20.812294739

20.823214096

20.834133453

20.845052811

20.855972168

20.866891525

20.877810882

20.888730239

