nSeg: 23

breaks: 
0.000000000000000
0.331608699715656
0.663217399431312
0.994826099146967
1.326434798862623
1.658043498578279
1.989652198293935
2.321260898009590
2.652869597725246
2.984478297440902
3.316086997156558
3.647695696872213
3.979304396587870
4.310913096303525
4.642521796019181
4.974130495734837
5.305739195450492
5.637347895166148
5.968956594881804
6.300565294597460
6.632173994313115
6.963782694028771
7.295391393744427
7.627000093460083

coefs_q:
q1:
0.000037070680687
-0.000019310761432
-0.000000000000000
-1.577057957999999
q2:
-0.072038329476472
-0.012774794928265
0.000000000000000
1.255609989000000
q3:
-0.088899906625621
0.051210238960771
0.000000000000000
-2.772014141000001
q4:
0.123442959344432
-0.028760433058244
-0.000000000000000
1.644895315000000
q5:
-0.000119426083205
0.015051116174391
-0.000000000000000
-1.058354259000000
q6:
0.143405724900489
-0.081354408736821
-0.000000000000000
-0.404700875000000
q7:
-0.000554318136470
0.000214079966819
0.000000000000000
-0.467450142000000

q1:
-0.000039939042558
0.000017568119229
-0.000000577875315
-1.577058729707806
q2:
0.048947078272798
-0.084440405230407
-0.032237406117214
1.251578330304526
q3:
0.081961698923971
-0.037229708362126
0.004636065573151
-2.769624587907002
q4:
-0.109905848364452
0.094043844653535
0.021648547232117
1.646234056618155
q5:
0.005426699958084
0.014932307989900
0.009942764300143
-1.056703527985696
q6:
-0.129114385739365
0.061309349161275
-0.006647116141570
-0.408417649855885
q7:
0.000997261931102
-0.000337370182572
-0.000040884108133
-0.467446814121959

q1:
0.000036913591209
-0.000022164282683
-0.000002102003102
-1.577058445852147
q2:
-0.156981380304678
-0.035746574287638
-0.072092454117945
1.233387554910566
q3:
-0.047342551636757
0.044307928857866
0.006983265068044
-2.769192424281659
q4:
0.160880729156483
-0.015293361748311
0.047762892470298
1.659746640686745
q5:
0.025661384543810
0.020330930740442
0.021636361043275
-1.051566514294420
q6:
0.087877646786596
-0.067137011547575
-0.008579619687872
-0.408588222563670
q7:
-0.002008010367174
0.000654732014174
0.000064355836184
-0.467461105049531

q1:
-0.000017809975260
0.000014558321264
-0.000004624206078
-1.577060234116309
q2:
0.106194434370987
-0.191915748494847
-0.147587260950091
1.199825875671046
q3:
-0.018265816978007
-0.002789677110593
0.020751078544425
-2.763730773358248
q4:
-0.135313138795700
0.144754986466353
0.090693493506124
1.679770043524671
q5:
-0.046114613529654
0.045859545824871
0.043585698910658
-1.041220285888474
q6:
0.018791374867356
0.020285965007350
-0.024115834311394
-0.415611505893926
q7:
0.003927787104611
-0.001342889106448
-0.000163843042385
-0.467440989283144

q1:
0.000013832014780
-0.000003159506950
-0.000000844260085
-1.577060816090268
q2:
0.054128912151591
-0.086270753598439
-0.239836325187692
1.133653163009748
q3:
0.045466793107589
-0.020960988562556
0.012875151183171
-2.757822365519415
q4:
-0.028753301213836
0.010141944434894
0.142058663352232
1.720828469060497
q5:
0.006134390482285
-0.000016475266505
0.058787659929490
-1.023405550031577
q6:
-0.070591580119286
0.038980115164251
-0.004462686528445
-0.420692563910311
q7:
-0.007696787113934
0.002564576017112
0.000241278965520
-0.467499763700794

q1:
-0.000037691156150
0.000010600942357
0.000001623384634
-1.577060939101126
q2:
-0.036311290220093
-0.032421899071603
-0.279195841405407
1.046608463206710
q3:
-0.040845656569406
0.024270563865389
0.013972635145954
-2.754199861986202
q4:
-0.021268734361940
-0.018462590049264
0.139299464879256
1.768003116999419
q5:
-0.040143241091455
0.006086176487631
0.060800425659090
-1.003689170918104
q6:
0.054030838967948
-0.031246231118439
-0.001898063296262
-0.420460138383245
q7:
0.016908233032442
-0.005092388683407
-0.000596965705875
-0.467418405944359

q1:
0.000077163725178
-0.000026895203488
-0.000003779934112
-1.577060609459987
q2:
0.111850364637120
-0.068545318276251
-0.312677449064036
0.949135345012259
q3:
0.000333241774403
-0.016363761326650
0.016594599654734
-2.748386960437513
q4:
-0.121907338034190
-0.039621282088346
0.120038347565253
1.811390237949995
q5:
0.031677365595090
-0.033849367454497
0.051593910002610
-0.984321786945699
q6:
-0.029683580108037
0.022505057645683
-0.004796712465552
-0.422555282066029
q7:
-0.073191077934718
0.011728362827725
0.001603581051469
-0.467559785185664

q1:
-0.000145417928129
0.000049869284226
0.000003838470929
-1.577062006646901
q2:
0.062961674173672
0.042726343663861
-0.321239245663242
0.841989880625169
q3:
-0.030926224549461
-0.016032243712148
0.005851802547837
-2.744671325165713
q4:
0.012570344950158
-0.160897883642290
0.053544447749249
1.842393703840531
q5:
-0.096938247940319
-0.002335897408282
0.039594561372598
-0.969779901336639
q6:
0.053107506353012
-0.007024942561912
0.000336628368826
-0.422753575630053
q7:
0.085253163471570
-0.061084031726433
-0.014763188135628
-0.468407244255475

q1:
0.000285559462649
-0.000094796265960
-0.000011059707066
-1.577060552617554
q2:
0.146236324466985
0.105362260377818
-0.272131776234275
0.742458431348594
q3:
0.037694530054268
-0.046798459042031
-0.014983405094697
-2.745621520214657
q4:
-0.250646057221692
-0.148392576410592
-0.049018959543344
1.842914859849005
q5:
0.089063989956888
-0.098772596464891
0.006066105189107
-0.960441731374491
q6:
-0.098484327036188
0.045807790818677
0.013197358250521
-0.421477867796623
q7:
-0.147696530012727
0.023728040329929
-0.027150759869212
-0.476911142930466

q1:
-0.000533864109666
0.000189285740342
0.000020273824671
-1.577064231358010
q2:
0.065287896149262
0.250841972600899
-0.154011353702990
0.669135783569049
q3:
0.014931927597897
-0.009298956748966
-0.033585796202558
-2.754361772997989
q4:
0.388592210514177
-0.397741815783015
-0.230121875208666
1.801202015553436
q5:
-0.007436892686439
-0.010169414761615
-0.030060013498123
-0.966043890656831
q6:
0.074803806885804
-0.052166988073848
0.011088593117499
-0.415655529604189
q7:
0.155166475584005
-0.123204322480175
-0.060137960445603
-0.488691105986914

q1:
0.000982026349791
-0.000341816209352
-0.000030306605824
-1.577056161125114
q2:
-0.142266739695970
0.315792075648582
0.033889426251639
0.648028679726417
q3:
0.049050403326706
0.005555714535996
-0.034827087885522
-2.765977174094640
q4:
-0.139819647589888
-0.011160142838299
-0.365717322018265
1.695324252412390
q5:
-0.003794116424794
-0.017567829702639
-0.039257925068610
-0.977401512771034
q6:
-0.050100024516940
0.022249791331700
0.001167790406697
-0.414987233113649
q7:
-0.066059549358955
0.031159337143444
-0.090660878348463
-0.516523292139935

q1:
-0.001839239058186
0.000635129233470
0.000066958544713
-1.577067988932682
q2:
-0.142167486487921
0.174261409958483
0.196395425404923
0.688804797302180
q3:
-0.013570933298010
0.054352335939088
-0.014961057164980
-2.775126579742955
q4:
0.142998221511966
-0.150256377434251
-0.419244444418471
1.567723447765913
q5:
0.061652134815911
-0.021342315745226
-0.052160867806323
-0.992489969817160
q6:
0.005095569874794
-0.027591020625655
-0.000603407694354
-0.413980204091634
q7:
-0.003520975622269
-0.034558426656732
-0.091788046002182
-0.545569682449579

q1:
0.003690069286174
-0.001194593784183
-0.000118564767486
-1.577043011424694
q2:
-0.040952768192475
0.032829483950176
0.265068567456926
0.767909612445690
q3:
0.011452622533769
0.040851617304445
0.016609401977898
-2.774605844090326
q4:
0.114665000019341
-0.007998014542547
-0.471722977566189
1.417389949365331
q5:
0.012739104938693
0.039990837037770
-0.045976855908883
-1.009885707800259
q6:
-0.032955401116813
-0.022521814724184
-0.017221259863779
-0.417028516812409
q7:
-0.004676199946126
-0.038061185100226
-0.115869341030762
-0.579935984085679

q1:
-0.008415953638194
0.002476383449363
0.000306487836693
-1.577079132387535
q2:
0.057357030919983
-0.007911398680014
0.273331621312768
0.857925379683134
q3:
-0.013413153983980
0.052244985104717
0.047481045250745
-2.764188179831065
q4:
-0.150990984557089
0.106073720135381
-0.439200220360854
1.264264283788513
q5:
-0.150664081416172
0.052664031110554
-0.015251695559892
-1.020269934517895
q6:
0.110962153184964
-0.055306707863046
-0.043029875039721
-0.426417555596749
q7:
0.089586624838539
-0.042713190851462
-0.142654826810445
-0.622715156541406

q1:
0.049239753491984
-0.005896026879124
-0.000827495674541
-1.577012073338365
q2:
-0.053078743631663
0.049148872648765
0.287006326435104
0.949786083061687
q3:
0.018857948998959
0.038901229449576
0.077705922943099
-2.743187079767902
q4:
-0.005204757720317
-0.044136052037908
-0.418661150779631
1.124780089697670
q5:
0.060753255677017
-0.097220529286258
-0.030027017983820
-1.025030349642663
q6:
-0.110458244587228
0.055081338142900
-0.043104609599574
-0.442722152404194
q7:
-0.070069070792356
0.046409921672404
-0.141428958709713
-0.671450877793374

q1:
-0.051214205876070
0.043088965010265
0.011506006177732
-1.576139296813567
q2:
-0.035661889557373
-0.003655246825944
0.302092408539561
1.048428977417041
q3:
-0.036019479977312
0.057661609290123
0.109727000338423
-2.712453714547022
q4:
0.166972714684863
-0.049313880857817
-0.449649961515698
0.980905226328486
q5:
0.132748710610508
-0.036781604930613
-0.074463291470600
-1.043462985102562
q6:
0.063479825141667
-0.054805406438434
-0.043013108245846
-0.454986907587164
q7:
-0.056981117104114
-0.023296618694808
-0.133764386363178
-0.715801592626872

q1:
0.061792613126208
-0.007860263642335
0.023188150031022
-1.569453088503026
q2:
-0.014691452699997
-0.039132625302515
0.287903577899443
1.146903086058063
q3:
-0.070211093515092
0.021828490530991
0.136086608980371
-2.671040021386650
q4:
-0.112261428950030
0.116794933556104
-0.427272657374975
0.832463300887896
q5:
-0.153151815487728
0.095280277012828
-0.055064622886324
-1.067359626119354
q6:
0.053933147816282
0.008345980381782
-0.058419458110027
-0.472962268293381
q7:
0.165928524249505
-0.079982921148529
-0.168012780277859
-0.764798647668055

q1:
-0.078735056192277
0.053612640630108
0.038360036272838
-1.560374769273769
q2:
-0.074061881544366
-0.053748065882856
0.257103532666771
1.237535498547901
q3:
0.012723445074188
-0.048019337747471
0.127401496190462
-2.626072419143607
q4:
0.215145282644939
0.005114334109082
-0.386846483641235
0.699525619715175
q5:
0.175848522118838
-0.057079146166104
-0.042396795558574
-1.080726802932919
q6:
-0.081327592995054
0.062000083438571
-0.035092091356445
-0.489450229536826
q7:
-0.103606161251218
0.085087105367819
-0.166320188385791
-0.823257810644020

q1:
0.015152468066493
-0.024715048187772
0.047942729327554
-1.544629853365808
q2:
0.026513520699178
-0.127426758595122
0.197024384700416
1.314182220649136
q3:
-0.060834271565950
-0.035361722516605
0.099751611215379
-2.588641426881130
q4:
-0.070657255729506
0.219146476392618
-0.312479647873587
0.579651654963060
q5:
-0.162225130200831
0.117859553134139
-0.022241483835716
-1.094650280292465
q6:
0.075086290472804
-0.018906728653710
-0.020801960009852
-0.497234895824187
q7:
0.175591769644184
-0.017983007877322
-0.144067885871375
-0.872832497513536

q1:
-0.042873716626561
-0.009640977488734
0.036549972325570
-1.530896864247261
q2:
-0.025149615289891
-0.101050416223307
0.121259365844170
1.366471641510231
q3:
0.068554138097511
-0.095881243593006
0.056230301876945
-2.561669782429515
q4:
0.070457108835977
0.148854794298804
-0.190447225005895
0.497552454730386
q5:
0.077026483747528
-0.043526240327163
0.002408089369762
-1.094980963266458
q6:
-0.081887384915960
0.055791072796766
-0.008570790608709
-0.503474041255465
q7:
-0.107308368919070
0.156700267360115
-0.098068035826166
-0.916181174800493

q1:
0.055560282239492
-0.052292869756268
0.016012169772267
-1.521400134658796
q2:
0.117929949631439
-0.126069909897196
0.045944289820355
1.394653276906866
q3:
0.016667339663118
-0.027681797809077
0.015255722384689
-2.551067006376793
q4:
-0.226091206211785
0.218947365039273
-0.068480829195185
0.453336443283569
q5:
-0.067624251424857
0.033101716030397
-0.001048773577442
-1.096159973105130
q6:
0.054153900445363
-0.025672634908525
0.001416745416878
-0.503167196064867
q7:
-0.010939994558966
0.049947101302533
-0.029541970604284
-0.935382962226752

q1:
-0.005620655886663
0.002979949091551
-0.000340423728541
-1.519814697407667
q2:
-0.009054173368621
-0.008750118132752
0.001236795629716
1.400325940727985
q3:
0.056799687123628
-0.011100693308861
0.002395110933335
-2.548444309774466
q4:
0.000609770101015
-0.005974067687830
0.002142969013683
0.446459559937065
q5:
0.105295124867199
-0.034172654222327
-0.001403905998744
-1.095333674542228
q6:
-0.134702542155682
0.028201078625129
0.002255199350045
-0.503545736116514
q7:
-0.146202555807511
0.039063709190748
-0.000025211475971
-0.940085865475575

q1:
0.005912100388500
-0.002611626078826
-0.000218284613216
-1.519804854711744
q2:
0.058595942142079
-0.017757446106057
-0.007553343280145
1.399443710448662
q3:
-0.133025624021894
0.045405117865106
0.013770756554926
-2.546799542567591
q4:
0.015695288423842
-0.005367452476861
-0.001617977740929
0.446535488101212
q5:
-0.174228215276359
0.070577684108502
0.010668318624920
-1.095717394753802
q6:
0.283880484016081
-0.105804525932788
-0.023478778905100
-0.504608725178814
q7:
0.281616602241633
-0.106382409088555
-0.022348678015631
-0.941129906191856

coefs_qdot:
qdot1:
0.000111212042062
-0.000038621522865
-0.000000000000000
qdot2:
-0.216114988429415
-0.025549589856529
0.000000000000000
qdot3:
-0.266699719876864
0.102420477921541
0.000000000000000
qdot4:
0.370328878033296
-0.057520866116488
-0.000000000000000
qdot5:
-0.000358278249614
0.030102232348782
-0.000000000000000
qdot6:
0.430217174701466
-0.162708817473642
-0.000000000000000
qdot7:
-0.001662954409410
0.000428159933639
0.000000000000000

qdot1:
-0.000119817127675
0.000035136238457
-0.000000577875315
qdot2:
0.146841234818394
-0.168880810460814
-0.032237406117214
qdot3:
0.245885096771912
-0.074459416724252
0.004636065573151
qdot4:
-0.329717545093357
0.188087689307070
0.021648547232117
qdot5:
0.016280099874253
0.029864615979800
0.009942764300143
qdot6:
-0.387343157218096
0.122618698322550
-0.006647116141570
qdot7:
0.002991785793306
-0.000674740365143
-0.000040884108133

qdot1:
0.000110740773626
-0.000044328565367
-0.000002102003102
qdot2:
-0.470944140914033
-0.071493148575276
-0.072092454117945
qdot3:
-0.142027654910271
0.088615857715732
0.006983265068044
qdot4:
0.482642187469449
-0.030586723496622
0.047762892470298
qdot5:
0.076984153631430
0.040661861480884
0.021636361043275
qdot6:
0.263632940359789
-0.134274023095149
-0.008579619687872
qdot7:
-0.006024031101522
0.001309464028349
0.000064355836184

qdot1:
-0.000053429925780
0.000029116642528
-0.000004624206078
qdot2:
0.318583303112962
-0.383831496989694
-0.147587260950091
qdot3:
-0.054797450934022
-0.005579354221186
0.020751078544425
qdot4:
-0.405939416387101
0.289509972932706
0.090693493506124
qdot5:
-0.138343840588963
0.091719091649741
0.043585698910658
qdot6:
0.056374124602069
0.040571930014700
-0.024115834311394
qdot7:
0.011783361313834
-0.002685778212896
-0.000163843042385

qdot1:
0.000041496044340
-0.000006319013899
-0.000000844260085
qdot2:
0.162386736454774
-0.172541507196879
-0.239836325187692
qdot3:
0.136400379322768
-0.041921977125112
0.012875151183171
qdot4:
-0.086259903641507
0.020283888869788
0.142058663352232
qdot5:
0.018403171446856
-0.000032950533010
0.058787659929490
qdot6:
-0.211774740357857
0.077960230328501
-0.004462686528445
qdot7:
-0.023090361341803
0.005129152034225
0.000241278965520

qdot1:
-0.000113073468450
0.000021201884714
0.000001623384634
qdot2:
-0.108933870660278
-0.064843798143205
-0.279195841405407
qdot3:
-0.122536969708217
0.048541127730778
0.013972635145954
qdot4:
-0.063806203085820
-0.036925180098528
0.139299464879256
qdot5:
-0.120429723274364
0.012172352975262
0.060800425659090
qdot6:
0.162092516903844
-0.062492462236878
-0.001898063296262
qdot7:
0.050724699097326
-0.010184777366815
-0.000596965705875

qdot1:
0.000231491175534
-0.000053790406976
-0.000003779934112
qdot2:
0.335551093911360
-0.137090636552502
-0.312677449064036
qdot3:
0.000999725323208
-0.032727522653299
0.016594599654734
qdot4:
-0.365722014102570
-0.079242564176692
0.120038347565253
qdot5:
0.095032096785270
-0.067698734908994
0.051593910002610
qdot6:
-0.089050740324111
0.045010115291365
-0.004796712465552
qdot7:
-0.219573233804154
0.023456725655449
0.001603581051469

qdot1:
-0.000436253784386
0.000099738568453
0.000003838470929
qdot2:
0.188885022521017
0.085452687327722
-0.321239245663242
qdot3:
-0.092778673648384
-0.032064487424295
0.005851802547837
qdot4:
0.037711034850475
-0.321795767284579
0.053544447749249
qdot5:
-0.290814743820957
-0.004671794816563
0.039594561372598
qdot6:
0.159322519059036
-0.014049885123825
0.000336628368826
qdot7:
0.255759490414711
-0.122168063452865
-0.014763188135628

qdot1:
0.000856678387948
-0.000189592531920
-0.000011059707066
qdot2:
0.438708973400956
0.210724520755636
-0.272131776234275
qdot3:
0.113083590162805
-0.093596918084063
-0.014983405094697
qdot4:
-0.751938171665076
-0.296785152821184
-0.049018959543344
qdot5:
0.267191969870665
-0.197545192929781
0.006066105189107
qdot6:
-0.295452981108565
0.091615581637355
0.013197358250521
qdot7:
-0.443089590038180
0.047456080659857
-0.027150759869212

qdot1:
-0.001601592328999
0.000378571480685
0.000020273824671
qdot2:
0.195863688447787
0.501683945201798
-0.154011353702990
qdot3:
0.044795782793692
-0.018597913497931
-0.033585796202558
qdot4:
1.165776631542532
-0.795483631566031
-0.230121875208666
qdot5:
-0.022310678059316
-0.020338829523229
-0.030060013498123
qdot6:
0.224411420657413
-0.104333976147696
0.011088593117499
qdot7:
0.465499426752015
-0.246408644960351
-0.060137960445603

qdot1:
0.002946079049372
-0.000683632418703
-0.000030306605824
qdot2:
-0.426800219087909
0.631584151297164
0.033889426251639
qdot3:
0.147151209980117
0.011111429071991
-0.034827087885522
qdot4:
-0.419458942769663
-0.022320285676598
-0.365717322018265
qdot5:
-0.011382349274381
-0.035135659405278
-0.039257925068610
qdot6:
-0.150300073550821
0.044499582663399
0.001167790406697
qdot7:
-0.198178648076865
0.062318674286887
-0.090660878348463

qdot1:
-0.005517717174558
0.001270258466941
0.000066958544713
qdot2:
-0.426502459463762
0.348522819916967
0.196395425404923
qdot3:
-0.040712799894030
0.108704671878175
-0.014961057164980
qdot4:
0.428994664535899
-0.300512754868501
-0.419244444418471
qdot5:
0.184956404447734
-0.042684631490452
-0.052160867806323
qdot6:
0.015286709624381
-0.055182041251311
-0.000603407694354
qdot7:
-0.010562926866808
-0.069116853313464
-0.091788046002182

qdot1:
0.011070207858522
-0.002389187568367
-0.000118564767486
qdot2:
-0.122858304577425
0.065658967900352
0.265068567456926
qdot3:
0.034357867601307
0.081703234608889
0.016609401977898
qdot4:
0.343995000058022
-0.015996029085094
-0.471722977566189
qdot5:
0.038217314816078
0.079981674075540
-0.045976855908883
qdot6:
-0.098866203350439
-0.045043629448367
-0.017221259863779
qdot7:
-0.014028599838378
-0.076122370200452
-0.115869341030762

qdot1:
-0.025247860914583
0.004952766898726
0.000306487836693
qdot2:
0.172071092759950
-0.015822797360028
0.273331621312768
qdot3:
-0.040239461951940
0.104489970209434
0.047481045250745
qdot4:
-0.452972953671268
0.212147440270761
-0.439200220360854
qdot5:
-0.451992244248517
0.105328062221107
-0.015251695559892
qdot6:
0.332886459554893
-0.110613415726092
-0.043029875039721
qdot7:
0.268759874515616
-0.085426381702923
-0.142654826810445

qdot1:
0.147719260475951
-0.011792053758247
-0.000827495674541
qdot2:
-0.159236230894988
0.098297745297530
0.287006326435104
qdot3:
0.056573846996877
0.077802458899153
0.077705922943099
qdot4:
-0.015614273160952
-0.088272104075817
-0.418661150779631
qdot5:
0.182259767031050
-0.194441058572516
-0.030027017983820
qdot6:
-0.331374733761683
0.110162676285800
-0.043104609599574
qdot7:
-0.210207212377067
0.092819843344809
-0.141428958709713

qdot1:
-0.153642617628209
0.086177930020529
0.011506006177732
qdot2:
-0.106985668672119
-0.007310493651887
0.302092408539561
qdot3:
-0.108058439931936
0.115323218580246
0.109727000338423
qdot4:
0.500918144054588
-0.098627761715633
-0.449649961515698
qdot5:
0.398246131831525
-0.073563209861227
-0.074463291470600
qdot6:
0.190439475425000
-0.109610812876867
-0.043013108245846
qdot7:
-0.170943351312341
-0.046593237389615
-0.133764386363178

qdot1:
0.185377839378625
-0.015720527284671
0.023188150031022
qdot2:
-0.044074358099992
-0.078265250605030
0.287903577899443
qdot3:
-0.210633280545277
0.043656981061983
0.136086608980371
qdot4:
-0.336784286850089
0.233589867112209
-0.427272657374975
qdot5:
-0.459455446463183
0.190560554025656
-0.055064622886324
qdot6:
0.161799443448847
0.016691960763564
-0.058419458110027
qdot7:
0.497785572748514
-0.159965842297059
-0.168012780277859

qdot1:
-0.236205168576831
0.107225281260216
0.038360036272838
qdot2:
-0.222185644633099
-0.107496131765711
0.257103532666771
qdot3:
0.038170335222565
-0.096038675494942
0.127401496190462
qdot4:
0.645435847934817
0.010228668218164
-0.386846483641235
qdot5:
0.527545566356515
-0.114158292332209
-0.042396795558574
qdot6:
-0.243982778985161
0.124000166877142
-0.035092091356445
qdot7:
-0.310818483753654
0.170174210735637
-0.166320188385791

qdot1:
0.045457404199479
-0.049430096375544
0.047942729327554
qdot2:
0.079540562097533
-0.254853517190245
0.197024384700416
qdot3:
-0.182502814697849
-0.070723445033211
0.099751611215379
qdot4:
-0.211971767188517
0.438292952785236
-0.312479647873587
qdot5:
-0.486675390602493
0.235719106268277
-0.022241483835716
qdot6:
0.225258871418413
-0.037813457307420
-0.020801960009852
qdot7:
0.526775308932553
-0.035966015754644
-0.144067885871375

qdot1:
-0.128621149879684
-0.019281954977468
0.036549972325570
qdot2:
-0.075448845869672
-0.202100832446614
0.121259365844170
qdot3:
0.205662414292532
-0.191762487186013
0.056230301876945
qdot4:
0.211371326507932
0.297709588597609
-0.190447225005895
qdot5:
0.231079451242584
-0.087052480654326
0.002408089369762
qdot6:
-0.245662154747880
0.111582145593532
-0.008570790608709
qdot7:
-0.321925106757210
0.313400534720230
-0.098068035826166

qdot1:
0.166680846718477
-0.104585739512536
0.016012169772267
qdot2:
0.353789848894318
-0.252139819794391
0.045944289820355
qdot3:
0.050002018989353
-0.055363595618155
0.015255722384689
qdot4:
-0.678273618635356
0.437894730078546
-0.068480829195185
qdot5:
-0.202872754274570
0.066203432060795
-0.001048773577442
qdot6:
0.162461701336090
-0.051345269817050
0.001416745416878
qdot7:
-0.032819983676898
0.099894202605066
-0.029541970604284

qdot1:
-0.016861967659990
0.005959898183101
-0.000340423728541
qdot2:
-0.027162520105862
-0.017500236265504
0.001236795629716
qdot3:
0.170399061370884
-0.022201386617721
0.002395110933335
qdot4:
0.001829310303046
-0.011948135375661
0.002142969013683
qdot5:
0.315885374601598
-0.068345308444653
-0.001403905998744
qdot6:
-0.404107626467046
0.056402157250258
0.002255199350045
qdot7:
-0.438607667422533
0.078127418381495
-0.000025211475971

qdot1:
0.017736301165501
-0.005223252157652
-0.000218284613216
qdot2:
0.175787826426236
-0.035514892212115
-0.007553343280145
qdot3:
-0.399076872065681
0.090810235730213
0.013770756554926
qdot4:
0.047085865271525
-0.010734904953721
-0.001617977740929
qdot5:
-0.522684645829078
0.141155368217004
0.010668318624920
qdot6:
0.851641452048242
-0.211609051865575
-0.023478778905100
qdot7:
0.844849806724900
-0.212764818177110
-0.022348678015631

coefs_qdotdot:
qdotdot1:
0.000222424084125
-0.000038621522865
qdotdot2:
-0.432229976858829
-0.025549589856529
qdotdot3:
-0.533399439753728
0.102420477921541
qdotdot4:
0.740657756066592
-0.057520866116488
qdotdot5:
-0.000716556499228
0.030102232348782
qdotdot6:
0.860434349402931
-0.162708817473642
qdotdot7:
-0.003325908818820
0.000428159933639

qdotdot1:
-0.000239634255350
0.000035136238457
qdotdot2:
0.293682469636788
-0.168880810460814
qdotdot3:
0.491770193543824
-0.074459416724252
qdotdot4:
-0.659435090186714
0.188087689307070
qdotdot5:
0.032560199748507
0.029864615979800
qdotdot6:
-0.774686314436193
0.122618698322550
qdotdot7:
0.005983571586612
-0.000674740365143

qdotdot1:
0.000221481547252
-0.000044328565367
qdotdot2:
-0.941888281828067
-0.071493148575276
qdotdot3:
-0.284055309820541
0.088615857715732
qdotdot4:
0.965284374938898
-0.030586723496622
qdotdot5:
0.153968307262859
0.040661861480884
qdotdot6:
0.527265880719578
-0.134274023095149
qdotdot7:
-0.012048062203044
0.001309464028349

qdotdot1:
-0.000106859851560
0.000029116642528
qdotdot2:
0.637166606225924
-0.383831496989694
qdotdot3:
-0.109594901868044
-0.005579354221186
qdotdot4:
-0.811878832774202
0.289509972932706
qdotdot5:
-0.276687681177926
0.091719091649741
qdotdot6:
0.112748249204138
0.040571930014700
qdotdot7:
0.023566722627669
-0.002685778212896

qdotdot1:
0.000082992088679
-0.000006319013899
qdotdot2:
0.324773472909549
-0.172541507196879
qdotdot3:
0.272800758645536
-0.041921977125112
qdotdot4:
-0.172519807283014
0.020283888869788
qdotdot5:
0.036806342893711
-0.000032950533010
qdotdot6:
-0.423549480715715
0.077960230328501
qdotdot7:
-0.046180722683605
0.005129152034225

qdotdot1:
-0.000226146936900
0.000021201884714
qdotdot2:
-0.217867741320555
-0.064843798143205
qdotdot3:
-0.245073939416435
0.048541127730778
qdotdot4:
-0.127612406171640
-0.036925180098528
qdotdot5:
-0.240859446548727
0.012172352975262
qdotdot6:
0.324185033807688
-0.062492462236878
qdotdot7:
0.101449398194651
-0.010184777366815

qdotdot1:
0.000462982351067
-0.000053790406976
qdotdot2:
0.671102187822720
-0.137090636552502
qdotdot3:
0.001999450646416
-0.032727522653299
qdotdot4:
-0.731444028205140
-0.079242564176692
qdotdot5:
0.190064193570539
-0.067698734908994
qdotdot6:
-0.178101480648222
0.045010115291365
qdotdot7:
-0.439146467608309
0.023456725655449

qdotdot1:
-0.000872507568771
0.000099738568453
qdotdot2:
0.377770045042034
0.085452687327722
qdotdot3:
-0.185557347296767
-0.032064487424295
qdotdot4:
0.075422069700950
-0.321795767284579
qdotdot5:
-0.581629487641914
-0.004671794816563
qdotdot6:
0.318645038118072
-0.014049885123825
qdotdot7:
0.511518980829423
-0.122168063452865

qdotdot1:
0.001713356775897
-0.000189592531920
qdotdot2:
0.877417946801912
0.210724520755636
qdotdot3:
0.226167180325610
-0.093596918084063
qdotdot4:
-1.503876343330152
-0.296785152821184
qdotdot5:
0.534383939741331
-0.197545192929781
qdotdot6:
-0.590905962217129
0.091615581637355
qdotdot7:
-0.886179180076360
0.047456080659857

qdotdot1:
-0.003203184657998
0.000378571480685
qdotdot2:
0.391727376895573
0.501683945201798
qdotdot3:
0.089591565587384
-0.018597913497931
qdotdot4:
2.331553263085065
-0.795483631566031
qdotdot5:
-0.044621356118631
-0.020338829523229
qdotdot6:
0.448822841314826
-0.104333976147696
qdotdot7:
0.930998853504031
-0.246408644960351

qdotdot1:
0.005892158098745
-0.000683632418703
qdotdot2:
-0.853600438175818
0.631584151297164
qdotdot3:
0.294302419960234
0.011111429071991
qdotdot4:
-0.838917885539326
-0.022320285676598
qdotdot5:
-0.022764698548762
-0.035135659405278
qdotdot6:
-0.300600147101642
0.044499582663399
qdotdot7:
-0.396357296153731
0.062318674286887

qdotdot1:
-0.011035434349115
0.001270258466941
qdotdot2:
-0.853004918927524
0.348522819916967
qdotdot3:
-0.081425599788061
0.108704671878175
qdotdot4:
0.857989329071798
-0.300512754868501
qdotdot5:
0.369912808895468
-0.042684631490452
qdotdot6:
0.030573419248762
-0.055182041251311
qdotdot7:
-0.021125853733616
-0.069116853313464

qdotdot1:
0.022140415717044
-0.002389187568367
qdotdot2:
-0.245716609154849
0.065658967900352
qdotdot3:
0.068715735202615
0.081703234608889
qdotdot4:
0.687990000116044
-0.015996029085094
qdotdot5:
0.076434629632156
0.079981674075540
qdotdot6:
-0.197732406700877
-0.045043629448367
qdotdot7:
-0.028057199676755
-0.076122370200452

qdotdot1:
-0.050495721829167
0.004952766898726
qdotdot2:
0.344142185519901
-0.015822797360028
qdotdot3:
-0.080478923903880
0.104489970209434
qdotdot4:
-0.905945907342537
0.212147440270761
qdotdot5:
-0.903984488497035
0.105328062221107
qdotdot6:
0.665772919109785
-0.110613415726092
qdotdot7:
0.537519749031231
-0.085426381702923

qdotdot1:
0.295438520951901
-0.011792053758247
qdotdot2:
-0.318472461789976
0.098297745297530
qdotdot3:
0.113147693993753
0.077802458899153
qdotdot4:
-0.031228546321903
-0.088272104075817
qdotdot5:
0.364519534062100
-0.194441058572516
qdotdot6:
-0.662749467523366
0.110162676285800
qdotdot7:
-0.420414424754134
0.092819843344809

qdotdot1:
-0.307285235256417
0.086177930020529
qdotdot2:
-0.213971337344238
-0.007310493651887
qdotdot3:
-0.216116879863872
0.115323218580246
qdotdot4:
1.001836288109175
-0.098627761715633
qdotdot5:
0.796492263663051
-0.073563209861227
qdotdot6:
0.380878950850000
-0.109610812876867
qdotdot7:
-0.341886702624681
-0.046593237389615

qdotdot1:
0.370755678757249
-0.015720527284671
qdotdot2:
-0.088148716199983
-0.078265250605030
qdotdot3:
-0.421266561090554
0.043656981061983
qdotdot4:
-0.673568573700177
0.233589867112209
qdotdot5:
-0.918910892926367
0.190560554025656
qdotdot6:
0.323598886897694
0.016691960763564
qdotdot7:
0.995571145497028
-0.159965842297059

qdotdot1:
-0.472410337153662
0.107225281260216
qdotdot2:
-0.444371289266199
-0.107496131765711
qdotdot3:
0.076340670445130
-0.096038675494942
qdotdot4:
1.290871695869634
0.010228668218164
qdotdot5:
1.055091132713031
-0.114158292332209
qdotdot6:
-0.487965557970321
0.124000166877142
qdotdot7:
-0.621636967507308
0.170174210735637

qdotdot1:
0.090914808398957
-0.049430096375544
qdotdot2:
0.159081124195067
-0.254853517190245
qdotdot3:
-0.365005629395698
-0.070723445033211
qdotdot4:
-0.423943534377034
0.438292952785236
qdotdot5:
-0.973350781204987
0.235719106268277
qdotdot6:
0.450517742836825
-0.037813457307420
qdotdot7:
1.053550617865106
-0.035966015754644

qdotdot1:
-0.257242299759368
-0.019281954977468
qdotdot2:
-0.150897691739344
-0.202100832446614
qdotdot3:
0.411324828585063
-0.191762487186013
qdotdot4:
0.422742653015864
0.297709588597609
qdotdot5:
0.462158902485168
-0.087052480654326
qdotdot6:
-0.491324309495761
0.111582145593532
qdotdot7:
-0.643850213514421
0.313400534720230

qdotdot1:
0.333361693436954
-0.104585739512536
qdotdot2:
0.707579697788637
-0.252139819794391
qdotdot3:
0.100004037978706
-0.055363595618155
qdotdot4:
-1.356547237270711
0.437894730078546
qdotdot5:
-0.405745508549140
0.066203432060795
qdotdot6:
0.324923402672180
-0.051345269817050
qdotdot7:
-0.065639967353796
0.099894202605066

qdotdot1:
-0.033723935319981
0.005959898183101
qdotdot2:
-0.054325040211723
-0.017500236265504
qdotdot3:
0.340798122741767
-0.022201386617721
qdotdot4:
0.003658620606092
-0.011948135375661
qdotdot5:
0.631770749203196
-0.068345308444653
qdotdot6:
-0.808215252934091
0.056402157250258
qdotdot7:
-0.877215334845065
0.078127418381495

qdotdot1:
0.035472602331002
-0.005223252157652
qdotdot2:
0.351575652852472
-0.035514892212115
qdotdot3:
-0.798153744131361
0.090810235730213
qdotdot4:
0.094171730543050
-0.010734904953721
qdotdot5:
-1.045369291658156
0.141155368217004
qdotdot6:
1.703282904096485
-0.211609051865575
qdotdot7:
1.689699613449799
-0.212764818177110

