nSeg: 18

breaks: 
0.000000000000000
0.332222223281860
0.664444446563721
0.996666669845581
1.328888893127441
1.661111116409302
1.993333339691162
2.325555562973022
2.657777786254883
2.990000009536743
3.322222232818604
3.654444456100464
3.986666679382324
4.318888902664185
4.651111125946045
4.983333349227905
5.315555572509766
5.647777795791626
5.980000019073486

coefs_q:
q1:
-0.046711155524213
-0.012575931581727
-0.000000000000000
-1.553032875000000
q2:
-0.007781426285933
-0.258075411776408
-0.000000000000000
1.305873632000000
q3:
-0.116981601106360
0.129355979114967
-0.000000000000000
-2.777678728000001
q4:
0.106739980678542
0.137090444940847
-0.000000000000000
1.602763653000000
q5:
-0.000197001781501
0.000119746924452
-0.000000000000000
-1.078413844000000
q6:
0.242784145336489
-0.183478648947179
0.000000000000000
-0.394839406000000
q7:
-0.016643301119101
0.053189754642179
0.000000000000000
-0.439453632000000

q1:
0.052222383246518
-0.059131383402684
-0.023822763609693
-1.556133700750752
q2:
0.060159828023613
-0.265830899999458
-0.174053319689578
1.277104105862856
q3:
0.049378627548736
0.012764316307087
0.047215520518590
-2.767690970561850
q4:
-0.191437420841752
0.243474626023111
0.126432173979065
1.621808476486676
q5:
0.000112509000241
-0.000076598185071
0.000014334970129
-1.078407850981344
q6:
-0.119926213270795
0.058496216676645
-0.041521941520092
-0.406187854270724
q7:
0.011588439964362
0.036601931140567
0.029830793482970
-0.434193268281082

q1:
-0.007017033929629
-0.007083074600977
-0.045820678061073
-1.568659692834085
q2:
0.120259658609069
-0.205871604544680
-0.330763374476853
1.192145476334550
q3:
-0.086984482079847
0.061978348587631
0.072046694823924
-2.748785496688368
q4:
-0.112289599502006
0.052675329308935
0.224819770564302
1.683665131583109
q5:
-0.000075110961256
0.000035535785528
0.000000693128460
-1.078407417381578
q6:
0.146307623208239
-0.061030242931150
-0.042363801356218
-0.417923487060124
q7:
-0.079202400371789
0.048151743008554
0.057987847540097
-0.419818078078067

q1:
0.082129738434854
-0.014076718439814
-0.052850431549269
-1.584921410588339
q2:
0.151006512030787
-0.086012811082013
-0.427733863977680
1.063945822297487
q3:
-0.031818173643212
-0.024716185495133
0.084426013490805
-2.721198872014219
q4:
-0.164203111235619
-0.059239971885023
0.222638850412623
1.760051692441691
q5:
0.000090232406639
-0.000039324806096
-0.000000565668378
-1.078406019128426
q6:
-0.099323756839863
0.084789688664828
-0.034470385470631
-0.433368895910109
q7:
-0.001647341053483
-0.030786649613774
0.063756917475208
-0.398142826968152

q1:
-0.043423650886947
0.067779254461341
-0.035009255636323
-1.601021643421915
q2:
0.182272965453690
0.064490346388708
-0.434884105048595
0.917886846683710
q3:
-0.045200410757804
-0.056428298660681
0.057468012557501
-2.697045344804063
q4:
0.116613165043815
-0.222895739938511
0.128907096963398
1.821457872201968
q5:
-0.000150462022268
0.000050606826140
0.000003182469404
-1.078407238765140
q6:
0.098271658982434
-0.014202989301311
-0.011019915273955
-0.439104343533346
q7:
-0.021018680385561
-0.032428499535649
0.042755440079692
-0.380419738582528

q1:
-0.034167175580732
0.024500348939310
-0.004351920630990
-1.606763845118354
q2:
0.151790605848917
0.246155735870317
-0.331680572946702
0.787210152422785
q3:
0.104902826239123
-0.101478041526314
0.005008017150276
-2.685838679982749
q4:
-0.200521433563767
-0.106671285074138
0.019417607193308
1.843958273743536
q5:
0.000176734862347
-0.000099353656532
-0.000013012310966
-1.078406113047840
q6:
-0.145887090175472
0.083741097796912
0.012082189733269
-0.440729595634743
q7:
-0.084505069563512
-0.053377117720075
0.014248907144924
-0.370565327659181

q1:
0.016450380899208
-0.009552936164768
0.000613942073280
-1.606758345599477
q2:
-0.442836057309373
0.397440373515599
-0.117863642590957
0.709752941653753
q3:
0.031829572045438
0.003075108958822
-0.027683623884751
-2.691528633406880
q4:
0.060614288908132
-0.306524314496800
-0.117855153546431
1.831283053449924
q5:
-0.000051198062473
0.000076792090169
-0.000020507764704
-1.078414921353020
q6:
0.005742090093548
-0.061659702541737
0.019418119958108
-0.432822357542365
q7:
0.061409026547468
-0.137600503987009
-0.049198102935686
-0.374821465693788

q1:
-0.016159963683402
0.006842610183738
-0.000286488449957
-1.607005552376741
q2:
0.132649264314989
-0.043919565010480
-0.000416173612986
0.698224284079652
q3:
-0.057492761159518
0.034798582531958
-0.015101141893793
-2.699219220197454
q4:
0.554626006598749
-0.246112073025674
-0.301453242875603
1.760519970251281
q5:
-0.000085694091926
0.000025764687741
0.000013563876066
-1.078415136147358
q6:
0.130603935722781
-0.055936752730248
-0.019650035862417
-0.432966156544321
q7:
0.193929200333894
-0.076396173999485
-0.120292555071291
-0.404101617336911

q1:
0.033218535565937
-0.009263487005424
-0.001090757529949
-1.606938052269566
q2:
0.135820112796197
0.088287535511806
0.014323852189468
0.698102519034676
q3:
0.030351970189325
-0.022502536273126
-0.011016122068107
-2.702503518532582
q4:
-0.572242788257916
0.306665181980854
-0.281336154391885
1.653543690085691
q5:
0.000040150935374
-0.000059643757484
0.000002308496194
-1.078410928458752
q6:
-0.101320474345610
0.074231836955302
-0.013572002306040
-0.440879192276759
q7:
-0.215352499078388
0.116886596283113
-0.106840736958603
-0.445386469249843

q1:
-0.011356487368648
0.023844320214226
0.003753319295981
-1.607104798148485
q2:
-0.090122836248820
0.223654915030442
0.117958066644606
0.717585896450688
q3:
0.037248699860898
0.007748260778721
-0.015917820275771
-2.707534017143292
q4:
-0.032469723724909
-0.263670132135312
-0.267052243342084
1.572941754456035
q5:
0.000157891821398
-0.000019626658433
-0.000024026897623
-1.078415272251802
q6:
-0.020404190466284
-0.026750902797912
0.002202219203228
-0.440910235065630
q7:
0.002042701019765
-0.097748061816267
-0.100482490487671
-0.475876899056441

q1:
-0.016590651084401
0.012525687767372
0.015836244208407
-1.603642544705405
q2:
-0.065631084472426
0.133832487949292
0.236723326457791
0.778154724520554
q3:
0.056999549305690
0.044872798425160
0.001564065004388
-2.710601251192437
q4:
0.373928647772328
-0.296031623551024
-0.452997604990960
1.453928772007305
q5:
-0.000326762405117
0.000137738857395
0.000015212599713
-1.078419631185402
q6:
-0.019407258476283
-0.047087079360837
-0.022328399392198
-0.443879327819926
q7:
0.077251958559969
-0.095712169793407
-0.164754278749660
-0.519973124421083

q1:
-0.009339007112513
-0.004009661199488
0.018665457488316
-1.597607256513838
q2:
-0.112689209846784
0.068420173549805
0.303916155325695
0.869164226864761
q3:
-0.020352692948178
0.101682349414361
0.050252942053035
-2.703038897441306
q4:
-0.013688529173878
0.076650596584083
-0.525880857515774
1.284470593267169
q5:
0.000485316560880
-0.000187934340744
-0.000001463455364
-1.078411356454117
q6:
0.020143776415832
-0.066429647037227
-0.060041178615842
-0.457206018279621
q7:
-0.017017337254996
-0.018717717516394
-0.202770430321615
-0.582439395954316

q1:
0.046418308771237
-0.013317538317981
0.012908976741374
-1.592191171254062
q2:
0.035841150338692
-0.043893405955719
0.312064492585720
0.973551495389538
q3:
-0.078970490833937
0.081397498711310
0.111076136235451
-2.675867199649746
q4:
-0.034139771003554
0.063007695797270
-0.479483269121093
1.117719405398516
q5:
-0.000863975817936
0.000295764499810
0.000034360119818
-1.078414789722229
q6:
0.062005424483806
-0.046353016478746
-0.097510085836769
-0.483746348950049
q7:
0.030923699275636
-0.035678330367970
-0.220842006287505
-0.652494133692196

q1:
-0.004454382451792
0.032946042904911
0.019430002174942
-1.587670338473996
q2:
-0.030195164063555
-0.008171726004219
0.294767298690526
1.073695888955410
q3:
-0.012738144302709
0.002690242595779
0.139011952603242
-2.632876948165733
q4:
0.013877186647191
0.028981723921867
-0.448922339583593
0.964126834541144
q5:
0.001651369291049
-0.000565331401480
-0.000055195995578
-1.078402410703174
q6:
0.023651889903671
0.015445723453890
-0.107778175441110
-0.518983814596591
q7:
0.020930611391663
-0.004857709991616
-0.234308979738810
-0.728666723505131

q1:
-0.022216496078399
0.028506508380465
0.039845905389313
-1.577742285149344
q2:
-0.070784230229264
-0.038266239616884
0.279339574507197
1.169615016494392
q3:
0.018289404169606
-0.010005441266415
0.136581681037135
-2.586864242818468
q4:
0.090192947392335
0.042812653324348
-0.425070651955719
0.818692463502554
q5:
-0.003122470017775
0.001080533330515
0.000115965534725
-1.078422592329662
q6:
-0.079691534938533
0.039018773799736
-0.089683859073582
-0.552218085226133
q7:
0.018695348866775
0.016003132761946
-0.230606222606635
-0.806278045370461

q1:
-0.034744687100203
0.006364067218369
0.051430685541876
-1.562172913032320
q2:
0.032865730203928
-0.108814522637067
0.230476076669199
1.255598815588622
q3:
-0.094580015729381
0.008222998280766
0.135989513865570
-2.541922455655411
q4:
-0.000155509989892
0.132704957845424
-0.366759800947776
0.685507033742133
q5:
0.005851361786069
-0.002031528463794
-0.000199976182783
-1.078379300222285
q6:
0.191861170633649
-0.040407122942334
-0.090145099512428
-0.580628612816585
q7:
0.068296277012164
0.034636163858596
-0.213782722897929
-0.880438746702519

q1:
0.000428842594124
-0.028264804368617
0.044154773954309
-1.545658098738927
q2:
-0.131338719342337
-0.076058344762674
0.169057201637164
1.321363173927853
q3:
0.089312727540799
-0.086041751030178
0.110136394814138
-2.499304182071504
q4:
0.146948609301825
0.132549966221671
-0.278636220337745
0.578302434310158
q5:
-0.011087622789816
0.003800328801589
0.000387658597980
-1.078455402662704
q6:
-0.347640628751892
0.150814511065780
-0.053465311563313
-0.608001470973425
q7:
-0.011209048434256
0.102704786831160
-0.168155006912134
-0.945134988114106

q1:
-0.021201037871745
-0.027837391248443
0.025516377795415
-1.534092808651200
q2:
0.188697312185780
-0.206959268791385
0.075032460834308
1.364317136628568
q3:
-0.255243092399270
0.002973267702735
0.082539198598443
-2.468936080154304
q4:
-0.131309566760337
0.279008747292960
-0.141907269522892
0.505751339244842
q5:
0.016839944795351
-0.007250335280841
-0.000758510224894
-1.078313725315672
q6:
0.599116868774888
-0.195667316695392
-0.068366410370012
-0.621865447794250
q7:
0.129279030395435
0.091533101856052
-0.103624863686894
-0.990075138406199

coefs_qdot:
qdot1:
-0.140133466572640
-0.025151863163454
-0.000000000000000
qdot2:
-0.023344278857799
-0.516150823552815
-0.000000000000000
qdot3:
-0.350944803319079
0.258711958229934
-0.000000000000000
qdot4:
0.320219942035626
0.274180889881695
-0.000000000000000
qdot5:
-0.000591005344503
0.000239493848903
-0.000000000000000
qdot6:
0.728352436009466
-0.366957297894359
0.000000000000000
qdot7:
-0.049929903357303
0.106379509284357
0.000000000000000

qdot1:
0.156667149739553
-0.118262766805367
-0.023822763609693
qdot2:
0.180479484070839
-0.531661799998915
-0.174053319689578
qdot3:
0.148135882646207
0.025528632614175
0.047215520518590
qdot4:
-0.574312262525256
0.486949252046223
0.126432173979065
qdot5:
0.000337527000724
-0.000153196370141
0.000014334970129
qdot6:
-0.359778639812385
0.116992433353289
-0.041521941520092
qdot7:
0.034765319893087
0.073203862281134
0.029830793482970

qdot1:
-0.021051101788887
-0.014166149201954
-0.045820678061073
qdot2:
0.360778975827208
-0.411743209089361
-0.330763374476853
qdot3:
-0.260953446239541
0.123956697175263
0.072046694823924
qdot4:
-0.336868798506017
0.105350658617871
0.224819770564302
qdot5:
-0.000225332883768
0.000071071571055
0.000000693128460
qdot6:
0.438922869624716
-0.122060485862300
-0.042363801356218
qdot7:
-0.237607201115368
0.096303486017107
0.057987847540097

qdot1:
0.246389215304562
-0.028153436879628
-0.052850431549269
qdot2:
0.453019536092361
-0.172025622164026
-0.427733863977680
qdot3:
-0.095454520929636
-0.049432370990265
0.084426013490805
qdot4:
-0.492609333706858
-0.118479943770045
0.222638850412623
qdot5:
0.000270697219916
-0.000078649612193
-0.000000565668378
qdot6:
-0.297971270519590
0.169579377329655
-0.034470385470631
qdot7:
-0.004942023160448
-0.061573299227548
0.063756917475208

qdot1:
-0.130270952660841
0.135558508922681
-0.035009255636323
qdot2:
0.546818896361071
0.128980692777417
-0.434884105048595
qdot3:
-0.135601232273413
-0.112856597321362
0.057468012557501
qdot4:
0.349839495131446
-0.445791479877022
0.128907096963398
qdot5:
-0.000451386066804
0.000101213652281
0.000003182469404
qdot6:
0.294814976947302
-0.028405978602623
-0.011019915273955
qdot7:
-0.063056041156684
-0.064856999071297
0.042755440079692

qdot1:
-0.102501526742196
0.049000697878620
-0.004351920630990
qdot2:
0.455371817546750
0.492311471740633
-0.331680572946702
qdot3:
0.314708478717369
-0.202956083052629
0.005008017150276
qdot4:
-0.601564300691302
-0.213342570148277
0.019417607193308
qdot5:
0.000530204587041
-0.000198707313063
-0.000013012310966
qdot6:
-0.437661270526415
0.167482195593824
0.012082189733269
qdot7:
-0.253515208690535
-0.106754235440149
0.014248907144924

qdot1:
0.049351142697625
-0.019105872329535
0.000613942073280
qdot2:
-1.328508171928119
0.794880747031199
-0.117863642590957
qdot3:
0.095488716136313
0.006150217917644
-0.027683623884751
qdot4:
0.181842866724396
-0.613048628993601
-0.117855153546431
qdot5:
-0.000153594187420
0.000153584180338
-0.000020507764704
qdot6:
0.017226270280643
-0.123319405083475
0.019418119958108
qdot7:
0.184227079642403
-0.275201007974018
-0.049198102935686

qdot1:
-0.048479891050206
0.013685220367475
-0.000286488449957
qdot2:
0.397947792944966
-0.087839130020960
-0.000416173612986
qdot3:
-0.172478283478555
0.069597165063917
-0.015101141893793
qdot4:
1.663878019796248
-0.492224146051349
-0.301453242875603
qdot5:
-0.000257082275777
0.000051529375483
0.000013563876066
qdot6:
0.391811807168343
-0.111873505460496
-0.019650035862417
qdot7:
0.581787601001682
-0.152792347998971
-0.120292555071291

qdot1:
0.099655606697812
-0.018526974010848
-0.001090757529949
qdot2:
0.407460338388590
0.176575071023612
0.014323852189468
qdot3:
0.091055910567976
-0.045005072546252
-0.011016122068107
qdot4:
-1.716728364773747
0.613330363961709
-0.281336154391885
qdot5:
0.000120452806122
-0.000119287514967
0.000002308496194
qdot6:
-0.303961423036830
0.148463673910605
-0.013572002306040
qdot7:
-0.646057497235163
0.233773192566227
-0.106840736958603

qdot1:
-0.034069462105943
0.047688640428451
0.003753319295981
qdot2:
-0.270368508746461
0.447309830060884
0.117958066644606
qdot3:
0.111746099582693
0.015496521557442
-0.015917820275771
qdot4:
-0.097409171174728
-0.527340264270625
-0.267052243342084
qdot5:
0.000473675464194
-0.000039253316866
-0.000024026897623
qdot6:
-0.061212571398851
-0.053501805595823
0.002202219203228
qdot7:
0.006128103059295
-0.195496123632533
-0.100482490487671

qdot1:
-0.049771953253204
0.025051375534744
0.015836244208407
qdot2:
-0.196893253417277
0.267664975898584
0.236723326457791
qdot3:
0.170998647917070
0.089745596850319
0.001564065004388
qdot4:
1.121785943316983
-0.592063247102048
-0.452997604990960
qdot5:
-0.000980287215352
0.000275477714790
0.000015212599713
qdot6:
-0.058221775428850
-0.094174158721675
-0.022328399392198
qdot7:
0.231755875679906
-0.191424339586815
-0.164754278749660

qdot1:
-0.028017021337540
-0.008019322398977
0.018665457488316
qdot2:
-0.338067629540352
0.136840347099611
0.303916155325695
qdot3:
-0.061058078844535
0.203364698828721
0.050252942053035
qdot4:
-0.041065587521635
0.153301193168167
-0.525880857515774
qdot5:
0.001455949682641
-0.000375868681488
-0.000001463455364
qdot6:
0.060431329247495
-0.132859294074455
-0.060041178615842
qdot7:
-0.051052011764987
-0.037435435032789
-0.202770430321615

qdot1:
0.139254926313710
-0.026635076635962
0.012908976741374
qdot2:
0.107523451016077
-0.087786811911437
0.312064492585720
qdot3:
-0.236911472501812
0.162794997422620
0.111076136235451
qdot4:
-0.102419313010663
0.126015391594540
-0.479483269121093
qdot5:
-0.002591927453809
0.000591528999619
0.000034360119818
qdot6:
0.186016273451417
-0.092706032957493
-0.097510085836769
qdot7:
0.092771097826909
-0.071356660735940
-0.220842006287505

qdot1:
-0.013363147355376
0.065892085809823
0.019430002174942
qdot2:
-0.090585492190666
-0.016343452008438
0.294767298690526
qdot3:
-0.038214432908127
0.005380485191558
0.139011952603242
qdot4:
0.041631559941573
0.057963447843733
-0.448922339583593
qdot5:
0.004954107873146
-0.001130662802960
-0.000055195995578
qdot6:
0.070955669711013
0.030891446907780
-0.107778175441110
qdot7:
0.062791834174990
-0.009715419983231
-0.234308979738810

qdot1:
-0.066649488235198
0.057013016760930
0.039845905389313
qdot2:
-0.212352690687791
-0.076532479233768
0.279339574507197
qdot3:
0.054868212508817
-0.020010882532829
0.136581681037135
qdot4:
0.270578842177005
0.085625306648696
-0.425070651955719
qdot5:
-0.009367410053326
0.002161066661030
0.000115965534725
qdot6:
-0.239074604815599
0.078037547599472
-0.089683859073582
qdot7:
0.056086046600326
0.032006265523891
-0.230606222606635

qdot1:
-0.104234061300610
0.012728134436739
0.051430685541876
qdot2:
0.098597190611785
-0.217629045274134
0.230476076669199
qdot3:
-0.283740047188141
0.016445996561532
0.135989513865570
qdot4:
-0.000466529969677
0.265409915690849
-0.366759800947776
qdot5:
0.017554085358206
-0.004063056927588
-0.000199976182783
qdot6:
0.575583511900948
-0.080814245884669
-0.090145099512428
qdot7:
0.204888831036491
0.069272327717192
-0.213782722897929

qdot1:
0.001286527782372
-0.056529608737234
0.044154773954309
qdot2:
-0.394016158027012
-0.152116689525349
0.169057201637164
qdot3:
0.267938182622396
-0.172083502060357
0.110136394814138
qdot4:
0.440845827905476
0.265099932443341
-0.278636220337745
qdot5:
-0.033262868369448
0.007600657603177
0.000387658597980
qdot6:
-1.042921886255675
0.301629022131559
-0.053465311563313
qdot7:
-0.033627145302768
0.205409573662321
-0.168155006912134

qdot1:
-0.063603113615234
-0.055674782496886
0.025516377795415
qdot2:
0.566091936557340
-0.413918537582771
0.075032460834308
qdot3:
-0.765729277197811
0.005946535405470
0.082539198598443
qdot4:
-0.393928700281010
0.558017494585921
-0.141907269522892
qdot5:
0.050519834386053
-0.014500670561683
-0.000758510224894
qdot6:
1.797350606324663
-0.391334633390784
-0.068366410370012
qdot7:
0.387837091186306
0.183066203712105
-0.103624863686894

coefs_qdotdot:
qdotdot1:
-0.280266933145280
-0.025151863163454
qdotdot2:
-0.046688557715599
-0.516150823552815
qdotdot3:
-0.701889606638157
0.258711958229934
qdotdot4:
0.640439884071251
0.274180889881695
qdotdot5:
-0.001182010689006
0.000239493848903
qdotdot6:
1.456704872018933
-0.366957297894359
qdotdot7:
-0.099859806714605
0.106379509284357

qdotdot1:
0.313334299479106
-0.118262766805367
qdotdot2:
0.360958968141677
-0.531661799998915
qdotdot3:
0.296271765292415
0.025528632614175
qdotdot4:
-1.148624525050512
0.486949252046223
qdotdot5:
0.000675054001448
-0.000153196370141
qdotdot6:
-0.719557279624771
0.116992433353289
qdotdot7:
0.069530639786174
0.073203862281134

qdotdot1:
-0.042102203577774
-0.014166149201954
qdotdot2:
0.721557951654415
-0.411743209089361
qdotdot3:
-0.521906892479083
0.123956697175263
qdotdot4:
-0.673737597012034
0.105350658617871
qdotdot5:
-0.000450665767536
0.000071071571055
qdotdot6:
0.877845739249433
-0.122060485862300
qdotdot7:
-0.475214402230736
0.096303486017107

qdotdot1:
0.492778430609123
-0.028153436879628
qdotdot2:
0.906039072184723
-0.172025622164026
qdotdot3:
-0.190909041859272
-0.049432370990265
qdotdot4:
-0.985218667413717
-0.118479943770045
qdotdot5:
0.000541394439831
-0.000078649612193
qdotdot6:
-0.595942541039180
0.169579377329655
qdotdot7:
-0.009884046320896
-0.061573299227548

qdotdot1:
-0.260541905321683
0.135558508922681
qdotdot2:
1.093637792722142
0.128980692777417
qdotdot3:
-0.271202464546826
-0.112856597321362
qdotdot4:
0.699678990262892
-0.445791479877022
qdotdot5:
-0.000902772133608
0.000101213652281
qdotdot6:
0.589629953894605
-0.028405978602623
qdotdot7:
-0.126112082313368
-0.064856999071297

qdotdot1:
-0.205003053484392
0.049000697878620
qdotdot2:
0.910743635093499
0.492311471740633
qdotdot3:
0.629416957434739
-0.202956083052629
qdotdot4:
-1.203128601382605
-0.213342570148277
qdotdot5:
0.001060409174081
-0.000198707313063
qdotdot6:
-0.875322541052830
0.167482195593824
qdotdot7:
-0.507030417381069
-0.106754235440149

qdotdot1:
0.098702285395249
-0.019105872329535
qdotdot2:
-2.657016343856238
0.794880747031199
qdotdot3:
0.190977432272626
0.006150217917644
qdotdot4:
0.363685733448792
-0.613048628993601
qdotdot5:
-0.000307188374840
0.000153584180338
qdotdot6:
0.034452540561286
-0.123319405083475
qdotdot7:
0.368454159284806
-0.275201007974018

qdotdot1:
-0.096959782100412
0.013685220367475
qdotdot2:
0.795895585889932
-0.087839130020960
qdotdot3:
-0.344956566957110
0.069597165063917
qdotdot4:
3.327756039592495
-0.492224146051349
qdotdot5:
-0.000514164551555
0.000051529375483
qdotdot6:
0.783623614336685
-0.111873505460496
qdotdot7:
1.163575202003365
-0.152792347998971

qdotdot1:
0.199311213395624
-0.018526974010848
qdotdot2:
0.814920676777179
0.176575071023612
qdotdot3:
0.182111821135951
-0.045005072546252
qdotdot4:
-3.433456729547494
0.613330363961709
qdotdot5:
0.000240905612244
-0.000119287514967
qdotdot6:
-0.607922846073661
0.148463673910605
qdotdot7:
-1.292114994470326
0.233773192566227

qdotdot1:
-0.068138924211886
0.047688640428451
qdotdot2:
-0.540737017492922
0.447309830060884
qdotdot3:
0.223492199165386
0.015496521557442
qdotdot4:
-0.194818342349456
-0.527340264270625
qdotdot5:
0.000947350928387
-0.000039253316866
qdotdot6:
-0.122425142797702
-0.053501805595823
qdotdot7:
0.012256206118591
-0.195496123632533

qdotdot1:
-0.099543906506409
0.025051375534744
qdotdot2:
-0.393786506834553
0.267664975898584
qdotdot3:
0.341997295834140
0.089745596850319
qdotdot4:
2.243571886633967
-0.592063247102048
qdotdot5:
-0.001960574430704
0.000275477714790
qdotdot6:
-0.116443550857701
-0.094174158721675
qdotdot7:
0.463511751359812
-0.191424339586815

qdotdot1:
-0.056034042675080
-0.008019322398977
qdotdot2:
-0.676135259080704
0.136840347099611
qdotdot3:
-0.122116157689069
0.203364698828721
qdotdot4:
-0.082131175043269
0.153301193168167
qdotdot5:
0.002911899365282
-0.000375868681488
qdotdot6:
0.120862658494991
-0.132859294074455
qdotdot7:
-0.102104023529974
-0.037435435032789

qdotdot1:
0.278509852627420
-0.026635076635962
qdotdot2:
0.215046902032155
-0.087786811911437
qdotdot3:
-0.473822945003624
0.162794997422620
qdotdot4:
-0.204838626021326
0.126015391594540
qdotdot5:
-0.005183854907618
0.000591528999619
qdotdot6:
0.372032546902833
-0.092706032957493
qdotdot7:
0.185542195653818
-0.071356660735940

qdotdot1:
-0.026726294710753
0.065892085809823
qdotdot2:
-0.181170984381332
-0.016343452008438
qdotdot3:
-0.076428865816255
0.005380485191558
qdotdot4:
0.083263119883146
0.057963447843733
qdotdot5:
0.009908215746293
-0.001130662802960
qdotdot6:
0.141911339422025
0.030891446907780
qdotdot7:
0.125583668349980
-0.009715419983231

qdotdot1:
-0.133298976470396
0.057013016760930
qdotdot2:
-0.424705381375582
-0.076532479233768
qdotdot3:
0.109736425017633
-0.020010882532829
qdotdot4:
0.541157684354010
0.085625306648696
qdotdot5:
-0.018734820106653
0.002161066661030
qdotdot6:
-0.478149209631197
0.078037547599472
qdotdot7:
0.112172093200652
0.032006265523891

qdotdot1:
-0.208468122601220
0.012728134436739
qdotdot2:
0.197194381223570
-0.217629045274134
qdotdot3:
-0.567480094376283
0.016445996561532
qdotdot4:
-0.000933059939354
0.265409915690849
qdotdot5:
0.035108170716411
-0.004063056927588
qdotdot6:
1.151167023801897
-0.080814245884669
qdotdot7:
0.409777662072981
0.069272327717192

qdotdot1:
0.002573055564745
-0.056529608737234
qdotdot2:
-0.788032316054025
-0.152116689525349
qdotdot3:
0.535876365244793
-0.172083502060357
qdotdot4:
0.881691655810952
0.265099932443341
qdotdot5:
-0.066525736738897
0.007600657603177
qdotdot6:
-2.085843772511351
0.301629022131559
qdotdot7:
-0.067254290605536
0.205409573662321

qdotdot1:
-0.127206227230469
-0.055674782496886
qdotdot2:
1.132183873114681
-0.413918537582771
qdotdot3:
-1.531458554395623
0.005946535405470
qdotdot4:
-0.787857400562021
0.558017494585921
qdotdot5:
0.101039668772106
-0.014500670561683
qdotdot6:
3.594701212649327
-0.391334633390784
qdotdot7:
0.775674182372612
0.183066203712105

