nSeg: 16

breaks: 
0.000000000000000
0.323249995708466
0.646499991416931
0.969749987125397
1.292999982833862
1.616249978542328
1.939499974250793
2.262749969959259
2.585999965667725
2.909249961376190
3.232499957084656
3.555749952793121
3.878999948501587
4.202249944210052
4.525499939918518
4.848749935626984
5.171999931335449

coefs_q:
q1:
0.020207733691888
-0.081025732357314
-0.000000000000000
-2.249077559000000
q2:
-0.099914735366701
-0.187454283256067
-0.000000000000000
1.454566240000000
q3:
-0.176642006921865
0.298963563532926
0.000000000000000
-2.788513184000001
q4:
0.426233352682883
-0.166974990328578
-0.000000000000000
1.456949353000000
q5:
0.214296570659380
0.017642011925502
-0.000000000000000
-0.994043529000000
q6:
-0.583434319422417
0.013977601471433
0.000000000000000
-0.385476559000000
q7:
-0.116828228191020
-0.071996814573903
-0.000000000000000
-1.265653491000000

q1:
-0.015293767837894
-0.061429282869772
-0.046048583060805
-2.256861435134324
q2:
0.038429149999058
-0.284346596591562
-0.152509632385996
1.431604259668451
q3:
0.039878272677857
0.127664979594643
0.137907674735095
-2.763240675547542
q4:
-0.259619100951066
0.246364797948063
0.025662754972294
1.453898744745022
q5:
-0.074667599412303
0.225456108563452
0.078581466404791
-0.984961901540369
q6:
0.338653686516284
-0.551807822276970
-0.173853616567273
-0.403722443469301
q7:
0.103124534829627
-0.185290987358027
-0.083168280870337
-1.277122535629233

q1:
0.088329695277773
-0.076260414033668
-0.090556776993942
-2.278681990627269
q2:
0.156974281223246
-0.247079928874736
-0.324293254462342
1.353891991609891
q3:
-0.144654272320963
0.166336934010578
0.232943792046264
-2.703975283718533
q4:
-0.120610516594416
-0.005400821856741
0.103554359209709
1.479167982302926
q5:
-0.176825560735613
0.153047204994687
0.200932660888099
-0.938524423505926
q6:
0.565755493872888
-0.223398414137836
-0.424439029161535
-0.506140771530687
q7:
0.171205192730780
-0.085285971034684
-0.170632281509591
-1.319884647667790

q1:
-0.102531955217887
0.009397306824743
-0.112170276112281
-2.312939487350109
q2:
0.185197889402300
-0.094854121679475
-0.434823434836568
1.228548731697758
q3:
0.060806367348433
0.026058455289690
0.295135600811904
-2.616181490187802
q4:
0.015128409434760
-0.122362868771363
0.062254746762477
1.508003783658018
q5:
-0.145011604933120
-0.018429380252114
0.244447872158419
-0.863553515079255
q6:
0.225757835280750
0.325242968761520
-0.391517777316499
-0.647574429491469
q7:
0.023019876312282
0.080740262411791
-0.172101681802433
-1.378170386096325

q1:
0.164977522564798
-0.090033055427745
-0.138235781502151
-2.351679776840483
q2:
0.289813559547987
0.084741529184056
-0.438092330317314
1.084336048014003
q3:
-0.106642537725547
0.085025429242976
0.331043466010368
-2.516002215208569
q4:
-0.196035371456938
-0.107692093916777
-0.012110518939176
1.515852851459667
q5:
-0.031954059286090
-0.159054382269040
0.187076246685133
-0.791359432768425
q6:
-0.151357979629824
0.544171626618485
-0.110479513091035
-0.732522403476322
q7:
-0.033623508279919
0.103063787169255
-0.112687023564162
-1.424588126256270

q1:
0.235050061722788
0.069953894955448
-0.144726370038650
-2.400199721641814
q2:
0.150682654880980
0.365788224824481
-0.292458589267518
0.961366302780950
q3:
-0.360578688569791
-0.018391170343393
0.352582989913695
-2.403710081007464
q4:
0.254157756548041
-0.297797392863265
-0.143184993800652
1.494063916061938
q5:
-0.144676674870881
-0.190041830850330
0.074230897292455
-0.748586016875964
q6:
-0.284593537506362
0.397392227821137
0.193880998815819
-0.716486461602263
q7:
0.082682233103366
0.070457390447693
-0.056596303644155
-1.451380700212394

q1:
-0.010168010298942
0.297893689284945
-0.025819640011574
-2.431733812932430
q2:
-0.167383178310565
0.511912727455332
-0.008741760209752
0.910140025098073
q3:
0.029684455535051
-0.368062348941641
0.227661891463286
-2.303838447104710
q4:
-0.177673289618757
-0.051327911722983
-0.256039747009874
1.425246929178479
q5:
0.349092538534576
-0.330342034443712
-0.093983184930599
-0.749335139189249
q6:
-0.337227894619397
0.121407648488372
0.361583056606420
-0.621903287641524
q7:
-0.186880340309138
0.150638484935181
0.014872937124518
-1.459520600477002

q1:
-0.149965961538940
0.288033261428456
0.163581244292007
-2.409296373665233
q2:
-0.400978167120218
0.349592892443654
0.269739927725414
0.955150668431905
q3:
0.586843098855677
-0.339275848568701
-0.000985177846365
-2.267703143342189
q4:
-0.319591270100236
-0.223626582043299
-0.344918785939848
1.331117604996953
q5:
0.353426370182960
0.008190450305765
-0.198118683120666
-0.802441677789043
q6:
-0.312173981271717
-0.205619097977113
0.334361705920581
-0.503726015594200
q7:
-0.381161801513735
-0.030588722673596
0.053679022260378
-1.445284801461759

q1:
-0.131539155197617
0.142603772156821
0.302784663550354
-2.331387316688493
q2:
0.169320221778023
-0.039255679958742
0.370056430329339
1.065329587592784
q3:
-0.299966432619242
0.229815238991220
-0.036368319422532
-2.283651176637113
q4:
0.574740712710579
-0.533550212108393
-0.589676181399932
1.185461044335695
q5:
-0.245371301923675
0.350925668240466
-0.082034399341756
-0.853690184934162
q6:
0.498889232642683
-0.508349812296245
0.103571258738740
-0.427673017489954
q7:
0.237947576185195
-0.400220374784234
-0.085580016644034
-1.444003629907013

q1:
-0.108087036886414
0.015043678097446
0.353744201168497
-2.223054369399249
q2:
-0.154029939336710
0.124942602930565
0.397754727812253
1.186567535965695
q3:
0.306801649788770
-0.061077205179341
0.018176249283013
-2.281525550882492
q4:
-0.082773587190816
0.023804586643133
-0.754451452643987
0.958510032552990
q5:
0.009377691529169
0.112976851359041
0.067922088127931
-0.851827186360154
q6:
0.106545691292227
-0.024551985364004
-0.068689245067968
-0.430460596393621
q7:
-0.069328305571288
-0.169470715842122
-0.269732659244154
-1.505449567221579

q1:
0.062631414129888
-0.089773724531576
0.329587713979371
-2.110785445234800
q2:
-0.089986056641083
-0.024427928758135
0.430246095807129
1.322994469050256
q3:
-0.229598493047652
0.236443690753369
0.074863464992226
-2.271669361420074
q4:
0.224425923611820
-0.056465098469484
-0.765008962951691
0.714325150197148
q5:
0.097911170394586
0.122070867598718
0.143901262272311
-0.817749610947411
q6:
-0.080266884255486
0.078770697394901
-0.051163046636662
-0.451631096942177
q7:
0.086907324569191
-0.236701839277304
-0.401027935943405
-1.612690410693019

q1:
-0.056388766932828
-0.029036911485471
0.291182176396740
-2.011511250299977
q2:
-0.213510447890250
-0.111691906027290
0.386245359796903
1.456479609115045
q3:
-0.312865601479804
0.013790555076399
0.155751683882810
-2.230518663349404
q4:
-0.094193747637190
0.161171938063684
-0.731162477502219
0.468716275050162
q5:
-0.031570889704133
0.217020223828301
0.253512456120874
-0.755171171461205
q6:
-0.456734320410122
0.000931887421547
-0.025399186436792
-0.462649897561309
q7:
0.390688097117821
-0.152423462395228
-0.526812688039106
-1.764120365348791

q1:
-0.023187709563420
-0.083719917492598
0.254733531913479
-1.922325315464886
q2:
0.249591443241312
-0.318743660119998
0.247107064887021
1.562451019008440
q3:
-0.121114350639754
-0.289610857930621
0.066592772168874
-2.189298477206046
q4:
0.242683087342459
0.069827552505226
-0.656491893167161
0.246027411364104
q5:
-0.494011194648269
0.186404353944180
0.383919449154518
-0.651613062908737
q6:
0.350229515300318
-0.441986213915896
-0.167969995583291
-0.486189731136827
q7:
0.460821011972083
0.226446314754825
-0.502884801331538
-1.937143272371745

q1:
0.024982863594580
-0.106206198543192
0.193339915719984
-1.849513844770402
q2:
-0.105366917751755
-0.076702361250127
0.119279140176198
1.617453016816336
q3:
0.452735164946216
-0.407061497904223
-0.158606563864946
-2.202124792239657
q4:
-0.234867321425026
0.305169473331128
-0.535274106174873
0.049309732772037
q5:
-0.275983899436850
-0.292662995705780
0.349571343661094
-0.524719612508623
q6:
-0.706900970116826
-0.102351145962478
-0.343927044827932
-0.574839865587024
q7:
-0.316209138924190
0.673327485181865
-0.212032924363413
-2.060474325524599

q1:
0.010137864937013
-0.081979066893992
0.132509029475018
-1.797270427460217
q2:
0.247049254913433
-0.178881928383334
0.036661519649031
1.644436392319687
q3:
0.264679094556314
0.031978422473584
-0.279852166388218
-2.280636604746348
q4:
0.277154066333098
0.077406891403032
-0.411606297916395
-0.099763303895729
q5:
0.660390076016531
-0.560298378631482
0.073851583067087
-0.451622987724038
q6:
1.650440632626831
-0.787868352632201
-0.631690493928255
-0.720585702090645
q7:
-0.700467769208679
0.366683676781199
0.124150679277903
-2.069338062668610

q1:
-0.114982948757104
-0.072147872501845
0.082687496976755
-1.762660500501679
q2:
-0.120253363079607
0.060694083388306
-0.001542700738404
1.645940232756288
q3:
-0.033190028486832
0.288650971011931
-0.176208716320017
-2.358817420312624
q4:
0.162309198402073
0.346177043661305
-0.274682792724673
-0.215365433972472
q5:
0.094341705259027
0.080114889083289
-0.081367727868643
-0.463990641411323
q6:
0.313601123849365
0.812646429608900
-0.623680980651873
-0.951358228216814
q7:
0.192865130802536
-0.312594933390673
0.141634865346767
-2.014550774224556

coefs_qdot:
qdot1:
0.060623201075665
-0.162051464714628
-0.000000000000000
qdot2:
-0.299744206100102
-0.374908566512133
-0.000000000000000
qdot3:
-0.529926020765594
0.597927127065851
0.000000000000000
qdot4:
1.278700058048650
-0.333949980657156
-0.000000000000000
qdot5:
0.642889711978140
0.035284023851004
-0.000000000000000
qdot6:
-1.750302958267251
0.027955202942866
0.000000000000000
qdot7:
-0.350484684573060
-0.143993629147806
-0.000000000000000

qdot1:
-0.045881303513682
-0.122858565739543
-0.046048583060805
qdot2:
0.115287449997173
-0.568693193183124
-0.152509632385996
qdot3:
0.119634818033570
0.255329959189286
0.137907674735095
qdot4:
-0.778857302853199
0.492729595896126
0.025662754972294
qdot5:
-0.224002798236910
0.450912217126905
0.078581466404791
qdot6:
1.015961059548852
-1.103615644553941
-0.173853616567273
qdot7:
0.309373604488880
-0.370581974716055
-0.083168280870337

qdot1:
0.264989085833320
-0.152520828067336
-0.090556776993942
qdot2:
0.470922843669737
-0.494159857749471
-0.324293254462342
qdot3:
-0.433962816962888
0.332673868021155
0.232943792046264
qdot4:
-0.361831549783249
-0.010801643713481
0.103554359209709
qdot5:
-0.530476682206838
0.306094409989374
0.200932660888099
qdot6:
1.697266481618664
-0.446796828275672
-0.424439029161535
qdot7:
0.513615578192340
-0.170571942069369
-0.170632281509591

qdot1:
-0.307595865653661
0.018794613649486
-0.112170276112281
qdot2:
0.555593668206899
-0.189708243358949
-0.434823434836568
qdot3:
0.182419102045300
0.052116910579381
0.295135600811904
qdot4:
0.045385228304279
-0.244725737542727
0.062254746762477
qdot5:
-0.435034814799360
-0.036858760504229
0.244447872158419
qdot6:
0.677273505842251
0.650485937523039
-0.391517777316499
qdot7:
0.069059628936847
0.161480524823581
-0.172101681802433

qdot1:
0.494932567694394
-0.180066110855490
-0.138235781502151
qdot2:
0.869440678643960
0.169483058368112
-0.438092330317314
qdot3:
-0.319927613176642
0.170050858485952
0.331043466010368
qdot4:
-0.588106114370814
-0.215384187833555
-0.012110518939176
qdot5:
-0.095862177858270
-0.318108764538081
0.187076246685133
qdot6:
-0.454073938889471
1.088343253236969
-0.110479513091035
qdot7:
-0.100870524839756
0.206127574338509
-0.112687023564162

qdot1:
0.705150185168364
0.139907789910895
-0.144726370038650
qdot2:
0.452047964642940
0.731576449648963
-0.292458589267518
qdot3:
-1.081736065709374
-0.036782340686786
0.352582989913695
qdot4:
0.762473269644124
-0.595594785726530
-0.143184993800652
qdot5:
-0.434030024612643
-0.380083661700661
0.074230897292455
qdot6:
-0.853780612519086
0.794784455642275
0.193880998815819
qdot7:
0.248046699310097
0.140914780895386
-0.056596303644155

qdot1:
-0.030504030896825
0.595787378569890
-0.025819640011574
qdot2:
-0.502149534931695
1.023825454910665
-0.008741760209752
qdot3:
0.089053366605153
-0.736124697883282
0.227661891463286
qdot4:
-0.533019868856272
-0.102655823445965
-0.256039747009874
qdot5:
1.047277615603728
-0.660684068887425
-0.093983184930599
qdot6:
-1.011683683858190
0.242815296976743
0.361583056606420
qdot7:
-0.560641020927415
0.301276969870362
0.014872937124518

qdot1:
-0.449897884616819
0.576066522856911
0.163581244292007
qdot2:
-1.202934501360653
0.699185784887308
0.269739927725414
qdot3:
1.760529296567032
-0.678551697137401
-0.000985177846365
qdot4:
-0.958773810300709
-0.447253164086599
-0.344918785939848
qdot5:
1.060279110548881
0.016380900611529
-0.198118683120666
qdot6:
-0.936521943815152
-0.411238195954226
0.334361705920581
qdot7:
-1.143485404541206
-0.061177445347192
0.053679022260378

qdot1:
-0.394617465592852
0.285207544313642
0.302784663550354
qdot2:
0.507960665334070
-0.078511359917484
0.370056430329339
qdot3:
-0.899899297857727
0.459630477982440
-0.036368319422532
qdot4:
1.724222138131738
-1.067100424216786
-0.589676181399932
qdot5:
-0.736113905771025
0.701851336480933
-0.082034399341756
qdot6:
1.496667697928050
-1.016699624592489
0.103571258738740
qdot7:
0.713842728555584
-0.800440749568468
-0.085580016644034

qdot1:
-0.324261110659241
0.030087356194892
0.353744201168497
qdot2:
-0.462089818010131
0.249885205861131
0.397754727812253
qdot3:
0.920404949366310
-0.122154410358682
0.018176249283013
qdot4:
-0.248320761572447
0.047609173286265
-0.754451452643987
qdot5:
0.028133074587508
0.225953702718081
0.067922088127931
qdot6:
0.319637073876682
-0.049103970728007
-0.068689245067968
qdot7:
-0.207984916713863
-0.338941431684244
-0.269732659244154

qdot1:
0.187894242389665
-0.179547449063152
0.329587713979371
qdot2:
-0.269958169923248
-0.048855857516270
0.430246095807129
qdot3:
-0.688795479142954
0.472887381506738
0.074863464992226
qdot4:
0.673277770835459
-0.112930196938967
-0.765008962951691
qdot5:
0.293733511183758
0.244141735197437
0.143901262272311
qdot6:
-0.240800652766459
0.157541394789801
-0.051163046636662
qdot7:
0.260721973707574
-0.473403678554607
-0.401027935943405

qdot1:
-0.169166300798485
-0.058073822970942
0.291182176396740
qdot2:
-0.640531343670751
-0.223383812054581
0.386245359796903
qdot3:
-0.938596804439413
0.027581110152797
0.155751683882810
qdot4:
-0.282581242911569
0.322343876127367
-0.731162477502219
qdot5:
-0.094712669112398
0.434040447656601
0.253512456120874
qdot6:
-1.370202961230366
0.001863774843094
-0.025399186436792
qdot7:
1.172064291353463
-0.304846924790455
-0.526812688039106

qdot1:
-0.069563128690259
-0.167439834985197
0.254733531913479
qdot2:
0.748774329723936
-0.637487320239996
0.247107064887021
qdot3:
-0.363343051919262
-0.579221715861242
0.066592772168874
qdot4:
0.728049262027378
0.139655105010452
-0.656491893167161
qdot5:
-1.482033583944806
0.372808707888361
0.383919449154518
qdot6:
1.050688545900955
-0.883972427831791
-0.167969995583291
qdot7:
1.382463035916249
0.452892629509650
-0.502884801331538

qdot1:
0.074948590783741
-0.212412397086384
0.193339915719984
qdot2:
-0.316100753255266
-0.153404722500253
0.119279140176198
qdot3:
1.358205494838648
-0.814122995808447
-0.158606563864946
qdot4:
-0.704601964275078
0.610338946662255
-0.535274106174873
qdot5:
-0.827951698310551
-0.585325991411560
0.349571343661094
qdot6:
-2.120702910350479
-0.204702291924956
-0.343927044827932
qdot7:
-0.948627416772570
1.346654970363729
-0.212032924363413

qdot1:
0.030413594811040
-0.163958133787984
0.132509029475018
qdot2:
0.741147764740299
-0.357763856766668
0.036661519649031
qdot3:
0.794037283668943
0.063956844947168
-0.279852166388218
qdot4:
0.831462198999293
0.154813782806064
-0.411606297916395
qdot5:
1.981170228049593
-1.120596757262964
0.073851583067087
qdot6:
4.951321897880492
-1.575736705264402
-0.631690493928255
qdot7:
-2.101403307626037
0.733367353562397
0.124150679277903

qdot1:
-0.344948846271311
-0.144295745003689
0.082687496976755
qdot2:
-0.360760089238822
0.121388166776613
-0.001542700738404
qdot3:
-0.099570085460497
0.577301942023863
-0.176208716320017
qdot4:
0.486927595206220
0.692354087322610
-0.274682792724673
qdot5:
0.283025115777081
0.160229778166577
-0.081367727868643
qdot6:
0.940803371548095
1.625292859217800
-0.623680980651873
qdot7:
0.578595392407608
-0.625189866781346
0.141634865346767

coefs_qdotdot:
qdotdot1:
0.121246402151330
-0.162051464714628
qdotdot2:
-0.599488412200203
-0.374908566512133
qdotdot3:
-1.059852041531188
0.597927127065851
qdotdot4:
2.557400116097300
-0.333949980657156
qdotdot5:
1.285779423956280
0.035284023851004
qdotdot6:
-3.500605916534502
0.027955202942866
qdotdot7:
-0.700969369146120
-0.143993629147806

qdotdot1:
-0.091762607027364
-0.122858565739543
qdotdot2:
0.230574899994346
-0.568693193183124
qdotdot3:
0.239269636067140
0.255329959189286
qdotdot4:
-1.557714605706398
0.492729595896126
qdotdot5:
-0.448005596473819
0.450912217126905
qdotdot6:
2.031922119097703
-1.103615644553941
qdotdot7:
0.618747208977760
-0.370581974716055

qdotdot1:
0.529978171666641
-0.152520828067336
qdotdot2:
0.941845687339474
-0.494159857749471
qdotdot3:
-0.867925633925776
0.332673868021155
qdotdot4:
-0.723663099566497
-0.010801643713481
qdotdot5:
-1.060953364413675
0.306094409989374
qdotdot6:
3.394532963237328
-0.446796828275672
qdotdot7:
1.027231156384681
-0.170571942069369

qdotdot1:
-0.615191731307322
0.018794613649486
qdotdot2:
1.111187336413797
-0.189708243358949
qdotdot3:
0.364838204090601
0.052116910579381
qdotdot4:
0.090770456608558
-0.244725737542727
qdotdot5:
-0.870069629598719
-0.036858760504229
qdotdot6:
1.354547011684502
0.650485937523039
qdotdot7:
0.138119257873694
0.161480524823581

qdotdot1:
0.989865135388787
-0.180066110855490
qdotdot2:
1.738881357287920
0.169483058368112
qdotdot3:
-0.639855226353284
0.170050858485952
qdotdot4:
-1.176212228741627
-0.215384187833555
qdotdot5:
-0.191724355716540
-0.318108764538081
qdotdot6:
-0.908147877778941
1.088343253236969
qdotdot7:
-0.201741049679512
0.206127574338509

qdotdot1:
1.410300370336728
0.139907789910895
qdotdot2:
0.904095929285880
0.731576449648963
qdotdot3:
-2.163472131418748
-0.036782340686786
qdotdot4:
1.524946539288247
-0.595594785726530
qdotdot5:
-0.868060049225285
-0.380083661700661
qdotdot6:
-1.707561225038172
0.794784455642275
qdotdot7:
0.496093398620194
0.140914780895386

qdotdot1:
-0.061008061793649
0.595787378569890
qdotdot2:
-1.004299069863390
1.023825454910665
qdotdot3:
0.178106733210306
-0.736124697883282
qdotdot4:
-1.066039737712545
-0.102655823445965
qdotdot5:
2.094555231207456
-0.660684068887425
qdotdot6:
-2.023367367716379
0.242815296976743
qdotdot7:
-1.121282041854831
0.301276969870362

qdotdot1:
-0.899795769233639
0.576066522856911
qdotdot2:
-2.405869002721306
0.699185784887308
qdotdot3:
3.521058593134063
-0.678551697137401
qdotdot4:
-1.917547620601419
-0.447253164086599
qdotdot5:
2.120558221097763
0.016380900611529
qdotdot6:
-1.873043887630304
-0.411238195954226
qdotdot7:
-2.286970809082411
-0.061177445347192

qdotdot1:
-0.789234931185705
0.285207544313642
qdotdot2:
1.015921330668140
-0.078511359917484
qdotdot3:
-1.799798595715453
0.459630477982440
qdotdot4:
3.448444276263476
-1.067100424216786
qdotdot5:
-1.472227811542050
0.701851336480933
qdotdot6:
2.993335395856099
-1.016699624592489
qdotdot7:
1.427685457111168
-0.800440749568468

qdotdot1:
-0.648522221318482
0.030087356194892
qdotdot2:
-0.924179636020261
0.249885205861131
qdotdot3:
1.840809898732620
-0.122154410358682
qdotdot4:
-0.496641523144893
0.047609173286265
qdotdot5:
0.056266149175015
0.225953702718081
qdotdot6:
0.639274147753365
-0.049103970728007
qdotdot7:
-0.415969833427725
-0.338941431684244

qdotdot1:
0.375788484779331
-0.179547449063152
qdotdot2:
-0.539916339846497
-0.048855857516270
qdotdot3:
-1.377590958285909
0.472887381506738
qdotdot4:
1.346555541670918
-0.112930196938967
qdotdot5:
0.587467022367515
0.244141735197437
qdotdot6:
-0.481601305532918
0.157541394789801
qdotdot7:
0.521443947415147
-0.473403678554607

qdotdot1:
-0.338332601596970
-0.058073822970942
qdotdot2:
-1.281062687341501
-0.223383812054581
qdotdot3:
-1.877193608878825
0.027581110152797
qdotdot4:
-0.565162485823138
0.322343876127367
qdotdot5:
-0.189425338224797
0.434040447656601
qdotdot6:
-2.740405922460732
0.001863774843094
qdotdot7:
2.344128582706926
-0.304846924790455

qdotdot1:
-0.139126257380519
-0.167439834985197
qdotdot2:
1.497548659447872
-0.637487320239996
qdotdot3:
-0.726686103838524
-0.579221715861242
qdotdot4:
1.456098524054756
0.139655105010452
qdotdot5:
-2.964067167889611
0.372808707888361
qdotdot6:
2.101377091801909
-0.883972427831791
qdotdot7:
2.764926071832497
0.452892629509650

qdotdot1:
0.149897181567483
-0.212412397086384
qdotdot2:
-0.632201506510532
-0.153404722500253
qdotdot3:
2.716410989677296
-0.814122995808447
qdotdot4:
-1.409203928550156
0.610338946662255
qdotdot5:
-1.655903396621101
-0.585325991411560
qdotdot6:
-4.241405820700957
-0.204702291924956
qdotdot7:
-1.897254833545139
1.346654970363729

qdotdot1:
0.060827189622079
-0.163958133787984
qdotdot2:
1.482295529480598
-0.357763856766668
qdotdot3:
1.588074567337886
0.063956844947168
qdotdot4:
1.662924397998587
0.154813782806064
qdotdot5:
3.962340456099186
-1.120596757262964
qdotdot6:
9.902643795760984
-1.575736705264402
qdotdot7:
-4.202806615252073
0.733367353562397

qdotdot1:
-0.689897692542623
-0.144295745003689
qdotdot2:
-0.721520178477644
0.121388166776613
qdotdot3:
-0.199140170920994
0.577301942023863
qdotdot4:
0.973855190412441
0.692354087322610
qdotdot5:
0.566050231554162
0.160229778166577
qdotdot6:
1.881606743096189
1.625292859217800
qdotdot7:
1.157190784815216
-0.625189866781346

