1579092640.335999966

1579092640.336999893

1579092640.339999914

1579092640.344000101

1579092640.345999956

1579092640.346999884

1579092640.348999977

1579092640.351999998

1579092640.352999926

1579092640.357000113

1579092640.359999895

1579092640.362999916

1579092640.365000010

1579092640.368000031

1579092640.369999886

1579092640.371999979

1579092640.375000000

1579092640.377000093

1579092640.380000114

1579092640.381999969

1579092640.384000063

1579092640.385999918

1579092640.387000084

1579092640.388999939

1579092640.391999960

1579092640.394000053

1579092640.395999908

1579092640.398000002

1579092640.398999929

1579092640.401000023

1579092640.404000044

1579092640.405999899

1579092640.408999920

1579092640.413000107

1579092640.415999889

1579092640.417999983

1579092640.420000076

1579092640.421999931

1579092640.423000097

1579092640.424999952

1579092640.428999901

1579092640.459000111

1579092640.473999977

1579092640.476000071

1579092640.480000019

1579092640.480999947

1579092640.483999968

1579092640.486000061

1579092640.487999916

1579092640.490999937

1579092640.493000031

1579092640.494999886

1579092640.496999979

1579092640.499000072

1579092640.502000093

1579092640.503999949

1579092640.506000042

1579092640.507999897

1579092640.509999990

1579092640.513999939

1579092640.516000032

1579092640.517999887

1579092640.519000053

1579092640.520999908

1579092640.523000002

1579092640.526000023

1579092640.528000116

1579092640.529000044

1579092640.530999899

1579092640.532999992

1579092640.533999920

1579092640.539000034

1579092640.539999962

1579092640.542000055

1579092640.543999910

1579092640.546000004

1579092640.546999931

1579092640.551000118

1579092640.552999973

1579092640.553999901

1579092640.555999994

1579092640.558000088

1579092640.559000015

1579092640.562999964

1579092640.565000057

1579092640.565999985

1579092640.568000078

1579092640.569999933

1579092640.571000099

1579092640.575000048

1579092640.578999996

1579092640.581000090

1579092640.584000111

1579092640.586999893

1579092640.588999987

1579092640.591000080

1579092640.592999935

1579092640.595000029

1579092640.598000050

1579092640.601000071

1579092640.602999926

1579092640.605000019

1579092640.607000113

1579092640.611000061

1579092640.612999916

1579092640.615000010

1579092640.615999937

1579092640.618000031

1579092640.619999886

1579092640.641000032

1579092640.641999960

1579092640.645999908

1579092640.648000002

1579092640.650000095

1579092640.651000023

1579092640.653000116

1579092640.654999971

1579092640.657999992

1579092640.664999962

1579092640.667000055

1579092640.683000088

1579092640.684999943

1579092640.687000036

1579092640.688999891

1579092640.690000057

1579092640.691999912

1579092640.694999933

1579092640.697000027

1579092640.698999882

1579092640.701999903

1579092640.703999996

1579092640.707999945

1579092640.710000038

1579092640.713000059

1579092640.714999914

1579092640.717999935

1579092640.720000029

1579092640.721999884

1579092640.724999905

1579092640.726000071

1579092640.727999926

1579092640.730999947

1579092640.733000040

1579092640.734999895

1579092640.736999989

1579092640.737999916

1579092640.744999886

1579092640.746000051

1579092640.747999907

1579092640.750000000

1579092640.750999928

1579092640.755000114

1579092640.756999969

1579092640.757999897

1579092640.759999990

1579092640.762000084

1579092640.763000011

1579092640.766999960

1579092640.769000053

1579092640.770999908

1579092640.773000002

1579092640.775000095

1579092640.776000023

1579092640.779999971

1579092640.780999899

1579092640.783999920

1579092640.786000013

1579092640.786999941

1579092640.789000034

1579092640.792000055

1579092640.793999910

1579092640.796000004

1579092640.796999931

1579092640.799000025

1579092640.801000118

1579092640.805000067

1579092640.805999994

1579092640.808000088

1579092640.809999943

1579092640.812000036

1579092640.815000057

1579092640.816999912

1579092640.819000006

1579092640.819999933

1579092640.822000027

1579092640.823999882

1579092640.826999903

1579092640.828999996

1579092640.832999945

1579092640.835000038

1579092640.836999893

1579092640.841000080

1579092640.842000008

1579092640.844000101

1579092640.845999956

1579092640.848000050

1579092640.851000071

1579092640.852999926

1579092640.855000019

1579092640.857000113

1579092640.858000040

1579092640.859999895

1579092640.864000082

1579092640.865000010

1579092640.867000103

1579092640.868999958

1579092640.871000051

1579092640.871999979

1579092640.875999928

1579092640.878000021

1579092640.878999949

1579092640.881000042

1579092640.882999897

1579092640.884000063

1579092640.888000011

1579092640.888999939

1579092640.891000032

1579092640.892999887

1579092640.894000053

1579092640.895999908

1579092640.900000095

1579092640.903000116

1579092640.904999971

1579092640.905999899

1579092640.907999992

1579092640.913000107

1579092640.914999962

1579092640.915999889

1579092640.917999983

1579092640.920000076

1579092640.921000004

1579092640.924999952

1579092640.927000046

1579092640.927999973

1579092640.930000067

1579092640.931999922

1579092640.933000088

1579092640.937000036

1579092640.938999891

1579092640.940000057

1579092640.941999912

1579092640.944000006

1579092640.944999933

1579092640.948999882

1579092640.950000048

1579092640.951999903

1579092640.953999996

1579092640.954999924

1579092640.957000017

1579092640.960999966

1579092640.963000059

1579092640.967000008

1579092640.969000101

1579092640.971999884

1579092640.973999977

1579092640.976000071

1579092640.977999926

1579092640.979000092

1579092640.980999947

1579092640.983999968

1579092640.986000061

1579092640.987999916

1579092640.990000010

1579092640.992000103

1579092640.993000031

1579092640.996999979

1579092640.999000072

1579092641.000000000

1579092641.003000021

1579092641.005000114

1579092641.009000063

1579092641.010999918

1579092641.012000084

1579092641.013999939

1579092641.016000032

1579092641.016999960

1579092641.020999908

1579092641.022000074

1579092641.023999929

1579092641.026000023

1579092641.028000116

1579092641.029000044

1579092641.032999992

1579092641.033999920

1579092641.036000013

1579092641.038000107

1579092641.039999962

1579092641.046000004

1579092641.046999931

1579092641.049000025

1579092641.051000118

1579092641.052000046

1579092641.053999901

1579092641.056999922

1579092641.059000015

1579092641.061000109

1579092641.062999964

1579092641.063999891

1579092641.065999985

1579092641.069000006

1579092641.071000099

1579092641.072999954

1579092641.075000048

1579092641.076999903

1579092641.079999924

1579092641.082000017

1579092641.082999945

1579092641.085000038

1579092641.086999893

1579092641.088999987

1579092641.092000008

1579092641.095000029

1579092641.096999884

1579092641.098999977

1579092641.101000071

1579092641.101999998

1579092641.105999947

1579092641.108000040

1579092641.109999895

1579092641.111000061

1579092641.112999916

1579092641.114000082

1579092641.118000031

1579092641.119999886

1579092641.121999979

1579092641.122999907

1579092641.125000000

1579092641.127000093

1579092641.130000114

1579092641.131999969

1579092641.134000063

1579092641.134999990

1579092641.137000084

1579092641.138999939

1579092641.141999960

1579092641.144000053

1579092641.145999908

1579092641.147000074

1579092641.148999929

1579092641.150000095

1579092641.154000044

1579092641.155999899

1579092641.157000065

1579092641.158999920

1579092641.161000013

1579092641.161999941

1579092641.165999889

1579092641.167999983

1579092641.168999910

1579092641.171000004

1579092641.173000097

1579092641.174000025

1579092641.177999973

1579092641.178999901

1579092641.180999994

1579092641.183000088

1579092641.184000015

1579092641.186000109

1579092641.190000057

1579092641.191999912

1579092641.193000078

1579092641.194999933

1579092641.197000027

1579092641.197999954

1579092641.201999903

1579092641.204999924

1579092641.207000017

1579092641.207999945

1579092641.210000038

1579092641.213999987

1579092641.217999935

1579092641.219000101

1579092641.220999956

1579092641.224999905

1579092641.226999998

1579092641.227999926

1579092641.230000019

1579092641.232000113

1579092641.233999968

1579092641.240000010

1579092641.242000103

1579092641.243999958

1579092641.244999886

1579092641.249000072

1579092641.250999928

1579092641.252000093

1579092641.253999949

1579092641.256000042

1579092641.257999897

1579092641.260999918

1579092641.263999939

1579092641.265000105

1579092641.266999960

1579092641.269000053

1579092641.269999981

1579092641.273999929

1579092641.276000023

1579092641.278000116

1579092641.279000044

1579092641.280999899

1579092641.283999920

1579092641.286999941

1579092641.289000034

1579092641.290999889

1579092641.292999983

1579092641.293999910

1579092641.296000004

1579092641.299000025

1579092641.301000118

1579092641.302999973

1579092641.305000067

1579092641.305999994

1579092641.308000088

1579092641.311000109

1579092641.312999964

1579092641.315000057

1579092641.315999985

1579092641.318000078

1579092641.319999933

1579092641.322999954

1579092641.325000048

1579092641.326999903

1579092641.328999996

1579092641.329999924

1579092641.332000017

1579092641.335000038

1579092641.336999893

1579092641.339999914

1579092641.348999977

1579092641.351000071

1579092641.352999926

1579092641.354000092

1579092641.358000040

1579092641.359999895

1579092641.361999989

1579092641.364000082

1579092641.365000010

1579092641.367000103

1579092641.369999886

1579092641.371999979

1579092641.374000072

1579092641.375000000

1579092641.377000093

1579092641.378999949

1579092641.381999969

1579092641.384000063

1579092641.385999918

1579092641.388000011

1579092641.388999939

1579092641.391000032

1579092641.394999981

1579092641.395999908

1579092641.398000002

1579092641.400000095

1579092641.401000023

1579092641.403000116

1579092641.407000065

1579092641.408999920

1579092641.411000013

1579092641.411999941

1579092641.414000034

1579092641.415999889

1579092641.418999910

1579092641.421000004

1579092641.423000097

1579092641.424999952

1579092641.426000118

1579092641.427999973

1579092641.430999994

1579092641.433000088

1579092641.434999943

1579092641.436000109

1579092641.437999964

1579092641.440000057

1579092641.443000078

1579092641.444999933

1579092641.447000027

1579092641.448999882

1579092641.450999975

1579092641.453999996

1579092641.456000090

1579092641.457000017

1579092641.459000111

1579092641.460999966

1579092641.463000059

1579092641.466000080

1579092641.469000101

1579092641.470999956

1579092641.473000050

1579092641.474999905

1579092641.476000071

1579092641.480000019

1579092641.482000113

1579092641.483999968

1579092641.484999895

1579092641.486999989

1579092641.489000082

1579092641.492000103

1579092641.493999958

1579092641.496000051

1579092641.496999979

1579092641.499000072

1579092641.500999928

1579092641.503999949

1579092641.507999897

1579092641.509000063

1579092641.510999918

1579092641.513000011

1579092641.516000032

1579092641.517999887

1579092641.519999981

1579092641.522000074

1579092641.523000002

1579092641.525000095

1579092641.528000116

1579092641.529999971

1579092641.532000065

1579092641.532999992

1579092641.535000086

1579092641.536999941

1579092641.539999962

1579092641.542000055

1579092641.543999910

1579092641.545000076

1579092641.546999931

1579092641.549000025

1579092641.552000046

1579092641.553999901

1579092641.555999994

1579092641.556999922

1579092641.559000015

1579092641.561000109

1579092641.563999891

1579092641.565999985

1579092641.568000078

1579092641.569000006

1579092641.571000099

1579092641.572999954

1579092641.575999975

1579092641.578000069

1579092641.579999924

1579092641.582000017

1579092641.582999945

1579092641.586999893

1579092641.588999987

1579092641.589999914

1579092641.592000008

1579092641.594000101

1579092641.595999956

1579092641.598999977

1579092641.601000071

1579092641.602999926

1579092641.605999947

1579092641.608000040

1579092641.611999989

1579092641.614000082

1579092641.615999937

1579092641.617000103

1579092641.618999958

1579092641.621000051

1579092641.624000072

1579092641.625999928

1579092641.628000021

1579092641.630000114

1579092641.631000042

1579092641.634999990

1579092641.637000084

1579092641.638000011

1579092641.640000105

1579092641.648000002

1579092641.650000095

1579092641.651000023

1579092641.653000116

1579092641.655999899

1579092641.657000065

1579092641.661000013

1579092641.661999941

1579092641.664000034

1579092641.665999889

1579092641.667999983

1579092641.668999910

1579092641.673000097

1579092641.674999952

1579092641.677000046

1579092641.677999973

1579092641.680000067

1579092641.681999922

1579092641.684999943

1579092641.687000036

1579092641.688999891

1579092641.690000057

1579092641.691999912

1579092641.693000078

1579092641.697000027

1579092641.697999954

1579092641.700000048

1579092641.701999903

1579092641.703000069

1579092641.704999924

1579092641.709000111

1579092641.710999966

1579092641.713000059

1579092641.713999987

1579092641.716000080

1579092641.717999935

1579092641.720999956

1579092641.723000050

1579092641.724999905

1579092641.726999998

1579092641.727999926

1579092641.732000113

1579092641.733999968

1579092641.736000061

1579092641.737999916

1579092641.739000082

1579092641.740999937

1579092641.744999886

1579092641.746000051

1579092641.747999907

1579092641.750000000

1579092641.750999928

1579092641.753000021

1579092641.756999969

1579092641.757999897

1579092641.759999990

1579092641.762000084

1579092641.763000011

1579092641.765000105

1579092641.769000053

1579092641.770999908

1579092641.772000074

1579092641.773999929

1579092641.776000023

1579092641.776999950

1579092641.780999899

1579092641.782000065

1579092641.783999920

1579092641.786000013

1579092641.788000107

1579092641.789000034

1579092641.792999983

1579092641.793999910

1579092641.796000004

1579092641.798000097

1579092641.799999952

1579092641.801000118

1579092641.805000067

1579092641.808000088

1579092641.809999943

1579092641.811000109

1579092641.812999964

1579092641.816999912

1579092641.819000006

1579092641.819999933

1579092641.822000027

1579092641.823999882

1579092641.825000048

1579092641.828999996

1579092641.829999924

1579092641.832000017

1579092641.834000111

1579092641.835999966

1579092641.836999893

1579092641.842000008

1579092641.842999935

1579092641.845000029

1579092641.848000050

1579092641.848999977

1579092641.851000071

1579092641.854000092

1579092641.855999947

1579092641.858000040

1579092641.859999895

1579092641.861999989

1579092641.865000010

1579092641.867000103

1579092641.868999958

1579092641.871000051

1579092641.871999979

1579092641.874000072

1579092641.878000021

1579092641.878999949

1579092641.881000042

1579092641.882999897

1579092641.884000063

1579092641.885999918

1579092641.890000105

1579092641.891000032

1579092641.892999887

1579092641.894999981

1579092641.895999908

1579092641.898000002

1579092641.901999950

1579092641.903000116

1579092641.904999971

1579092641.907999992

1579092641.910000086

1579092641.914000034

1579092641.915999889

1579092641.917000055

1579092641.918999910

1579092641.921000004

1579092641.921999931

1579092641.926000118

1579092641.927999973

1579092641.928999901

1579092641.930999994

1579092641.933000088

1579092641.934000015

1579092641.937999964

1579092641.940000057

1579092641.940999985

1579092641.943000078

1579092641.948999882

1579092641.950999975

1579092641.953000069

1579092641.953999996

1579092641.956000090

1579092641.957999945

1579092641.960999966

1579092641.963000059

1579092641.964999914

1579092641.967000008

1579092641.967999935

1579092641.970000029

1579092641.973999977

1579092641.976000071

1579092641.977999926

1579092641.979000092

1579092641.980999947

1579092641.983000040

1579092641.986000061

1579092641.987999916

1579092641.990000010

1579092641.992000103

1579092641.993000031

1579092641.996999979

1579092641.999000072

1579092642.000999928

1579092642.002000093

1579092642.003999949

1579092642.006000042

1579092642.009000063

1579092642.010999918

1579092642.013000011

1579092642.015000105

1579092642.016000032

1579092642.017999887

1579092642.022000074

1579092642.023000002

1579092642.025000095

1579092642.028000116

1579092642.029999971

1579092642.030999899

1579092642.035000086

1579092642.036999941

1579092642.038000107

1579092642.039999962

1579092642.042000055

1579092642.042999983

1579092642.046999931

1579092642.048000097

1579092642.049999952

1579092642.052000046

1579092642.053999901

1579092642.055000067

1579092642.059000015

1579092642.061000109

1579092642.062000036

1579092642.063999891

1579092642.065999985

1579092642.066999912

1579092642.071000099

1579092642.072999954

1579092642.073999882

1579092642.075999975

1579092642.078000069

1579092642.078999996

1579092642.082999945

1579092642.085000038

1579092642.085999966

1579092642.088000059

1579092642.089999914

1579092642.092000008

1579092642.095000029

1579092642.096999884

1579092642.098999977

1579092642.101000071

1579092642.101999998

1579092642.104000092

1579092642.107000113

1579092642.111000061

1579092642.112999916

1579092642.114000082

1579092642.118000031

1579092642.119999886

1579092642.121999979

1579092642.124000072

1579092642.125000000

1579092642.127000093

1579092642.130000114

1579092642.131999969

1579092642.134000063

1579092642.134999990

1579092642.137000084

1579092642.138999939

1579092642.141999960

1579092642.144000053

1579092642.145999908

1579092642.148000002

1579092642.148999929

1579092642.151000023

1579092642.154000044

1579092642.155999899

1579092642.157999992

1579092642.160000086

1579092642.161000013

1579092642.163000107

1579092642.167000055

1579092642.167999983

1579092642.170000076

1579092642.171999931

1579092642.173000097

1579092642.174999952

1579092642.178999901

1579092642.180000067

1579092642.181999922

1579092642.184000015

1579092642.184999943

1579092642.187000036

1579092642.190999985

1579092642.191999912

1579092642.194000006

1579092642.196000099

1579092642.197000027

1579092642.198999882

1579092642.203000069

1579092642.203999996

1579092642.206000090

1579092642.209000111

1579092642.210999966

1579092642.216000080

1579092642.217999935

1579092642.219000101

1579092642.221999884

1579092642.223000050

1579092642.226999998

1579092642.229000092

1579092642.230999947

1579092642.233000040

1579092642.233999968

1579092642.236000061

1579092642.240000010

1579092642.242000103

1579092642.243000031

1579092642.244999886

1579092642.252000093

1579092642.253999949

1579092642.256000042

1579092642.256999969

1579092642.259000063

1579092642.260999918

1579092642.263999939

1579092642.266000032

1579092642.267999887

1579092642.269999981

1579092642.272000074

1579092642.275000095

1579092642.276999950

1579092642.279000044

1579092642.279999971

1579092642.282000065

1579092642.283999920

1579092642.288000107

1579092642.289000034

1579092642.290999889

1579092642.292999983

1579092642.295000076

1579092642.296000004

1579092642.299999952

1579092642.302000046

1579092642.303999901

1579092642.305000067

1579092642.306999922

1579092642.308000088

1579092642.312999964

1579092642.315999985

1579092642.319000006

1579092642.323999882

1579092642.325999975

1579092642.328000069

1579092642.328999996

1579092642.331000090

1579092642.332000017

1579092642.335999966

1579092642.336999893

1579092642.338999987

1579092642.341000080

1579092642.342999935

1579092642.344000101

1579092642.348000050

1579092642.349999905

1579092642.351999998

1579092642.354000092

1579092642.355999947

1579092642.358999968

1579092642.361999989

1579092642.362999916

1579092642.365000010

1579092642.367000103

1579092642.368000031

1579092642.371999979

1579092642.374000072

1579092642.375999928

1579092642.377000093

1579092642.378999949

1579092642.381000042

1579092642.384000063

1579092642.385999918

1579092642.388000011

1579092642.388999939

1579092642.391000032

1579092642.392999887

1579092642.395999908

1579092642.398000002

1579092642.401000023

1579092642.401999950

1579092642.404000044

1579092642.405999899

1579092642.408999920

1579092642.411999941

1579092642.414999962

1579092642.415999889

1579092642.417999983

1579092642.421000004

1579092642.423000097

1579092642.424999952

1579092642.427000046

1579092642.427999973

1579092642.431999922

1579092642.434000015

1579092642.436000109

1579092642.437000036

1579092642.438999891

1579092642.440999985

1579092642.444000006

1579092642.446000099

1579092642.447999954

1579092642.450000048

1579092642.450999975

1579092642.453000069

1579092642.457000017

1579092642.457999945

1579092642.460000038

1579092642.461999893

1579092642.463000059

1579092642.464999914

1579092642.469000101

1579092642.470999956

1579092642.473000050

1579092642.473999977

1579092642.476000071

1579092642.477999926

1579092642.480999947

1579092642.483000040

1579092642.484999895

1579092642.486999989

1579092642.489000082

1579092642.492000103

1579092642.493999958

1579092642.496000051

1579092642.497999907

1579092642.500999928

1579092642.503999949

1579092642.506000042

1579092642.506999969

1579092642.509999990

1579092642.513000011

1579092642.516000032

1579092642.517999887

1579092642.519999981

1579092642.522000074

1579092642.523000002

1579092642.525000095

1579092642.529000044

1579092642.529999971

1579092642.532000065

1579092642.533999920

1579092642.536000013

1579092642.536999941

1579092642.540999889

1579092642.542999983

1579092642.543999910

1579092642.546000004

1579092642.546999931

1579092642.549000025

1579092642.552999973

1579092642.555000067

1579092642.555999994

1579092642.562000036

1579092642.565000057

1579092642.566999912

1579092642.569000006

1579092642.569999933

1579092642.572000027

1579092642.573999882

1579092642.576999903

1579092642.578999996

1579092642.581000090

1579092642.582000017

1579092642.584000111

1579092642.586999893

1579092642.589999914

1579092642.592000008

1579092642.594000101

1579092642.595000029

1579092642.596999884

1579092642.598999977

1579092642.601999998

1579092642.604000092

1579092642.605999947

1579092642.608000040

1579092642.608999968

1579092642.612999916

1579092642.615000010

1579092642.617000103

1579092642.618999958

1579092642.621000051

1579092642.621999979

1579092642.625999928

1579092642.628000021

1579092642.628999949

1579092642.631000042

1579092642.632999897

1579092642.634999990

1579092642.638000011

1579092642.640000105

1579092642.641999960

1579092642.642999887

1579092642.644999981

1579092642.647000074

1579092642.650000095

1579092642.651999950

1579092642.654000044

1579092642.654999971

1579092642.657000065

1579092642.658999920

1579092642.661999941

1579092642.664000034

1579092642.665999889

1579092642.667000055

1579092642.668999910

1579092642.671000004

1579092642.674000025

1579092642.676000118

1579092642.677999973

1579092642.680000067

1579092642.680999994

1579092642.683000088

1579092642.686000109

1579092642.687999964

1579092642.690000057

1579092642.690999985

1579092642.693000078

1579092642.694999933

1579092642.697999954

1579092642.700000048

1579092642.701999903

1579092642.703999996

1579092642.704999924

1579092642.709000111

1579092642.710999966

1579092642.716000080

1579092642.717000008

1579092642.720999956

1579092642.723000050

1579092642.724999905

1579092642.726999998

1579092642.727999926

1579092642.730000019

1579092642.733999968

1579092642.736000061

1579092642.736999989

1579092642.739000082

1579092642.740999937

1579092642.743000031

1579092642.746000051

1579092642.747999907

1579092642.750000000

1579092642.750999928

1579092642.753000021

1579092642.755000114

1579092642.757999897

1579092642.759999990

1579092642.762000084

1579092642.763000011

1579092642.765000105

1579092642.766999960

1579092642.769999981

1579092642.773000002

1579092642.775000095

1579092642.776000023

1579092642.778000116

1579092642.779999971

1579092642.782999992

1579092642.785000086

1579092642.786999941

1579092642.789000034

1579092642.789999962

1579092642.792000055

1579092642.795000076

1579092642.796999931

1579092642.799000025

1579092642.799999952

1579092642.802000046

1579092642.803999901

1579092642.806999922

1579092642.809000015

1579092642.811000109

1579092642.813999891

1579092642.815999985

1579092642.819000006

1579092642.821000099

1579092642.822999954

1579092642.823999882

1579092642.825999975

1579092642.828000069

1579092642.831000090

1579092642.832999945

1579092642.835000038

1579092642.836999893

1579092642.838000059

1579092642.839999914

1579092642.842999935

1579092642.845000029

1579092642.846999884

1579092642.848999977

1579092642.849999905

1579092642.854000092

1579092642.855999947

1579092642.861000061

1579092642.862999916

1579092642.867000103

1579092642.868999958

1579092642.871000051

1579092642.872999907

1579092642.874000072

1579092642.878000021

1579092642.880000114

1579092642.881000042

1579092642.882999897

1579092642.884999990

1579092642.887000084

1579092642.890000105

1579092642.891999960

1579092642.894000053

1579092642.895999908

1579092642.897000074

1579092642.898999929

1579092642.901999950

1579092642.904000044

1579092642.905999899

1579092642.907999992

1579092642.908999920

1579092642.911000013

1579092642.914999962

1579092642.917000055

1579092642.918999910

1579092642.920000076

1579092642.921999931

1579092642.923000097

1579092642.927000046

1579092642.928999901

1579092642.930999994

1579092642.931999922

1579092642.934000015

1579092642.936000109

1579092642.938999891

1579092642.940999985

1579092642.943000078

1579092642.944000006

1579092642.946000099

1579092642.947000027

1579092642.950999975

1579092642.953000069

1579092642.954999924

1579092642.956000090

1579092642.959000111

1579092642.960999966

1579092642.963999987

1579092642.966000080

1579092642.967999935

1579092642.969000101

1579092642.970999956

1579092642.973000050

1579092642.976000071

1579092642.977999926

1579092642.980000019

1579092642.980999947

1579092642.983000040

1579092642.984999895

1579092642.987999916

1579092642.990000010

1579092642.992000103

1579092642.994999886

1579092642.999000072

1579092643.000999928

1579092643.003000021

1579092643.005000114

1579092643.006000042

1579092643.007999897

1579092643.012000084

1579092643.015000105

1579092643.016999960

1579092643.017999887

1579092643.019999981

1579092643.023999929

1579092643.026000023

1579092643.028000116

1579092643.029000044

1579092643.030999899

1579092643.032000065

1579092643.036000013

1579092643.038000107

1579092643.040999889

1579092643.042000055

1579092643.043999910

1579092643.048000097

1579092643.049000025

1579092643.051000118

1579092643.052999973

1579092643.053999901

1579092643.055999994

1579092643.059999943

1579092643.062000036

1579092643.062999964

1579092643.065000057

1579092643.068000078

1579092643.072000027

1579092643.072999954

1579092643.075000048

1579092643.076999903

1579092643.078000069

1579092643.079999924

1579092643.084000111

1579092643.085000038

1579092643.086999893

1579092643.088999987

1579092643.091000080

1579092643.092000008

1579092643.095999956

1579092643.098000050

1579092643.099999905

1579092643.101000071

1579092643.102999926

1579092643.105000019

1579092643.108000040

1579092643.109999895

1579092643.111999989

1579092643.115000010

1579092643.115999937

1579092643.119999886

1579092643.121999979

1579092643.124000072

1579092643.125999928

1579092643.127000093

1579092643.128999949

1579092643.131999969

1579092643.134000063

1579092643.135999918

1579092643.137000084

1579092643.138999939

1579092643.140000105

1579092643.144999981

1579092643.147000074

1579092643.148999929

1579092643.150000095

1579092643.151999950

1579092643.154000044

1579092643.157000065

1579092643.163000107

1579092643.164999962

1579092643.168999910

1579092643.170000076

1579092643.171999931

1579092643.174000025

1579092643.174999952

1579092643.177000046

1579092643.180999994

1579092643.181999922

1579092643.184000015

1579092643.186000109

1579092643.187999964

1579092643.188999891

1579092643.193000078

1579092643.194000006

1579092643.196000099

1579092643.197999954

1579092643.198999882

1579092643.200999975

1579092643.204999924

1579092643.206000090

1579092643.207999945

1579092643.210000038

1579092643.210999966

1579092643.213000059

1579092643.217000008

1579092643.219000101

1579092643.220999956

1579092643.223999977

1579092643.226000071

1579092643.229000092

1579092643.230999947

1579092643.233000040

1579092643.233999968

1579092643.236000061

1579092643.237999916

1579092643.240999937

1579092643.243000031

1579092643.246999979

1579092643.247999907

1579092643.252000093

1579092643.253999949

1579092643.256000042

1579092643.256999969

1579092643.259000063

1579092643.260999918

1579092643.263999939

1579092643.266000032

1579092643.267999887

1579092643.269999981

1579092643.270999908

1579092643.273000002

1579092643.276999950

1579092643.279000044

1579092643.280999899

1579092643.282999992

1579092643.283999920

1579092643.286000013

1579092643.289000034

1579092643.290999889

1579092643.292999983

1579092643.295000076

1579092643.296000004

1579092643.299999952

1579092643.302000046

1579092643.302999973

1579092643.305000067

1579092643.306999922

1579092643.309000015

1579092643.312000036

1579092643.315000057

1579092643.315999985

1579092643.318000078

1579092643.319999933

1579092643.321000099

1579092643.325000048

1579092643.325999975

1579092643.328000069

1579092643.331000090

1579092643.334000111

1579092643.338000059

1579092643.339999914

1579092643.341000080

1579092643.342999935

1579092643.344000101

1579092643.345999956

1579092643.349999905

1579092643.351999998

1579092643.354000092

1579092643.355000019

1579092643.357000113

1579092643.358000040

1579092643.361999989

1579092643.364000082

1579092643.365999937

1579092643.367000103

1579092643.368999958

1579092643.371000051

1579092643.374000072

1579092643.375999928

1579092643.378000021

1579092643.380000114

1579092643.381999969

1579092643.384999990

1579092643.387000084

1579092643.388999939

1579092643.390000105

1579092643.391999960

1579092643.394000053

1579092643.397000074

1579092643.398999929

1579092643.401000023

1579092643.403000116

1579092643.408999920

1579092643.411000013

1579092643.413000107

1579092643.414000034

1579092643.417000055

1579092643.421000004

1579092643.423000097

1579092643.424999952

1579092643.427000046

1579092643.427999973

1579092643.430000067

1579092643.434000015

1579092643.434999943

1579092643.437000036

1579092643.438999891

1579092643.440000057

1579092643.441999912

1579092643.446000099

1579092643.447000027

1579092643.448999882

1579092643.450999975

1579092643.453000069

1579092643.453999996

1579092643.457999945

1579092643.460000038

1579092643.466000080

1579092643.470000029

1579092643.471999884

1579092643.473999977

1579092643.474999905

1579092643.476999998

1579092643.479000092

1579092643.482000113

1579092643.483999968

1579092643.486000061

1579092643.487999916

1579092643.489000082

1579092643.490999937

1579092643.493999958

1579092643.496000051

1579092643.497999907

1579092643.500000000

1579092643.502000093

1579092643.505000114

1579092643.506999969

1579092643.509000063

1579092643.510999918

1579092643.512000084

1579092643.513999939

1579092643.519000053

1579092643.520999908

1579092643.522000074

1579092643.523999929

1579092643.526000023

1579092643.526999950

1579092643.530999899

1579092643.532999992

1579092643.533999920

1579092643.536000013

1579092643.536999941

1579092643.539000034

1579092643.542999983

1579092643.543999910

1579092643.546000004

1579092643.548000097

1579092643.549999952

1579092643.551000118

1579092643.555000067

1579092643.556999922

1579092643.559000015

1579092643.561000109

1579092643.562000036

1579092643.565999985

1579092643.568000078

1579092643.569000006

1579092643.571000099

1579092643.572999954

1579092643.575000048

1579092643.578000069

1579092643.579999924

1579092643.582000017

1579092643.584000111

1579092643.585000038

1579092643.586999893

1579092643.591000080

1579092643.592000008

1579092643.594000101

1579092643.595999956

1579092643.598000050

1579092643.598999977

1579092643.602999926

1579092643.605000019

1579092643.607000113

1579092643.608000040

1579092643.609999895

1579092643.611000061

1579092643.615000010

1579092643.618999958

1579092643.619999886

1579092643.621999979

1579092643.625999928

1579092643.628000021

1579092643.630000114

1579092643.631999969

1579092643.632999897

1579092643.634999990

1579092643.638999939

1579092643.640000105

1579092643.641999960

1579092643.644000053

1579092643.645999908

1579092643.647000074

1579092643.651000023

1579092643.651999950

1579092643.654000044

1579092643.655999899

1579092643.657000065

1579092643.658999920

1579092643.663000107

1579092643.664000034

1579092643.665999889

1579092643.667999983

1579092643.670000076

1579092643.671000004

1579092643.674999952

1579092643.676000118

1579092643.677999973

1579092643.680000067

1579092643.680999994

1579092643.683000088

1579092643.687000036

1579092643.687999964

1579092643.690000057

1579092643.691999912

1579092643.693000078

1579092643.694999933

1579092643.698999882

1579092643.700000048

1579092643.701999903

1579092643.704999924

1579092643.706000090

1579092643.707999945

1579092643.711999893

1579092643.713000059

1579092643.714999914

1579092643.717999935

1579092643.720000029

1579092643.723999977

1579092643.726000071

1579092643.726999998

1579092643.729000092

1579092643.730999947

1579092643.732000113

1579092643.736000061

1579092643.737999916

1579092643.740000010

1579092643.740999937

1579092643.743000031

1579092643.746999979

1579092643.749000072

1579092643.752000093

1579092643.753999949

1579092643.756000042

1579092643.759000063

1579092643.760999918

1579092643.766999960

1579092643.769000053

1579092643.772000074

1579092643.773999929

1579092643.776000023

1579092643.776999950

1579092643.779000044

1579092643.780999899

1579092643.783999920

1579092643.786000013

1579092643.788000107

1579092643.789000034

1579092643.790999889

1579092643.792999983

1579092643.796000004

1579092643.798000097

1579092643.799999952

1579092643.802000046

1579092643.802999973

1579092643.806999922

1579092643.809000015

1579092643.809999943

1579092643.812000036

1579092643.813999891

1579092643.815000057

1579092643.819000006

1579092643.821000099

1579092643.822999954

1579092643.825000048

1579092643.825999975

1579092643.828000069

1579092643.832000017

1579092643.832999945

1579092643.835000038

1579092643.836999893

1579092643.838000059

1579092643.839999914

1579092643.844000101

1579092643.845000029

1579092643.846999884

1579092643.848999977

1579092643.851000071

1579092643.851999998

1579092643.855999947

1579092643.858000040

1579092643.859999895

1579092643.861999989

1579092643.862999916

1579092643.867000103

1579092643.868999958

1579092643.871000051

1579092643.872999907

1579092643.874000072

1579092643.875999928

1579092643.880000114

1579092643.881999969

1579092643.882999897

1579092643.885999918

1579092643.888000011

1579092643.892999887

1579092643.894999981

1579092643.895999908

1579092643.898000002

1579092643.900000095

1579092643.901000023

1579092643.904999971

1579092643.905999899

1579092643.907999992

1579092643.910000086

1579092643.911000013

1579092643.913000107

1579092643.917000055

1579092643.920000076

1579092643.921999931

1579092643.923000097

1579092643.924999952

1579092643.928999901

1579092643.930999994

1579092643.931999922

1579092643.934000015

1579092643.936000109

1579092643.937000036

1579092643.940999985

1579092643.943000078

1579092643.944999933

1579092643.946000099

1579092643.947999954

1579092643.953000069

1579092643.953999996

1579092643.956000090

1579092643.957999945

1579092643.960000038

1579092643.960999966

1579092643.964999914

1579092643.966000080

1579092643.967999935

1579092643.970000029

1579092643.973000050

1579092643.976999998

1579092643.979000092

1579092643.980000019

1579092643.982000113

1579092643.983999968

1579092643.984999895

1579092643.989000082

1579092643.990999937

1579092643.993000031

1579092643.993999958

1579092643.997999907

1579092644.000999928

1579092644.003000021

1579092644.005000114

1579092644.006999969

1579092644.009999990

1579092644.013000011

1579092644.015000105

1579092644.016999960

1579092644.019999981

1579092644.022000074

1579092644.025000095

1579092644.026999950

1579092644.029000044

1579092644.029999971

1579092644.032000065

1579092644.036000013

1579092644.038000107

1579092644.039000034

1579092644.040999889

1579092644.042999983

1579092644.043999910

1579092644.048000097

1579092644.049999952

1579092644.051000118

1579092644.052999973

1579092644.055000067

1579092644.056999922

1579092644.061000109

1579092644.062000036

1579092644.063999891

1579092644.069999933

1579092644.072999954

1579092644.075999975

1579092644.078000069

1579092644.078999996

1579092644.081000090

1579092644.082000017

1579092644.085999966

1579092644.088000059

1579092644.089999914

1579092644.091000080

1579092644.092999935

1579092644.095000029

1579092644.098000050

1579092644.099999905

1579092644.101999998

1579092644.104000092

1579092644.105000019

1579092644.107000113

1579092644.109999895

1579092644.111999989

1579092644.114000082

1579092644.115999937

1579092644.117000103

1579092644.121000051

1579092644.122999907

1579092644.125000000

1579092644.127000093

1579092644.128999949

1579092644.130000114

1579092644.134000063

1579092644.134999990

1579092644.137000084

1579092644.138999939

1579092644.140000105

1579092644.141999960

1579092644.145999908

1579092644.147000074

1579092644.148999929

1579092644.151000023

1579092644.151999950

1579092644.154000044

1579092644.157999992

1579092644.158999920

1579092644.161000013

1579092644.163000107

1579092644.164000034

1579092644.165999889

1579092644.170000076

1579092644.171000004

1579092644.173000097

1579092644.174999952

1579092644.176000118

1579092644.177999973

1579092644.181999922

1579092644.184000015

1579092644.184999943

1579092644.187000036

1579092644.188999891

1579092644.190000057

1579092644.194000006

1579092644.196000099

1579092644.197000027

1579092644.198999882

1579092644.200999975

1579092644.201999903

1579092644.206000090

1579092644.207999945

1579092644.210000038

1579092644.211999893

1579092644.213000059

1579092644.217000008

1579092644.220000029

1579092644.221999884

1579092644.223999977

1579092644.226000071

1579092644.229000092

1579092644.230999947

1579092644.233000040

1579092644.234999895

1579092644.236000061

1579092644.237999916

1579092644.242000103

1579092644.243999958

1579092644.244999886

1579092644.246999979

1579092644.249000072

1579092644.250999928

1579092644.253999949

1579092644.256000042

1579092644.257999897

1579092644.259000063

1579092644.262000084

1579092644.263999939

1579092644.266999960

1579092644.269000053

1579092644.270999908

1579092644.272000074

1579092644.273999929

1579092644.276000023

1579092644.279000044

1579092644.280999899

1579092644.282999992

1579092644.285000086

1579092644.286999941

1579092644.289999962

1579092644.292000055

1579092644.293999910

1579092644.296000004

1579092644.298000097

1579092644.299000025

1579092644.302999973

1579092644.303999901

1579092644.305999994

1579092644.308000088

1579092644.309000015

1579092644.311000109

1579092644.315000057

1579092644.316999912

1579092644.318000078

1579092644.319999933

1579092644.322000027

1579092644.322999954

1579092644.326999903

1579092644.328999996

1579092644.331000090

1579092644.332000017

1579092644.334000111

1579092644.335000038

1579092644.338999987

1579092644.339999914

1579092644.342000008

1579092644.344000101

1579092644.345999956

1579092644.346999884

1579092644.352999926

1579092644.355000019

1579092644.355999947

1579092644.358000040

1579092644.358999968

1579092644.362999916

1579092644.365000010

1579092644.371000051

1579092644.375000000

1579092644.377000093

1579092644.378999949

1579092644.380000114

1579092644.381999969

1579092644.384000063

1579092644.387000084

1579092644.388999939

1579092644.391000032

1579092644.391999960

1579092644.394000053

1579092644.394999981

1579092644.398999929

1579092644.401000023

1579092644.401999950

1579092644.404000044

1579092644.405999899

1579092644.407000065

1579092644.411000013

1579092644.413000107

1579092644.414999962

1579092644.415999889

1579092644.417999983

1579092644.418999910

1579092644.421999931

1579092644.424000025

1579092644.426000118

1579092644.427000046

1579092644.428999901

1579092644.430999994

1579092644.434000015

1579092644.436000109

1579092644.437999964

1579092644.440000057

1579092644.440999985

1579092644.444999933

1579092644.447999954

1579092644.448999882

1579092644.450999975

1579092644.453000069

1579092644.454999924

1579092644.457999945

1579092644.460000038

1579092644.461999893

1579092644.463999987

1579092644.464999914

1579092644.467000008

1579092644.470999956

1579092644.473000050

1579092644.474999905

1579092644.476000071

1579092644.477999926

1579092644.480000019

1579092644.483000040

1579092644.484999895

1579092644.486999989

1579092644.490000010

1579092644.492000103

1579092644.503000021

1579092644.506999969

1579092644.509000063

1579092644.510999918

1579092644.512000084

1579092644.513999939

1579092644.516000032

1579092644.519000053

1579092644.522000074

1579092644.523999929

1579092644.526000023

1579092644.526999950

1579092644.530999899

1579092644.532999992

1579092644.533999920

1579092644.536000013

1579092644.538000107

1579092644.539000034

1579092644.542999983

1579092644.545000076

1579092644.546999931

1579092644.548000097

1579092644.549999952

1579092644.552000046

1579092644.555000067

1579092644.556999922

1579092644.559000015

1579092644.559999943

1579092644.562000036

1579092644.563999891

1579092644.566999912

1579092644.569000006

1579092644.571000099

1579092644.572000027

1579092644.573999882

1579092644.578000069

1579092644.579999924

1579092644.581000090

1579092644.582999945

1579092644.585000038

1579092644.585999966

1579092644.589999914

1579092644.592000008

1579092644.594000101

1579092644.595999956

1579092644.596999884

1579092644.598999977

1579092644.602999926

1579092644.605000019

1579092644.605999947

1579092644.608000040

1579092644.609999895

1579092644.611000061

1579092644.615000010

1579092644.617000103

1579092644.618999958

1579092644.621999979

1579092644.622999907

1579092644.627000093

1579092644.628999949

1579092644.634000063

1579092644.634999990

1579092644.637000084

1579092644.640000105

1579092644.641999960

1579092644.644000053

1579092644.645999908

1579092644.647000074

1579092644.651000023

1579092644.653000116

1579092644.654000044

1579092644.655999899

1579092644.657999992

1579092644.660000086

1579092644.663000107

1579092644.664999962

1579092644.667000055

1579092644.671999931

1579092644.676000118

1579092644.677999973

1579092644.678999901

1579092644.680999994

1579092644.683000088

1579092644.684000015

1579092644.687999964

1579092644.690000057

1579092644.690999985

1579092644.693000078

1579092644.694999933

1579092644.697000027

1579092644.700000048

1579092644.701999903

1579092644.703999996

1579092644.704999924

1579092644.707000017

1579092644.707999945

1579092644.711999893

1579092644.713999987

1579092644.716000080

1579092644.717000008

1579092644.719000101

1579092644.721999884

1579092644.723999977

1579092644.726000071

1579092644.727999926

1579092644.730000019

1579092644.732000113

1579092644.734999895

1579092644.736999989

1579092644.739000082

1579092644.740999937

1579092644.742000103

1579092644.743999958

1579092644.747999907

1579092644.749000072

1579092644.750999928

1579092644.753000021

1579092644.755000114

1579092644.756000042

1579092644.759999990

1579092644.762000084

1579092644.763999939

1579092644.765000105

1579092644.766999960

1579092644.769000053

1579092644.772000074

1579092644.773999929

1579092644.776000023

1579092644.776999950

1579092644.779000044

1579092644.779999971

1579092644.783999920

1579092644.786000013

1579092644.786999941

1579092644.789000034

1579092644.790999889

1579092644.792999983

1579092644.796000004

1579092644.798000097

1579092644.799999952

1579092644.801000118

1579092644.802999973

1579092644.805000067

1579092644.808000088

1579092644.809999943

1579092644.812000036

1579092644.812999964

1579092644.815000057

1579092644.816999912

1579092644.821000099

1579092644.823999882

1579092644.825999975

1579092644.828000069

1579092644.829999924

1579092644.832999945

1579092644.835000038

1579092644.836999893

1579092644.838999987

1579092644.839999914

1579092644.842000008

1579092644.845000029

1579092644.846999884

1579092644.848999977

1579092644.851000071

1579092644.851999998

1579092644.855999947

1579092644.858000040

1579092644.859999895

1579092644.861999989

1579092644.864000082

1579092644.865999937

1579092644.868999958

1579092644.871000051

1579092644.872999907

1579092644.874000072

1579092644.875999928

1579092644.878000021

1579092644.881000042

1579092644.882999897

1579092644.884999990

1579092644.885999918

1579092644.888000011

1579092644.891999960

1579092644.894000053

1579092644.894999981

1579092644.897000074

1579092644.898999929

1579092644.900000095

1579092644.904000044

1579092644.905999899

1579092644.907000065

1579092644.908999920

1579092644.911000013

1579092644.911999941

1579092644.915999889

1579092644.917999983

1579092644.918999910

1579092644.921000004

1579092644.924000025

1579092644.927999973

1579092644.930000067

1579092644.931999922

1579092644.933000088

1579092644.934999943

1579092644.937000036

1579092644.940000057

1579092644.941999912

1579092644.943000078

1579092644.946000099

1579092644.947000027

1579092644.948999882

1579092644.951999903

1579092644.953999996

1579092644.956000090

1579092644.957999945

1579092644.959000111

1579092644.960999966

1579092644.963999987

1579092644.966000080

1579092644.967999935

1579092644.973999977

1579092644.976999998

1579092644.979000092

1579092644.980999947

1579092644.982000113

1579092644.983999968

1579092644.987999916

1579092644.990000010

1579092644.990999937

1579092644.993000031

1579092644.994999886

1579092644.996999979

1579092645.000000000

1579092645.002000093

1579092645.003999949

1579092645.006999969

1579092645.007999897

1579092645.009999990

1579092645.013999939

1579092645.015000105

1579092645.016999960

1579092645.019000053

1579092645.019999981

1579092645.022000074

1579092645.026000023

1579092645.028000116

1579092645.029000044

1579092645.030999899

1579092645.032999992

1579092645.033999920

1579092645.038000107

1579092645.039000034

1579092645.040999889

1579092645.042999983

1579092645.045000076

1579092645.046000004

1579092645.049999952

1579092645.051000118

1579092645.052999973

1579092645.055000067

1579092645.056999922

1579092645.058000088

1579092645.062000036

1579092645.063999891

1579092645.065000057

1579092645.066999912

1579092645.069000006

1579092645.069999933

1579092645.073999882

1579092645.075999975

1579092645.078000069

1579092645.078999996

1579092645.081000090

1579092645.082999945

1579092645.085999966

1579092645.088000059

1579092645.089999914

1579092645.091000080

1579092645.092999935

1579092645.095000029

1579092645.098000050

1579092645.099999905

1579092645.101999998

1579092645.102999926

1579092645.105000019

1579092645.105999947

1579092645.109999895

1579092645.111999989

1579092645.114000082

1579092645.115999937

1579092645.117000103

1579092645.121000051

1579092645.122999907

1579092645.125999928

1579092645.128000021

1579092645.130000114

1579092645.132999897

1579092645.134999990

1579092645.137000084

1579092645.138999939

1579092645.140000105

1579092645.141999960

1579092645.144999981

1579092645.147000074

1579092645.150000095

1579092645.151000023

1579092645.153000116

1579092645.154000044

1579092645.157999992

1579092645.160000086

1579092645.161000013

1579092645.163000107

1579092645.164999962

1579092645.165999889

1579092645.170000076

1579092645.171999931

1579092645.173000097

1579092645.174999952

1579092645.177000046

1579092645.177999973

1579092645.181999922

1579092645.184000015

1579092645.184999943

1579092645.187000036

1579092645.188999891

1579092645.190000057

1579092645.194999933

1579092645.197000027

1579092645.198999882

1579092645.200000048

1579092645.201999903

1579092645.203000069

1579092645.207000017

1579092645.209000111

1579092645.210999966

1579092645.213000059

1579092645.213999987

1579092645.217999935

1579092645.220000029

1579092645.220999956

1579092645.223000050

1579092645.226000071

1579092645.230000019

1579092645.232000113

1579092645.233000040

1579092645.234999895

1579092645.236999989

1579092645.239000082

1579092645.242000103

1579092645.243999958

1579092645.246000051

1579092645.247999907

1579092645.249000072

1579092645.250999928

1579092645.255000114

1579092645.256999969

1579092645.259000063

1579092645.259999990

1579092645.262000084

1579092645.263000011

1579092645.266999960

1579092645.272000074

1579092645.273999929

1579092645.278000116

1579092645.279999971

1579092645.280999899

1579092645.282999992

1579092645.285000086

1579092645.286000013

1579092645.289999962

1579092645.292000055

1579092645.293999910

1579092645.296000004

1579092645.296999931

1579092645.299000025

1579092645.302999973

1579092645.305000067

1579092645.305999994

1579092645.308000088

1579092645.309999943

1579092645.311000109

1579092645.315000057

1579092645.316999912

1579092645.318000078

1579092645.319999933

1579092645.322000027

1579092645.322999954

1579092645.326999903

1579092645.332000017

1579092645.334000111

1579092645.335000038

1579092645.338999987

1579092645.339999914

1579092645.342000008

1579092645.345999956

1579092645.346999884

1579092645.351000071

1579092645.352999926

1579092645.355000019

1579092645.355999947

1579092645.358000040

1579092645.359999895

1579092645.362999916

1579092645.365999937

1579092645.368000031

1579092645.369999886

1579092645.371999979

1579092645.375000000

1579092645.377000093

1579092645.380000114

1579092645.381999969

1579092645.384000063

1579092645.387000084

1579092645.388999939

1579092645.391000032

1579092645.391999960

1579092645.394000053

1579092645.395999908

1579092645.398999929

1579092645.401000023

1579092645.401999950

1579092645.407999992

1579092645.411000013

1579092645.413000107

1579092645.414999962

1579092645.415999889

1579092645.417999983

1579092645.420000076

1579092645.423000097

1579092645.426000118

1579092645.427999973

1579092645.430000067

1579092645.430999994

1579092645.434999943

1579092645.437000036

1579092645.438999891

1579092645.440999985

1579092645.441999912

1579092645.444000006

1579092645.447000027

1579092645.448999882

1579092645.450999975

1579092645.453000069

1579092645.453999996

1579092645.456000090

1579092645.460000038

1579092645.460999966

1579092645.463000059

1579092645.464999914

1579092645.466000080

1579092645.467999935

1579092645.471999884

1579092645.473999977

1579092645.474999905

1579092645.476999998

1579092645.479000092

1579092645.480000019

1579092645.483999968

1579092645.486000061

1579092645.487999916

1579092645.490000010

1579092645.490999937

1579092645.493000031

1579092645.496000051

1579092645.500000000

1579092645.502000093

1579092645.503000021

1579092645.506999969

1579092645.509000063

1579092645.509999990

1579092645.512000084

1579092645.513999939

1579092645.515000105

1579092645.519000053

1579092645.520999908

1579092645.522000074

1579092645.523999929

1579092645.526999950

1579092645.530999899

1579092645.532999992

1579092645.535000086

1579092645.536000013

1579092645.538000107

1579092645.539999962

1579092645.542999983

1579092645.545000076

1579092645.546999931

1579092645.549000025

1579092645.549999952

1579092645.552000046

1579092645.555999994

1579092645.556999922

1579092645.559000015

1579092645.561000109

1579092645.562000036

1579092645.565000057

1579092645.569000006

1579092645.569999933

1579092645.572000027

1579092645.573999882

1579092645.581000090

1579092645.582999945

1579092645.585000038

1579092645.585999966

1579092645.588000059

1579092645.588999987

1579092645.592999935

1579092645.595000029

1579092645.596999884

1579092645.598999977

1579092645.599999905

1579092645.604000092

1579092645.605999947

1579092645.607000113

1579092645.608999968

1579092645.611000061

1579092645.611999989

1579092645.615999937

1579092645.618000031

1579092645.618999958

1579092645.621000051

1579092645.622999907

1579092645.625000000

1579092645.628999949

1579092645.631000042

1579092645.632999897

1579092645.634000063

1579092645.638000011

1579092645.641000032

1579092645.642999887

1579092645.644999981

1579092645.645999908

1579092645.648000002

1579092645.650000095

1579092645.653000116

1579092645.654999971

1579092645.657000065

1579092645.657999992

1579092645.660000086

1579092645.661999941

1579092645.664999962

1579092645.667000055

1579092645.667999983

1579092645.670000076

1579092645.671999931

1579092645.673000097

1579092645.677000046

1579092645.678999901

1579092645.680999994

1579092645.681999922

1579092645.684000015

1579092645.684999943

1579092645.688999891

1579092645.690999985

1579092645.693000078

1579092645.694000006

1579092645.696000099

1579092645.697999954

1579092645.700999975

1579092645.703000069

1579092645.703999996

1579092645.706000090

1579092645.707000017

1579092645.709000111

1579092645.711999893

1579092645.713999987

1579092645.716000080

1579092645.717999935

1579092645.719000101

1579092645.720999956

1579092645.723999977

1579092645.726999998

1579092645.729000092

1579092645.730000019

1579092645.732000113

1579092645.736000061

1579092645.737999916

1579092645.740000010

1579092645.740999937

1579092645.743000031

1579092645.743999958

1579092645.747999907

1579092645.750000000

1579092645.753000021

1579092645.755000114

1579092645.756000042

1579092645.759999990

1579092645.762000084

1579092645.763999939

1579092645.765000105

1579092645.766999960

1579092645.769000053

1579092645.772000074

1579092645.773999929

1579092645.776000023

1579092645.778000116

1579092645.779000044

1579092645.780999899

1579092645.783999920

1579092645.786000013

1579092645.786999941

1579092645.789000034

1579092645.790999889

1579092645.792999983

1579092645.796000004

1579092645.798000097

1579092645.799000025

1579092645.801000118

1579092645.805000067

1579092645.808000088

1579092645.809999943

1579092645.811000109

1579092645.812999964

1579092645.815000057

1579092645.816999912

1579092645.819999933

1579092645.822000027

1579092645.823999882

1579092645.825000048

1579092645.828999996

1579092645.832000017

1579092645.834000111

1579092645.835999966

1579092645.836999893

1579092645.838999987

1579092645.841000080

1579092645.844000101

1579092645.845999956

1579092645.848000050

1579092645.849999905

1579092645.851000071

1579092645.852999926

1579092645.855999947

1579092645.858000040

1579092645.859999895

1579092645.861999989

1579092645.864000082

1579092645.865000010

1579092645.868999958

1579092645.871000051

1579092645.875999928

1579092645.880000114

1579092645.881999969

1579092645.884000063

1579092645.885999918

1579092645.887000084

1579092645.888999939

1579092645.891999960

1579092645.894000053

1579092645.895999908

1579092645.898000002

1579092645.898999929

1579092645.901000023

1579092645.904000044

1579092645.905999899

1579092645.907999992

1579092645.910000086

1579092645.911000013

1579092645.913000107

1579092645.915999889

1579092645.917999983

1579092645.920000076

1579092645.921999931

1579092645.923000097

1579092645.924999952

1579092645.928999901

1579092645.930000067

1579092645.931999922

1579092645.934000015

1579092645.936000109

1579092645.937999964

1579092645.940999985

1579092645.943000078

1579092645.944999933

1579092645.947000027

1579092645.947999954

1579092645.950000048

1579092645.953999996

1579092645.954999924

1579092645.957000017

1579092645.959000111

1579092645.960000038

1579092645.961999893

1579092645.966000080

1579092645.967999935

1579092645.970000029

1579092645.970999956

1579092645.973000050

1579092645.973999977

1579092645.977999926

1579092645.980000019

1579092645.980999947

1579092645.983000040

1579092645.984999895

1579092645.986999989

1579092645.990000010

1579092645.992000103

1579092645.993999958

1579092645.996000051

1579092645.996999979

1579092646.000999928

1579092646.003000021

1579092646.003999949

1579092646.006000042

1579092646.007999897

1579092646.009000063

1579092646.013000011

1579092646.015000105

1579092646.016999960

1579092646.019000053

1579092646.019999981

1579092646.022000074

1579092646.025000095

1579092646.029000044

1579092646.029999971

1579092646.032000065

1579092646.033999920

1579092646.036999941

1579092646.039000034

1579092646.040999889

1579092646.042999983

1579092646.043999910

1579092646.046000004

1579092646.049000025

1579092646.051000118

1579092646.052999973

1579092646.055000067

1579092646.055999994

1579092646.058000088

1579092646.061000109

1579092646.062999964

1579092646.065000057

1579092646.066999912

1579092646.068000078

1579092646.069999933

1579092646.072999954

1579092646.075000048

1579092646.076999903

1579092646.078999996

1579092646.079999924

1579092646.082000017

1579092646.085000038

1579092646.086999893

1579092646.088999987

1579092646.091000080

1579092646.092999935

1579092646.094000101

1579092646.098000050

1579092646.099999905

1579092646.101000071

1579092646.102999926

1579092646.105000019

1579092646.105999947

1579092646.108999968

1579092646.111999989

1579092646.112999916

1579092646.115000010

1579092646.118000031

1579092646.121000051

1579092646.124000072

1579092646.125999928

1579092646.128999949

1579092646.131000042

1579092646.134000063

1579092646.135999918

1579092646.138000011

1579092646.140000105

1579092646.141000032

1579092646.142999887

1579092646.145999908

1579092646.148000002

1579092646.150000095

1579092646.151999950

1579092646.154000044

1579092646.154999971

1579092646.157999992

1579092646.160000086

1579092646.161999941

1579092646.164000034

1579092646.164999962

1579092646.167000055

1579092646.170000076

1579092646.171999931

1579092646.177999973

1579092646.180000067

1579092646.183000088

1579092646.184999943

1579092646.187000036

1579092646.187999964

1579092646.190000057

1579092646.191999912

1579092646.194999933

1579092646.197000027

1579092646.198999882

1579092646.200000048

1579092646.201999903

1579092646.203000069

1579092646.207000017

1579092646.209000111

1579092646.210000038

1579092646.211999893

1579092646.213999987

1579092646.219000101

1579092646.220999956

1579092646.223000050

1579092646.223999977

1579092646.226000071

1579092646.226999998

1579092646.230000019

1579092646.232000113

1579092646.233999968

1579092646.236000061

1579092646.236999989

1579092646.240999937

1579092646.243000031

1579092646.243999958

1579092646.246000051

1579092646.247999907

1579092646.250000000

1579092646.253000021

1579092646.255000114

1579092646.256000042

1579092646.257999897

1579092646.259999990

1579092646.262000084

1579092646.265000105

1579092646.266999960

1579092646.269000053

1579092646.270999908

1579092646.272000074

1579092646.273999929

1579092646.276999950

1579092646.279000044

1579092646.280999899

1579092646.282999992

1579092646.283999920

1579092646.286000013

1579092646.289000034

1579092646.290999889

1579092646.292999983

1579092646.295000076

1579092646.296999931

1579092646.301000118

1579092646.302999973

1579092646.303999901

1579092646.305999994

1579092646.308000088

1579092646.311000109

1579092646.313999891

1579092646.315999985

1579092646.316999912

1579092646.319000006

1579092646.321000099

1579092646.322000027

1579092646.325999975

1579092646.328000069

1579092646.331000090

1579092646.334000111

1579092646.338999987

1579092646.342000008

1579092646.344000101

1579092646.345000029

1579092646.346999884

1579092646.349999905

1579092646.351999998

1579092646.354000092

1579092646.355000019

1579092646.357000113

1579092646.358999968

1579092646.362999916

1579092646.365000010

1579092646.365999937

1579092646.368000031

1579092646.369999886

1579092646.371999979

1579092646.375000000

1579092646.377000093

1579092646.378999949

1579092646.381000042

1579092646.381999969

1579092646.385999918

1579092646.388000011

1579092646.388999939

1579092646.391000032

1579092646.392999887

1579092646.394000053

1579092646.398000002

1579092646.400000095

1579092646.401000023

1579092646.403000116

1579092646.404999971

1579092646.407000065

1579092646.410000086

1579092646.411999941

1579092646.414000034

1579092646.415999889

1579092646.417000055

1579092646.418999910

1579092646.421999931

1579092646.424000025

1579092646.426000118

1579092646.428999901

1579092646.430999994

1579092646.434999943

1579092646.436000109

1579092646.437999964

1579092646.440000057

1579092646.441999912

1579092646.443000078

1579092646.447000027

1579092646.447999954

1579092646.450000048

1579092646.451999903

1579092646.453000069

1579092646.454999924

1579092646.457999945

1579092646.460000038

1579092646.461999893

1579092646.463999987

1579092646.466000080

1579092646.467000008

1579092646.470999956

1579092646.473000050

1579092646.473999977

1579092646.476000071

1579092646.482000113

1579092646.486000061

1579092646.487999916

1579092646.489000082

1579092646.490999937

1579092646.496000051

1579092646.497999907

1579092646.500000000

1579092646.500999928

1579092646.503000021

1579092646.505000114

1579092646.507999897

1579092646.509999990

1579092646.512000084

1579092646.513000011

1579092646.515000105

1579092646.516000032

1579092646.519999981

1579092646.522000074

1579092646.523000002

1579092646.525000095

1579092646.526999950

1579092646.528000116

1579092646.530999899

1579092646.532999992

1579092646.535000086

1579092646.536000013

1579092646.538000107

1579092646.539999962

1579092646.542999983

1579092646.545000076

1579092646.546999931

1579092646.548000097

1579092646.549999952

1579092646.551000118

1579092646.555000067

1579092646.556999922

1579092646.558000088

1579092646.559999943

1579092646.562000036

1579092646.562999964

1579092646.566999912

1579092646.569000006

1579092646.571000099

1579092646.572000027

1579092646.573999882

1579092646.575000048

1579092646.578999996

1579092646.581000090

1579092646.582000017

1579092646.584000111

1579092646.585999966

1579092646.586999893

1579092646.591000080

1579092646.592999935

1579092646.595000029

1579092646.595999956

1579092646.598000050

1579092646.598999977

1579092646.602999926

1579092646.605000019

1579092646.608000040

1579092646.609999895

1579092646.611999989

1579092646.615000010

1579092646.617000103

1579092646.618999958

1579092646.619999886

1579092646.621999979

1579092646.625999928

1579092646.628000021

1579092646.630000114

1579092646.631999969

1579092646.632999897

1579092646.637000084

1579092646.638999939

1579092646.641000032

1579092646.641999960

1579092646.644000053

1579092646.645999908

1579092646.648999929

1579092646.651000023

1579092646.653000116

1579092646.654999971

1579092646.657000065

1579092646.657999992

1579092646.661999941

1579092646.664000034

1579092646.665999889

1579092646.667000055

1579092646.668999910

1579092646.670000076

1579092646.674000025

1579092646.676000118

1579092646.677999973

1579092646.678999901

1579092646.681999922

1579092646.683000088

1579092646.688999891

1579092646.690999985

1579092646.691999912

1579092646.694000006

1579092646.694999933

1579092646.698999882

1579092646.700999975

1579092646.701999903

1579092646.703999996

1579092646.706000090

1579092646.707000017

1579092646.710999966

1579092646.711999893

1579092646.713999987

1579092646.717999935

1579092646.719000101

1579092646.723000050

1579092646.724999905

1579092646.726999998

1579092646.727999926

1579092646.730000019

1579092646.733999968

1579092646.736000061

1579092646.737999916

1579092646.739000082

1579092646.740999937

1579092646.742000103

1579092646.746000051

1579092646.747999907

1579092646.750000000

1579092646.752000093

1579092646.753000021

1579092646.756999969

1579092646.757999897

1579092646.759999990

1579092646.762000084

1579092646.763000011

1579092646.765000105

1579092646.769000053

1579092646.769999981

1579092646.776000023

1579092646.778000116

1579092646.782000065

1579092646.783999920

1579092646.785000086

1579092646.786999941

1579092646.789000034

1579092646.789999962

1579092646.793999910

1579092646.796000004

1579092646.796999931

1579092646.799000025

1579092646.801000118

1579092646.802000046

1579092646.805999994

1579092646.808000088

1579092646.809999943

1579092646.811000109

1579092646.812999964

1579092646.815000057

1579092646.818000078

1579092646.819999933

1579092646.821000099

1579092646.822999954

1579092646.825000048

1579092646.825999975

1579092646.828999996

1579092646.831000090

1579092646.832000017

1579092646.834000111

1579092646.835999966

1579092646.838000059

1579092646.842999935

1579092646.845000029

1579092646.845999956

1579092646.848000050

1579092646.849999905

1579092646.852999926

1579092646.855000019

1579092646.857000113

1579092646.858999968

1579092646.859999895

1579092646.864000082

1579092646.865999937

1579092646.867000103

1579092646.869999886

1579092646.871999979

1579092646.874000072

1579092646.877000093

1579092646.878999949

1579092646.881000042

1579092646.882999897

1579092646.884999990

1579092646.885999918

1579092646.890000105

1579092646.891999960

1579092646.892999887

1579092646.894999981

1579092646.897000074

1579092646.898000002

1579092646.901999950

1579092646.904000044

1579092646.904999971

1579092646.907000065

1579092646.910000086

1579092646.915999889

1579092646.918999910

1579092646.921000004

1579092646.921999931

1579092646.924999952

1579092646.927999973

1579092646.928999901

1579092646.930999994

1579092646.933000088

1579092646.936000109

1579092646.938999891

1579092646.940000057

1579092646.941999912

1579092646.944000006

1579092646.944999933

1579092646.948999882

1579092646.950999975

1579092646.951999903

1579092646.953999996

1579092646.956000090

1579092646.957000017

1579092646.960999966

1579092646.963000059

1579092646.964999914

1579092646.967000008

1579092646.967999935

1579092646.971999884

1579092646.973999977

1579092646.974999905

1579092646.976999998

1579092646.979000092

1579092646.980999947

1579092646.983999968

1579092646.986000061

1579092646.987999916

1579092646.990000010

1579092646.990999937

1579092646.993000031

1579092646.996999979

1579092646.999000072

1579092647.000999928

1579092647.002000093

1579092647.003999949

1579092647.006000042

1579092647.009000063

1579092647.010999918

1579092647.012000084

1579092647.013999939

1579092647.016000032

1579092647.016999960

1579092647.020999908

1579092647.023000002

1579092647.023999929

1579092647.026000023

1579092647.028000116

1579092647.030999899

1579092647.032999992

1579092647.035000086

1579092647.036999941

1579092647.039000034

1579092647.039999962

1579092647.043999910

1579092647.046000004

1579092647.046999931

1579092647.049000025

1579092647.051000118

1579092647.052000046

1579092647.056999922

1579092647.059000015

1579092647.061000109

1579092647.062000036

1579092647.063999891

1579092647.065000057

1579092647.069000006

1579092647.075000048

1579092647.075999975

1579092647.079999924

1579092647.082000017

1579092647.085000038

1579092647.086999893

1579092647.088999987

1579092647.092000008

1579092647.094000101

1579092647.095999956

1579092647.098000050

1579092647.098999977

1579092647.101000071

1579092647.105000019

1579092647.105999947

1579092647.108000040

1579092647.109999895

1579092647.111999989

1579092647.112999916

1579092647.118000031

1579092647.119999886

1579092647.121999979

1579092647.122999907

1579092647.125000000

1579092647.128000021

1579092647.128999949

1579092647.131000042

1579092647.132999897

1579092647.134999990

1579092647.135999918

1579092647.140000105

1579092647.141999960

1579092647.142999887

1579092647.144999981

1579092647.147000074

1579092647.148000002

1579092647.151999950

1579092647.154000044

1579092647.154999971

1579092647.157000065

1579092647.158999920

1579092647.160000086

1579092647.164000034

1579092647.165999889

1579092647.167999983

1579092647.168999910

1579092647.171000004

1579092647.171999931

1579092647.176000118

1579092647.177999973

1579092647.180000067

1579092647.181999922

1579092647.183000088

1579092647.187000036

1579092647.188999891

1579092647.190999985

1579092647.193000078

1579092647.194000006

1579092647.196000099

1579092647.200000048

1579092647.201999903

1579092647.203000069

1579092647.204999924

1579092647.207000017

1579092647.207999945

1579092647.211999893

1579092647.213999987

1579092647.216000080

1579092647.217999935

1579092647.220000029

1579092647.223999977

1579092647.226000071

1579092647.227999926

1579092647.230000019

1579092647.233999968

1579092647.236000061

1579092647.237999916

1579092647.240999937

1579092647.243000031

1579092647.243999958

1579092647.247999907

1579092647.250000000

1579092647.252000093

1579092647.253000021

1579092647.255000114

1579092647.256999969

1579092647.259999990

1579092647.262000084

1579092647.263999939

1579092647.266000032

1579092647.266999960

1579092647.270999908

1579092647.273000002

1579092647.275000095

1579092647.276999950

1579092647.278000116

1579092647.279999971

1579092647.283999920

1579092647.285000086

1579092647.286999941

1579092647.289000034

1579092647.290999889

1579092647.292999983

1579092647.296000004

1579092647.299000025

1579092647.301000118

1579092647.302000046

1579092647.303999901

1579092647.306999922

1579092647.309000015

1579092647.311000109

1579092647.312999964

1579092647.315000057

1579092647.315999985

1579092647.319999933

1579092647.322000027

1579092647.323999882

1579092647.325999975

1579092647.328000069

1579092647.331000090

1579092647.332999945

1579092647.335999966

1579092647.336999893

1579092647.338999987

1579092647.341000080

1579092647.345000029

1579092647.346999884

1579092647.348999977

1579092647.349999905

1579092647.354000092

1579092647.355999947

1579092647.358000040

1579092647.359999895

1579092647.361000061

1579092647.362999916

1579092647.367000103

1579092647.368999958

1579092647.371000051

1579092647.372999907

1579092647.375000000

1579092647.381000042

1579092647.382999897

1579092647.384999990

1579092647.387000084

1579092647.391000032

1579092647.392999887

1579092647.394999981

1579092647.395999908

1579092647.398000002

1579092647.401999950

1579092647.404000044

1579092647.405999899

1579092647.407999992

1579092647.408999920

1579092647.411000013

1579092647.414999962

1579092647.415999889

1579092647.417999983

1579092647.420000076

1579092647.421999931

1579092647.424999952

1579092647.427999973

1579092647.430000067

1579092647.431999922

1579092647.433000088

1579092647.434999943

1579092647.438999891

1579092647.440000057

1579092647.441999912

1579092647.444000006

1579092647.446000099

1579092647.447999954

1579092647.450999975

1579092647.453000069

1579092647.456000090

1579092647.457000017

1579092647.459000111

1579092647.463000059

1579092647.463999987

1579092647.466000080

1579092647.467999935

1579092647.470999956

1579092647.474999905

1579092647.476999998

1579092647.479000092

1579092647.480999947

1579092647.482000113

1579092647.486000061

1579092647.487999916

1579092647.490000010

1579092647.492000103

1579092647.493999958

1579092647.494999886

1579092647.499000072

1579092647.500999928

1579092647.503000021

1579092647.505000114

1579092647.506000042

1579092647.509999990

1579092647.512000084

1579092647.513999939

1579092647.516000032

1579092647.517999887

1579092647.519000053

1579092647.523000002

1579092647.525000095

1579092647.526999950

1579092647.529000044

1579092647.530999899

1579092647.533999920

1579092647.536000013

1579092647.538000107

1579092647.539999962

1579092647.540999889

1579092647.545000076

1579092647.546999931

1579092647.549000025

1579092647.551000118

1579092647.553999901

1579092647.558000088

1579092647.559000015

1579092647.561000109

1579092647.562999964

1579092647.565000057

1579092647.565999985

1579092647.569999933

1579092647.572000027

1579092647.573999882

1579092647.575000048

1579092647.576999903

1579092647.581000090

1579092647.582999945

1579092647.585000038

1579092647.586999893

1579092647.588000059

1579092647.589999914

1579092647.594000101

1579092647.595999956

1579092647.598000050

1579092647.599999905

1579092647.601999998

1579092647.605000019

1579092647.607000113

1579092647.608999968

1579092647.611000061

1579092647.614000082

1579092647.615999937

1579092647.618999958

1579092647.621000051

1579092647.622999907

1579092647.625000000

1579092647.627000093

1579092647.630000114

1579092647.631999969

1579092647.634000063

1579092647.635999918

1579092647.637000084

1579092647.641000032

1579092647.642999887

1579092647.644999981

1579092647.647000074

1579092647.648999929

1579092647.650000095

1579092647.654000044

1579092647.655999899

1579092647.657999992

1579092647.660000086

1579092647.661000013

1579092647.664999962

1579092647.667000055

1579092647.668999910

1579092647.670000076

1579092647.671999931

1579092647.674000025

1579092647.677000046

1579092647.678999901

1579092647.680999994

1579092647.683000088

1579092647.684999943

1579092647.686000109

1579092647.690000057

1579092647.696000099

1579092647.697000027

1579092647.700999975

1579092647.703000069

1579092647.707000017

1579092647.707999945

1579092647.710000038

1579092647.713000059

1579092647.714999914

1579092647.717999935

1579092647.719000101

1579092647.720999956

1579092647.723999977

1579092647.726000071

1579092647.727999926

1579092647.730000019

1579092647.732000113

1579092647.733000040

1579092647.736999989

1579092647.739000082

1579092647.740999937

1579092647.743000031

1579092647.743999958

1579092647.747999907

1579092647.750000000

1579092647.752000093

1579092647.753000021

1579092647.755000114

1579092647.756999969

1579092647.760999918

1579092647.762000084

1579092647.766999960

1579092647.769000053

1579092647.772000074

1579092647.773999929

1579092647.776000023

1579092647.778000116

1579092647.780999899

1579092647.785000086

1579092647.788000107

1579092647.796999931

1579092647.799999952

