1579192766.522000074

1579192766.523999929

1579192766.526999950

1579192766.529000044

1579192766.530999899

1579192766.532000065

1579192766.533999920

1579192766.536000013

1579192766.539000034

1579192766.540999889

1579192766.542999983

1579192766.543999910

1579192766.546000004

1579192766.548000097

1579192766.552000046

1579192766.553999901

1579192766.555000067

1579192766.556999922

1579192766.559000015

1579192766.561000109

1579192766.563999891

1579192766.565999985

1579192766.566999912

1579192766.569000006

1579192766.571000099

1579192766.572000027

1579192766.575999975

1579192766.586999893

1579192766.604000092

1579192766.611999989

1579192766.617000103

1579192766.625999928

1579192766.628000021

1579192766.630000114

1579192766.631999969

1579192766.635999918

1579192766.638000011

1579192766.640000105

1579192766.641999960

1579192766.644000053

1579192766.648000002

1579192766.650000095

1579192766.651999950

1579192766.654000044

1579192766.655999899

1579192766.657999992

1579192766.661999941

1579192766.664999962

1579192766.667000055

1579192766.668999910

1579192766.671999931

1579192766.674000025

1579192766.676000118

1579192766.677999973

1579192766.678999901

1579192766.683000088

1579192766.684999943

1579192766.686000109

1579192766.687999964

1579192766.690000057

1579192766.691999912

1579192766.696000099

1579192766.697999954

1579192766.700000048

1579192766.701999903

1579192766.703999996

1579192766.706000090

1579192766.709000111

1579192766.710999966

1579192766.713000059

1579192766.713999987

1579192766.716000080

1579192766.720000029

1579192766.721999884

1579192766.723000050

1579192766.724999905

1579192766.726999998

1579192766.729000092

1579192766.732000113

1579192766.733999968

1579192766.736000061

1579192766.737999916

1579192766.740000010

1579192766.740999937

1579192766.744999886

1579192766.746999979

1579192766.749000072

1579192766.750999928

1579192766.752000093

1579192766.756000042

1579192766.757999897

1579192766.779000044

1579192766.780999899

1579192766.782999992

1579192766.785000086

1579192766.805000067

1579192766.806999922

1579192766.809000015

1579192766.811000109

1579192766.815000057

1579192766.816999912

1579192766.819000006

1579192766.821000099

1579192766.822000027

1579192766.823999882

1579192766.828000069

1579192766.828999996

1579192766.831000090

1579192766.832999945

1579192766.835000038

1579192766.838999987

1579192766.839999914

1579192766.842000008

1579192766.844000101

1579192766.845999956

1579192766.846999884

1579192766.851999998

1579192766.852999926

1579192766.855999947

1579192766.858999968

1579192766.861000061

1579192766.864000082

1579192766.867000103

1579192766.868999958

1579192766.871000051

1579192766.875000000

1579192766.878000021

1579192766.880000114

1579192766.881999969

1579192766.882999897

1579192766.887000084

1579192766.888000011

1579192766.890000105

1579192766.891999960

1579192766.894000053

1579192766.894999981

1579192766.898999929

1579192766.900000095

1579192766.901999950

1579192766.904000044

1579192766.905999899

1579192766.907999992

1579192766.911000013

1579192766.913000107

1579192766.914999962

1579192766.915999889

1579192766.917999983

1579192766.920000076

1579192766.923000097

1579192766.924999952

1579192766.927000046

1579192766.928999901

1579192766.930999994

1579192766.931999922

1579192766.936000109

1579192766.937999964

1579192766.940000057

1579192766.940999985

1579192766.943000078

1579192766.947000027

1579192766.953999996

1579192766.954999924

1579192766.959000111

1579192766.960000038

1579192766.963000059

1579192766.963999987

1579192766.967000008

1579192766.970000029

1579192766.971999884

1579192766.973999977

1579192766.976000071

1579192766.977999926

1579192766.982000113

1579192766.983000040

1579192766.984999895

1579192766.986999989

1579192766.989000082

1579192766.990999937

1579192766.993999958

1579192766.996000051

1579192766.997999907

1579192767.000999928

1579192767.003000021

1579192767.003999949

1579192767.007999897

1579192767.009999990

1579192767.012000084

1579192767.013000011

1579192767.015000105

1579192767.019000053

1579192767.019999981

1579192767.022000074

1579192767.023999929

1579192767.026000023

1579192767.028000116

1579192767.030999899

1579192767.032999992

1579192767.035000086

1579192767.036999941

1579192767.038000107

1579192767.039999962

1579192767.042999983

1579192767.045000076

1579192767.046999931

1579192767.049000025

1579192767.051000118

1579192767.052000046

1579192767.055999994

1579192767.058000088

1579192767.059999943

1579192767.062000036

1579192767.062999964

1579192767.065999985

1579192767.068000078

1579192767.069999933

1579192767.071000099

1579192767.072999954

1579192767.075000048

1579192767.078999996

1579192767.079999924

1579192767.082000017

1579192767.084000111

1579192767.085999966

1579192767.089999914

1579192767.091000080

1579192767.092999935

1579192767.095000029

1579192767.096999884

1579192767.098999977

1579192767.101999998

1579192767.104000092

1579192767.105999947

1579192767.108000040

1579192767.108999968

1579192767.111000061

1579192767.115000010

1579192767.117000103

1579192767.118999958

1579192767.121000051

1579192767.121999979

1579192767.125999928

1579192767.127000093

1579192767.128999949

1579192767.131000042

1579192767.132999897

1579192767.134000063

1579192767.138000011

1579192767.138999939

1579192767.141000032

1579192767.142999887

1579192767.144999981

1579192767.145999908

1579192767.151000023

1579192767.151999950

1579192767.154999971

1579192767.155999899

1579192767.157999992

1579192767.160000086

1579192767.163000107

1579192767.164999962

1579192767.167000055

1579192767.168999910

1579192767.171000004

1579192767.171999931

1579192767.176000118

1579192767.177999973

1579192767.178999901

1579192767.180999994

1579192767.183000088

1579192767.184999943

1579192767.187999964

1579192767.190999985

1579192767.191999912

1579192767.194000006

1579192767.197999954

1579192767.200000048

1579192767.200999975

1579192767.203000069

1579192767.204999924

1579192767.207000017

1579192767.210000038

1579192767.211999893

1579192767.213999987

1579192767.216000080

1579192767.217000008

1579192767.220000029

1579192767.223000050

1579192767.224999905

1579192767.226999998

1579192767.227999926

1579192767.230000019

1579192767.233999968

1579192767.234999895

1579192767.237999916

1579192767.240000010

1579192767.240999937

1579192767.243000031

1579192767.246000051

1579192767.249000072

1579192767.252000093

1579192767.253000021

1579192767.255000114

1579192767.257999897

1579192767.259999990

1579192767.262000084

1579192767.263999939

1579192767.266000032

1579192767.269000053

1579192767.270999908

1579192767.273000002

1579192767.275000095

1579192767.276999950

1579192767.278000116

1579192767.282000065

1579192767.283999920

1579192767.286000013

1579192767.286999941

1579192767.289000034

1579192767.292999983

1579192767.293999910

1579192767.296000004

1579192767.298000097

1579192767.301000118

1579192767.302999973

1579192767.305999994

1579192767.308000088

1579192767.309999943

1579192767.312000036

1579192767.313999891

1579192767.315000057

1579192767.319000006

1579192767.321000099

1579192767.322999954

1579192767.323999882

1579192767.325999975

1579192767.329999924

1579192767.331000090

1579192767.332999945

1579192767.335000038

1579192767.336999893

1579192767.338000059

1579192767.342000008

1579192767.342999935

1579192767.345000029

1579192767.346999884

1579192767.348999977

1579192767.351000071

1579192767.354000092

1579192767.355999947

1579192767.358000040

1579192767.359999895

1579192767.361999989

1579192767.364000082

1579192767.365999937

1579192767.368000031

1579192767.369999886

1579192767.371999979

1579192767.380000114

1579192767.381999969

1579192767.382999897

1579192767.384999990

1579192767.388999939

1579192767.390000105

1579192767.391999960

1579192767.394000053

1579192767.395999908

1579192767.398000002

1579192767.401000023

1579192767.403000116

1579192767.404999971

1579192767.407000065

1579192767.407999992

1579192767.410000086

1579192767.414000034

1579192767.414999962

1579192767.417000055

1579192767.418999910

1579192767.421000004

1579192767.424999952

1579192767.426000118

1579192767.427999973

1579192767.430000067

1579192767.431999922

1579192767.433000088

1579192767.437000036

1579192767.437999964

1579192767.440999985

1579192767.441999912

1579192767.444000006

1579192767.446000099

1579192767.448999882

1579192767.451999903

1579192767.453999996

1579192767.456000090

1579192767.457999945

1579192767.461999893

1579192767.463000059

1579192767.466000080

1579192767.467000008

1579192767.469000101

1579192767.473000050

1579192767.474999905

1579192767.476999998

1579192767.479000092

1579192767.480000019

1579192767.482000113

1579192767.486000061

1579192767.487999916

1579192767.490000010

1579192767.492000103

1579192767.493000031

1579192767.496999979

1579192767.497999907

1579192767.500000000

1579192767.502000093

1579192767.503999949

1579192767.506000042

1579192767.509000063

1579192767.510999918

1579192767.513000011

1579192767.513999939

1579192767.516000032

1579192767.517999887

1579192767.520999908

1579192767.523000002

1579192767.525000095

1579192767.526999950

1579192767.528000116

1579192767.529999971

1579192767.532999992

1579192767.535000086

1579192767.536999941

1579192767.539000034

1579192767.540999889

1579192767.542000055

1579192767.546000004

1579192767.548000097

1579192767.549999952

1579192767.551000118

1579192767.552999973

1579192767.556999922

1579192767.558000088

1579192767.559999943

1579192767.562000036

1579192767.563999891

1579192767.568000078

1579192767.569999933

1579192767.572000027

1579192767.572999954

1579192767.575000048

1579192767.576999903

1579192767.579999924

1579192767.582000017

1579192767.584000111

1579192767.585999966

1579192767.586999893

1579192767.588999987

1579192767.592999935

1579192767.595000029

1579192767.596999884

1579192767.598999977

1579192767.601999998

1579192767.605000019

1579192767.607000113

1579192767.608999968

1579192767.611000061

1579192767.612999916

1579192767.614000082

1579192767.618000031

1579192767.619999886

1579192767.621999979

1579192767.624000072

1579192767.625000000

1579192767.628999949

1579192767.630000114

1579192767.632999897

1579192767.634000063

1579192767.635999918

1579192767.638000011

1579192767.641000032

1579192767.642999887

1579192767.644999981

1579192767.647000074

1579192767.648000002

1579192767.650000095

1579192767.654000044

1579192767.654999971

1579192767.657000065

1579192767.658999920

1579192767.661000013

1579192767.663000107

1579192767.664999962

1579192767.667000055

1579192767.668999910

1579192767.671000004

1579192767.673000097

1579192767.676000118

1579192767.677999973

1579192767.680000067

1579192767.681999922

1579192767.683000088

1579192767.686000109

1579192767.688999891

1579192767.690999985

1579192767.693000078

1579192767.694999933

1579192767.696000099

1579192767.700000048

1579192767.700999975

1579192767.703000069

1579192767.704999924

1579192767.707000017

1579192767.707999945

1579192767.711999893

1579192767.713000059

1579192767.714999914

1579192767.717000008

1579192767.719000101

1579192767.720999956

1579192767.723999977

1579192767.726000071

1579192767.727999926

1579192767.730000019

1579192767.732000113

1579192767.736000061

1579192767.737999916

1579192767.740000010

1579192767.742000103

1579192767.743000031

1579192767.744999886

1579192767.747999907

1579192767.750000000

1579192767.753000021

1579192767.753999949

1579192767.756000042

1579192767.757999897

1579192767.760999918

1579192767.763999939

1579192767.765000105

1579192767.767999887

1579192767.769000053

1579192767.773000002

1579192767.775000095

1579192767.776999950

1579192767.778000116

1579192767.779999971

1579192767.783999920

1579192767.785000086

1579192767.786999941

1579192767.789000034

1579192767.790999889

1579192767.792999983

1579192767.796000004

1579192767.798000097

1579192767.805000067

1579192767.808000088

1579192767.809999943

1579192767.812000036

1579192767.812999964

1579192767.815000057

1579192767.816999912

1579192767.819999933

1579192767.822000027

1579192767.823999882

1579192767.825999975

1579192767.828000069

1579192767.828999996

1579192767.832999945

1579192767.835000038

1579192767.836999893

1579192767.838000059

1579192767.839999914

1579192767.844000101

1579192767.845000029

1579192767.846999884

1579192767.848999977

1579192767.851000071

1579192767.852999926

1579192767.855999947

1579192767.858000040

1579192767.859999895

1579192767.861999989

1579192767.864000082

1579192767.868000031

1579192767.869999886

1579192767.871999979

1579192767.872999907

1579192767.875000000

1579192767.878999949

1579192767.880000114

1579192767.881999969

1579192767.884000063

1579192767.885999918

1579192767.888000011

1579192767.891000032

1579192767.892999887

1579192767.894999981

1579192767.897000074

1579192767.898000002

1579192767.900000095

1579192767.904000044

1579192767.905999899

1579192767.907999992

1579192767.910000086

1579192767.911000013

1579192767.913000107

1579192767.915999889

1579192767.917999983

1579192767.920000076

1579192767.921999931

1579192767.924000025

1579192767.926000118

1579192767.928999901

1579192767.930999994

1579192767.933000088

1579192767.934000015

1579192767.936000109

1579192767.940000057

1579192767.940999985

1579192767.943000078

1579192767.944999933

1579192767.947000027

1579192767.948999882

1579192767.951999903

1579192767.953000069

1579192767.954999924

1579192767.957000017

1579192767.959000111

1579192767.960999966

1579192767.963000059

1579192767.964999914

1579192767.967000008

1579192767.969000101

1579192767.970999956

1579192767.974999905

1579192767.976000071

1579192767.977999926

1579192767.980000019

1579192767.982000113

1579192767.983999968

1579192767.987999916

1579192767.990000010

1579192767.992000103

1579192767.993999958

1579192767.994999886

1579192767.999000072

1579192768.000000000

1579192768.002000093

1579192768.003999949

1579192768.006000042

1579192768.007999897

1579192768.010999918

1579192768.013000011

1579192768.015000105

1579192768.016999960

1579192768.017999887

1579192768.019999981

1579192768.023000002

1579192768.025000095

1579192768.026999950

1579192768.029000044

1579192768.029999971

1579192768.032000065

1579192768.036000013

1579192768.036999941

1579192768.039000034

1579192768.040999889

1579192768.042999983

1579192768.043999910

1579192768.048000097

1579192768.049999952

1579192768.052999973

1579192768.053999901

1579192768.055999994

1579192768.059999943

1579192768.061000109

1579192768.063999891

1579192768.065000057

1579192768.066999912

1579192768.071000099

1579192768.072000027

1579192768.073999882

1579192768.075999975

1579192768.078000069

1579192768.079999924

1579192768.082999945

1579192768.085000038

1579192768.086999893

1579192768.088999987

1579192768.091000080

1579192768.095000029

1579192768.096999884

1579192768.098999977

1579192768.099999905

1579192768.101999998

1579192768.104000092

1579192768.107000113

1579192768.108999968

1579192768.111000061

1579192768.112999916

1579192768.115000010

1579192768.115999937

1579192768.119999886

1579192768.121999979

1579192768.124000072

1579192768.125000000

1579192768.127000093

1579192768.131000042

1579192768.131999969

1579192768.134000063

1579192768.135999918

1579192768.138000011

1579192768.138999939

1579192768.142999887

1579192768.144000053

1579192768.145999908

1579192768.148000002

1579192768.148999929

1579192768.151000023

1579192768.151999950

1579192768.155999899

1579192768.157999992

1579192768.160000086

1579192768.161999941

1579192768.163000107

1579192768.167000055

1579192768.167999983

1579192768.170000076

1579192768.171999931

1579192768.174000025

1579192768.176000118

1579192768.178999901

1579192768.180999994

1579192768.183000088

1579192768.184999943

1579192768.187000036

1579192768.190999985

1579192768.191999912

1579192768.194000006

1579192768.196000099

1579192768.197999954

1579192768.198999882

1579192768.203999996

1579192768.204999924

1579192768.207999945

1579192768.210999966

1579192768.211999893

1579192768.216000080

1579192768.217999935

1579192768.220000029

1579192768.221999884

1579192768.223000050

1579192768.224999905

1579192768.232000113

1579192768.233999968

1579192768.236000061

1579192768.237999916

1579192768.240999937

1579192768.243000031

1579192768.244999886

1579192768.246000051

1579192768.249000072

