nSeg: 63

breaks: 
0.000000000000000
0.332698412698419
0.665396825396838
0.998095238095257
1.330793650793676
1.663492063492095
1.996190476190514
2.328888888888933
2.661587301587352
2.994285714285772
3.326984126984191
3.659682539682609
3.992380952381029
4.325079365079447
4.657777777777866
4.990476190476286
5.323174603174705
5.655873015873123
5.988571428571543
6.321269841269961
6.653968253968381
6.986666666666800
7.319365079365219
7.652063492063638
7.984761904762057
8.317460317460476
8.650158730158894
8.982857142857315
9.315555555555733
9.648253968254151
9.980952380952571
10.313650793650989
10.646349206349409
10.979047619047828
11.311746031746246
11.644444444444666
11.977142857143086
12.309841269841504
12.642539682539923
12.975238095238341
13.307936507936763
13.640634920635181
13.973333333333599
14.306031746032017
14.638730158730437
14.971428571428856
15.304126984127276
15.636825396825694
15.969523809524114
16.302222222222532
16.634920634920952
16.967619047619369
17.300317460317789
17.633015873016205
17.965714285714629
18.298412698413049
18.631111111111466
18.963809523809886
19.296507936508302
19.629206349206722
19.961904761905142
20.294603174603559
20.627301587301979
20.960000000000399

coefs_q:
q1:
0.059380224043927
-0.039353361877140
-0.000000000000000
-1.431918033501203
q2:
0.241619066311963
-0.403774367310309
-0.000000000000000
1.338807981203885
q3:
-0.088796696478342
0.062076492105663
-0.000000000000000
-2.727862166158992
q4:
-0.188670831515762
0.319678902417537
-0.000000000000000
1.510927065498149
q5:
-0.066084726756291
0.037753019317015
0.000000000000000
-1.011829127827785
q6:
0.108215251109689
-0.059815111033938
-0.000000000000000
-0.481175677426772
q7:
0.026183090219965
0.062737302949244
-0.000000000000000
-0.402512200362772

q1:
0.016906526553966
0.019913756978133
-0.006467525693384
-1.434087263385544
q2:
0.219314505560047
-0.162615527791317
-0.188437019068735
1.303012724965904
q3:
-0.020756316065672
-0.026551067807960
0.011819252274283
-2.724261038244540
q4:
-0.193014097576893
0.131367443914183
0.150062403477985
1.539363804344284
q5:
-0.008048721977936
-0.028205831769265
0.003176334142870
-1.010083935708850
q6:
0.002396289147358
0.048194015787925
-0.003866319942166
-0.483811393261226
q7:
-0.055010708183879
0.088870520616410
0.050439682252955
-0.394603705869387

q1:
-0.041266016451645
0.036788080624377
0.012397085674054
-1.433412183968956
q2:
0.012032630083963
0.056281235853382
-0.223814269211896
1.230396834318148
q3:
0.059651230058805
-0.047267848033507
-0.012740183853291
-2.724032050512903
q4:
-0.027728698938388
-0.061279007762567
0.173380714934142
1.596722259638964
q5:
0.048804137597633
-0.036239222848196
-0.018264433234622
-1.012445628706407
q6:
-0.087410534242620
0.050585740575002
0.028997548206517
-0.479674956016944
q7:
-0.082121600474771
0.033964594733833
0.091306730153608
-0.370011396002415

q1:
0.002924553007269
-0.004399333891170
0.023172770301483
-1.426735339629467
q2:
-0.056845013200458
0.068290946641947
-0.182369301829323
1.162606964030723
q3:
-0.007501271557084
0.012269760634711
-0.024383991978351
-2.731305979823679
q4:
0.055989260159403
-0.088954890131549
0.123398135571273
1.646601751638207
q5:
-0.011001602473699
0.012471954487347
-0.026171765692454
-1.020736180828797
q6:
0.015100964183388
-0.036658297411919
0.033631186439822
-0.467647234301303
q7:
0.029724592590339
-0.048000583644798
0.086636978922277
-0.338898504418003

q1:
0.014817340408482
-0.001480351461058
0.021216608317631
-1.419405051227463
q2:
-0.017459263182735
0.011554209657108
-0.155804945066970
1.107398627986635
q3:
-0.026789059828518
0.004782777213925
-0.018710639703630
-2.738336617439983
q4:
0.027435244518852
-0.033072276181973
0.082799891032678
1.679871705074733
q5:
-0.024342827632800
0.001491307446931
-0.021526210610827
-1.028468129926808
q6:
0.043674299977652
-0.021586096969832
0.014253368880432
-0.459959729068494
q7:
0.038857463665360
-0.018332609326059
0.064568030911655
-0.314292986982458

q1:
-0.003686151041459
0.013308765441885
0.025151902873792
-1.411964516396113
q2:
0.016029274558234
-0.005871797786232
-0.153914415657230
1.056198533803563
q3:
0.001658306326288
-0.021955255833967
-0.024423896082615
-2.745018748958653
q4:
-0.011459991822041
-0.005689289271727
0.069903979732526
1.704768710373378
q5:
0.001799669691010
-0.022805152895140
-0.028617293159945
-1.036361239935453
q6:
-0.000710490021226
0.022005013865005
0.014392741866509
-0.455998641792117
q7:
-0.008456901775603
0.020450840122796
0.065272762935459
-0.293409552561011

q1:
0.019807775844648
0.009629635640505
0.032783472503742
-1.402259139952570
q2:
0.007044021921156
0.010126944820463
-0.152498734993143
1.004931803950854
q3:
-0.021287656134860
-0.020300108186395
-0.038482188620184
-2.755513660451801
q4:
-0.002556304590715
-0.017127452537917
0.062312885949507
1.726973892727229
q5:
-0.019722130529573
-0.021008911146398
-0.043194162720432
-1.048340155765713
q6:
0.003352234193650
0.021295877158106
0.028798879578325
-0.448800667662231
q7:
0.028316193135384
0.012010046731527
0.076072448466675
-0.269741172737597

q1:
0.031217695836119
0.029399682388306
0.045768464660629
-1.389556806140900
q2:
-0.002601490541546
0.017157549557007
-0.143421227022480
0.955576052256514
q3:
-0.036112570922977
-0.041547216404809
-0.059058695341321
-2.771347541605013
q4:
0.009659065232708
-0.019678887977031
0.050067474882947
1.745715345541352
q5:
-0.034801574207867
-0.040693475713058
-0.063722448888277
-1.065762507638162
q6:
0.016770215650241
0.024641726143768
0.044082247280028
-0.436738674403978
q7:
0.053730590017100
0.040272304260940
0.093466703654010
-0.242059852565448

q1:
-0.041263576535477
0.060557915946643
0.075697214836829
-1.369925895064709
q2:
0.014752522294349
0.014561014235540
-0.132868511195626
0.909663374566295
q3:
0.047373941819148
-0.077591001478409
-0.098695791322786
-2.796924938107998
q4:
-0.017349604479754
-0.010038220963814
0.040180639908342
1.760550196410652
q5:
0.041503216402817
-0.075428761208150
-0.102356132790952
-1.092748749991702
q6:
-0.037614180098936
0.041379998526104
0.066047570281307
-0.418727454958444
q7:
-0.062493173362088
0.093900550297056
0.138105799392672
-0.204527286444028

q1:
-0.061078351295712
0.019372936699804
0.102290082637933
-1.339558067287472
q2:
0.014844427766922
0.029285436487424
-0.118280866637636
0.867613238173140
q3:
0.071871813908111
-0.030307295738916
-0.134593383539853
-2.836604698842325
q4:
-0.021760614617735
-0.027354778577892
0.027740048314784
1.772168205520929
q5:
0.067690290386405
-0.034004598550861
-0.138764437879030
-1.133623160124069
q6:
-0.045622018213579
0.003837464484499
0.081091348451184
-0.393558426473231
q7:
-0.099911476292583
0.031526411550895
0.179835150509070
-0.150487381219733

q1:
-0.029313991055997
-0.041589074879155
0.094898808729375
-1.305631222142422
q2:
0.000631721534916
0.044101589153838
-0.093865119694130
0.832049592754925
q3:
0.037128934168567
0.041427619476038
-0.130893669483820
-2.882091627920104
q4:
-0.006282638795209
-0.049073944405879
0.002312333493515
1.777568071401205
q5:
0.046783526845438
0.033556757949095
-0.138913433736380
-1.181061028225517
q6:
-0.012726294890160
-0.041697654646769
0.068495323279737
-0.367834768698196
q7:
-0.058424229943771
-0.068194757167800
0.167635650126049
-0.090846229298032

q1:
-0.021985755667001
-0.070847229761713
0.057491428645682
-1.279741471518290
q2:
-0.001749430771812
0.044732107409640
-0.064310289853328
0.805725607087391
q3:
0.029701851391346
0.078485831865237
-0.090998654561388
-2.919686891266271
q4:
-0.004076513935925
-0.055344616270050
-0.032427555899620
1.772674109653830
q5:
0.041410593532027
0.080251173314828
-0.101049715652382
-1.221840128073681
q6:
-0.007161579806549
-0.054399708975234
0.036523882938194
-0.350130579099186
q7:
-0.052053123604983
-0.126507702864060
0.102858450724972
-0.044773990804739

q1:
0.056737561638783
-0.092791107798872
0.003049213482668
-1.269265762231213
q2:
-0.009662966141942
0.042986008886917
-0.035126611796568
0.789216569509696
q3:
-0.065935207088540
0.108131108301553
-0.028911494785262
-2.940180746658236
q4:
0.021503208097660
-0.059413365417526
-0.070607354251550
1.755609394566747
q5:
-0.074140991340537
0.121582889525843
-0.033899843316818
-1.245051369216687
q6:
0.042012331207549
-0.061547647677390
-0.002051618576711
-0.344264279829870
q7:
0.103735439910762
-0.178461677662177
0.001395621902272
-0.026472959612871

q1:
0.044153592319131
-0.036161617706066
-0.039853153605960
-1.276432771501255
q2:
-0.005350912548445
0.033341448394769
-0.009732587913645
0.781932200468237
q3:
-0.049774107225247
0.042321492083657
0.021143846549247
-2.940258830412996
q4:
0.014180855083388
-0.037951115811480
-0.103000362609645
1.726333952233701
q5:
-0.057505006400425
0.047583119121191
0.022381419242577
-1.245602299271733
q6:
0.025745886828650
-0.019615339957854
-0.029054415732818
-0.350212312796788
q7:
0.081978270861911
-0.074923829065529
-0.082905333986820
-0.041942105793532

q1:
-0.012077704470391
0.007907872532457
-0.049253129778006
-1.292068526696156
q2:
0.001900936398676
0.028000728060702
0.010675856824556
0.782187638319784
q3:
0.017271394892872
-0.007357807318305
0.032776208972768
-2.930372786319299
q4:
-0.004720128587072
-0.023797271880631
-0.123543953181497
1.688387374434527
q5:
0.018366829298566
-0.009812353933710
0.034947692866856
-1.235006813048081
q6:
-0.010886103867123
0.006081507086361
-0.033557100446890
-0.361101745257247
q7:
-0.024773795342682
0.006898292709028
-0.105537321955586
-0.074798849742885

q1:
0.009542619590244
-0.004146826786561
-0.048001835828260
-1.308024427475485
q2:
-0.003344842181935
0.029898043628143
0.029938686262623
0.788908833577048
q3:
-0.013147714248986
0.009880689679534
0.033615567929774
-2.919646583387825
q4:
0.006720222662397
-0.028508409746585
-0.140945970433981
1.644476596808667
q5:
-0.015186415344105
0.008519490928098
0.034517559397053
-1.223789510053511
q6:
0.010689814062627
-0.004783861344825
-0.033125375768436
-0.371993877512838
q7:
0.022113340207406
-0.017828314452049
-0.109173722840249
-0.110059704226611

q1:
0.015502121905270
0.005377616385415
-0.047592354082355
-1.324102152397502
q2:
-0.004203535291993
0.026559572574173
0.048722045557871
0.802055572130335
q3:
-0.020244544460598
-0.003241981304216
0.035824255668610
-2.907853236297524
q4:
0.007944699298292
-0.021800987508307
-0.157683827044497
1.594676028219066
q5:
-0.020341169700628
-0.006637997910591
0.035143529137480
-1.211921817317606
q6:
0.012063955704689
0.005885591167206
-0.032758832005307
-0.383150493662663
q7:
0.032605008323675
0.004242905107343
-0.113693566965091
-0.147540671725446

q1:
0.002526993047147
0.020850210439438
-0.038866397729198
-1.338769936161353
q2:
-0.002198120393053
0.022364044016070
0.064998855140911
0.821050352981229
q3:
-0.004268746687606
-0.023447964727746
0.026944552988770
-2.897038934024285
q4:
0.002967633154789
-0.013871420970584
-0.169551980722554
1.540094326355482
q5:
-0.002839515235534
-0.026940422526075
0.023972041957282
-1.201713449062647
q6:
0.003331197584538
0.017926567908649
-0.024836564477848
-0.392953574565151
q7:
0.006767969783167
0.036785808653260
-0.100043379021880
-0.183695995810652

q1:
-0.015604748324774
0.023372390166495
-0.024153608702208
-1.349299793485230
q2:
0.002116503412005
0.020170110519003
0.079149900840199
0.845069857905561
q3:
0.022124157261643
-0.027708580469281
0.009924851602584
-2.890827137826716
q4:
-0.007036811270238
-0.010909440450376
-0.177796533982607
1.482258533875640
q5:
0.023033925561578
-0.029774529161160
0.005103067554671
-1.196824543961172
q6:
-0.014588252803602
0.021251420354930
-0.011802109969838
-0.399109725988705
q7:
-0.035227567689244
0.043540887065411
-0.073318814858970
-0.212659277123473

q1:
-0.010325394853530
0.007797365171863
-0.013783480576938
-1.355323269509976
q2:
0.002296073872421
0.022282582495937
0.093273844421043
0.873713440120175
q3:
0.016642204820510
-0.005626564459564
-0.001165698202315
-2.889777429502144
q4:
-0.007130456470777
-0.017932848270575
-0.187392317658657
1.421639226338697
q5:
0.016822689642930
-0.006784477743509
-0.007060056012343
-1.197574208802385
q6:
-0.012516802444121
0.006690954699526
-0.002505726142196
-0.401221211132703
q7:
-0.027071668857793
0.008380419505099
-0.056044678577733
-0.233530149911520

q1:
0.002003804196573
-0.002508362262898
-0.012023837704368
-1.359426175962755
q2:
0.000761957883987
0.024574282894316
0.108863049160403
0.907296474563090
q3:
0.001894816780689
0.010983940923193
0.000616692443362
-2.890175187425017
q4:
-0.003365947571242
-0.025049722919503
-0.201692550867293
1.357046559637776
q5:
-0.000444250114130
0.010006168681054
-0.005988204551217
-1.200054531090920
q6:
-0.001784827264404
-0.005802006216131
-0.002209974392800
-0.401775193544274
q7:
-0.003350504436944
-0.018639684269156
-0.059457919680187
-0.252245447535632

q1:
-0.009636653688314
-0.000508374836223
-0.013027501348774
-1.363630342178214
q2:
0.002682487405822
0.025334789429953
0.125467718301938
0.946263181899446
q3:
0.022831038382477
0.012875148529062
0.008554573632557
-2.888684443663682
q4:
-0.009319448951766
-0.028409259162038
-0.219478269350294
1.287047104812655
q5:
0.017485861586381
0.009562764757618
0.000522348542031
-1.200955591967209
q6:
-0.015391917936541
-0.007583433809555
-0.006663289042616
-0.403218390028820
q7:
-0.034112824143717
-0.021983806792886
-0.072973290674797
-0.274213581771415

q1:
0.002418487019805
-0.010126672993703
-0.016565764880762
-1.368375719789557
q2:
-0.004638107007309
0.028012167335954
0.143216166140247
0.990909140463283
q3:
-0.002819863578295
0.035662699219382
0.024703038534262
-2.883572451897797
q4:
0.006521398722941
-0.037710956782467
-0.241476360242308
1.210539266097108
q5:
-0.003788303160847
0.027015319940978
0.012691819260802
-1.199079391058768
q6:
0.003310140796992
-0.022946033807170
-0.016820394459228
-0.406841472298092
q7:
0.006103114016993
-0.056031654128711
-0.098928910689348
-0.302181260523571

q1:
0.010914690332948
-0.007712792615840
-0.022500926772445
-1.374918964300034
q2:
-0.001496676445470
0.023382894818182
0.160315221739464
1.041486746938951
q3:
-0.015286097856606
0.032848206809807
0.047496508222704
-2.871510192730353
q4:
0.003388335177701
-0.031201979771379
-0.264403584848159
1.126266460861781
q5:
-0.014807162023411
0.023234232595675
0.029409765628552
-1.192006072179690
q6:
0.012567662790371
-0.019642198040267
-0.030989431594503
-0.414855548208798
q7:
0.022848321971964
-0.049940165090799
-0.134185566734443
-0.341072044858678

q1:
0.012960342372438
0.003181107830760
-0.024008611107291
-1.382856760113956
q2:
0.024241388581382
0.021889069184989
0.175377132303059
1.097356461764916
q3:
0.008638112141809
0.017591225330071
0.064277627233051
-2.852635192618037
q4:
-0.045725924692201
-0.027820098565445
-0.284040136624983
1.034970893991242
q5:
0.003388617588023
0.008455274690404
0.039952814401826
-1.180195019249950
q6:
-0.003975944322467
-0.007098473655212
-0.039886010622078
-0.426877028887443
q7:
-0.023534100136137
-0.027135363732114
-0.159828472831717
-0.390401750860172

q1:
0.013514988356761
0.016116763836775
-0.017588239835044
-1.390015000740925
q2:
0.031875724950656
0.046084283692883
0.197991758911317
1.159019726233815
q3:
0.033439926644579
0.026212883924944
0.078851184851863
-2.828984881015740
q4:
-0.070259693428962
-0.073458926258234
-0.317735507423465
0.935707940075259
q5:
0.024140594367730
0.011837437768736
0.046704167626327
-1.165842093341216
q6:
-0.023080970400331
-0.011066844750398
-0.045929583221786
-0.441079176151149
q7:
-0.066031800106249
-0.050624637010849
-0.185699101650329
-0.447446657618236

q1:
-0.001034752146524
0.029606009358570
-0.002376345768783
-1.393584943838256
q2:
-0.062686975239432
0.077899292976967
0.239240898070048
1.231166107181559
q3:
-0.019907524234096
0.059589115471153
0.107397373857294
-2.798618307110979
q4:
0.092387151830258
-0.143584791699713
-0.389945607874237
0.819279432895540
q5:
-0.007027820731255
0.035932050051956
0.062597000399688
-1.148104429133383
q6:
0.007830866720188
-0.034103851397586
-0.060957802130703
-0.458434820276929
q7:
0.047142095669619
-0.116530662259754
-0.241311404391787
-0.517263679479054

q1:
-0.031905699286486
0.028573228168516
0.016979794208483
-1.391136618992710
q2:
-0.188609389573880
0.015331721499895
0.270258708600763
1.317075211383268
q3:
-0.123773301336294
0.039719510330835
0.140437196028877
-2.757024667854596
q4:
0.334882086028986
-0.051373615396749
-0.454807960457442
0.677054231869118
q5:
-0.077205870361202
0.028917615645904
0.084172381241389
-1.123560056421760
q6:
0.073859774808851
-0.026287900614008
-0.081050042165037
-0.482201901435520
q7:
0.252875984565824
-0.069478361058076
-0.303196311197213
-0.608710128504440

q1:
-0.025450590202455
-0.003271698357425
0.025397573015475
-1.383499701142331
q2:
-0.046713445189069
-0.172918412093848
0.217829866777758
1.401741204325996
q3:
-0.046795668607190
-0.083818032336248
0.125765687755330
-2.710463004008006
q4:
0.101178636756259
0.282870599992187
-0.377789281138069
0.532386191210614
q5:
-0.033249005379446
-0.048141195914612
0.077776726599609
-1.095198366904899
q6:
0.029834292614085
0.047431188909494
-0.074015703709904
-0.509356937830030
q7:
0.091059833957029
0.182915954965722
-0.265455803763811
-0.707961136694484

q1:
0.015586291454838
-0.028673811245210
0.014769352677836
-1.376349345763320
q2:
0.154952854616060
-0.219542879292082
0.087258618088088
1.453352561637479
q3:
0.088360714221552
-0.130524566336568
0.054454245403230
-2.679621917199443
q4:
-0.266231618316286
0.383856515535579
-0.155970228098987
0.441732728362455
q5:
0.054002495085423
-0.081326869855241
0.034702906622845
-1.075875258581835
q6:
-0.051791884032970
0.077208654299553
-0.032548225715274
-0.527633098757265
q7:
-0.186494560762503
0.273802341619978
-0.113506351439423
-0.772677866051648

q1:
0.018413039278218
-0.013117207964571
0.000865546921693
-1.374035481447130
q2:
0.108609352456539
-0.064885172970526
-0.007370143426585
1.463788814600844
q3:
0.068204351519545
-0.042332158237341
-0.003054912486758
-2.672698655943264
q4:
-0.194160164542030
0.118132005063699
0.011040555897221
0.422525888539358
q5:
0.043464503285897
-0.027427236665217
-0.001479411990946
-1.071342899151158
q6:
-0.040794205880275
0.025515421474264
0.001627911240587
-0.531823029756620
q7:
-0.141916315621142
0.087663008592257
0.006752596821666
-0.787002362737812

q1:
0.000001893098421
0.005260758857879
-0.001748281225550
-1.374521361046100
q2:
0.000000414212402
0.043517304528955
-0.014479199339844
1.458154380643185
q3:
0.000004342544635
0.025742280231691
-0.008574338566098
-2.675889012519990
q4:
-0.000000963705467
-0.075658330593492
0.025171479974929
0.432124783630935
q5:
-0.000003881677263
0.015954477090613
-0.005296380890687
-1.073270354465300
q6:
0.000001081179104
-0.015201081156716
0.005059475892267
-0.529959448587315
q7:
-0.000001941956993
-0.053982990237229
0.017957885468037
-0.780278702714250

q1:
-0.018430061418362
0.005262648350399
0.001752839648824
-1.374520637613437
q2:
-0.108601506710409
0.043517717952382
0.014477214488868
1.458154042837948
q3:
-0.068132939203087
0.025746614504812
0.008555934984332
-2.675892153900051
q4:
0.194160159714610
-0.075659292463329
-0.025171653029374
0.432124772588078
q5:
-0.043549180719571
0.015950602807020
0.005318388548271
-1.073266622035993
q6:
0.040776804862759
-0.015200002037000
-0.005054916230595
-0.529958709998857
q7:
0.141934649849672
-0.053984928495256
-0.017962869716612
-0.780279496082986

q1:
-0.015624020522825
-0.013132308189071
-0.000865383687979
-1.374033659143614
q2:
-0.154941413461912
-0.064876928745247
0.007371038961591
1.463788151125822
q3:
-0.088263203526378
-0.042256547671223
0.003063106426111
-2.672704810597069
q4:
0.266235172203589
0.118131038375637
-0.011041370579819
0.422525713276114
q5:
-0.054123251067472
-0.027515627092133
0.001470723325796
-1.071335391960925
q6:
0.051757027066078
0.025499132721259
-0.001628411799768
-0.531821295536491
q7:
0.186533897749624
0.087679369640420
-0.006752782630856
-0.787004353727867

q1:
0.025462996887965
-0.028726568672806
-0.014791765577264
-1.376350529972487
q2:
0.046703278104934
-0.219523215705329
-0.087248437668317
1.453353529973920
q3:
0.046681738956035
-0.130351630809934
-0.054363360573336
-2.679613385633281
q4:
-0.101179969641192
0.383859095965509
0.155969950305746
0.441732305929352
q5:
0.033383939072561
-0.081535786252811
-0.034810508796586
-1.075884872812553
q6:
-0.029819819293907
0.077157574973879
0.032525311903250
-0.527634617681363
q7:
-0.091078050845592
0.273857964727667
0.113530114644624
-0.772676659268593

q1:
0.031955705566898
-0.003312072731294
-0.025450970717422
-1.383513724827926
q2:
0.188589066010423
-0.172908896225357
-0.217809978399545
1.401747361788619
q3:
0.123602361398776
-0.083758809451909
-0.125597564190611
-2.710409288825707
q4:
-0.334885249399878
0.282871850076012
0.377790277750677
0.532385912894820
q5:
0.077417458057141
-0.048215435635626
-0.077978534364550
-1.095261935753931
q6:
-0.073809762551784
0.047394555335769
0.073963607955477
-0.509371201031770
q7:
-0.252931560997098
0.182953395883683
0.265510529222625
-0.707946537958718

q1:
0.001047907864047
0.028582764825002
-0.017043451570055
-1.391171035455855
q2:
0.062684147221365
0.015320952516479
-0.270239237131896
1.317088290540952
q3:
0.019917979548448
0.039608118877539
-0.140286428864243
-2.756914757952607
q4:
-0.092386054384848
-0.051375522658350
0.454808738428047
0.677054307000664
q5:
0.007020771538385
0.029054560596646
-0.084353327075932
-1.123691191971347
q6:
-0.007817517750663
-0.026274617192108
0.080990177852162
-0.482235709976280
q7:
-0.047153773579381
-0.069496390711521
0.303257494752920
-0.608675225072836

q1:
-0.013526402020872
0.029628676674069
0.002323402617573
-1.393638998939071
q2:
-0.031868620318305
0.077885701362185
-0.239229531333534
1.231184368322248
q3:
-0.033367738587097
0.059488159417323
-0.107317254371222
-2.798470181910545
q4:
0.070260838424444
-0.143585603606275
0.389945481181910
0.819279596159558
q5:
-0.024227302850443
0.036061959236863
-0.062689164286878
-1.148280866472345
q6:
0.023069048893535
-0.034077244432770
0.060911209286170
-0.458486583674573
q7:
0.066046352673440
-0.116560347579323
0.241356713251711
-0.517210846094445

q1:
-0.012966872800093
0.016128039228475
0.017546589368642
-1.390084581256301
q2:
-0.024236448408717
0.046077783177820
-0.197987076794509
1.159040526271633
q3:
-0.008610966760248
0.026183978427534
-0.078814270097758
-2.828818616453808
q4:
0.045725893403236
-0.073458595350258
0.317735220703672
0.935708013485812
q5:
-0.003424276102642
0.011880803629944
-0.046738683180715
-1.166038007150138
q6:
0.003968408920202
-0.011052136584746
0.045896735855580
-0.441143934855291
q7:
0.023542893562525
-0.050639797482402
0.185729490386730
-0.447381499953518

q1:
-0.010913708853898
0.003185865233715
0.023972294726221
-1.382939190108421
q2:
0.001498700254396
0.021887499432738
-0.175375135151377
1.097378281930842
q3:
0.015281883152517
0.017589413508734
-0.064250932082136
-2.852458846424083
q4:
-0.003388628165383
-0.027819798886836
0.284040059700346
1.034970907485953
q5:
0.014808827161508
0.008463049957973
-0.039970315383846
-1.180398929391761
q6:
-0.012567713640992
-0.007091286538678
0.039860447781501
-0.426951365334518
q7:
-0.022847149429941
-0.027141747526663
0.159851693824983
-0.390327837171951

q1:
-0.002417785731659
-0.007707055603318
0.022468101866747
-1.375012913964553
q2:
0.004638555595409
0.023383345019983
-0.160313597060440
1.041509132329349
q3:
0.002816876189776
0.032842188312389
-0.047472418206409
-2.871325320859215
q4:
-0.006521473512977
-0.031201972522381
0.264403610037850
1.126266471145178
q5:
0.003789857645888
0.023243669829650
-0.029421540038630
-1.192214882919763
q6:
-0.003310179325037
-0.019635061677497
0.030968634152754
-0.414937595715736
q7:
-0.006102729528155
-0.049945378576738
0.134204929330899
-0.340991069014002

q1:
0.009634112544771
-0.010120236028822
0.016536990238022
-1.368479929402819
q2:
-0.002683461962974
0.028013065271401
-0.143214092938100
0.990932132733471
q3:
-0.022826871306705
0.035653699023709
-0.024683945213319
-2.883380341506295
q4:
0.009319517757935
-0.037711024181047
0.241476365420328
1.210539282809251
q5:
-0.017491247031660
0.027026308699070
-0.012696797975741
-1.199291017290469
q6:
0.015389161694066
-0.022938935899058
0.016804332736808
-0.406929650588323
q7:
0.034114477400117
-0.056036483858172
0.098944931923982
-0.302094405686230

q1:
-0.002004676518647
-0.000504474174612
0.013002166017959
-1.363743506152812
q2:
-0.000761383140736
0.025334714664547
-0.125465371232425
0.946286927422740
q3:
-0.001891967627992
0.012870307471873
-0.008540085274471
-2.888486823714474
q4:
0.003365958117075
-0.028409257885508
0.219478252529614
1.287047118321130
q5:
0.000438957373372
0.009568378328422
-0.000521803688499
-1.201167856606572
q6:
0.001783295110307
-0.007579086893932
0.006651034994886
-0.403311227874527
q7:
0.003352756190179
-0.021986986415008
0.072986647210873
-0.274121870406476

q1:
0.010323514290316
-0.002505332261795
0.012000808194037
-1.359547369328313
q2:
-0.002297359019692
0.024574781777413
-0.108860560987608
0.907321013842414
q3:
-0.016640237385406
0.010981943591744
-0.000604479206321
-2.889973178147815
q4:
0.007130451259386
-0.025049711117228
0.201692538397910
1.357046568079693
q5:
-0.016824288748342
0.010006499592512
0.005990727124561
-1.200266188011551
q6:
0.012514657592710
-0.005799188536217
0.002200103994633
-0.401871683562597
q7:
0.027071794005056
-0.018640616427095
0.059469908233564
-0.252149561496484

q1:
0.015605495199154
0.007798518191777
0.013761842751059
-1.355451858624839
q2:
-0.002118969952299
0.022281798679663
-0.093271451045063
0.873738815104552
q3:
-0.022126507879125
-0.005626598103404
0.001177235737101
-2.889571505529084
q4:
0.007036809050296
-0.017932841669764
0.187392311311952
1.421639231746529
q5:
-0.023029784510852
-0.006785742891548
0.007062267766659
-1.197785048727199
q6:
0.014588057975891
0.006691631613460
0.002497018389856
-0.401320752118684
q7:
0.035224214739103
0.008379612256047
0.056056088433164
-0.233430373869962

q1:
-0.002522582017979
0.023374288638172
0.024132986102738
-1.349435426340433
q2:
0.002197826059941
0.020166864860607
-0.079148848064046
0.845095851570769
q3:
0.004263008814817
-0.027710960253236
-0.009914117011394
-2.890617465621491
q4:
-0.002967636605994
-0.010909436065278
0.177796531290896
1.482258537820814
q5:
0.002844379041145
-0.029771661146189
-0.005100322529070
-1.197034635578333
q6:
-0.003328679379133
0.021251902812254
0.011793787938474
-0.399212096278346
q7:
-0.006770849697323
0.043536733252790
0.073328574177057
-0.212555917869166

q1:
-0.015506668147965
0.020856511538322
0.038848503113838
-1.338912057544512
q2:
0.004206411438359
0.022360504585196
-0.065000059753188
0.821076326808144
q3:
0.020252112873516
-0.023456071455209
-0.026937307243284
-2.896826165153448
q4:
-0.007944698771118
-0.013871420030119
0.169551979802650
1.540094329763413
q5:
0.020330534158215
-0.026932699969884
-0.023965773465466
-1.201922130845105
q6:
-0.012067827715479
0.017929563774795
0.024829399679181
-0.393058567444140
q7:
-0.032598224109957
0.036778780412033
0.100049418088402
-0.183589955480032

q1:
-0.009555376530903
0.005379379901115
0.047577142551467
-1.324249697252304
q2:
0.003348470693248
0.026558903811292
-0.048724650229531
0.802080859327696
q3:
0.013166167865251
-0.003242534034786
-0.035819890911067
-2.907638675385151
q4:
-0.006720234731234
-0.021800986041672
0.157683826925431
1.594676031444459
q5:
0.015165677489337
-0.006640890638637
-0.035135653769508
-1.212127950449036
q6:
-0.010699752160336
0.005884722397822
0.032752374888357
-0.383257681241557
q7:
-0.022101017364904
0.004242648157523
0.113697182260114
-0.147433150316494

q1:
0.012091609755422
-0.004157795912587
0.047983561605428
-1.308177307766570
q2:
-0.001904168261021
0.029900996465124
-0.029940531026456
0.788933313802931
q3:
-0.017291298094161
0.009898555415484
-0.033605443162822
-2.919429951939140
q4:
0.004720146056660
-0.028508420325800
0.140945967283174
1.644476599712341
q5:
-0.018347881942883
0.008495899845958
-0.034518495150691
-1.223994106941561
q6:
0.010895357616034
-0.004794649282209
0.033115040483647
-0.372103675505237
q7:
0.024762807598502
-0.017816272031448
0.109181259142694
-0.109950554657535

q1:
-0.044092300448397
0.007910782205206
0.049232174187861
-1.292228188872116
q2:
0.005348453741607
0.028000455191267
-0.010676809967440
0.782211712624063
q3:
0.049694519734292
-0.007359806872784
-0.032760805552425
-2.930151541801267
q4:
-0.014180857778827
-0.023797265023533
0.123543948792348
1.688387375762270
q5:
0.057568304796757
-0.009817033750367
-0.034958034303650
-1.235213634763573
q6:
-0.025701484618857
0.006079955271700
0.033542659746182
-0.361215835103520
q7:
-0.082009473126017
0.006899368314485
0.105549222604479
-0.074686264536147

q1:
-0.056702654507636
-0.036097532909005
0.039854486969581
-1.276596826380102
q2:
0.009662374624354
0.033338721401938
0.009730636721347
0.781955836912427
q3:
0.065892543443729
0.042240056633444
-0.021156201822529
-2.940035613401619
q4:
-0.021503220928393
-0.037951111644686
0.103000361888127
1.726333952760919
q5:
0.074179599760458
0.047641617132493
-0.022373855451438
-1.245810748553407
q6:
-0.041985091241566
-0.019572574138360
0.029053686866100
-0.350329743662005
q7:
-0.103756525289771
-0.074953896291293
0.082907589169655
-0.041826591251256

q1:
0.021933916921882
-0.092692182360436
-0.002993646872443
-1.269420994586079
q2:
0.001744902557604
0.042982691503198
0.035122649649786
0.789239233166178
q3:
-0.029634788831078
0.108007090470614
0.028830785531457
-2.939972225295660
q4:
0.004076525195926
-0.059413374057025
0.070607352041970
1.755609394842630
q5:
-0.041442595734811
0.121679922417217
0.033959151992403
-1.245249405209564
q6:
0.007127332895189
-0.061477693777561
0.002088391381692
-0.344376216381329
q7:
0.052060207895359
-0.178512790104323
-0.001420375066094
-0.026360799348905

q1:
0.029274477460611
-0.070800044327928
-0.057387251180192
-1.279869176071319
q2:
-0.000635700877542
0.044724270436883
0.064302616669852
0.805746418593473
q3:
-0.037080224359177
0.078428748856356
0.090857693345637
-2.919516479426582
q4:
0.006282649205616
-0.055344613670996
0.032427551680393
1.772674108652957
q5:
-0.046808804352193
0.080316264959995
0.101162962903934
-1.222008870271674
q6:
0.012700435242086
-0.054363936754553
-0.036451935220740
-0.350223799493075
q7:
0.058433126200076
-0.126551744509716
-0.102914861502767
-0.044675462540375

q1:
0.061013452265812
-0.041581327776766
-0.094776355296293
-1.305720499265466
q2:
-0.014831420509898
0.044089780418155
0.093850910414639
0.832066837401897
q3:
-0.071788144972717
0.041419153495958
0.130730900223487
-2.881972638292898
q4:
0.021760576828740
-0.049073931416248
-0.002312332526411
1.777568069667658
q5:
-0.067786591218166
0.033596620235139
0.139061598994252
-1.181185819227838
q6:
0.045573215999241
-0.041687692817691
-0.068408159916521
-0.367901044938985
q7:
0.099974169791187
-0.068229919502402
-0.167718411942355
-0.090771016090119

q1:
0.041237369930163
0.019315908389495
-0.102184024984503
-1.339608136793295
q2:
-0.014740262150945
0.029286610233037
0.118263119113830
0.867624927329926
q3:
-0.047339162630941
-0.030232252153004
0.134452764543302
-2.836537718198595
q4:
0.017349624597078
-0.027354803305276
-0.027740051252811
1.772168204155326
q5:
-0.041559597965871
-0.034060853666424
0.138907149268542
-1.133697790849380
q6:
0.037591899374621
0.003798717055839
-0.081013762011259
-0.393596398124737
q7:
0.062533636058089
0.031553823298710
-0.179920490933298
-0.150441286055229

q1:
-0.031169439501089
0.060474730948363
-0.075637805928606
-1.369947956799725
q2:
0.002595604349775
0.014574424771903
0.132855615839283
0.909669740559495
q3:
0.036049186100433
-0.077481244950363
0.098616655030816
-2.796895153967813
q4:
-0.009658938695011
-0.010038225612193
-0.040180652619639
1.760550192071378
q5:
0.034862964605669
-0.075541290493313
0.102442689878254
-1.092784203939781
q6:
-0.016735029159596
0.041319012812604
-0.066003164899471
-0.418744723114474
q7:
-0.053766194507856
0.093968347669071
-0.138159463893858
-0.204505059674115

q1:
-0.019773281692904
0.029364661808228
-0.045748382560699
-1.389566533148861
q2:
-0.007050847662438
0.017165085113393
0.143415300397947
0.955579395609993
q3:
0.021242050778376
-0.041500723966312
0.059031542832506
-2.771334271424094
q4:
0.002556233367401
-0.019678766328737
-0.050067448668558
1.745715341118381
q5:
0.019772248884846
-0.040744731534512
0.063754514930584
-1.065779359098022
q6:
-0.003326486147295
0.024615859899026
-0.044066737406840
-0.436746623590214
q7:
-0.028347193454681
0.040304564960277
-0.093487078993681
-0.242049286682377

q1:
0.003685391908533
0.009629043509025
-0.032775238696419
-1.402264791769193
q2:
-0.016029017520331
0.010127667636978
0.152495555916166
1.004933758259804
q3:
-0.001657191533221
-0.020299134237037
0.038470828103264
-2.755505957155286
q4:
0.011459485527689
-0.017127401977273
-0.062312802441478
1.726973907867922
q5:
-0.001800555134282
-0.021010144076112
0.043208765838541
-1.048350166672033
q6:
0.000709243240073
0.021295709915821
-0.028792031004947
-0.448805371634824
q7:
0.008456901332619
0.012011366159795
-0.076081651751193
-0.269734956429410

q1:
-0.014825650128549
0.013307415623446
-0.025144315150124
-1.411967522335774
q2:
0.017461784981828
-0.005870818421410
0.153911802893282
1.056199519911557
q3:
0.026800309663888
-0.021953169214957
0.024413553811934
-2.745014676430204
q4:
-0.027435396840843
-0.005689744041066
-0.069904030704088
1.704768740248835
q5:
0.024328253352370
-0.022807269581567
0.028630781866081
-1.036366561485527
q6:
-0.043681381745129
0.022003602216389
-0.014386418587628
-0.456001131680685
q7:
-0.038848923924150
0.020452159108923
-0.065281088423696
-0.293406252142104

q1:
-0.002924084038296
-0.001489995171525
-0.021212678123580
-1.419405988164609
q2:
0.056844794861853
0.011557706017596
0.155803821369727
1.107398946103642
q3:
0.007500361813605
0.004796092240048
0.018705421535837
-2.738335340520217
q4:
-0.055987250011930
-0.033072882983165
-0.082800295187071
1.679871662045037
q5:
0.010997891325973
0.001474644240609
0.021533451276454
-1.028469734807575
q6:
-0.015100015289758
-0.021594576896845
-0.014250336513062
-0.459960532256857
q7:
-0.029721940831612
-0.018322766864896
-0.064572643004096
-0.314291995961229

q1:
0.041276698553267
-0.004408509525939
-0.023175101273721
-1.426736019172413
q2:
-0.012037086011857
0.068294225079713
0.182370432096705
1.162607287260915
q3:
-0.059666432139942
0.012282167650199
0.024387331492974
-2.731304998665360
q4:
0.027731548199710
-0.088953490614122
-0.123398275990232
1.646601581006521
q5:
-0.048788736041977
0.012451587202152
0.026166686372332
-1.020737357838462
q6:
0.087420891810171
-0.036665830252718
-0.033633481494885
-0.467647932310233
q7:
0.082113566696954
-0.047988094475878
-0.086634161316837
-0.338897860734830

q1:
-0.016902024181251
0.036789566744370
-0.012401974935652
-1.433414261280537
q2:
-0.219315867913439
0.056280066850736
0.223816101284995
1.230397732377881
q3:
0.020750693595852
-0.047270614142810
0.012746730882099
-2.724029144821535
q4:
0.193009832353968
-0.061274764410982
-0.173378977979537
1.596722302126554
q5:
0.008066407780346
-0.036244217914032
0.018250915900569
-1.012450182842036
q6:
-0.002393611399535
0.050588545573053
-0.029001416207357
-0.479676869958186
q7:
0.054998956689426
0.033969065427368
-0.091298270028849
-0.370008728352627

q1:
-0.059384963164344
0.019919736894892
0.006465120370363
-1.434090637047226
q2:
-0.241615811534762
-0.162618056552397
0.188437620901711
1.303014052988858
q3:
0.088804933316414
-0.026559445677616
-0.011816412829586
-2.724256467594779
q4:
0.188661390614611
0.131367430167078
-0.150059259340683
1.539364737332760
q5:
0.066092394671159
-0.028193174719934
-0.003187302347176
-1.010092888641261
q6:
-0.108222877422693
0.048199493433327
0.003865207563655
-0.483814184989722
q7:
-0.026191229976553
0.088863262199292
-0.050432149599406
-0.394598161454530

coefs_qdot:
qdot1:
0.178140672131781
-0.078706723754281
-0.000000000000000
qdot2:
0.724857198935889
-0.807548734620618
-0.000000000000000
qdot3:
-0.266390089435025
0.124152984211325
-0.000000000000000
qdot4:
-0.566012494547286
0.639357804835075
-0.000000000000000
qdot5:
-0.198254180268874
0.075506038634030
0.000000000000000
qdot6:
0.324645753329066
-0.119630222067876
-0.000000000000000
qdot7:
0.078549270659895
0.125474605898488
-0.000000000000000

qdot1:
0.050719579661899
0.039827513956265
-0.006467525693384
qdot2:
0.657943516680140
-0.325231055582633
-0.188437019068735
qdot3:
-0.062268948197015
-0.053102135615920
0.011819252274283
qdot4:
-0.579042292730679
0.262734887828366
0.150062403477985
qdot5:
-0.024146165933807
-0.056411663538531
0.003176334142870
qdot6:
0.007188867442073
0.096388031575850
-0.003866319942166
qdot7:
-0.165032124551636
0.177741041232819
0.050439682252955

qdot1:
-0.123798049354936
0.073576161248755
0.012397085674054
qdot2:
0.036097890251890
0.112562471706763
-0.223814269211896
qdot3:
0.178953690176415
-0.094535696067014
-0.012740183853291
qdot4:
-0.083186096815163
-0.122558015525135
0.173380714934142
qdot5:
0.146412412792899
-0.072478445696391
-0.018264433234622
qdot6:
-0.262231602727860
0.101171481150004
0.028997548206517
qdot7:
-0.246364801424314
0.067929189467665
0.091306730153608

qdot1:
0.008773659021807
-0.008798667782341
0.023172770301483
qdot2:
-0.170535039601374
0.136581893283895
-0.182369301829323
qdot3:
-0.022503814671253
0.024539521269421
-0.024383991978351
qdot4:
0.167967780478208
-0.177909780263099
0.123398135571273
qdot5:
-0.033004807421097
0.024943908974695
-0.026171765692454
qdot6:
0.045302892550165
-0.073316594823838
0.033631186439822
qdot7:
0.089173777771017
-0.096001167289596
0.086636978922277

qdot1:
0.044452021225447
-0.002960702922116
0.021216608317631
qdot2:
-0.052377789548205
0.023108419314216
-0.155804945066970
qdot3:
-0.080367179485553
0.009565554427851
-0.018710639703630
qdot4:
0.082305733556557
-0.066144552363946
0.082799891032678
qdot5:
-0.073028482898399
0.002982614893863
-0.021526210610827
qdot6:
0.131022899932955
-0.043172193939665
0.014253368880432
qdot7:
0.116572390996079
-0.036665218652118
0.064568030911655

qdot1:
-0.011058453124376
0.026617530883769
0.025151902873792
qdot2:
0.048087823674701
-0.011743595572463
-0.153914415657230
qdot3:
0.004974918978865
-0.043910511667934
-0.024423896082615
qdot4:
-0.034379975466123
-0.011378578543455
0.069903979732526
qdot5:
0.005399009073030
-0.045610305790280
-0.028617293159945
qdot6:
-0.002131470063678
0.044010027730011
0.014392741866509
qdot7:
-0.025370705326809
0.040901680245592
0.065272762935459

qdot1:
0.059423327533945
0.019259271281009
0.032783472503742
qdot2:
0.021132065763468
0.020253889640926
-0.152498734993143
qdot3:
-0.063862968404581
-0.040600216372791
-0.038482188620184
qdot4:
-0.007668913772144
-0.034254905075835
0.062312885949507
qdot5:
-0.059166391588719
-0.042017822292797
-0.043194162720432
qdot6:
0.010056702580951
0.042591754316211
0.028798879578325
qdot7:
0.084948579406153
0.024020093463055
0.076072448466675

qdot1:
0.093653087508358
0.058799364776613
0.045768464660629
qdot2:
-0.007804471624639
0.034315099114015
-0.143421227022480
qdot3:
-0.108337712768931
-0.083094432809618
-0.059058695341321
qdot4:
0.028977195698123
-0.039357775954061
0.050067474882947
qdot5:
-0.104404722623602
-0.081386951426117
-0.063722448888277
qdot6:
0.050310646950724
0.049283452287536
0.044082247280028
qdot7:
0.161191770051300
0.080544608521880
0.093466703654010

qdot1:
-0.123790729606432
0.121115831893287
0.075697214836829
qdot2:
0.044257566883047
0.029122028471081
-0.132868511195626
qdot3:
0.142121825457445
-0.155182002956819
-0.098695791322786
qdot4:
-0.052048813439262
-0.020076441927627
0.040180639908342
qdot5:
0.124509649208450
-0.150857522416299
-0.102356132790952
qdot6:
-0.112842540296808
0.082759997052209
0.066047570281307
qdot7:
-0.187479520086264
0.187801100594112
0.138105799392672

qdot1:
-0.183235053887136
0.038745873399608
0.102290082637933
qdot2:
0.044533283300766
0.058570872974848
-0.118280866637636
qdot3:
0.215615441724333
-0.060614591477832
-0.134593383539853
qdot4:
-0.065281843853204
-0.054709557155785
0.027740048314784
qdot5:
0.203070871159215
-0.068009197101723
-0.138764437879030
qdot6:
-0.136866054640736
0.007674928968998
0.081091348451184
qdot7:
-0.299734428877750
0.063052823101789
0.179835150509070

qdot1:
-0.087941973167991
-0.083178149758310
0.094898808729375
qdot2:
0.001895164604748
0.088203178307676
-0.093865119694130
qdot3:
0.111386802505701
0.082855238952076
-0.130893669483820
qdot4:
-0.018847916385626
-0.098147888811759
0.002312333493515
qdot5:
0.140350580536314
0.067113515898189
-0.138913433736380
qdot6:
-0.038178884670480
-0.083395309293538
0.068495323279737
qdot7:
-0.175272689831312
-0.136389514335600
0.167635650126049

qdot1:
-0.065957267001002
-0.141694459523425
0.057491428645682
qdot2:
-0.005248292315437
0.089464214819280
-0.064310289853328
qdot3:
0.089105554174039
0.156971663730474
-0.090998654561388
qdot4:
-0.012229541807776
-0.110689232540099
-0.032427555899620
qdot5:
0.124231780596082
0.160502346629656
-0.101049715652382
qdot6:
-0.021484739419648
-0.108799417950467
0.036523882938194
qdot7:
-0.156159370814948
-0.253015405728120
0.102858450724972

qdot1:
0.170212684916349
-0.185582215597744
0.003049213482668
qdot2:
-0.028988898425825
0.085972017773833
-0.035126611796568
qdot3:
-0.197805621265619
0.216262216603106
-0.028911494785262
qdot4:
0.064509624292981
-0.118826730835051
-0.070607354251550
qdot5:
-0.222422974021611
0.243165779051685
-0.033899843316818
qdot6:
0.126036993622648
-0.123095295354779
-0.002051618576711
qdot7:
0.311206319732285
-0.356923355324353
0.001395621902272

qdot1:
0.132460776957393
-0.072323235412133
-0.039853153605960
qdot2:
-0.016052737645334
0.066682896789538
-0.009732587913645
qdot3:
-0.149322321675740
0.084642984167314
0.021143846549247
qdot4:
0.042542565250164
-0.075902231622959
-0.103000362609645
qdot5:
-0.172515019201274
0.095166238242382
0.022381419242577
qdot6:
0.077237660485949
-0.039230679915708
-0.029054415732818
qdot7:
0.245934812585733
-0.149847658131058
-0.082905333986820

qdot1:
-0.036233113411172
0.015815745064915
-0.049253129778006
qdot2:
0.005702809196029
0.056001456121404
0.010675856824556
qdot3:
0.051814184678617
-0.014715614636609
0.032776208972768
qdot4:
-0.014160385761217
-0.047594543761262
-0.123543953181497
qdot5:
0.055100487895699
-0.019624707867420
0.034947692866856
qdot6:
-0.032658311601368
0.012163014172721
-0.033557100446890
qdot7:
-0.074321386028045
0.013796585418056
-0.105537321955586

qdot1:
0.028627858770732
-0.008293653573123
-0.048001835828260
qdot2:
-0.010034526545805
0.059796087256286
0.029938686262623
qdot3:
-0.039443142746957
0.019761379359068
0.033615567929774
qdot4:
0.020160667987190
-0.057016819493170
-0.140945970433981
qdot5:
-0.045559246032316
0.017038981856195
0.034517559397053
qdot6:
0.032069442187880
-0.009567722689650
-0.033125375768436
qdot7:
0.066340020622219
-0.035656628904099
-0.109173722840249

qdot1:
0.046506365715810
0.010755232770831
-0.047592354082355
qdot2:
-0.012610605875979
0.053119145148347
0.048722045557871
qdot3:
-0.060733633381794
-0.006483962608431
0.035824255668610
qdot4:
0.023834097894875
-0.043601975016614
-0.157683827044497
qdot5:
-0.061023509101884
-0.013275995821181
0.035143529137480
qdot6:
0.036191867114068
0.011771182334413
-0.032758832005307
qdot7:
0.097815024971026
0.008485810214686
-0.113693566965091

qdot1:
0.007580979141442
0.041700420878875
-0.038866397729198
qdot2:
-0.006594361179160
0.044728088032140
0.064998855140911
qdot3:
-0.012806240062819
-0.046895929455492
0.026944552988770
qdot4:
0.008902899464366
-0.027742841941167
-0.169551980722554
qdot5:
-0.008518545706602
-0.053880845052150
0.023972041957282
qdot6:
0.009993592753613
0.035853135817298
-0.024836564477848
qdot7:
0.020303909349502
0.073571617306519
-0.100043379021880

qdot1:
-0.046814244974322
0.046744780332990
-0.024153608702208
qdot2:
0.006349510236014
0.040340221038006
0.079149900840199
qdot3:
0.066372471784929
-0.055417160938562
0.009924851602584
qdot4:
-0.021110433810715
-0.021818880900751
-0.177796533982607
qdot5:
0.069101776684734
-0.059549058322321
0.005103067554671
qdot6:
-0.043764758410805
0.042502840709860
-0.011802109969838
qdot7:
-0.105682703067731
0.087081774130823
-0.073318814858970

qdot1:
-0.030976184560589
0.015594730343726
-0.013783480576938
qdot2:
0.006888221617264
0.044565164991875
0.093273844421043
qdot3:
0.049926614461530
-0.011253128919129
-0.001165698202315
qdot4:
-0.021391369412330
-0.035865696541151
-0.187392317658657
qdot5:
0.050468068928791
-0.013568955487018
-0.007060056012343
qdot6:
-0.037550407332362
0.013381909399051
-0.002505726142196
qdot7:
-0.081215006573378
0.016760839010198
-0.056044678577733

qdot1:
0.006011412589720
-0.005016724525797
-0.012023837704368
qdot2:
0.002285873651961
0.049148565788632
0.108863049160403
qdot3:
0.005684450342068
0.021967881846386
0.000616692443362
qdot4:
-0.010097842713726
-0.050099445839006
-0.201692550867293
qdot5:
-0.001332750342389
0.020012337362109
-0.005988204551217
qdot6:
-0.005354481793213
-0.011604012432261
-0.002209974392800
qdot7:
-0.010051513310832
-0.037279368538311
-0.059457919680187

qdot1:
-0.028909961064943
-0.001016749672446
-0.013027501348774
qdot2:
0.008047462217466
0.050669578859905
0.125467718301938
qdot3:
0.068493115147432
0.025750297058124
0.008554573632557
qdot4:
-0.027958346855298
-0.056818518324076
-0.219478269350294
qdot5:
0.052457584759143
0.019125529515237
0.000522348542031
qdot6:
-0.046175753809624
-0.015166867619110
-0.006663289042616
qdot7:
-0.102338472431152
-0.043967613585773
-0.072973290674797

qdot1:
0.007255461059416
-0.020253345987405
-0.016565764880762
qdot2:
-0.013914321021928
0.056024334671908
0.143216166140247
qdot3:
-0.008459590734886
0.071325398438765
0.024703038534262
qdot4:
0.019564196168823
-0.075421913564935
-0.241476360242308
qdot5:
-0.011364909482542
0.054030639881956
0.012691819260802
qdot6:
0.009930422390977
-0.045892067614341
-0.016820394459228
qdot7:
0.018309342050978
-0.112063308257423
-0.098928910689348

qdot1:
0.032744070998844
-0.015425585231680
-0.022500926772445
qdot2:
-0.004490029336411
0.046765789636364
0.160315221739464
qdot3:
-0.045858293569818
0.065696413619615
0.047496508222704
qdot4:
0.010165005533103
-0.062403959542759
-0.264403584848159
qdot5:
-0.044421486070232
0.046468465191350
0.029409765628552
qdot6:
0.037702988371112
-0.039284396080535
-0.030989431594503
qdot7:
0.068544965915892
-0.099880330181597
-0.134185566734443

qdot1:
0.038881027117315
0.006362215661520
-0.024008611107291
qdot2:
0.072724165744145
0.043778138369978
0.175377132303059
qdot3:
0.025914336425428
0.035182450660142
0.064277627233051
qdot4:
-0.137177774076604
-0.055640197130890
-0.284040136624983
qdot5:
0.010165852764070
0.016910549380808
0.039952814401826
qdot6:
-0.011927832967402
-0.014196947310423
-0.039886010622078
qdot7:
-0.070602300408410
-0.054270727464228
-0.159828472831717

qdot1:
0.040544965070282
0.032233527673549
-0.017588239835044
qdot2:
0.095627174851968
0.092168567385766
0.197991758911317
qdot3:
0.100319779933738
0.052425767849887
0.078851184851863
qdot4:
-0.210779080286885
-0.146917852516468
-0.317735507423465
qdot5:
0.072421783103191
0.023674875537472
0.046704167626327
qdot6:
-0.069242911200993
-0.022133689500796
-0.045929583221786
qdot7:
-0.198095400318747
-0.101249274021698
-0.185699101650329

qdot1:
-0.003104256439571
0.059212018717141
-0.002376345768783
qdot2:
-0.188060925718295
0.155798585953933
0.239240898070048
qdot3:
-0.059722572702288
0.119178230942305
0.107397373857294
qdot4:
0.277161455490774
-0.287169583399426
-0.389945607874237
qdot5:
-0.021083462193765
0.071864100103913
0.062597000399688
qdot6:
0.023492600160563
-0.068207702795172
-0.060957802130703
qdot7:
0.141426287008857
-0.233061324519507
-0.241311404391787

qdot1:
-0.095717097859459
0.057146456337032
0.016979794208483
qdot2:
-0.565828168721641
0.030663442999789
0.270258708600763
qdot3:
-0.371319904008881
0.079439020661671
0.140437196028877
qdot4:
1.004646258086957
-0.102747230793498
-0.454807960457442
qdot5:
-0.231617611083606
0.057835231291807
0.084172381241389
qdot6:
0.221579324426554
-0.052575801228016
-0.081050042165037
qdot7:
0.758627953697473
-0.138956722116152
-0.303196311197213

qdot1:
-0.076351770607366
-0.006543396714850
0.025397573015475
qdot2:
-0.140140335567207
-0.345836824187696
0.217829866777758
qdot3:
-0.140387005821570
-0.167636064672497
0.125765687755330
qdot4:
0.303535910268778
0.565741199984375
-0.377789281138069
qdot5:
-0.099747016138339
-0.096282391829223
0.077776726599609
qdot6:
0.089502877842256
0.094862377818989
-0.074015703709904
qdot7:
0.273179501871087
0.365831909931445
-0.265455803763811

qdot1:
0.046758874364513
-0.057347622490419
0.014769352677836
qdot2:
0.464858563848179
-0.439085758584164
0.087258618088088
qdot3:
0.265082142664655
-0.261049132673137
0.054454245403230
qdot4:
-0.798694854948859
0.767713031071159
-0.155970228098987
qdot5:
0.162007485256270
-0.162653739710481
0.034702906622845
qdot6:
-0.155375652098910
0.154417308599106
-0.032548225715274
qdot7:
-0.559483682287508
0.547604683239956
-0.113506351439423

qdot1:
0.055239117834655
-0.026234415929143
0.000865546921693
qdot2:
0.325828057369618
-0.129770345941051
-0.007370143426585
qdot3:
0.204613054558634
-0.084664316474683
-0.003054912486758
qdot4:
-0.582480493626090
0.236264010127398
0.011040555897221
qdot5:
0.130393509857692
-0.054854473330434
-0.001479411990946
qdot6:
-0.122382617640824
0.051030842948528
0.001627911240587
qdot7:
-0.425748946863427
0.175326017184513
0.006752596821666

qdot1:
0.000005679295263
0.010521517715759
-0.001748281225550
qdot2:
0.000001242637207
0.087034609057911
-0.014479199339844
qdot3:
0.000013027633904
0.051484560463382
-0.008574338566098
qdot4:
-0.000002891116400
-0.151316661186985
0.025171479974929
qdot5:
-0.000011645031790
0.031908954181226
-0.005296380890687
qdot6:
0.000003243537313
-0.030402162313431
0.005059475892267
qdot7:
-0.000005825870978
-0.107965980474457
0.017957885468037

qdot1:
-0.055290184255086
0.010525296700797
0.001752839648824
qdot2:
-0.325804520131227
0.087035435904763
0.014477214488868
qdot3:
-0.204398817609262
0.051493229009624
0.008555934984332
qdot4:
0.582480479143830
-0.151318584926659
-0.025171653029374
qdot5:
-0.130647542158713
0.031901205614041
0.005318388548271
qdot6:
0.122330414588277
-0.030400004074000
-0.005054916230595
qdot7:
0.425803949549017
-0.107969856990511
-0.017962869716612

qdot1:
-0.046872061568476
-0.026264616378143
-0.000865383687979
qdot2:
-0.464824240385735
-0.129753857490495
0.007371038961591
qdot3:
-0.264789610579135
-0.084513095342446
0.003063106426111
qdot4:
0.798705516610767
0.236262076751274
-0.011041370579819
qdot5:
-0.162369753202417
-0.055031254184267
0.001470723325796
qdot6:
0.155271081198235
0.050998265442518
-0.001628411799768
qdot7:
0.559601693248873
0.175358739280840
-0.006752782630856

qdot1:
0.076388990663895
-0.057453137345612
-0.014791765577264
qdot2:
0.140109834314801
-0.439046431410659
-0.087248437668317
qdot3:
0.140045216868104
-0.260703261619867
-0.054363360573336
qdot4:
-0.303539908923578
0.767718191931019
0.155969950305746
qdot5:
0.100151817217682
-0.163071572505622
-0.034810508796586
qdot6:
-0.089459457881721
0.154315149947759
0.032525311903250
qdot7:
-0.273234152536777
0.547715929455334
0.113530114644624

qdot1:
0.095867116700695
-0.006624145462587
-0.025450970717422
qdot2:
0.565767198031269
-0.345817792450713
-0.217809978399545
qdot3:
0.370807084196329
-0.167517618903819
-0.125597564190611
qdot4:
-1.004655748199633
0.565743700152024
0.377790277750677
qdot5:
0.232252374171423
-0.096430871271252
-0.077978534364550
qdot6:
-0.221429287655352
0.094789110671539
0.073963607955477
qdot7:
-0.758794682991294
0.365906791767366
0.265510529222625

qdot1:
0.003143723592140
0.057165529650004
-0.017043451570055
qdot2:
0.188052441664095
0.030641905032958
-0.270239237131896
qdot3:
0.059753938645343
0.079216237755077
-0.140286428864243
qdot4:
-0.277158163154543
-0.102751045316699
0.454808738428047
qdot5:
0.021062314615154
0.058109121193292
-0.084353327075932
qdot6:
-0.023452553251989
-0.052549234384216
0.080990177852162
qdot7:
-0.141461320738142
-0.138992781423043
0.303257494752920

qdot1:
-0.040579206062615
0.059257353348138
0.002323402617573
qdot2:
-0.095605860954914
0.155771402724371
-0.239229531333534
qdot3:
-0.100103215761291
0.118976318834646
-0.107317254371222
qdot4:
0.210782515273331
-0.287171207212550
0.389945481181910
qdot5:
-0.072681908551329
0.072123918473725
-0.062689164286878
qdot6:
0.069207146680604
-0.068154488865540
0.060911209286170
qdot7:
0.198139058020321
-0.233120695158646
0.241356713251711

qdot1:
-0.038900618400280
0.032256078456950
0.017546589368642
qdot2:
-0.072709345226152
0.092155566355640
-0.197987076794509
qdot3:
-0.025832900280744
0.052367956855068
-0.078814270097758
qdot4:
0.137177680209709
-0.146917190700516
0.317735220703672
qdot5:
-0.010272828307927
0.023761607259887
-0.046738683180715
qdot6:
0.011905226760605
-0.022104273169493
0.045896735855580
qdot7:
0.070628680687575
-0.101279594964805
0.185729490386730

qdot1:
-0.032741126561693
0.006371730467430
0.023972294726221
qdot2:
0.004496100763189
0.043774998865476
-0.175375135151377
qdot3:
0.045845649457551
0.035178827017468
-0.064250932082136
qdot4:
-0.010165884496150
-0.055639597773673
0.284040059700346
qdot5:
0.044426481484525
0.016926099915946
-0.039970315383846
qdot6:
-0.037703140922975
-0.014182573077357
0.039860447781501
qdot7:
-0.068541448289822
-0.054283495053326
0.159851693824983

qdot1:
-0.007253357194977
-0.015414111206636
0.022468101866747
qdot2:
0.013915666786227
0.046766690039966
-0.160313597060440
qdot3:
0.008450628569329
0.065684376624779
-0.047472418206409
qdot4:
-0.019564420538930
-0.062403945044762
0.264403610037850
qdot5:
0.011369572937664
0.046487339659301
-0.029421540038630
qdot6:
-0.009930537975112
-0.039270123354994
0.030968634152754
qdot7:
-0.018308188584464
-0.099890757153475
0.134204929330899

qdot1:
0.028902337634312
-0.020240472057643
0.016536990238022
qdot2:
-0.008050385888921
0.056026130542802
-0.143214092938100
qdot3:
-0.068480613920116
0.071307398047418
-0.024683945213319
qdot4:
0.027958553273806
-0.075422048362095
0.241476365420328
qdot5:
-0.052473741094981
0.054052617398140
-0.012696797975741
qdot6:
0.046167485082199
-0.045877871798116
0.016804332736808
qdot7:
0.102343432200350
-0.112072967716345
0.098944931923982

qdot1:
-0.006014029555941
-0.001008948349224
0.013002166017959
qdot2:
-0.002284149422208
0.050669429329094
-0.125465371232425
qdot3:
-0.005675902883975
0.025740614943747
-0.008540085274471
qdot4:
0.010097874351224
-0.056818515771016
0.219478252529614
qdot5:
0.001316872120117
0.019136756656844
-0.000521803688499
qdot6:
0.005349885330921
-0.015158173787865
0.006651034994886
qdot7:
0.010058268570537
-0.043973972830015
0.072986647210873

qdot1:
0.030970542870947
-0.005010664523590
0.012000808194037
qdot2:
-0.006892077059075
0.049149563554825
-0.108860560987608
qdot3:
-0.049920712156219
0.021963887183489
-0.000604479206321
qdot4:
0.021391353778158
-0.050099422234455
0.201692538397910
qdot5:
-0.050472866245025
0.020012999185024
0.005990727124561
qdot6:
0.037543972778129
-0.011598377072433
0.002200103994633
qdot7:
0.081215382015168
-0.037281232854191
0.059469908233564

qdot1:
0.046816485597463
0.015597036383554
0.013761842751059
qdot2:
-0.006356909856896
0.044563597359326
-0.093271451045063
qdot3:
-0.066379523637375
-0.011253196206809
0.001177235737101
qdot4:
0.021110427150887
-0.035865683339528
0.187392311311952
qdot5:
-0.069089353532557
-0.013571485783095
0.007062267766659
qdot6:
0.043764173927672
0.013383263226919
0.002497018389856
qdot7:
0.105672644217309
0.016759224512094
0.056056088433164

qdot1:
-0.007567746053936
0.046748577276343
0.024132986102738
qdot2:
0.006593478179824
0.040333729721214
-0.079148848064046
qdot3:
0.012789026444451
-0.055421920506473
-0.009914117011394
qdot4:
-0.008902909817983
-0.021818872130557
0.177796531290896
qdot5:
0.008533137123435
-0.059543322292378
-0.005100322529070
qdot6:
-0.009986038137398
0.042503805624507
0.011793787938474
qdot7:
-0.020312549091970
0.087073466505580
0.073328574177057

qdot1:
-0.046520004443896
0.041713023076645
0.038848503113838
qdot2:
0.012619234315077
0.044721009170392
-0.065000059753188
qdot3:
0.060756338620547
-0.046912142910419
-0.026937307243284
qdot4:
-0.023834096313353
-0.027742840060237
0.169551979802650
qdot5:
0.060991602474644
-0.053865399939769
-0.023965773465466
qdot6:
-0.036203483146436
0.035859127549591
0.024829399679181
qdot7:
-0.097794672329870
0.073557560824066
0.100049418088402

qdot1:
-0.028666129592709
0.010758759802229
0.047577142551467
qdot2:
0.010045412079745
0.053117807622583
-0.048724650229531
qdot3:
0.039498503595753
-0.006485068069572
-0.035819890911067
qdot4:
-0.020160704193703
-0.043601972083345
0.157683826925431
qdot5:
0.045497032468011
-0.013281781277275
-0.035135653769508
qdot6:
-0.032099256481007
0.011769444795644
0.032752374888357
qdot7:
-0.066303052094711
0.008485296315046
0.113697182260114

qdot1:
0.036274829266265
-0.008315591825174
0.047983561605428
qdot2:
-0.005712504783064
0.059801992930249
-0.029940531026456
qdot3:
-0.051873894282484
0.019797110830968
-0.033605443162822
qdot4:
0.014160438169981
-0.057016840651600
0.140945967283174
qdot5:
-0.055043645828648
0.016991799691917
-0.034518495150691
qdot6:
0.032686072848102
-0.009589298564417
0.033115040483647
qdot7:
0.074288422795505
-0.035632544062896
0.109181259142694

qdot1:
-0.132276901345190
0.015821564410411
0.049232174187861
qdot2:
0.016045361224822
0.056000910382534
-0.010676809967440
qdot3:
0.149083559202875
-0.014719613745568
-0.032760805552425
qdot4:
-0.042542573336480
-0.047594530047066
0.123543948792348
qdot5:
0.172704914390271
-0.019634067500734
-0.034958034303650
qdot6:
-0.077104453856570
0.012159910543400
0.033542659746182
qdot7:
-0.246028419378051
0.013798736628971
0.105549222604479

qdot1:
-0.170107963522907
-0.072195065818009
0.039854486969581
qdot2:
0.028987123873062
0.066677442803876
0.009730636721347
qdot3:
0.197677630331186
0.084480113266887
-0.021156201822529
qdot4:
-0.064509662785178
-0.075902223289372
0.103000361888127
qdot5:
0.222538799281373
0.095283234264986
-0.022373855451438
qdot6:
-0.125955273724697
-0.039145148276719
0.029053686866100
qdot7:
-0.311269575869314
-0.149907792582587
0.082907589169655

qdot1:
0.065801750765647
-0.185384364720872
-0.002993646872443
qdot2:
0.005234707672813
0.085965383006396
0.035122649649786
qdot3:
-0.088904366493233
0.216014180941227
0.028830785531457
qdot4:
0.012229575587777
-0.118826748114050
0.070607352041970
qdot5:
-0.124327787204433
0.243359844834435
0.033959151992403
qdot6:
0.021381998685566
-0.122955387555122
0.002088391381692
qdot7:
0.156180623686077
-0.357025580208647
-0.001420375066094

qdot1:
0.087823432381832
-0.141600088655856
-0.057387251180192
qdot2:
-0.001907102632627
0.089448540873766
0.064302616669852
qdot3:
-0.111240673077532
0.156857497712713
0.090857693345637
qdot4:
0.018847947616849
-0.110689227341993
0.032427551680393
qdot5:
-0.140426413056580
0.160632529919991
0.101162962903934
qdot6:
0.038101305726257
-0.108727873509107
-0.036451935220740
qdot7:
0.175299378600227
-0.253103489019433
-0.102914861502767

qdot1:
0.183040356797437
-0.083162655553531
-0.094776355296293
qdot2:
-0.044494261529695
0.088179560836310
0.093850910414639
qdot3:
-0.215364434918151
0.082838306991916
0.130730900223487
qdot4:
0.065281730486219
-0.098147862832495
-0.002312332526411
qdot5:
-0.203359773654499
0.067193240470278
0.139061598994252
qdot6:
0.136719647997723
-0.083375385635381
-0.068408159916521
qdot7:
0.299922509373561
-0.136459839004804
-0.167718411942355

qdot1:
0.123712109790488
0.038631816778989
-0.102184024984503
qdot2:
-0.044220786452836
0.058573220466074
0.118263119113830
qdot3:
-0.142017487892823
-0.060464504306008
0.134452764543302
qdot4:
0.052048873791233
-0.054709606610552
-0.027740051252811
qdot5:
-0.124678793897614
-0.068121707332847
0.138907149268542
qdot6:
0.112775698123862
0.007597434111678
-0.081013762011259
qdot7:
0.187600908174267
0.063107646597419
-0.179920490933298

qdot1:
-0.093508318503266
0.120949461896725
-0.075637805928606
qdot2:
0.007786813049326
0.029148849543805
0.132855615839283
qdot3:
0.108147558301298
-0.154962489900727
0.098616655030816
qdot4:
-0.028976816085032
-0.020076451224385
-0.040180652619639
qdot5:
0.104588893817008
-0.151082580986627
0.102442689878254
qdot6:
-0.050205087478787
0.082638025625208
-0.066003164899471
qdot7:
-0.161298583523567
0.187936695338141
-0.138159463893858

qdot1:
-0.059319845078711
0.058729323616456
-0.045748382560699
qdot2:
-0.021152542987314
0.034330170226785
0.143415300397947
qdot3:
0.063726152335128
-0.083001447932624
0.059031542832506
qdot4:
0.007668700102204
-0.039357532657474
-0.050067448668558
qdot5:
0.059316746654538
-0.081489463069023
0.063754514930584
qdot6:
-0.009979458441886
0.049231719798053
-0.044066737406840
qdot7:
-0.085041580364043
0.080609129920554
-0.093487078993681

qdot1:
0.011056175725598
0.019258087018049
-0.032775238696419
qdot2:
-0.048087052560994
0.020255335273957
0.152495555916166
qdot3:
-0.004971574599664
-0.040598268474074
0.038470828103264
qdot4:
0.034378456583066
-0.034254803954547
-0.062312802441478
qdot5:
-0.005401665402845
-0.042020288152225
0.043208765838541
qdot6:
0.002127729720220
0.042591419831642
-0.028792031004947
qdot7:
0.025370703997857
0.024022732319589
-0.076081651751193

qdot1:
-0.044476950385648
0.026614831246892
-0.025144315150124
qdot2:
0.052385354945483
-0.011741636842820
0.153911802893282
qdot3:
0.080400928991665
-0.043906338429914
0.024413553811934
qdot4:
-0.082306190522530
-0.011379488082132
-0.069904030704088
qdot5:
0.072984760057110
-0.045614539163134
0.028630781866081
qdot6:
-0.131044145235387
0.044007204432779
-0.014386418587628
qdot7:
-0.116546771772451
0.040904318217846
-0.065281088423696

qdot1:
-0.008772252114889
-0.002979990343051
-0.021212678123580
qdot2:
0.170534384585560
0.023115412035191
0.155803821369727
qdot3:
0.022501085440815
0.009592184480097
0.018705421535837
qdot4:
-0.167961750035790
-0.066145765966331
-0.082800295187071
qdot5:
0.032993673977919
0.002949288481217
0.021533451276454
qdot6:
-0.045300045869273
-0.043189153793690
-0.014250336513062
qdot7:
-0.089165822494836
-0.036645533729793
-0.064572643004096

qdot1:
0.123830095659802
-0.008817019051879
-0.023175101273721
qdot2:
-0.036111258035571
0.136588450159427
0.182370432096705
qdot3:
-0.178999296419825
0.024564335300399
0.024387331492974
qdot4:
0.083194644599131
-0.177906981228243
-0.123398275990232
qdot5:
-0.146366208125932
0.024903174404303
0.026166686372332
qdot6:
0.262262675430512
-0.073331660505436
-0.033633481494885
qdot7:
0.246340700090861
-0.095976188951755
-0.086634161316837

qdot1:
-0.050706072543754
0.073579133488739
-0.012401974935652
qdot2:
-0.657947603740318
0.112560133701471
0.223816101284995
qdot3:
0.062252080787556
-0.094541228285620
0.012746730882099
qdot4:
0.579029497061903
-0.122549528821963
-0.173378977979537
qdot5:
0.024199223341039
-0.072488435828064
0.018250915900569
qdot6:
-0.007180834198604
0.101177091146107
-0.029001416207357
qdot7:
0.164996870068278
0.067938130854737
-0.091298270028849

qdot1:
-0.178154889493033
0.039839473789784
0.006465120370363
qdot2:
-0.724847434604286
-0.325236113104794
0.188437620901711
qdot3:
0.266414799949242
-0.053118891355232
-0.011816412829586
qdot4:
0.565984171843832
0.262734860334156
-0.150059259340683
qdot5:
0.198277184013476
-0.056386349439867
-0.003187302347176
qdot6:
-0.324668632268078
0.096398986866655
0.003865207563655
qdot7:
-0.078573689929659
0.177726524398584
-0.050432149599406

coefs_qdotdot:
qdotdot1:
0.356281344263562
-0.078706723754281
qdotdot2:
1.449714397871778
-0.807548734620618
qdotdot3:
-0.532780178870051
0.124152984211325
qdotdot4:
-1.132024989094571
0.639357804835075
qdotdot5:
-0.396508360537747
0.075506038634030
qdotdot6:
0.649291506658132
-0.119630222067876
qdotdot7:
0.157098541319789
0.125474605898488

qdotdot1:
0.101439159323797
0.039827513956265
qdotdot2:
1.315887033360279
-0.325231055582633
qdotdot3:
-0.124537896394029
-0.053102135615920
qdotdot4:
-1.158084585461358
0.262734887828366
qdotdot5:
-0.048292331867614
-0.056411663538531
qdotdot6:
0.014377734884146
0.096388031575850
qdotdot7:
-0.330064249103271
0.177741041232819

qdotdot1:
-0.247596098709873
0.073576161248755
qdotdot2:
0.072195780503780
0.112562471706763
qdotdot3:
0.357907380352829
-0.094535696067014
qdotdot4:
-0.166372193630326
-0.122558015525135
qdotdot5:
0.292824825585797
-0.072478445696391
qdotdot6:
-0.524463205455719
0.101171481150004
qdotdot7:
-0.492729602848629
0.067929189467665

qdotdot1:
0.017547318043614
-0.008798667782341
qdotdot2:
-0.341070079202749
0.136581893283895
qdotdot3:
-0.045007629342506
0.024539521269421
qdotdot4:
0.335935560956416
-0.177909780263099
qdotdot5:
-0.066009614842194
0.024943908974695
qdotdot6:
0.090605785100330
-0.073316594823838
qdotdot7:
0.178347555542035
-0.096001167289596

qdotdot1:
0.088904042450895
-0.002960702922116
qdotdot2:
-0.104755579096409
0.023108419314216
qdotdot3:
-0.160734358971105
0.009565554427851
qdotdot4:
0.164611467113113
-0.066144552363946
qdotdot5:
-0.146056965796798
0.002982614893863
qdotdot6:
0.262045799865909
-0.043172193939665
qdotdot7:
0.233144781992158
-0.036665218652118

qdotdot1:
-0.022116906248753
0.026617530883769
qdotdot2:
0.096175647349402
-0.011743595572463
qdotdot3:
0.009949837957729
-0.043910511667934
qdotdot4:
-0.068759950932247
-0.011378578543455
qdotdot5:
0.010798018146060
-0.045610305790280
qdotdot6:
-0.004262940127356
0.044010027730011
qdotdot7:
-0.050741410653619
0.040901680245592

qdotdot1:
0.118846655067889
0.019259271281009
qdotdot2:
0.042264131526936
0.020253889640926
qdotdot3:
-0.127725936809162
-0.040600216372791
qdotdot4:
-0.015337827544288
-0.034254905075835
qdotdot5:
-0.118332783177439
-0.042017822292797
qdotdot6:
0.020113405161902
0.042591754316211
qdotdot7:
0.169897158812306
0.024020093463055

qdotdot1:
0.187306175016716
0.058799364776613
qdotdot2:
-0.015608943249277
0.034315099114015
qdotdot3:
-0.216675425537862
-0.083094432809618
qdotdot4:
0.057954391396245
-0.039357775954061
qdotdot5:
-0.208809445247205
-0.081386951426117
qdotdot6:
0.100621293901447
0.049283452287536
qdotdot7:
0.322383540102599
0.080544608521880

qdotdot1:
-0.247581459212864
0.121115831893287
qdotdot2:
0.088515133766093
0.029122028471081
qdotdot3:
0.284243650914889
-0.155182002956819
qdotdot4:
-0.104097626878525
-0.020076441927627
qdotdot5:
0.249019298416899
-0.150857522416299
qdotdot6:
-0.225685080593615
0.082759997052209
qdotdot7:
-0.374959040172528
0.187801100594112

qdotdot1:
-0.366470107774271
0.038745873399608
qdotdot2:
0.089066566601533
0.058570872974848
qdotdot3:
0.431230883448665
-0.060614591477832
qdotdot4:
-0.130563687706407
-0.054709557155785
qdotdot5:
0.406141742318431
-0.068009197101723
qdotdot6:
-0.273732109281471
0.007674928968998
qdotdot7:
-0.599468857755500
0.063052823101789

qdotdot1:
-0.175883946335982
-0.083178149758310
qdotdot2:
0.003790329209495
0.088203178307676
qdotdot3:
0.222773605011402
0.082855238952076
qdotdot4:
-0.037695832771252
-0.098147888811759
qdotdot5:
0.280701161072628
0.067113515898189
qdotdot6:
-0.076357769340961
-0.083395309293538
qdotdot7:
-0.350545379662624
-0.136389514335600

qdotdot1:
-0.131914534002003
-0.141694459523425
qdotdot2:
-0.010496584630874
0.089464214819280
qdotdot3:
0.178211108348078
0.156971663730474
qdotdot4:
-0.024459083615553
-0.110689232540099
qdotdot5:
0.248463561192165
0.160502346629656
qdotdot6:
-0.042969478839296
-0.108799417950467
qdotdot7:
-0.312318741629895
-0.253015405728120

qdotdot1:
0.340425369832698
-0.185582215597744
qdotdot2:
-0.057977796851650
0.085972017773833
qdotdot3:
-0.395611242531238
0.216262216603106
qdotdot4:
0.129019248585962
-0.118826730835051
qdotdot5:
-0.444845948043222
0.243165779051685
qdotdot6:
0.252073987245296
-0.123095295354779
qdotdot7:
0.622412639464571
-0.356923355324353

qdotdot1:
0.264921553914785
-0.072323235412133
qdotdot2:
-0.032105475290668
0.066682896789538
qdotdot3:
-0.298644643351480
0.084642984167314
qdotdot4:
0.085085130500328
-0.075902231622959
qdotdot5:
-0.345030038402547
0.095166238242382
qdotdot6:
0.154475320971898
-0.039230679915708
qdotdot7:
0.491869625171466
-0.149847658131058

qdotdot1:
-0.072466226822345
0.015815745064915
qdotdot2:
0.011405618392058
0.056001456121404
qdotdot3:
0.103628369357234
-0.014715614636609
qdotdot4:
-0.028320771522433
-0.047594543761262
qdotdot5:
0.110200975791398
-0.019624707867420
qdotdot6:
-0.065316623202737
0.012163014172721
qdotdot7:
-0.148642772056091
0.013796585418056

qdotdot1:
0.057255717541463
-0.008293653573123
qdotdot2:
-0.020069053091610
0.059796087256286
qdotdot3:
-0.078886285493913
0.019761379359068
qdotdot4:
0.040321335974379
-0.057016819493170
qdotdot5:
-0.091118492064631
0.017038981856195
qdotdot6:
0.064138884375759
-0.009567722689650
qdotdot7:
0.132680041244437
-0.035656628904099

qdotdot1:
0.093012731431620
0.010755232770831
qdotdot2:
-0.025221211751958
0.053119145148347
qdotdot3:
-0.121467266763588
-0.006483962608431
qdotdot4:
0.047668195789750
-0.043601975016614
qdotdot5:
-0.122047018203768
-0.013275995821181
qdotdot6:
0.072383734228136
0.011771182334413
qdotdot7:
0.195630049942051
0.008485810214686

qdotdot1:
0.015161958282883
0.041700420878875
qdotdot2:
-0.013188722358321
0.044728088032140
qdotdot3:
-0.025612480125638
-0.046895929455492
qdotdot4:
0.017805798928731
-0.027742841941167
qdotdot5:
-0.017037091413205
-0.053880845052150
qdotdot6:
0.019987185507226
0.035853135817298
qdotdot7:
0.040607818699003
0.073571617306519

qdotdot1:
-0.093628489948645
0.046744780332990
qdotdot2:
0.012699020472027
0.040340221038006
qdotdot3:
0.132744943569859
-0.055417160938562
qdotdot4:
-0.042220867621429
-0.021818880900751
qdotdot5:
0.138203553369469
-0.059549058322321
qdotdot6:
-0.087529516821611
0.042502840709860
qdotdot7:
-0.211365406135461
0.087081774130823

qdotdot1:
-0.061952369121179
0.015594730343726
qdotdot2:
0.013776443234528
0.044565164991875
qdotdot3:
0.099853228923060
-0.011253128919129
qdotdot4:
-0.042782738824660
-0.035865696541151
qdotdot5:
0.100936137857582
-0.013568955487018
qdotdot6:
-0.075100814664725
0.013381909399051
qdotdot7:
-0.162430013146756
0.016760839010198

qdotdot1:
0.012022825179440
-0.005016724525797
qdotdot2:
0.004571747303922
0.049148565788632
qdotdot3:
0.011368900684137
0.021967881846386
qdotdot4:
-0.020195685427451
-0.050099445839006
qdotdot5:
-0.002665500684777
0.020012337362109
qdotdot6:
-0.010708963586427
-0.011604012432261
qdotdot7:
-0.020103026621663
-0.037279368538311

qdotdot1:
-0.057819922129886
-0.001016749672446
qdotdot2:
0.016094924434932
0.050669578859905
qdotdot3:
0.136986230294864
0.025750297058124
qdotdot4:
-0.055916693710596
-0.056818518324076
qdotdot5:
0.104915169518285
0.019125529515237
qdotdot6:
-0.092351507619249
-0.015166867619110
qdotdot7:
-0.204676944862303
-0.043967613585773

qdotdot1:
0.014510922118832
-0.020253345987405
qdotdot2:
-0.027828642043857
0.056024334671908
qdotdot3:
-0.016919181469773
0.071325398438765
qdotdot4:
0.039128392337646
-0.075421913564935
qdotdot5:
-0.022729818965084
0.054030639881956
qdotdot6:
0.019860844781954
-0.045892067614341
qdotdot7:
0.036618684101956
-0.112063308257423

qdotdot1:
0.065488141997687
-0.015425585231680
qdotdot2:
-0.008980058672822
0.046765789636364
qdotdot3:
-0.091716587139636
0.065696413619615
qdotdot4:
0.020330011066207
-0.062403959542759
qdotdot5:
-0.088842972140465
0.046468465191350
qdotdot6:
0.075405976742223
-0.039284396080535
qdotdot7:
0.137089931831785
-0.099880330181597

qdotdot1:
0.077762054234629
0.006362215661520
qdotdot2:
0.145448331488290
0.043778138369978
qdotdot3:
0.051828672850856
0.035182450660142
qdotdot4:
-0.274355548153209
-0.055640197130890
qdotdot5:
0.020331705528140
0.016910549380808
qdotdot6:
-0.023855665934804
-0.014196947310423
qdotdot7:
-0.141204600816820
-0.054270727464228

qdotdot1:
0.081089930140565
0.032233527673549
qdotdot2:
0.191254349703936
0.092168567385766
qdotdot3:
0.200639559867475
0.052425767849887
qdotdot4:
-0.421558160573770
-0.146917852516468
qdotdot5:
0.144843566206382
0.023674875537472
qdotdot6:
-0.138485822401986
-0.022133689500796
qdotdot7:
-0.396190800637493
-0.101249274021698

qdotdot1:
-0.006208512879142
0.059212018717141
qdotdot2:
-0.376121851436589
0.155798585953933
qdotdot3:
-0.119445145404576
0.119178230942305
qdotdot4:
0.554322910981547
-0.287169583399426
qdotdot5:
-0.042166924387531
0.071864100103913
qdotdot6:
0.046985200321126
-0.068207702795172
qdotdot7:
0.282852574017713
-0.233061324519507

qdotdot1:
-0.191434195718919
0.057146456337032
qdotdot2:
-1.131656337443282
0.030663442999789
qdotdot3:
-0.742639808017763
0.079439020661671
qdotdot4:
2.009292516173915
-0.102747230793498
qdotdot5:
-0.463235222167212
0.057835231291807
qdotdot6:
0.443158648853108
-0.052575801228016
qdotdot7:
1.517255907394946
-0.138956722116152

qdotdot1:
-0.152703541214733
-0.006543396714850
qdotdot2:
-0.280280671134415
-0.345836824187696
qdotdot3:
-0.280774011643139
-0.167636064672497
qdotdot4:
0.607071820537555
0.565741199984375
qdotdot5:
-0.199494032276678
-0.096282391829223
qdotdot6:
0.179005755684511
0.094862377818989
qdotdot7:
0.546359003742175
0.365831909931445

qdotdot1:
0.093517748729026
-0.057347622490419
qdotdot2:
0.929717127696358
-0.439085758584164
qdotdot3:
0.530164285329310
-0.261049132673137
qdotdot4:
-1.597389709897719
0.767713031071159
qdotdot5:
0.324014970512541
-0.162653739710481
qdotdot6:
-0.310751304197820
0.154417308599106
qdotdot7:
-1.118967364575017
0.547604683239956

qdotdot1:
0.110478235669310
-0.026234415929143
qdotdot2:
0.651656114739236
-0.129770345941051
qdotdot3:
0.409226109117268
-0.084664316474683
qdotdot4:
-1.164960987252180
0.236264010127398
qdotdot5:
0.260787019715384
-0.054854473330434
qdotdot6:
-0.244765235281648
0.051030842948528
qdotdot7:
-0.851497893726853
0.175326017184513

qdotdot1:
0.000011358590527
0.010521517715759
qdotdot2:
0.000002485274413
0.087034609057911
qdotdot3:
0.000026055267808
0.051484560463382
qdotdot4:
-0.000005782232800
-0.151316661186985
qdotdot5:
-0.000023290063581
0.031908954181226
qdotdot6:
0.000006487074627
-0.030402162313431
qdotdot7:
-0.000011651741955
-0.107965980474457

qdotdot1:
-0.110580368510171
0.010525296700797
qdotdot2:
-0.651609040262454
0.087035435904763
qdotdot3:
-0.408797635218524
0.051493229009624
qdotdot4:
1.164960958287660
-0.151318584926659
qdotdot5:
-0.261295084317426
0.031901205614041
qdotdot6:
0.244660829176554
-0.030400004074000
qdotdot7:
0.851607899098034
-0.107969856990511

qdotdot1:
-0.093744123136952
-0.026264616378143
qdotdot2:
-0.929648480771470
-0.129753857490495
qdotdot3:
-0.529579221158271
-0.084513095342446
qdotdot4:
1.597411033221534
0.236262076751274
qdotdot5:
-0.324739506404834
-0.055031254184267
qdotdot6:
0.310542162396471
0.050998265442518
qdotdot7:
1.119203386497745
0.175358739280840

qdotdot1:
0.152777981327790
-0.057453137345612
qdotdot2:
0.280219668629602
-0.439046431410659
qdotdot3:
0.280090433736208
-0.260703261619867
qdotdot4:
-0.607079817847155
0.767718191931019
qdotdot5:
0.200303634435364
-0.163071572505622
qdotdot6:
-0.178918915763442
0.154315149947759
qdotdot7:
-0.546468305073555
0.547715929455334

qdotdot1:
0.191734233401390
-0.006624145462587
qdotdot2:
1.131534396062537
-0.345817792450713
qdotdot3:
0.741614168392658
-0.167517618903819
qdotdot4:
-2.009311496399267
0.565743700152024
qdotdot5:
0.464504748342847
-0.096430871271252
qdotdot6:
-0.442858575310705
0.094789110671539
qdotdot7:
-1.517589365982589
0.365906791767366

qdotdot1:
0.006287447184279
0.057165529650004
qdotdot2:
0.376104883328190
0.030641905032958
qdotdot3:
0.119507877290686
0.079216237755077
qdotdot4:
-0.554316326309085
-0.102751045316699
qdotdot5:
0.042124629230309
0.058109121193292
qdotdot6:
-0.046905106503978
-0.052549234384216
qdotdot7:
-0.282922641476283
-0.138992781423043

qdotdot1:
-0.081158412125231
0.059257353348138
qdotdot2:
-0.191211721909828
0.155771402724371
qdotdot3:
-0.200206431522581
0.118976318834646
qdotdot4:
0.421565030546662
-0.287171207212550
qdotdot5:
-0.145363817102658
0.072123918473725
qdotdot6:
0.138414293361208
-0.068154488865540
qdotdot7:
0.396278116040641
-0.233120695158646

qdotdot1:
-0.077801236800560
0.032256078456950
qdotdot2:
-0.145418690452304
0.092155566355640
qdotdot3:
-0.051665800561488
0.052367956855068
qdotdot4:
0.274355360419418
-0.146917190700516
qdotdot5:
-0.020545656615854
0.023761607259887
qdotdot6:
0.023810453521210
-0.022104273169493
qdotdot7:
0.141257361375150
-0.101279594964805

qdotdot1:
-0.065482253123386
0.006371730467430
qdotdot2:
0.008992201526378
0.043774998865476
qdotdot3:
0.091691298915101
0.035178827017468
qdotdot4:
-0.020331768992300
-0.055639597773673
qdotdot5:
0.088852962969050
0.016926099915946
qdotdot6:
-0.075406281845949
-0.014182573077357
qdotdot7:
-0.137082896579644
-0.054283495053326

qdotdot1:
-0.014506714389954
-0.015414111206636
qdotdot2:
0.027831333572455
0.046766690039966
qdotdot3:
0.016901257138659
0.065684376624779
qdotdot4:
-0.039128841077859
-0.062403945044762
qdotdot5:
0.022739145875328
0.046487339659301
qdotdot6:
-0.019861075950223
-0.039270123354994
qdotdot7:
-0.036616377168929
-0.099890757153475

qdotdot1:
0.057804675268625
-0.020240472057643
qdotdot2:
-0.016100771777842
0.056026130542802
qdotdot3:
-0.136961227840232
0.071307398047418
qdotdot4:
0.055917106547613
-0.075422048362095
qdotdot5:
-0.104947482189962
0.054052617398140
qdotdot6:
0.092334970164398
-0.045877871798116
qdotdot7:
0.204686864400700
-0.112072967716345

qdotdot1:
-0.012028059111882
-0.001008948349224
qdotdot2:
-0.004568298844416
0.050669429329094
qdotdot3:
-0.011351805767951
0.025740614943747
qdotdot4:
0.020195748702447
-0.056818515771016
qdotdot5:
0.002633744240234
0.019136756656844
qdotdot6:
0.010699770661841
-0.015158173787865
qdotdot7:
0.020116537141074
-0.043973972830015

qdotdot1:
0.061941085741894
-0.005010664523590
qdotdot2:
-0.013784154118149
0.049149563554825
qdotdot3:
-0.099841424312439
0.021963887183489
qdotdot4:
0.042782707556316
-0.050099422234455
qdotdot5:
-0.100945732490050
0.020012999185024
qdotdot6:
0.075087945556258
-0.011598377072433
qdotdot7:
0.162430764030336
-0.037281232854191

qdotdot1:
0.093632971194927
0.015597036383554
qdotdot2:
-0.012713819713791
0.044563597359326
qdotdot3:
-0.132759047274751
-0.011253196206809
qdotdot4:
0.042220854301775
-0.035865683339528
qdotdot5:
-0.138178707065114
-0.013571485783095
qdotdot6:
0.087528347855344
0.013383263226919
qdotdot7:
0.211345288434617
0.016759224512094

qdotdot1:
-0.015135492107872
0.046748577276343
qdotdot2:
0.013186956359647
0.040333729721214
qdotdot3:
0.025578052888902
-0.055421920506473
qdotdot4:
-0.017805819635966
-0.021818872130557
qdotdot5:
0.017066274246869
-0.059543322292378
qdotdot6:
-0.019972076274796
0.042503805624507
qdotdot7:
-0.040625098183941
0.087073466505580

qdotdot1:
-0.093040008887793
0.041713023076645
qdotdot2:
0.025238468630153
0.044721009170392
qdotdot3:
0.121512677241093
-0.046912142910419
qdotdot4:
-0.047668192626706
-0.027742840060237
qdotdot5:
0.121983204949288
-0.053865399939769
qdotdot6:
-0.072406966292873
0.035859127549591
qdotdot7:
-0.195589344659740
0.073557560824066

qdotdot1:
-0.057332259185419
0.010758759802229
qdotdot2:
0.020090824159490
0.053117807622583
qdotdot3:
0.078997007191507
-0.006485068069572
qdotdot4:
-0.040321408387407
-0.043601972083345
qdotdot5:
0.090994064936023
-0.013281781277275
qdotdot6:
-0.064198512962015
0.011769444795644
qdotdot7:
-0.132606104189422
0.008485296315046

qdotdot1:
0.072549658532531
-0.008315591825174
qdotdot2:
-0.011425009566128
0.059801992930249
qdotdot3:
-0.103747788564967
0.019797110830968
qdotdot4:
0.028320876339962
-0.057016840651600
qdotdot5:
-0.110087291657297
0.016991799691917
qdotdot6:
0.065372145696204
-0.009589298564417
qdotdot7:
0.148576845591009
-0.035632544062896

qdotdot1:
-0.264553802690380
0.015821564410411
qdotdot2:
0.032090722449643
0.056000910382534
qdotdot3:
0.298167118405750
-0.014719613745568
qdotdot4:
-0.085085146672960
-0.047594530047066
qdotdot5:
0.345409828780542
-0.019634067500734
qdotdot6:
-0.154208907713141
0.012159910543400
qdotdot7:
-0.492056838756103
0.013798736628971

qdotdot1:
-0.340215927045813
-0.072195065818009
qdotdot2:
0.057974247746124
0.066677442803876
qdotdot3:
0.395355260662372
0.084480113266887
qdotdot4:
-0.129019325570356
-0.075902223289372
qdotdot5:
0.445077598562746
0.095283234264986
qdotdot6:
-0.251910547449394
-0.039145148276719
qdotdot7:
-0.622539151738627
-0.149907792582587

qdotdot1:
0.131603501531294
-0.185384364720872
qdotdot2:
0.010469415345626
0.085965383006396
qdotdot3:
-0.177808732986466
0.216014180941227
qdotdot4:
0.024459151175553
-0.118826748114050
qdotdot5:
-0.248655574408867
0.243359844834435
qdotdot6:
0.042763997371132
-0.122955387555122
qdotdot7:
0.312361247372154
-0.357025580208647

qdotdot1:
0.175646864763664
-0.141600088655856
qdotdot2:
-0.003814205265255
0.089448540873766
qdotdot3:
-0.222481346155064
0.156857497712713
qdotdot4:
0.037695895233699
-0.110689227341993
qdotdot5:
-0.280852826113161
0.160632529919991
qdotdot6:
0.076202611452514
-0.108727873509107
qdotdot7:
0.350598757200454
-0.253103489019433

qdotdot1:
0.366080713594873
-0.083162655553531
qdotdot2:
-0.088988523059390
0.088179560836310
qdotdot3:
-0.430728869836302
0.082838306991916
qdotdot4:
0.130563460972438
-0.098147862832495
qdotdot5:
-0.406719547308998
0.067193240470278
qdotdot6:
0.273439295995447
-0.083375385635381
qdotdot7:
0.599845018747122
-0.136459839004804

qdotdot1:
0.247424219580976
0.038631816778989
qdotdot2:
-0.088441572905671
0.058573220466074
qdotdot3:
-0.284034975785647
-0.060464504306008
qdotdot4:
0.104097747582466
-0.054709606610552
qdotdot5:
-0.249357587795228
-0.068121707332847
qdotdot6:
0.225551396247723
0.007597434111678
qdotdot7:
0.375201816348535
0.063107646597419

qdotdot1:
-0.187016637006532
0.120949461896725
qdotdot2:
0.015573626098652
0.029148849543805
qdotdot3:
0.216295116602596
-0.154962489900727
qdotdot4:
-0.057953632170065
-0.020076451224385
qdotdot5:
0.209177787634016
-0.151082580986627
qdotdot6:
-0.100410174957574
0.082638025625208
qdotdot7:
-0.322597167047133
0.187936695338141

qdotdot1:
-0.118639690157423
0.058729323616456
qdotdot2:
-0.042305085974628
0.034330170226785
qdotdot3:
0.127452304670257
-0.083001447932624
qdotdot4:
0.015337400204408
-0.039357532657474
qdotdot5:
0.118633493309077
-0.081489463069023
qdotdot6:
-0.019958916883773
0.049231719798053
qdotdot7:
-0.170083160728086
0.080609129920554

qdotdot1:
0.022112351451197
0.019258087018049
qdotdot2:
-0.096174105121988
0.020255335273957
qdotdot3:
-0.009943149199328
-0.040598268474074
qdotdot4:
0.068756913166131
-0.034254803954547
qdotdot5:
-0.010803330805690
-0.042020288152225
qdotdot6:
0.004255459440440
0.042591419831642
qdotdot7:
0.050741407995714
0.024022732319589

qdotdot1:
-0.088953900771296
0.026614831246892
qdotdot2:
0.104770709890965
-0.011741636842820
qdotdot3:
0.160801857983330
-0.043906338429914
qdotdot4:
-0.164612381045059
-0.011379488082132
qdotdot5:
0.145969520114220
-0.045614539163134
qdotdot6:
-0.262088290470774
0.044007204432779
qdotdot7:
-0.233093543544902
0.040904318217846

qdotdot1:
-0.017544504229778
-0.002979990343051
qdotdot2:
0.341068769171120
0.023115412035191
qdotdot3:
0.045002170881631
0.009592184480097
qdotdot4:
-0.335923500071580
-0.066145765966331
qdotdot5:
0.065987347955838
0.002949288481217
qdotdot6:
-0.090600091738546
-0.043189153793690
qdotdot7:
-0.178331644989672
-0.036645533729793

qdotdot1:
0.247660191319603
-0.008817019051879
qdotdot2:
-0.072222516071143
0.136588450159427
qdotdot3:
-0.357998592839650
0.024564335300399
qdotdot4:
0.166389289198263
-0.177906981228243
qdotdot5:
-0.292732416251863
0.024903174404303
qdotdot6:
0.524525350861023
-0.073331660505436
qdotdot7:
0.492681400181722
-0.095976188951755

qdotdot1:
-0.101412145087507
0.073579133488739
qdotdot2:
-1.315895207480635
0.112560133701471
qdotdot3:
0.124504161575113
-0.094541228285620
qdotdot4:
1.158058994123806
-0.122549528821963
qdotdot5:
0.048398446682079
-0.072488435828064
qdotdot6:
-0.014361668397208
0.101177091146107
qdotdot7:
0.329993740136556
0.067938130854737

qdotdot1:
-0.356309778986066
0.039839473789784
qdotdot2:
-1.449694869208573
-0.325236113104794
qdotdot3:
0.532829599898483
-0.053118891355232
qdotdot4:
1.131968343687664
0.262734860334156
qdotdot5:
0.396554368026951
-0.056386349439867
qdotdot6:
-0.649337264536156
0.096398986866655
qdotdot7:
-0.157147379859319
0.177726524398584

