nSeg: 60

breaks: 
0.000000000000000
0.332000000000006
0.664000000000013
0.996000000000019
1.328000000000025
1.660000000000032
1.992000000000038
2.324000000000044
2.656000000000050
2.988000000000057
3.320000000000063
3.652000000000069
3.984000000000075
4.316000000000082
4.648000000000088
4.980000000000095
5.312000000000101
5.644000000000107
5.976000000000114
6.308000000000120
6.640000000000127
6.972000000000133
7.304000000000139
7.636000000000146
7.968000000000151
8.300000000000157
8.632000000000165
8.964000000000171
9.296000000000175
9.628000000000183
9.960000000000189
10.292000000000195
10.624000000000201
10.956000000000209
11.288000000000213
11.620000000000221
11.952000000000227
12.284000000000232
12.616000000000239
12.948000000000246
13.280000000000253
13.612000000000258
13.944000000000266
14.276000000000272
14.608000000000278
14.940000000000284
15.272000000000292
15.604000000000296
15.936000000000302
16.268000000000310
16.600000000000314
16.932000000000322
17.264000000000330
17.596000000000334
17.928000000000342
18.260000000000346
18.592000000000350
18.924000000000362
19.256000000000366
19.588000000000370
19.920000000000378

coefs_q:
q1:
0.048692361242064
-0.095098856350888
0.000000000000000
-1.473021776800626
q2:
0.272570762421943
-0.398406601962112
-0.000000000000000
1.639188903782130
q3:
-0.024015306571319
0.078934216799016
-0.000000000000000
-2.679914834741175
q4:
-0.327847608898579
0.447147314307352
0.000000000000000
1.123582796576849
q5:
-0.036846241787035
0.083069986079696
-0.000000000000000
-0.993545626107186
q6:
0.067804550384219
-0.153097114008122
-0.000000000000000
-0.545279683842632
q7:
-0.064847868453170
0.035691462936693
0.000000000000000
-0.619576686107485

q1:
0.062633083297586
-0.046601264553791
-0.047044440140354
-1.481722086956966
q2:
0.198074156404773
-0.126926122589852
-0.174410464551255
1.605249489273566
q3:
-0.062720142560377
0.055014971453981
0.044471130499996
-2.672093214595024
q4:
-0.225939002083390
0.120611095844361
0.188495792170372
1.160871786101109
q5:
-0.062203812292972
0.046371129259808
0.042974450292716
-0.985737684892909
q6:
0.117313792027748
-0.085563781825438
-0.079235417416743
-0.559673395468230
q7:
0.016820636418231
-0.028897014042665
0.002255757032817
-0.618015697058942

q1:
0.017297104411493
0.015781286410605
-0.057276672883892
-1.500185400768574
q2:
-0.034896754413219
0.070355737189306
-0.193191832504237
1.540603308676970
q3:
-0.033247869143210
-0.007454290536156
0.060261276564714
-2.653560033033349
q4:
0.050683648219481
-0.104424150230700
0.193869858114107
1.228478531542231
q5:
-0.025223145135126
-0.015583867783993
0.053195821102687
-0.968635265242246
q6:
0.045313482227704
0.031280755034201
-0.097257382311435
-0.591117712261577
q7:
0.059454534255157
-0.012143660170107
-0.011369746805823
-0.619836389640802

q1:
-0.017656174847824
0.033009202404453
-0.041078230597292
-1.516828803048536
q2:
-0.046801579264997
0.035598569793739
-0.158015002585865
1.482941486388513
q3:
0.020024623970956
-0.040569168202794
0.044317488263383
-2.635591615692563
q4:
0.051024629967853
-0.053943236604096
0.141291885684954
1.283188012975613
q5:
0.020212433739146
-0.040706120338579
0.034507545045992
-0.953614993933969
q6:
-0.040023110541045
0.076412983332994
-0.061503061173525
-0.618301055002082
q7:
-0.013277951549307
0.047073055948031
0.000226812592448
-0.622773967273123

q1:
-0.024094949018062
0.015423652256019
-0.024998522850016
-1.527474485840862
q2:
0.019004597467356
-0.011015803154199
-0.149853524061538
1.432691648072346
q3:
0.042622800810535
-0.020624642727721
0.024001143034451
-2.624617117126449
q4:
-0.036178026167660
-0.003122705156114
0.122345993020564
1.326018293797676
q5:
0.040263051014842
-0.020574536334389
0.014162367030566
-0.945905619148473
q6:
-0.076031842914823
0.036549965234113
-0.023999362249245
-0.631762147072440
q7:
-0.070483911641879
0.033848216204920
0.027092674947228
-0.617995983218896

q1:
-0.005431617564786
-0.008574916965971
-0.022724742733719
-1.534955678212109
q2:
0.022016958347716
0.007912775923288
-0.150883729102200
1.382421533430458
q3:
0.010593508811764
0.021827666879572
0.024400547052866
-2.617362313800980
q4:
-0.027759453764161
-0.039156019219104
0.108309456527991
1.364969054424283
q5:
0.010111912015906
0.019527462476394
0.013814738509712
-0.941998120081607
q6:
-0.018072101650298
-0.039177750309053
-0.024871786894125
-0.638483589210568
q7:
-0.025369126467744
-0.036353759790392
0.026260834476851
-0.607849643554148

q1:
0.020307931786153
-0.013984808060498
-0.030214571442507
-1.543644221059362
q2:
-0.019201367208980
0.029841666437614
-0.138349254238380
1.334006009857913
q3:
-0.040557788257017
0.032378801656089
0.042397094606706
-2.606467736665426
q4:
0.041338011651286
-0.066804435168209
0.073130585671403
1.395596021262646
q5:
-0.042966763071684
0.029598926844237
0.030124699764162
-0.934889192842891
q6:
0.076606240689735
-0.057177563552750
-0.056861751096244
-0.651720687947807
q7:
0.064662063079321
-0.061621409752265
-0.006266921811311
-0.604066470476769

q1:
0.026482315489893
0.006241891998511
-0.032785219575087
-1.554473764332833
q2:
-0.031959221193153
0.010717104697469
-0.124883742221532
1.290660663394440
q3:
-0.050562489960004
-0.008016755447900
0.050485293947825
-2.590307166851002
q4:
0.058443872639368
-0.025631775563527
0.042441763708466
1.414024662054327
q5:
-0.054784740116658
-0.013195969175160
0.035570481710296
-0.923197621948323
q6:
0.089200963505322
0.019122252174227
-0.069496114473914
-0.674097772113903
q7:
0.083599990724979
0.002782005074740
-0.025801604164250
-0.610572979454694

q1:
0.010778261302635
0.032618278226445
-0.019883643060401
-1.563701347329589
q2:
-0.003451993218490
-0.021114279610911
-0.128335604292795
1.249211015623729
q3:
-0.015739481407876
-0.058376995448065
0.028442568650364
-2.576279990477406
q4:
0.007393285820039
0.032578321585284
0.044748016987689
1.427428807358534
q5:
-0.014389311827210
-0.067761570331353
0.008692578594133
-0.914847547467481
q6:
0.011034148217527
0.107966411825529
-0.027302678025994
-0.691798498111122
q7:
0.021449082201572
0.086047595836821
0.003689823338389
-0.615773179484480

q1:
-0.016906460327948
0.043353426483869
0.005338962903423
-1.566312976065901
q2:
0.029949386796553
-0.024552464856528
-0.143496963455985
1.204149971132516
q3:
0.032458502525553
-0.074053518930310
-0.015524362123257
-2.573847580006522
q4:
-0.046917244033263
0.039942034262043
0.068824775129002
1.446146614538891
q5:
0.040064229379615
-0.082093324911254
-0.041059246626414
-0.919957130474704
q6:
-0.070461820935525
0.118956423450186
0.048035703285545
-0.688558709758256
q7:
-0.059998992822162
0.107410881709587
0.067918037883797
-0.604278732325271

q1:
-0.044519797144798
0.026514591997232
0.028535145039149
-1.560380533532026
q2:
0.046301315799119
0.005277124392840
-0.149896376489930
1.154898687260590
q3:
0.073022766521054
-0.041724850414859
-0.053962780745854
-2.585976344915869
q4:
-0.070506659505924
-0.006787540795088
0.079832066960031
1.471682103772520
q5:
0.079829405314296
-0.042189352449157
-0.082321095510071
-0.941171329846138
q6:
-0.111522459224973
0.048776449798402
0.103723017204077
-0.662077509254345
q7:
-0.121988945719015
0.047651884858713
0.119398876384474
-0.572086311945255

q1:
-0.022067500300954
-0.017827125958988
0.031419383763846
-1.549613494830727
q2:
0.017140755456079
0.051393234928763
-0.131081817195157
1.107409123414246
q3:
0.034000671032909
0.031005825040113
-0.057521497170270
-2.605818846045171
q4:
-0.022088544349700
-0.077012173662989
0.052010561759949
1.494858053462243
q5:
0.033827228011321
0.037320735243884
-0.083937476422222
-0.970230906104546
q6:
-0.038667192838012
-0.062299919589673
0.099233225233375
-0.626346226053156
q7:
-0.052197654515451
-0.073849105077428
0.110701399271860
-0.531657612000516

q1:
0.035742495689989
-0.039806356258739
0.012285067667561
-1.541954782779687
q2:
-0.032633701100672
0.068465427363019
-0.091288741314285
1.070181983145198
q3:
-0.059692741087053
0.064870493388890
-0.025690559451841
-2.620254163978455
q4:
0.058196207176553
-0.099012363835291
-0.006429584689481
1.502828653816199
q5:
-0.065328407451307
0.071012654343160
-0.047970791079323
-0.992746621524936
q6:
0.091922791023416
-0.100812443656333
0.045079920635700
-0.601682743096769
q7:
0.101562499965666
-0.125837968974819
0.044405290686513
-0.504954831378388

q1:
0.021954207777010
-0.004206830551509
-0.002327310353442
-1.540955782085802
q2:
-0.017265433633824
0.035962261066748
-0.056618748755602
1.046226444627237
q3:
-0.034203889558809
0.005416523266184
-0.002355269922355
-2.623817562587437
q4:
0.030447659328520
-0.041048941487443
-0.052929938056630
1.491910146329533
q5:
-0.035410544277580
0.005945560521657
-0.022420663744203
-1.003236277134078
q6:
0.048180701751394
-0.009257343797009
0.008536751201189
-0.594464303792994
q7:
0.057233197195778
-0.024681719009013
-0.005567245724120
-0.500366023664002

q1:
-0.015539820845755
0.017659560394394
0.002138995954396
-1.541388742455314
q2:
0.017165277244344
0.018765889167459
-0.038449002877844
1.030761106672122
q3:
0.032049900548665
-0.028650550734391
-0.010068967041800
-2.625254151062714
q4:
-0.029234042736030
-0.010723072796237
-0.070118246798812
1.470927041218426
q5:
0.035697310637648
-0.029323341578814
-0.030182087055179
-1.011320420522588
q6:
-0.050259988619523
0.038730635147380
0.018321883929513
-0.590887341526492
q7:
-0.053652228632476
0.032322545397982
-0.003030491362982
-0.502840454360461

q1:
-0.003672695714060
0.002181898832021
0.008726360417566
-1.539300758336227
q2:
0.006383109998754
0.035862505302827
-0.020312375913709
1.020692641556573
q3:
0.011732458056842
0.003271150212081
-0.018494928015207
-2.630582180569698
q4:
-0.011655437074709
-0.039840179361323
-0.086905246515122
1.445396041987318
q5:
0.012788221517618
0.006231179816285
-0.037848684760339
-1.023266688905006
q6:
-0.022067526082619
-0.011328313517666
0.027419454710578
-0.582374663052627
q7:
-0.020571383672804
-0.021115074319965
0.000690389034919
-0.502247226647621

q1:
0.001449232331638
-0.001476106099183
0.008960683604868
-1.536297509039247
q2:
-0.002846085182807
0.042220082861586
0.005611043356876
1.018135427414000
q3:
-0.001240720712047
0.014956678436695
-0.012443288903814
-2.635932595522094
q4:
0.004763389878111
-0.051448994687734
-0.117213252299409
1.411725632860861
q5:
-0.003002503703507
0.018968248447833
-0.029482474576651
-1.034677649797088
q6:
0.007360553288255
-0.033307569495955
0.012600341550056
-0.575327603288203
q7:
0.004580984222144
-0.041604172458078
-0.020132400895392
-0.505098202224263

q1:
-0.003040956574220
-0.000032670696872
0.008459769708578
-1.533432230659845
q2:
-0.000391689597657
0.039385382019510
0.032704057697400
1.024547809533279
q3:
0.005904235185364
0.013720920607497
-0.002922326021142
-2.638460585904475
q4:
0.000236999910756
-0.046704658369135
-0.149800265114290
1.367314232349122
q5:
0.003456765225953
0.015977754759140
-0.017880401511936
-1.042484949865069
q6:
0.003600719461458
-0.025976458420852
-0.007081955718325
-0.574546228637993
q7:
-0.005393364800574
-0.037041512172823
-0.046242768192851
-0.516200299404125

q1:
0.004376736885652
-0.003061463444795
0.007432517173544
-1.530738470095438
q2:
-0.001291233211979
0.038995259180243
0.058726430575718
1.039732437403256
q3:
-0.001863131154147
0.019601538852119
0.008140730519451
-2.637702361635323
q4:
-0.000601245575431
-0.046468606458022
-0.180733789036907
1.312441242929047
q5:
-0.003302189873861
0.019420692924189
-0.006128116881071
-1.046533612987693
q6:
0.005444537820814
-0.022390141837240
-0.023139667004012
-0.579628901036420
q7:
0.004149251313622
-0.042413303514195
-0.072621767000942
-0.535833128858160

q1:
0.010448616218256
0.001297766493315
0.006846969785653
-1.528448157220328
q2:
-0.004467840166784
0.037709190901112
0.084192308002729
1.063480573938945
q3:
-0.011402085108622
0.017745860222589
0.020540067012254
-2.632907259191516
q4:
0.003986155570620
-0.047067447051151
-0.211787758801953
1.247293667088718
q5:
-0.012092424976304
0.016131711809824
0.005675281490621
-1.046548362886783
q6:
0.012502883767381
-0.016967382167709
-0.036206364973655
-0.589579962055015
q7:
0.017089856106689
-0.038280649205828
-0.099412159303990
-0.564466680239527

q1:
0.003756737583916
0.011704588246698
0.011163751559337
-1.525649557730550
q2:
-0.007549569779531
0.033259222094994
0.107753821117436
1.095425380266507
q3:
-0.009496176922937
0.006389383454401
0.028552967913015
-2.624549189344704
q4:
0.012680313631179
-0.043097236102813
-0.241722433609069
1.171938039726559
q5:
-0.009416499780316
0.004087656533425
0.012388111780580
-1.043328582278966
q6:
0.012934026645708
-0.004514509935397
-0.043338353151886
-0.603013152828677
q7:
0.016843227894069
-0.021259152523565
-0.119179373478149
-0.601065570923081

q1:
-0.004855225594005
0.015446298880278
0.020177846085494
-1.520515590240320
q2:
-0.010012742867951
0.025739850594582
0.127341513250376
1.134589341638942
q3:
-0.007383190698188
-0.003068808760845
0.029655398711275
-2.614712847188616
q4:
0.022900546945516
-0.030467643726158
-0.266145973712288
1.087399870079524
q5:
-0.006846567562449
-0.005291177247770
0.011988542903417
-1.039109762172305
q6:
0.015473640035342
0.008367780603728
-0.042059067290000
-0.617425780887428
q7:
0.018439641863874
-0.004483297541072
-0.127725866899609
-0.642360024465721

q1:
0.001686779385272
0.010610494188649
0.028828701384378
-1.512291666404266
q2:
0.012104831543432
0.015767158698102
0.141121840335547
1.179337463332806
q3:
0.011007561275285
-0.010422466696240
0.025176295259523
-2.605475694390752
q4:
-0.024611496618700
-0.007658698968424
-0.278803919486890
0.996519172287296
q5:
0.008406736175090
-0.012110358539970
0.006211233021888
-1.035963326462246
q6:
-0.007915577603870
0.023779526078929
-0.031386161471358
-0.629900812900690
q7:
-0.019600674568224
0.013882585755347
-0.124605303212470
-0.684584392224404

q1:
0.026578276850179
0.012290526456380
0.036431840238527
-1.501489279807644
q2:
0.057631011012198
0.027823570915361
0.155593962567217
1.228370802284626
q3:
0.051572884013285
0.000541064333944
0.021895669675241
-2.597863155585626
q4:
-0.136760188133583
-0.032171749600649
-0.292027628411822
0.902211456418256
q5:
0.042708263257864
-0.003737249309580
0.000949827215837
-1.034928410061419
q6:
-0.060073048217740
0.015895610785475
-0.018214016032375
-0.637989609586425
q7:
-0.108059282477614
-0.005639686114605
-0.121868660531743
-0.725140433056846

q1:
0.031063320125338
0.038762490199158
0.053381441768166
-1.487066582616463
q2:
0.025490414608664
0.085224057883511
0.193125775328443
1.285203793562711
q3:
0.034301331872558
0.051907656811177
0.039308645095421
-2.588646877881898
q4:
-0.090054849510846
-0.168384896981700
-0.358612435077163
0.796707532205237
q5:
0.032545682899426
0.038800180895253
0.012590720502280
-1.033462120091361
q6:
-0.045345986447390
-0.043937145239395
-0.027523805471077
-0.644482920339318
q7:
-0.071585614721174
-0.113266731462310
-0.161345591167279
-0.770176818264483

q1:
-0.051946514208126
0.069701557043996
0.089391505452894
-1.463934644661751
q2:
-0.148377233556728
0.110612510833741
0.258143516142572
1.359648093140570
q3:
-0.069988260885251
0.086071783356245
0.085117819231006
-2.568619702584428
q4:
0.287826785677156
-0.258079527094504
-0.500198623870466
0.655792646571521
q5:
-0.046830613017819
0.071215681063082
0.049115986672448
-1.023814301048772
q6:
0.060729564877487
-0.089101747740996
-0.071692717940568
-0.660123159367961
q7:
0.175132829915076
-0.184566003724600
-0.260226059249335
-0.838847897069336

q1:
-0.122144723473921
0.017962828892701
0.118496081583878
-1.428474830285021
q2:
-0.216371545662831
-0.037171213788764
0.282526026761505
1.452114122806447
q3:
-0.124209256426174
0.016363475514534
0.119126325176106
-2.533434586525589
q4:
0.485334035551073
0.028595951439950
-0.576387170987780
0.471812984967384
q5:
-0.097389148178644
0.024572390497333
0.080917626430507
-1.001371852930461
q6:
0.127391776727109
-0.028615101123018
-0.110774711763421
-0.691523932721628
q7:
0.301743099945134
-0.010133705129180
-0.324866362588792
-0.939177676707864

q1:
0.010215883746671
-0.103693315687327
0.090033559968061
-1.391624005307367
q2:
0.068393090416650
-0.252677273268947
0.186296329058344
1.533897623855901
q3:
0.015723696182524
-0.107348943885938
0.088919149676799
-2.496626358080674
q4:
-0.113113540961820
0.511988650848827
-0.396913083027902
0.301364896650837
q5:
0.003911233630428
-0.072427201088598
0.065029829314207
-0.975362628113010
q6:
-0.006308028617265
0.098267108497185
-0.087650245315197
-0.726793386375542
q7:
-0.054767087792468
0.290402422416178
-0.231817148449507
-1.037108188560650

q1:
0.087875048350100
-0.093518295475643
0.024559305061954
-1.372788511617019
q2:
0.182332690206308
-0.184557755213963
0.041134299602016
1.570399707253839
q3:
0.087583317099319
-0.091688142488144
0.022838837000603
-2.478362231654436
q4:
-0.388015844047184
0.399327564050853
-0.094356099681205
0.221883871592994
q5:
0.064073473110357
-0.068531612392692
0.018231503238418
-0.961612811470677
q6:
-0.085988858663742
0.091984311994389
-0.024486773711994
-0.745292712373768
q7:
-0.227429805750682
0.235854402974879
-0.057099882419673
-1.084066332202452

q1:
0.037689263992655
-0.005994747318942
-0.008479025145848
-1.371727051079616
q2:
0.069794724525068
-0.002954395768476
-0.021119734524156
1.570385950274844
q3:
0.036345074552196
-0.004455158657220
-0.009080738979658
-2.477680915451256
q4:
-0.154331621199227
0.012863783379848
0.042491427665791
0.220373933331882
q5:
0.027942563967828
-0.004714433174774
-0.006086183889981
-0.960769052585856
q6:
-0.037386374514902
0.006339408765300
0.008156701580224
-0.746430150378722
q7:
-0.092249638513225
0.009334316447195
0.024302772428457
-1.085349327458089

q1:
-0.037692178132988
0.031543759617744
0.000003246937354
-1.373823637660324
q2:
-0.069787275699365
0.066561149858493
-0.000002292166269
1.565602646927369
q3:
-0.036267176615324
0.031744535596768
-0.000020665835728
-2.479856761167186
q4:
0.154325285550621
-0.140850511334584
-0.000000166015182
0.230251316835984
q5:
-0.028023953990800
0.023116360537183
0.000023255994339
-0.962286768850883
q6:
0.037378494603565
-0.030897420251543
0.000003441766791
-0.744391501209525
q7:
0.092252255204041
-0.082546323511979
-0.000003613917052
-1.079627758535386

q1:
-0.087920821115678
-0.005997649802713
0.008484555395944
-1.371725001754337
q2:
-0.182307816048593
-0.002946976738076
0.021117613309709
1.570384700861510
q3:
-0.087399310991544
-0.004377572312095
0.009065165974783
-2.477691786940412
q4:
0.388025202231127
0.012857473073837
-0.042493854717751
0.220373591248745
q5:
-0.064289887394286
-0.004795497637654
0.006105782476983
-0.960756589022067
q6:
0.085946213422001
0.006331560373608
-0.008152423712684
-0.746428153405948
q7:
0.227480472466442
0.009336922671247
-0.024309134996175
-1.085351631342865

q1:
-0.010243011868946
-0.093566787633930
-0.024570837833022
-1.372786621197507
q2:
-0.068387225246128
-0.184525561522478
-0.041123269392796
1.570399481606597
q3:
-0.015782127276195
-0.091427286059675
-0.022742047004645
-2.478362987916683
q4:
0.113124472173547
0.399330574496047
0.094352577075453
0.221882370638263
q5:
-0.003863244077062
-0.068828225482364
-0.018337293598864
-0.961610695969307
q6:
0.006288622977928
0.091933988941923
0.024471738660073
-0.745291720805767
q7:
0.054795009845017
0.235907473247828
0.057112004448959
-1.084068607074828

q1:
0.122208706779028
-0.103768827455401
-0.090086262042682
-1.391632281503994
q2:
0.216335158571179
-0.252639237867623
-0.186261982790313
1.533904823387778
q3:
0.123850234256496
-0.107146284826766
-0.088668472538945
-2.496568365674236
q4:
-0.485353707287208
0.512002548780903
0.396915174003407
0.301362958035093
q5:
0.097806839494618
-0.072676016583118
-0.065316701964605
-0.975426572745128
q6:
-0.127333153156617
0.098197457427939
0.087595378854869
-0.726803643390020
q7:
-0.301819279984784
0.290483303053466
0.231873742180993
-1.037099567511671

q1:
0.051992236465265
0.017951044496513
-0.118577765985033
-1.428506585350933
q2:
0.148351488259015
-0.037169419930726
-0.282478457179367
1.452135586150764
q3:
0.069924887492737
0.016208548492706
-0.118859801001853
-2.533284169606643
q4:
-0.287827318465899
0.028590256322837
0.576391985297851
0.471812552566421
q5:
0.046921180572431
0.024739595553523
-0.081231593746431
-1.001543179571852
q6:
-0.060681296165687
-0.028626363116052
0.110692982166415
-0.691557937327880
q7:
-0.175179477341033
-0.010128699811383
0.324951470457366
-0.939144139313073

q1:
-0.031072787305022
0.069735312015917
-0.089465895622905
-1.463993144695028
q2:
-0.025483313772339
0.110588662375256
-0.258103268687782
1.359684605179466
q3:
-0.034156065136879
0.085853736435473
-0.084975122405697
-2.568400195424931
q4:
0.090061158963083
-0.258085752869205
0.500199480444455
0.655793165285846
q5:
-0.032707639846209
0.071473091403665
-0.049288981676643
-1.024068120566514
q6:
0.045338496024153
-0.089064934097079
0.071619471491655
-0.660183773179337
q7:
0.071600303682589
-0.184607459243056
0.260299065651291
-0.838787259189101

q1:
-0.026600323859022
0.038786815860114
-0.053436549168062
-1.487146406023616
q2:
-0.057618406081052
0.085207281858006
-0.193099015202338
1.285251298934727
q3:
-0.051484963743912
0.051834295559141
-0.039262695783484
-2.588398713435810
q4:
0.136761826804552
-0.168384838541973
0.358611244095942
0.796707879962753
q5:
-0.042815388630279
0.038896282116841
-0.012646349667835
-1.033750927865226
q6:
0.060050200656204
-0.043907792057022
0.027472526408493
-0.644564068331949
q7:
0.108083716778522
-0.113293556775196
0.161395928333230
-0.770095974118605

q1:
-0.001691537396176
0.012292893296528
-0.036478085728057
-1.501585524396264
q2:
-0.012102225365647
0.027819349401278
-0.155574173624255
1.228425804167363
q3:
-0.011010554918872
0.000555271670204
-0.021869359463341
-2.597604604751927
q4:
0.024610230476266
-0.032170059044637
0.292027018097186
0.902211475177595
q5:
-0.008407610243178
-0.003747844958918
-0.000977068531404
-1.035229014242500
q6:
0.007909358054376
0.015902207796558
0.018174672434019
-0.638085382894736
q7:
0.019605170846456
-0.005642174863786
0.121909265429087
-0.725044939607361

q1:
0.004859276921461
0.010608122049936
-0.028874948633030
-1.512403177729224
q2:
0.010010790498170
0.015765532937093
-0.141103992687915
1.179398665203866
q3:
0.007365106773602
-0.010411241028993
-0.025141541290460
-2.605206952127766
q4:
-0.022901260158006
-0.007658269490276
0.278804013023595
0.996519128428340
q5:
0.006866501228261
-0.012121824761124
-0.006245798878458
-1.036274174640917
q6:
-0.015470534490936
0.023779928418717
0.031349141657490
-0.630009148735188
q7:
-0.018444052170833
0.013884575299284
0.124645742373673
-0.684475527730431

q1:
-0.003752265220952
0.015447961863712
-0.020224328773699
-1.520642568862680
q2:
0.007549218387517
0.025736280273270
-0.127325390702075
1.134656218285397
q3:
0.009491831687688
-0.003075594682485
-0.029619170746671
-2.614431991039746
q4:
-0.012680184256428
-0.030467924607650
0.266146116583083
1.087399878513993
q5:
0.009419991718851
-0.005282789537775
-0.012024130825693
-1.039432620608215
q6:
-0.012930855376918
0.008371276065744
0.042023341546331
-0.617546249307194
q7:
-0.016845795359226
-0.004485700662865
0.127766168752964
-0.642237676267133

q1:
-0.010443337053528
0.011710705703644
-0.011207651141336
-1.525791621641412
q2:
0.004469001074740
0.033255301787237
-0.107740185457986
1.095497203204933
q3:
0.011400583572143
0.006378269678452
-0.028522682648009
-2.624257212494149
q4:
-0.003985978247103
-0.043097388127052
0.241722432755161
1.171938069368637
q5:
0.012091204793367
0.004099522214200
-0.012416975577119
-1.043662203592841
q6:
-0.012499813710375
-0.004507855889667
0.043305997044789
-0.603144980860959
q7:
-0.017091558591823
-0.021264112840655
0.119217230669795
-0.600930201345640

q1:
-0.004373971762053
0.001309141998330
-0.006885061704281
-1.528603928314142
q2:
0.001291940322450
0.037706426857678
-0.084180891547874
1.063556534286999
q3:
0.001861627736500
0.017733250916307
-0.020517657810549
-2.632606507585598
q4:
0.000601261517033
-0.047067422461166
0.211787715639872
1.247293686179621
q5:
0.003302106971005
0.016142362188394
-0.005696669955458
-1.046890303750135
q6:
-0.005443641286082
-0.016957670345201
0.036179442334813
-0.589721686532521
q7:
-0.004150704277851
-0.038287305198110
0.099446159880925
-0.564319351121819

q1:
0.003041081239263
-0.003047333876674
-0.007462141407892
-1.530905532664621
q2:
0.000391554928078
0.038993199418837
-0.058716615624070
1.039811909226659
q3:
-0.005904032542997
0.019587432141861
-0.008127191035237
-2.637395615039232
q4:
-0.000237030267455
-0.046468565990202
0.180733767474017
1.312441250983920
q5:
-0.003455938543072
0.019431260731516
0.006113772853952
-1.046881483927821
q6:
-0.003601558407718
-0.022379537066138
0.023119489474248
-0.579778460545975
q7:
0.005391278571068
-0.042421406658850
0.072650867544414
-0.535675298369310

q1:
-0.001447385050918
-0.000018416962369
-0.008479970686454
-1.533607566495276
q2:
0.002846002080878
0.039383188127203
-0.032695654958785
1.024630307957340
q3:
0.001239051228385
0.013707015729035
0.002926565657900
-2.638150891682088
q4:
-0.004763403363773
-0.046704648136587
0.149800260383923
1.367314236594755
q5:
0.003005137327067
0.015989145942615
0.017873347869764
-1.042836387944268
q6:
-0.007359568950594
-0.025966689240226
0.007068542340535
-0.574701348887848
q7:
-0.004583554410080
-0.037051693202066
0.046265798390589
-0.516033777040109

q1:
0.003667147188769
-0.001460012473084
-0.008970809259024
-1.536477912895631
q2:
-0.006383057805022
0.042217806199757
-0.005604124842233
1.018220470686632
q3:
-0.011726726579403
0.014941110752507
0.012437743649772
-2.635623087485326
q4:
0.011655434459327
-0.051448997886906
0.117213249904123
1.411725636170385
q5:
-0.012797140073357
0.018982262720374
0.029483855545877
-1.035030077727890
q6:
0.022062768881408
-0.033296819915017
-0.012606942699006
-0.575486063960105
q7:
0.020577105425777
-0.041616913394506
0.020147821000527
-0.504925250082769

q1:
0.015524802686465
0.002192466126930
-0.008727634645947
-1.539482953050724
q2:
-0.017165461477496
0.035860280625955
0.020317799983904
1.020779732743291
q3:
-0.032034353750109
0.003261291079421
0.018480941057972
-2.630276019749899
q4:
0.029234046872432
-0.039840185165415
0.086905241130751
1.445396044053272
q5:
-0.035717737114671
0.006236311207310
0.037856422089868
-1.023617440013761
q6:
0.050247767962026
-0.011322302109134
-0.027420491211025
-0.582534304530942
q7:
0.053665055108397
-0.021122116390431
-0.000681536888073
-0.502070350004264

q1:
-0.021939791533546
0.017655169602649
-0.002138219583727
-1.541570745024168
q2:
0.017265547951487
0.018763480994369
0.038452888841852
1.030849746695465
q3:
0.034189124112111
-0.028644925255688
0.010053574511451
-2.624953151700487
q4:
-0.030447660743393
-0.010723074480473
0.070118238928316
1.470927041008389
q5:
0.035431194660292
-0.029338554958904
0.030186477164338
-1.011668784729512
q6:
-0.048168181424679
0.038724474781044
-0.018322969883951
-0.591047111728699
q7:
-0.057246390539573
0.032328278497533
0.003038908931485
-0.502660945632747

q1:
-0.035718565735896
-0.004196862764763
0.002329938286451
-1.541137483316905
q2:
0.032633961026743
0.035959966754051
0.056621073494328
1.046316113535542
q3:
0.059669573668963
0.005407442359974
0.002338730190074
-2.623521593814712
q4:
-0.058196181247793
-0.041048944580893
0.052929928599942
1.491910143269072
q5:
0.065363435859598
0.005950914922747
0.022421780672334
-1.003584105016663
q6:
-0.091901355778368
-0.009251033917937
-0.008537787517399
-0.594624655378850
q7:
-0.101585333607573
-0.024689126479882
0.005575107401345
-0.500183571180458

q1:
0.022049749419899
-0.039772554237716
-0.012267908158372
-1.542133637146158
q2:
-0.017141125269533
0.068463391936688
0.091289628579653
1.070272180490268
q3:
-0.033980694857710
0.064838337734262
0.025660329181361
-2.619965535127677
q4:
0.022088548808249
-0.099012341103695
0.006429581752658
1.502828648223992
q5:
-0.033848119410001
0.071052897038908
0.047987046243605
-0.993092206561412
q6:
0.038654052312759
-0.100784784273193
-0.045069679156855
-0.601841958830250
q7:
0.052210069047617
-0.125868118753027
-0.044409898015982
-0.504771420881769

q1:
0.044489268919531
-0.017811003815496
-0.031385649432039
-1.549783576028456
q2:
-0.046301980144352
0.051390831168232
0.131081230650488
1.107499377445496
q3:
-0.072993233113824
0.030993565655982
0.057476521106923
-2.605543066953563
q4:
0.070506598276463
-0.077012146490678
-0.052010548128675
1.494858049563735
q5:
-0.079869841387823
0.037340170106547
0.083973544535896
-0.970567423223116
q6:
0.111496902344175
-0.062285348169684
-0.099208963127891
-0.626499473757031
q7:
0.122015552616569
-0.073866889981599
-0.110721920915879
-0.531478600064475

q1:
0.016895451150106
0.026500308028357
-0.028500800433369
-1.560538755045560
q2:
-0.029949111568349
0.005274058944457
0.149893974167901
1.154988457295615
q3:
-0.032450873186196
-0.041707694525387
0.053919430322281
-2.585715768399275
q4:
0.046917211332444
-0.006787574607320
-0.079832055533211
1.471682105153983
q5:
-0.040082084027743
-0.042210191915726
0.082356697295249
-0.941495209895221
q6:
0.070451049034064
0.048765566565116
-0.103697530620607
-0.662222031056903
q7:
0.060012380030223
0.047660600424505
-0.119422409048834
-0.571915099855705

q1:
-0.010771353744509
0.043328177373862
-0.005317743279832
-1.566461772480408
q2:
0.003452917484344
-0.024555256177619
0.143492616686491
1.204238615782448
q3:
0.015731873078884
-0.074028764218840
0.015494926019197
-2.573599225648942
q4:
-0.007393186138275
0.039941967879795
-0.068824796966749
1.446146614790473
q5:
0.014394963164057
-0.082131947607359
0.041075106973583
-0.920272141120036
q6:
-0.011029245443563
0.118934811403046
-0.048021005135176
-0.688696363799533
q7:
-0.021452121301352
0.107432930934609
-0.067931356637607
-0.604113882519346

q1:
-0.026463600239877
0.032599909044331
0.019890381411009
-1.563845629109240
q2:
0.031959172155198
-0.021116150363213
0.128329709714934
1.249297943298537
q3:
0.050546579897614
-0.058359818632271
-0.028458083487373
-2.576038958765048
q4:
-0.058443660788110
0.032578354486073
-0.044748049941280
1.427428796690858
q5:
0.054813231881400
-0.067794564295958
-0.008700494978319
-0.915161342818508
q6:
-0.089183698660932
0.107949682941256
0.027304646987134
-0.691933475118846
q7:
-0.083619580247499
0.086066618118461
-0.003689506351986
-0.615610432364978

q1:
-0.020294623594297
0.006242163205413
0.032785949397924
-1.554617148832066
q2:
0.019201494591425
0.010715185103365
0.124876589248665
1.290745426073084
q3:
0.040547201454699
-0.008015425054247
-0.050494664391297
-2.590069974985864
q4:
-0.041338162403361
-0.025631531658885
-0.042441704762654
1.414024651825078
q5:
0.042992854900283
-0.013200585342083
-0.035590884658149
-0.923516639627530
q6:
-0.076593069025814
0.019122719074966
0.069492684456520
-0.674233307555000
q7:
-0.064679523857913
0.002781516191951
0.025808074239071
-0.610408747249931

q1:
0.005425844338131
-0.013971281894508
0.030219881993145
-1.543786846359032
q2:
-0.022015709279340
0.029839873716425
0.138340868776836
1.334088190825704
q3:
-0.010587947480120
0.032369587594635
-0.042409082427888
-2.606233896563552
q4:
0.027758439627489
-0.066804341412634
-0.073130414622399
1.395596051970875
q5:
-0.010117232916789
0.029620298138600
-0.030139540009705
-0.935214538299190
q6:
0.018066682107554
-0.057163977674746
0.056862986601393
-0.651856828682296
q7:
0.025374091181315
-0.061639289570532
0.006267293477382
-0.603900783059939

q1:
0.024082036995195
-0.008567140933729
0.022737125614170
-1.535095260768429
q2:
-0.019005035359763
0.007912227274202
0.150874566305724
1.382500778532984
q3:
-0.042611231144210
0.021823991904435
-0.024416814034196
-2.617133265753032
q4:
0.036177695536964
-0.039156935543654
-0.108309558571887
1.364969115143206
q5:
-0.040289743344311
0.019543534153478
-0.013817147688735
-0.942326231584882
q6:
0.076019399475609
-0.039169562295622
0.024880251331230
-0.638618020592272
q7:
0.070501524891080
-0.036366694753942
-0.026270693318344
-0.607685621848716

q1:
0.017654399749967
0.015418567913486
0.025011799371449
-1.527609572682812
q2:
0.046797775324878
-0.011016787944123
0.149843852163310
1.432767774627749
q3:
-0.020020527675255
-0.020616794315199
-0.024016024434570
-2.624393451402135
q4:
-0.051020513889167
-0.003123950788838
-0.122346812834274
1.326018207537847
q5:
-0.020233346225281
-0.020585050217456
-0.014162931021976
-0.946233735803576
q6:
0.040023840776098
0.036545759582085
0.024009148830336
-0.631893321105226
q7:
0.013286218300204
0.033852824037575
-0.027105298396178
-0.617836015846539

q1:
-0.017289062596577
0.033002350064454
0.041087544140126
-1.516960107460524
q2:
0.034895929451114
0.035593796279458
0.158003418930642
1.483014154123436
q3:
0.033241453990968
-0.040557239879753
-0.044325803787295
-2.635371875608313
q4:
-0.050677725173358
-0.053940382622450
-0.141292171526822
1.283187667864308
q5:
0.025231455451905
-0.040737463057837
-0.034522005429374
-0.953945221995681
q6:
-0.045302281532233
0.076409504995080
0.061510296669956
-0.618429416731245
q7:
-0.059460778536154
0.047085897464579
-0.000233642857461
-0.622617380475546

q1:
-0.062636720464178
0.015782443718263
0.057284095675988
-1.500314074091532
q2:
-0.198058281045744
0.070350142012768
0.193176806443661
1.540671574293554
q3:
0.062713753483664
-0.007448751704749
-0.060263792993349
-2.653341973674001
q4:
0.225930189794811
-0.104415396895115
-0.193866290326655
1.228478622858829
q5:
0.062254261714983
-0.015606933427740
-0.053228345062585
-0.968973444760338
q6:
-0.117323332159264
0.031288432588975
0.097266011947863
-0.591243645319871
q7:
-0.016829530862002
-0.012137037957431
0.011369378498912
-0.619680883553406

q1:
-0.048708545162116
-0.046603729864059
0.047051428675584
-1.481848301449681
q2:
-0.272550476927992
-0.126915905908796
0.174396972830180
1.605312730464030
q3:
0.024019839543121
0.055014146764981
-0.044472081833352
-2.671875613982054
q4:
0.327828102300370
0.120611072140520
-0.188489326145180
1.160873704270673
q5:
0.036885883791707
0.046398311240384
-0.043005607628788
-0.986087358588489
q6:
-0.067832860812870
-0.085565606241653
0.079245990295173
-0.559795966351515
q7:
0.064849070366273
-0.028899250695986
-0.002254669334022
-0.617859908809219

coefs_qdot:
qdot1:
0.146077083726192
-0.190197712701775
0.000000000000000
qdot2:
0.817712287265830
-0.796813203924225
-0.000000000000000
qdot3:
-0.072045919713957
0.157868433598031
-0.000000000000000
qdot4:
-0.983542826695738
0.894294628614704
0.000000000000000
qdot5:
-0.110538725361104
0.166139972159391
-0.000000000000000
qdot6:
0.203413651152657
-0.306194228016244
-0.000000000000000
qdot7:
-0.194543605359510
0.071382925873387
0.000000000000000

qdot1:
0.187899249892757
-0.093202529107582
-0.047044440140354
qdot2:
0.594222469214318
-0.253852245179703
-0.174410464551255
qdot3:
-0.188160427681132
0.110029942907963
0.044471130499996
qdot4:
-0.677817006250171
0.241222191688721
0.188495792170372
qdot5:
-0.186611436878917
0.092742258519617
0.042974450292716
qdot6:
0.351941376083244
-0.171127563650877
-0.079235417416743
qdot7:
0.050461909254693
-0.057794028085330
0.002255757032817

qdot1:
0.051891313234478
0.031562572821211
-0.057276672883892
qdot2:
-0.104690263239657
0.140711474378612
-0.193191832504237
qdot3:
-0.099743607429631
-0.014908581072312
0.060261276564714
qdot4:
0.152050944658443
-0.208848300461401
0.193869858114107
qdot5:
-0.075669435405378
-0.031167735567987
0.053195821102687
qdot6:
0.135940446683111
0.062561510068402
-0.097257382311435
qdot7:
0.178363602765470
-0.024287320340213
-0.011369746805823

qdot1:
-0.052968524543473
0.066018404808905
-0.041078230597292
qdot2:
-0.140404737794991
0.071197139587478
-0.158015002585865
qdot3:
0.060073871912868
-0.081138336405588
0.044317488263383
qdot4:
0.153073889903559
-0.107886473208193
0.141291885684954
qdot5:
0.060637301217438
-0.081412240677159
0.034507545045992
qdot6:
-0.120069331623135
0.152825966665989
-0.061503061173525
qdot7:
-0.039833854647921
0.094146111896061
0.000226812592448

qdot1:
-0.072284847054185
0.030847304512039
-0.024998522850016
qdot2:
0.057013792402069
-0.022031606308398
-0.149853524061538
qdot3:
0.127868402431606
-0.041249285455443
0.024001143034451
qdot4:
-0.108534078502981
-0.006245410312227
0.122345993020564
qdot5:
0.120789153044527
-0.041149072668779
0.014162367030566
qdot6:
-0.228095528744469
0.073099930468225
-0.023999362249245
qdot7:
-0.211451734925636
0.067696432409841
0.027092674947228

qdot1:
-0.016294852694359
-0.017149833931941
-0.022724742733719
qdot2:
0.066050875043147
0.015825551846577
-0.150883729102200
qdot3:
0.031780526435292
0.043655333759145
0.024400547052866
qdot4:
-0.083278361292483
-0.078312038438208
0.108309456527991
qdot5:
0.030335736047719
0.039054924952789
0.013814738509712
qdot6:
-0.054216304950895
-0.078355500618105
-0.024871786894125
qdot7:
-0.076107379403232
-0.072707519580784
0.026260834476851

qdot1:
0.060923795358459
-0.027969616120996
-0.030214571442507
qdot2:
-0.057604101626940
0.059683332875228
-0.138349254238380
qdot3:
-0.121673364771050
0.064757603312179
0.042397094606706
qdot4:
0.124014034953858
-0.133608870336418
0.073130585671403
qdot5:
-0.128900289215051
0.059197853688475
0.030124699764162
qdot6:
0.229818722069204
-0.114355127105500
-0.056861751096244
qdot7:
0.193986189237964
-0.123242819504531
-0.006266921811311

qdot1:
0.079446946469678
0.012483783997022
-0.032785219575087
qdot2:
-0.095877663579458
0.021434209394939
-0.124883742221532
qdot3:
-0.151687469880013
-0.016033510895800
0.050485293947825
qdot4:
0.175331617918103
-0.051263551127055
0.042441763708466
qdot5:
-0.164354220349975
-0.026391938350320
0.035570481710296
qdot6:
0.267602890515965
0.038244504348454
-0.069496114473914
qdot7:
0.250799972174938
0.005564010149480
-0.025801604164250

qdot1:
0.032334783907904
0.065236556452889
-0.019883643060401
qdot2:
-0.010355979655471
-0.042228559221822
-0.128335604292795
qdot3:
-0.047218444223628
-0.116753990896130
0.028442568650364
qdot4:
0.022179857460118
0.065156643170568
0.044748016987689
qdot5:
-0.043167935481630
-0.135523140662706
0.008692578594133
qdot6:
0.033102444652581
0.215932823651058
-0.027302678025994
qdot7:
0.064347246604716
0.172095191673642
0.003689823338389

qdot1:
-0.050719380983845
0.086706852967738
0.005338962903423
qdot2:
0.089848160389659
-0.049104929713055
-0.143496963455985
qdot3:
0.097375507576658
-0.148107037860620
-0.015524362123257
qdot4:
-0.140751732099790
0.079884068524086
0.068824775129002
qdot5:
0.120192688138846
-0.164186649822509
-0.041059246626414
qdot6:
-0.211385462806576
0.237912846900373
0.048035703285545
qdot7:
-0.179996978466486
0.214821763419175
0.067918037883797

qdot1:
-0.133559391434395
0.053029183994464
0.028535145039149
qdot2:
0.138903947397357
0.010554248785679
-0.149896376489930
qdot3:
0.219068299563163
-0.083449700829718
-0.053962780745854
qdot4:
-0.211519978517771
-0.013575081590176
0.079832066960031
qdot5:
0.239488215942889
-0.084378704898314
-0.082321095510071
qdot6:
-0.334567377674918
0.097552899596804
0.103723017204077
qdot7:
-0.365966837157045
0.095303769717426
0.119398876384474

qdot1:
-0.066202500902862
-0.035654251917976
0.031419383763846
qdot2:
0.051422266368238
0.102786469857526
-0.131081817195157
qdot3:
0.102002013098726
0.062011650080225
-0.057521497170270
qdot4:
-0.066265633049100
-0.154024347325979
0.052010561759949
qdot5:
0.101481684033962
0.074641470487768
-0.083937476422222
qdot6:
-0.116001578514035
-0.124599839179346
0.099233225233375
qdot7:
-0.156592963546354
-0.147698210154857
0.110701399271860

qdot1:
0.107227487069966
-0.079612712517477
0.012285067667561
qdot2:
-0.097901103302017
0.136930854726037
-0.091288741314285
qdot3:
-0.179078223261160
0.129740986777780
-0.025690559451841
qdot4:
0.174588621529659
-0.198024727670582
-0.006429584689481
qdot5:
-0.195985222353921
0.142025308686320
-0.047970791079323
qdot6:
0.275768373070247
-0.201624887312667
0.045079920635700
qdot7:
0.304687499896999
-0.251675937949638
0.044405290686513

qdot1:
0.065862623331031
-0.008413661103018
-0.002327310353442
qdot2:
-0.051796300901472
0.071924522133496
-0.056618748755602
qdot3:
-0.102611668676428
0.010833046532368
-0.002355269922355
qdot4:
0.091342977985559
-0.082097882974886
-0.052929938056630
qdot5:
-0.106231632832741
0.011891121043314
-0.022420663744203
qdot6:
0.144542105254181
-0.018514687594019
0.008536751201189
qdot7:
0.171699591587333
-0.049363438018026
-0.005567245724120

qdot1:
-0.046619462537266
0.035319120788787
0.002138995954396
qdot2:
0.051495831733033
0.037531778334919
-0.038449002877844
qdot3:
0.096149701645996
-0.057301101468781
-0.010068967041800
qdot4:
-0.087702128208089
-0.021446145592474
-0.070118246798812
qdot5:
0.107091931912945
-0.058646683157627
-0.030182087055179
qdot6:
-0.150779965858568
0.077461270294759
0.018321883929513
qdot7:
-0.160956685897429
0.064645090795965
-0.003030491362982

qdot1:
-0.011018087142181
0.004363797664042
0.008726360417566
qdot2:
0.019149329996262
0.071725010605653
-0.020312375913709
qdot3:
0.035197374170526
0.006542300424161
-0.018494928015207
qdot4:
-0.034966311224128
-0.079680358722646
-0.086905246515122
qdot5:
0.038364664552855
0.012462359632570
-0.037848684760339
qdot6:
-0.066202578247856
-0.022656627035332
0.027419454710578
qdot7:
-0.061714151018411
-0.042230148639931
0.000690389034919

qdot1:
0.004347696994913
-0.002952212198366
0.008960683604868
qdot2:
-0.008538255548422
0.084440165723171
0.005611043356876
qdot3:
-0.003722162136140
0.029913356873391
-0.012443288903814
qdot4:
0.014290169634333
-0.102897989375467
-0.117213252299409
qdot5:
-0.009007511110521
0.037936496895666
-0.029482474576651
qdot6:
0.022081659864765
-0.066615138991909
0.012600341550056
qdot7:
0.013742952666431
-0.083208344916157
-0.020132400895392

qdot1:
-0.009122869722659
-0.000065341393743
0.008459769708578
qdot2:
-0.001175068792972
0.078770764039019
0.032704057697400
qdot3:
0.017712705556091
0.027441841214993
-0.002922326021142
qdot4:
0.000710999732269
-0.093409316738270
-0.149800265114290
qdot5:
0.010370295677859
0.031955509518279
-0.017880401511936
qdot6:
0.010802158384375
-0.051952916841705
-0.007081955718325
qdot7:
-0.016180094401723
-0.074083024345646
-0.046242768192851

qdot1:
0.013130210656957
-0.006122926889589
0.007432517173544
qdot2:
-0.003873699635937
0.077990518360485
0.058726430575718
qdot3:
-0.005589393462442
0.039203077704238
0.008140730519451
qdot4:
-0.001803736726293
-0.092937212916043
-0.180733789036907
qdot5:
-0.009906569621583
0.038841385848378
-0.006128116881071
qdot6:
0.016333613462442
-0.044780283674480
-0.023139667004012
qdot7:
0.012447753940867
-0.084826607028391
-0.072621767000942

qdot1:
0.031345848654767
0.002595532986630
0.006846969785653
qdot2:
-0.013403520500352
0.075418381802223
0.084192308002729
qdot3:
-0.034206255325866
0.035491720445177
0.020540067012254
qdot4:
0.011958466711860
-0.094134894102301
-0.211787758801953
qdot5:
-0.036277274928911
0.032263423619647
0.005675281490621
qdot6:
0.037508651302144
-0.033934764335418
-0.036206364973655
qdot7:
0.051269568320066
-0.076561298411655
-0.099412159303990

qdot1:
0.011270212751748
0.023409176493396
0.011163751559337
qdot2:
-0.022648709338592
0.066518444189989
0.107753821117436
qdot3:
-0.028488530768811
0.012778766908801
0.028552967913015
qdot4:
0.038040940893537
-0.086194472205626
-0.241722433609069
qdot5:
-0.028249499340949
0.008175313066850
0.012388111780580
qdot6:
0.038802079937123
-0.009029019870794
-0.043338353151886
qdot7:
0.050529683682208
-0.042518305047131
-0.119179373478149

qdot1:
-0.014565676782016
0.030892597760557
0.020177846085494
qdot2:
-0.030038228603853
0.051479701189164
0.127341513250376
qdot3:
-0.022149572094563
-0.006137617521690
0.029655398711275
qdot4:
0.068701640836549
-0.060935287452317
-0.266145973712288
qdot5:
-0.020539702687348
-0.010582354495540
0.011988542903417
qdot6:
0.046420920106026
0.016735561207457
-0.042059067290000
qdot7:
0.055318925591622
-0.008966595082144
-0.127725866899609

qdot1:
0.005060338155816
0.021220988377298
0.028828701384378
qdot2:
0.036314494630296
0.031534317396205
0.141121840335547
qdot3:
0.033022683825854
-0.020844933392479
0.025176295259523
qdot4:
-0.073834489856100
-0.015317397936847
-0.278803919486890
qdot5:
0.025220208525270
-0.024220717079940
0.006211233021888
qdot6:
-0.023746732811609
0.047559052157858
-0.031386161471358
qdot7:
-0.058802023704671
0.027765171510693
-0.124605303212470

qdot1:
0.079734830550537
0.024581052912760
0.036431840238527
qdot2:
0.172893033036595
0.055647141830721
0.155593962567217
qdot3:
0.154718652039855
0.001082128667888
0.021895669675241
qdot4:
-0.410280564400750
-0.064343499201299
-0.292027628411822
qdot5:
0.128124789773592
-0.007474498619160
0.000949827215837
qdot6:
-0.180219144653220
0.031791221570950
-0.018214016032375
qdot7:
-0.324177847432842
-0.011279372229209
-0.121868660531743

qdot1:
0.093189960376014
0.077524980398317
0.053381441768166
qdot2:
0.076471243825993
0.170448115767022
0.193125775328443
qdot3:
0.102903995617674
0.103815313622354
0.039308645095421
qdot4:
-0.270164548532537
-0.336769793963401
-0.358612435077163
qdot5:
0.097637048698279
0.077600361790506
0.012590720502280
qdot6:
-0.136037959342169
-0.087874290478791
-0.027523805471077
qdot7:
-0.214756844163521
-0.226533462924619
-0.161345591167279

qdot1:
-0.155839542624379
0.139403114087991
0.089391505452894
qdot2:
-0.445131700670185
0.221225021667482
0.258143516142572
qdot3:
-0.209964782655753
0.172143566712490
0.085117819231006
qdot4:
0.863480357031468
-0.516159054189009
-0.500198623870466
qdot5:
-0.140491839053458
0.142431362126165
0.049115986672448
qdot6:
0.182188694632460
-0.178203495481992
-0.071692717940568
qdot7:
0.525398489745227
-0.369132007449200
-0.260226059249335

qdot1:
-0.366434170421764
0.035925657785401
0.118496081583878
qdot2:
-0.649114636988493
-0.074342427577527
0.282526026761505
qdot3:
-0.372627769278521
0.032726951029067
0.119126325176106
qdot4:
1.456002106653219
0.057191902879900
-0.576387170987780
qdot5:
-0.292167444535932
0.049144780994667
0.080917626430507
qdot6:
0.382175330181327
-0.057230202246036
-0.110774711763421
qdot7:
0.905229299835401
-0.020267410258361
-0.324866362588792

qdot1:
0.030647651240012
-0.207386631374654
0.090033559968061
qdot2:
0.205179271249950
-0.505354546537894
0.186296329058344
qdot3:
0.047171088547572
-0.214697887771875
0.088919149676799
qdot4:
-0.339340622885461
1.023977301697655
-0.396913083027902
qdot5:
0.011733700891284
-0.144854402177196
0.065029829314207
qdot6:
-0.018924085851794
0.196534216994370
-0.087650245315197
qdot7:
-0.164301263377405
0.580804844832356
-0.231817148449507

qdot1:
0.263625145050299
-0.187036590951286
0.024559305061954
qdot2:
0.546998070618924
-0.369115510427926
0.041134299602016
qdot3:
0.262749951297956
-0.183376284976287
0.022838837000603
qdot4:
-1.164047532141554
0.798655128101706
-0.094356099681205
qdot5:
0.192220419331072
-0.137063224785383
0.018231503238418
qdot6:
-0.257966575991226
0.183968623988778
-0.024486773711994
qdot7:
-0.682289417252045
0.471708805949758
-0.057099882419673

qdot1:
0.113067791977965
-0.011989494637883
-0.008479025145848
qdot2:
0.209384173575203
-0.005908791536952
-0.021119734524156
qdot3:
0.109035223656588
-0.008910317314440
-0.009080738979658
qdot4:
-0.462994863597680
0.025727566759696
0.042491427665791
qdot5:
0.083827691903484
-0.009428866349548
-0.006086183889981
qdot6:
-0.112159123544706
0.012678817530600
0.008156701580224
qdot7:
-0.276748915539676
0.018668632894390
0.024302772428457

qdot1:
-0.113076534398964
0.063087519235487
0.000003246937354
qdot2:
-0.209361827098096
0.133122299716986
-0.000002292166269
qdot3:
-0.108801529845972
0.063489071193536
-0.000020665835728
qdot4:
0.462975856651863
-0.281701022669169
-0.000000166015182
qdot5:
-0.084071861972400
0.046232721074366
0.000023255994339
qdot6:
0.112135483810694
-0.061794840503086
0.000003441766791
qdot7:
0.276756765612123
-0.165092647023959
-0.000003613917052

qdot1:
-0.263762463347034
-0.011995299605427
0.008484555395944
qdot2:
-0.546923448145780
-0.005893953476153
0.021117613309709
qdot3:
-0.262197932974631
-0.008755144624191
0.009065165974783
qdot4:
1.164075606693382
0.025714946147674
-0.042493854717751
qdot5:
-0.192869662182858
-0.009590995275309
0.006105782476983
qdot6:
0.257838640266004
0.012663120747216
-0.008152423712684
qdot7:
0.682441417399326
0.018673845342495
-0.024309134996175

qdot1:
-0.030729035606837
-0.187133575267861
-0.024570837833022
qdot2:
-0.205161675738383
-0.369051123044957
-0.041123269392796
qdot3:
-0.047346381828586
-0.182854572119349
-0.022742047004645
qdot4:
0.339373416520642
0.798661148992093
0.094352577075453
qdot5:
-0.011589732231185
-0.137656450964728
-0.018337293598864
qdot6:
0.018865868933784
0.183867977883846
0.024471738660073
qdot7:
0.164385029535050
0.471814946495656
0.057112004448959

qdot1:
0.366626120337083
-0.207537654910801
-0.090086262042682
qdot2:
0.649005475713537
-0.505278475735246
-0.186261982790313
qdot3:
0.371550702769487
-0.214292569653531
-0.088668472538945
qdot4:
-1.456061121861624
1.024005097561805
0.396915174003407
qdot5:
0.293420518483854
-0.145352033166235
-0.065316701964605
qdot6:
-0.381999459469850
0.196394914855879
0.087595378854869
qdot7:
-0.905457839954351
0.580966606106932
0.231873742180993

qdot1:
0.155976709395794
0.035902088993025
-0.118577765985033
qdot2:
0.445054464777044
-0.074338839861452
-0.282478457179367
qdot3:
0.209774662478211
0.032417096985411
-0.118859801001853
qdot4:
-0.863481955397697
0.057180512645674
0.576391985297851
qdot5:
0.140763541717293
0.049479191107046
-0.081231593746431
qdot6:
-0.182043888497062
-0.057252726232105
0.110692982166415
qdot7:
-0.525538432023099
-0.020257399622765
0.324951470457366

qdot1:
-0.093218361915067
0.139470624031835
-0.089465895622905
qdot2:
-0.076449941317016
0.221177324750512
-0.258103268687782
qdot3:
-0.102468195410638
0.171707472870947
-0.084975122405697
qdot4:
0.270183476889248
-0.516171505738410
0.500199480444455
qdot5:
-0.098122919538626
0.142946182807331
-0.049288981676643
qdot6:
0.136015488072458
-0.178129868194157
0.071619471491655
qdot7:
0.214800911047767
-0.369214918486111
0.260299065651291

qdot1:
-0.079800971577067
0.077573631720229
-0.053436549168062
qdot2:
-0.172855218243155
0.170414563716012
-0.193099015202338
qdot3:
-0.154454891231737
0.103668591118282
-0.039262695783484
qdot4:
0.410285480413656
-0.336769677083946
0.358611244095942
qdot5:
-0.128446165890838
0.077792564233682
-0.012646349667835
qdot6:
0.180150601968612
-0.087815584114044
0.027472526408493
qdot7:
0.324251150335567
-0.226587113550392
0.161395928333230

qdot1:
-0.005074612188528
0.024585786593056
-0.036478085728057
qdot2:
-0.036306676096942
0.055638698802556
-0.155574173624255
qdot3:
-0.033031664756617
0.001110543340407
-0.021869359463341
qdot4:
0.073830691428799
-0.064340118089275
0.292027018097186
qdot5:
-0.025222830729535
-0.007495689917836
-0.000977068531404
qdot6:
0.023728074163128
0.031804415593116
0.018174672434019
qdot7:
0.058815512539368
-0.011284349727572
0.121909265429087

qdot1:
0.014577830764384
0.021216244099873
-0.028874948633030
qdot2:
0.030032371494509
0.031531065874186
-0.141103992687915
qdot3:
0.022095320320807
-0.020822482057987
-0.025141541290460
qdot4:
-0.068703780474017
-0.015316538980551
0.278804013023595
qdot5:
0.020599503684784
-0.024243649522247
-0.006245798878458
qdot6:
-0.046411603472808
0.047559856837433
0.031349141657490
qdot7:
-0.055332156512498
0.027769150598569
0.124645742373673

qdot1:
-0.011256795662855
0.030895923727424
-0.020224328773699
qdot2:
0.022647655162550
0.051472560546540
-0.127325390702075
qdot3:
0.028475495063064
-0.006151189364970
-0.029619170746671
qdot4:
-0.038040552769284
-0.060935849215299
0.266146116583083
qdot5:
0.028259975156552
-0.010565579075550
-0.012024130825693
qdot6:
-0.038792566130754
0.016742552131488
0.042023341546331
qdot7:
-0.050537386077678
-0.008971401325730
0.127766168752964

qdot1:
-0.031330011160584
0.023421411407288
-0.011207651141336
qdot2:
0.013407003224220
0.066510603574473
-0.107740185457986
qdot3:
0.034201750716428
0.012756539356905
-0.028522682648009
qdot4:
-0.011957934741308
-0.086194776254105
0.241722432755161
qdot5:
0.036273614380102
0.008199044428400
-0.012416975577119
qdot6:
-0.037499441131126
-0.009015711779333
0.043305997044789
qdot7:
-0.051274675775468
-0.042528225681309
0.119217230669795

qdot1:
-0.013121915286158
0.002618283996660
-0.006885061704281
qdot2:
0.003875820967349
0.075412853715355
-0.084180891547874
qdot3:
0.005584883209499
0.035466501832614
-0.020517657810549
qdot4:
0.001803784551098
-0.094134844922333
0.211787715639872
qdot5:
0.009906320913016
0.032284724376788
-0.005696669955458
qdot6:
-0.016330923858245
-0.033915340690401
0.036179442334813
qdot7:
-0.012452112833554
-0.076574610396220
0.099446159880925

qdot1:
0.009123243717788
-0.006094667753349
-0.007462141407892
qdot2:
0.001174664784233
0.077986398837675
-0.058716615624070
qdot3:
-0.017712097628991
0.039174864283721
-0.008127191035237
qdot4:
-0.000711090802366
-0.092937131980404
0.180733767474017
qdot5:
-0.010367815629217
0.038862521463031
0.006113772853952
qdot6:
-0.010804675223155
-0.044759074132277
0.023119489474248
qdot7:
0.016173835713204
-0.084842813317700
0.072650867544414

qdot1:
-0.004342155152755
-0.000036833924738
-0.008479970686454
qdot2:
0.008538006242634
0.078766376254406
-0.032695654958785
qdot3:
0.003717153685154
0.027414031458071
0.002926565657900
qdot4:
-0.014290210091319
-0.093409296273175
0.149800260383923
qdot5:
0.009015411981200
0.031978291885231
0.017873347869764
qdot6:
-0.022078706851781
-0.051933378480452
0.007068542340535
qdot7:
-0.013750663230239
-0.074103386404132
0.046265798390589

qdot1:
0.011001441566306
-0.002920024946167
-0.008970809259024
qdot2:
-0.019149173415067
0.084435612399515
-0.005604124842233
qdot3:
-0.035180179738209
0.029882221505013
0.012437743649772
qdot4:
0.034966303377982
-0.102897995773811
0.117213249904123
qdot5:
-0.038391420220072
0.037964525440748
0.029483855545877
qdot6:
0.066188306644224
-0.066593639830035
-0.012606942699006
qdot7:
0.061731316277331
-0.083233826789011
0.020147821000527

qdot1:
0.046574408059394
0.004384932253860
-0.008727634645947
qdot2:
-0.051496384432487
0.071720561251910
0.020317799983904
qdot3:
-0.096103061250327
0.006522582158842
0.018480941057972
qdot4:
0.087702140617295
-0.079680370330831
0.086905241130751
qdot5:
-0.107153211344013
0.012472622414619
0.037856422089868
qdot6:
0.150743303886077
-0.022644604218269
-0.027420491211025
qdot7:
0.160995165325190
-0.042244232780863
-0.000681536888073

qdot1:
-0.065819374600638
0.035310339205298
-0.002138219583727
qdot2:
0.051796643854461
0.037526961988738
0.038452888841852
qdot3:
0.102567372336333
-0.057289850511377
0.010053574511451
qdot4:
-0.091342982230178
-0.021446148960946
0.070118238928316
qdot5:
0.106293583980875
-0.058677109917807
0.030186477164338
qdot6:
-0.144504544274038
0.077448949562089
-0.018322969883951
qdot7:
-0.171739171618719
0.064656556995066
0.003038908931485

qdot1:
-0.107155697207688
-0.008393725529526
0.002329938286451
qdot2:
0.097901883080230
0.071919933508101
0.056621073494328
qdot3:
0.179008721006888
0.010814884719949
0.002338730190074
qdot4:
-0.174588543743379
-0.082097889161785
0.052929928599942
qdot5:
0.196090307578794
0.011901829845495
0.022421780672334
qdot6:
-0.275704067335104
-0.018502067835874
-0.008537787517399
qdot7:
-0.304756000822718
-0.049378252959765
0.005575107401345

qdot1:
0.066149248259697
-0.079545108475432
-0.012267908158372
qdot2:
-0.051423375808599
0.136926783873375
0.091289628579653
qdot3:
-0.101942084573130
0.129676675468525
0.025660329181361
qdot4:
0.066265646424748
-0.198024682207391
0.006429581752658
qdot5:
-0.101544358230002
0.142105794077816
0.047987046243605
qdot6:
0.115962156938278
-0.201569568546386
-0.045069679156855
qdot7:
0.156630207142851
-0.251736237506053
-0.044409898015982

qdot1:
0.133467806758592
-0.035622007630993
-0.031385649432039
qdot2:
-0.138905940433055
0.102781662336465
0.131081230650488
qdot3:
-0.218979699341472
0.061987131311964
0.057476521106923
qdot4:
0.211519794829389
-0.154024292981357
-0.052010548128675
qdot5:
-0.239609524163469
0.074680340213093
0.083973544535896
qdot6:
0.334490707032525
-0.124570696339368
-0.099208963127891
qdot7:
0.366046657849706
-0.147733779963198
-0.110721920915879

qdot1:
0.050686353450317
0.053000616056713
-0.028500800433369
qdot2:
-0.089847334705048
0.010548117888915
0.149893974167901
qdot3:
-0.097352619558589
-0.083415389050775
0.053919430322281
qdot4:
0.140751633997333
-0.013575149214641
-0.079832055533211
qdot5:
-0.120246252083229
-0.084420383831452
0.082356697295249
qdot6:
0.211353147102193
0.097531133130232
-0.103697530620607
qdot7:
0.180037140090670
0.095321200849010
-0.119422409048834

qdot1:
-0.032314061233526
0.086656354747724
-0.005317743279832
qdot2:
0.010358752453032
-0.049110512355239
0.143492616686491
qdot3:
0.047195619236652
-0.148057528437679
0.015494926019197
qdot4:
-0.022179558414824
0.079883935759590
-0.068824796966749
qdot5:
0.043184889492171
-0.164263895214718
0.041075106973583
qdot6:
-0.033087736330690
0.237869622806091
-0.048021005135176
qdot7:
-0.064356363904057
0.214865861869218
-0.067931356637607

qdot1:
-0.079390800719632
0.065199818088662
0.019890381411009
qdot2:
0.095877516465595
-0.042232300726425
0.128329709714934
qdot3:
0.151639739692842
-0.116719637264542
-0.028458083487373
qdot4:
-0.175330982364330
0.065156708972147
-0.044748049941280
qdot5:
0.164439695644199
-0.135589128591916
-0.008700494978319
qdot6:
-0.267551095982797
0.215899365882513
0.027304646987134
qdot7:
-0.250858740742498
0.172133236236923
-0.003689506351986

qdot1:
-0.060883870782892
0.012484326410826
0.032785949397924
qdot2:
0.057604483774276
0.021430370206730
0.124876589248665
qdot3:
0.121641604364098
-0.016030850108493
-0.050494664391297
qdot4:
-0.124014487210084
-0.051263063317770
-0.042441704762654
qdot5:
0.128978564700850
-0.026401170684167
-0.035590884658149
qdot6:
-0.229779207077442
0.038245438149933
0.069492684456520
qdot7:
-0.194038571573739
0.005563032383902
0.025808074239071

qdot1:
0.016277533014394
-0.027942563789015
0.030219881993145
qdot2:
-0.066047127838021
0.059679747432850
0.138340868776836
qdot3:
-0.031763842440360
0.064739175189270
-0.042409082427888
qdot4:
0.083275318882468
-0.133608682825268
-0.073130414622399
qdot5:
-0.030351698750366
0.059240596277200
-0.030139540009705
qdot6:
0.054200046322662
-0.114327955349492
0.056862986601393
qdot7:
0.076122273543946
-0.123278579141064
0.006267293477382

qdot1:
0.072246110985585
-0.017134281867457
0.022737125614170
qdot2:
-0.057015106079290
0.015824454548404
0.150874566305724
qdot3:
-0.127833693432631
0.043647983808871
-0.024416814034196
qdot4:
0.108533086610891
-0.078313871087308
-0.108309558571887
qdot5:
-0.120869230032934
0.039087068306957
-0.013817147688735
qdot6:
0.228058198426826
-0.078339124591244
0.024880251331230
qdot7:
0.211504574673241
-0.072733389507883
-0.026270693318344

qdot1:
0.052963199249901
0.030837135826972
0.025011799371449
qdot2:
0.140393325974634
-0.022033575888245
0.149843852163310
qdot3:
-0.060061583025765
-0.041233588630397
-0.024016024434570
qdot4:
-0.153061541667501
-0.006247901577676
-0.122346812834274
qdot5:
-0.060700038675844
-0.041170100434912
-0.014162931021976
qdot6:
0.120071522328294
0.073091519164170
0.024009148830336
qdot7:
0.039858654900612
0.067705648075151
-0.027105298396178

qdot1:
-0.051867187789730
0.066004700128907
0.041087544140126
qdot2:
0.104687788353343
0.071187592558915
0.158003418930642
qdot3:
0.099724361972904
-0.081114479759506
-0.044325803787295
qdot4:
-0.152033175520073
-0.107880765244900
-0.141292171526822
qdot5:
0.075694366355714
-0.081474926115674
-0.034522005429374
qdot6:
-0.135906844596700
0.152819009990160
0.061510296669956
qdot7:
-0.178382335608463
0.094171794929159
-0.000233642857461

qdot1:
-0.187910161392534
0.031564887436526
0.057284095675988
qdot2:
-0.594174843137233
0.140700284025536
0.193176806443661
qdot3:
0.188141260450992
-0.014897503409497
-0.060263792993349
qdot4:
0.677790569384432
-0.208830793790229
-0.193866290326655
qdot5:
0.186762785144948
-0.031213866855479
-0.053228345062585
qdot6:
-0.351969996477793
0.062576865177950
0.097266011947863
qdot7:
-0.050488592586007
-0.024274075914862
0.011369378498912

qdot1:
-0.146125635486347
-0.093207459728118
0.047051428675584
qdot2:
-0.817651430783977
-0.253831811817592
0.174396972830180
qdot3:
0.072059518629363
0.110028293529963
-0.044472081833352
qdot4:
0.983484306901111
0.241222144281039
-0.188489326145180
qdot5:
0.110657651375122
0.092796622480768
-0.043005607628788
qdot6:
-0.203498582438609
-0.171131212483307
0.079245990295173
qdot7:
0.194547211098820
-0.057798501391971
-0.002254669334022

coefs_qdotdot:
qdotdot1:
0.292154167452384
-0.190197712701775
qdotdot2:
1.635424574531661
-0.796813203924225
qdotdot3:
-0.144091839427915
0.157868433598031
qdotdot4:
-1.967085653391475
0.894294628614704
qdotdot5:
-0.221077450722209
0.166139972159391
qdotdot6:
0.406827302305315
-0.306194228016244
qdotdot7:
-0.389087210719020
0.071382925873387

qdotdot1:
0.375798499785514
-0.093202529107582
qdotdot2:
1.188444938428636
-0.253852245179703
qdotdot3:
-0.376320855362265
0.110029942907963
qdotdot4:
-1.355634012500341
0.241222191688721
qdotdot5:
-0.373222873757835
0.092742258519617
qdotdot6:
0.703882752166487
-0.171127563650877
qdotdot7:
0.100923818509387
-0.057794028085330

qdotdot1:
0.103782626468957
0.031562572821211
qdotdot2:
-0.209380526479315
0.140711474378612
qdotdot3:
-0.199487214859262
-0.014908581072312
qdotdot4:
0.304101889316886
-0.208848300461401
qdotdot5:
-0.151338870810756
-0.031167735567987
qdotdot6:
0.271880893366221
0.062561510068402
qdotdot7:
0.356727205530940
-0.024287320340213

qdotdot1:
-0.105937049086945
0.066018404808905
qdotdot2:
-0.280809475589981
0.071197139587478
qdotdot3:
0.120147743825735
-0.081138336405588
qdotdot4:
0.306147779807118
-0.107886473208193
qdotdot5:
0.121274602434877
-0.081412240677159
qdotdot6:
-0.240138663246271
0.152825966665989
qdotdot7:
-0.079667709295843
0.094146111896061

qdotdot1:
-0.144569694108370
0.030847304512039
qdotdot2:
0.114027584804138
-0.022031606308398
qdotdot3:
0.255736804863212
-0.041249285455443
qdotdot4:
-0.217068157005962
-0.006245410312227
qdotdot5:
0.241578306089054
-0.041149072668779
qdotdot6:
-0.456191057488939
0.073099930468225
qdotdot7:
-0.422903469851271
0.067696432409841

qdotdot1:
-0.032589705388718
-0.017149833931941
qdotdot2:
0.132101750086295
0.015825551846577
qdotdot3:
0.063561052870583
0.043655333759145
qdotdot4:
-0.166556722584967
-0.078312038438208
qdotdot5:
0.060671472095439
0.039054924952789
qdotdot6:
-0.108432609901790
-0.078355500618105
qdotdot7:
-0.152214758806463
-0.072707519580784

qdotdot1:
0.121847590716919
-0.027969616120996
qdotdot2:
-0.115208203253880
0.059683332875228
qdotdot3:
-0.243346729542100
0.064757603312179
qdotdot4:
0.248028069907715
-0.133608870336418
qdotdot5:
-0.257800578430101
0.059197853688475
qdotdot6:
0.459637444138407
-0.114355127105500
qdotdot7:
0.387972378475929
-0.123242819504531

qdotdot1:
0.158893892939356
0.012483783997022
qdotdot2:
-0.191755327158915
0.021434209394939
qdotdot3:
-0.303374939760026
-0.016033510895800
qdotdot4:
0.350663235836206
-0.051263551127055
qdotdot5:
-0.328708440699949
-0.026391938350320
qdotdot6:
0.535205781031931
0.038244504348454
qdotdot7:
0.501599944349877
0.005564010149480

qdotdot1:
0.064669567815808
0.065236556452889
qdotdot2:
-0.020711959310943
-0.042228559221822
qdotdot3:
-0.094436888447256
-0.116753990896130
qdotdot4:
0.044359714920235
0.065156643170568
qdotdot5:
-0.086335870963260
-0.135523140662706
qdotdot6:
0.066204889305163
0.215932823651058
qdotdot7:
0.128694493209432
0.172095191673642

qdotdot1:
-0.101438761967690
0.086706852967738
qdotdot2:
0.179696320779318
-0.049104929713055
qdotdot3:
0.194751015153315
-0.148107037860620
qdotdot4:
-0.281503464199579
0.079884068524086
qdotdot5:
0.240385376277691
-0.164186649822509
qdotdot6:
-0.422770925613151
0.237912846900373
qdotdot7:
-0.359993956932972
0.214821763419175

qdotdot1:
-0.267118782868790
0.053029183994464
qdotdot2:
0.277807894794715
0.010554248785679
qdotdot3:
0.438136599126326
-0.083449700829718
qdotdot4:
-0.423039957035542
-0.013575081590176
qdotdot5:
0.478976431885779
-0.084378704898314
qdotdot6:
-0.669134755349835
0.097552899596804
qdotdot7:
-0.731933674314091
0.095303769717426

qdotdot1:
-0.132405001805724
-0.035654251917976
qdotdot2:
0.102844532736476
0.102786469857526
qdotdot3:
0.204004026197452
0.062011650080225
qdotdot4:
-0.132531266098201
-0.154024347325979
qdotdot5:
0.202963368067925
0.074641470487768
qdotdot6:
-0.232003157028070
-0.124599839179346
qdotdot7:
-0.313185927092707
-0.147698210154857

qdotdot1:
0.214454974139933
-0.079612712517477
qdotdot2:
-0.195802206604034
0.136930854726037
qdotdot3:
-0.358156446522319
0.129740986777780
qdotdot4:
0.349177243059319
-0.198024727670582
qdotdot5:
-0.391970444707841
0.142025308686320
qdotdot6:
0.551536746140494
-0.201624887312667
qdotdot7:
0.609374999793997
-0.251675937949638

qdotdot1:
0.131725246662062
-0.008413661103018
qdotdot2:
-0.103592601802944
0.071924522133496
qdotdot3:
-0.205223337352856
0.010833046532368
qdotdot4:
0.182685955971118
-0.082097882974886
qdotdot5:
-0.212463265665483
0.011891121043314
qdotdot6:
0.289084210508363
-0.018514687594019
qdotdot7:
0.343399183174666
-0.049363438018026

qdotdot1:
-0.093238925074532
0.035319120788787
qdotdot2:
0.102991663466065
0.037531778334919
qdotdot3:
0.192299403291992
-0.057301101468781
qdotdot4:
-0.175404256416177
-0.021446145592474
qdotdot5:
0.214183863825890
-0.058646683157627
qdotdot6:
-0.301559931717136
0.077461270294759
qdotdot7:
-0.321913371794859
0.064645090795965

qdotdot1:
-0.022036174284361
0.004363797664042
qdotdot2:
0.038298659992524
0.071725010605653
qdotdot3:
0.070394748341051
0.006542300424161
qdotdot4:
-0.069932622448256
-0.079680358722646
qdotdot5:
0.076729329105710
0.012462359632570
qdotdot6:
-0.132405156495713
-0.022656627035332
qdotdot7:
-0.123428302036823
-0.042230148639931

qdotdot1:
0.008695393989827
-0.002952212198366
qdotdot2:
-0.017076511096843
0.084440165723171
qdotdot3:
-0.007444324272281
0.029913356873391
qdotdot4:
0.028580339268666
-0.102897989375467
qdotdot5:
-0.018015022221043
0.037936496895666
qdotdot6:
0.044163319729530
-0.066615138991909
qdotdot7:
0.027485905332862
-0.083208344916157

qdotdot1:
-0.018245739445319
-0.000065341393743
qdotdot2:
-0.002350137585945
0.078770764039019
qdotdot3:
0.035425411112183
0.027441841214993
qdotdot4:
0.001421999464538
-0.093409316738270
qdotdot5:
0.020740591355718
0.031955509518279
qdotdot6:
0.021604316768750
-0.051952916841705
qdotdot7:
-0.032360188803446
-0.074083024345646

qdotdot1:
0.026260421313914
-0.006122926889589
qdotdot2:
-0.007747399271875
0.077990518360485
qdotdot3:
-0.011178786924883
0.039203077704238
qdotdot4:
-0.003607473452585
-0.092937212916043
qdotdot5:
-0.019813139243165
0.038841385848378
qdotdot6:
0.032667226924884
-0.044780283674480
qdotdot7:
0.024895507881733
-0.084826607028391

qdotdot1:
0.062691697309534
0.002595532986630
qdotdot2:
-0.026807041000705
0.075418381802223
qdotdot3:
-0.068412510651733
0.035491720445177
qdotdot4:
0.023916933423720
-0.094134894102301
qdotdot5:
-0.072554549857821
0.032263423619647
qdotdot6:
0.075017302604288
-0.033934764335418
qdotdot7:
0.102539136640131
-0.076561298411655

qdotdot1:
0.022540425503497
0.023409176493396
qdotdot2:
-0.045297418677184
0.066518444189989
qdotdot3:
-0.056977061537622
0.012778766908801
qdotdot4:
0.076081881787074
-0.086194472205626
qdotdot5:
-0.056498998681898
0.008175313066850
qdotdot6:
0.077604159874247
-0.009029019870794
qdotdot7:
0.101059367364416
-0.042518305047131

qdotdot1:
-0.029131353564032
0.030892597760557
qdotdot2:
-0.060076457207706
0.051479701189164
qdotdot3:
-0.044299144189125
-0.006137617521690
qdotdot4:
0.137403281673098
-0.060935287452317
qdotdot5:
-0.041079405374696
-0.010582354495540
qdotdot6:
0.092841840212052
0.016735561207457
qdotdot7:
0.110637851183243
-0.008966595082144

qdotdot1:
0.010120676311632
0.021220988377298
qdotdot2:
0.072628989260591
0.031534317396205
qdotdot3:
0.066045367651708
-0.020844933392479
qdotdot4:
-0.147668979712200
-0.015317397936847
qdotdot5:
0.050440417050540
-0.024220717079940
qdotdot6:
-0.047493465623218
0.047559052157858
qdotdot7:
-0.117604047409342
0.027765171510693

qdotdot1:
0.159469661101073
0.024581052912760
qdotdot2:
0.345786066073189
0.055647141830721
qdotdot3:
0.309437304079711
0.001082128667888
qdotdot4:
-0.820561128801499
-0.064343499201299
qdotdot5:
0.256249579547184
-0.007474498619160
qdotdot6:
-0.360438289306441
0.031791221570950
qdotdot7:
-0.648355694865684
-0.011279372229209

qdotdot1:
0.186379920752027
0.077524980398317
qdotdot2:
0.152942487651986
0.170448115767022
qdotdot3:
0.205807991235348
0.103815313622354
qdotdot4:
-0.540329097065074
-0.336769793963401
qdotdot5:
0.195274097396559
0.077600361790506
qdotdot6:
-0.272075918684338
-0.087874290478791
qdotdot7:
-0.429513688327041
-0.226533462924619

qdotdot1:
-0.311679085248758
0.139403114087991
qdotdot2:
-0.890263401340370
0.221225021667482
qdotdot3:
-0.419929565311505
0.172143566712490
qdotdot4:
1.726960714062936
-0.516159054189009
qdotdot5:
-0.280983678106915
0.142431362126165
qdotdot6:
0.364377389264921
-0.178203495481992
qdotdot7:
1.050796979490454
-0.369132007449200

qdotdot1:
-0.732868340843527
0.035925657785401
qdotdot2:
-1.298229273976985
-0.074342427577527
qdotdot3:
-0.745255538557043
0.032726951029067
qdotdot4:
2.912004213306438
0.057191902879900
qdotdot5:
-0.584334889071863
0.049144780994667
qdotdot6:
0.764350660362654
-0.057230202246036
qdotdot7:
1.810458599670802
-0.020267410258361

qdotdot1:
0.061295302480025
-0.207386631374654
qdotdot2:
0.410358542499900
-0.505354546537894
qdotdot3:
0.094342177095144
-0.214697887771875
qdotdot4:
-0.678681245770923
1.023977301697655
qdotdot5:
0.023467401782567
-0.144854402177196
qdotdot6:
-0.037848171703589
0.196534216994370
qdotdot7:
-0.328602526754809
0.580804844832356

qdotdot1:
0.527250290100599
-0.187036590951286
qdotdot2:
1.093996141237848
-0.369115510427926
qdotdot3:
0.525499902595912
-0.183376284976287
qdotdot4:
-2.328095064283107
0.798655128101706
qdotdot5:
0.384440838662144
-0.137063224785383
qdotdot6:
-0.515933151982453
0.183968623988778
qdotdot7:
-1.364578834504089
0.471708805949758

qdotdot1:
0.226135583955930
-0.011989494637883
qdotdot2:
0.418768347150405
-0.005908791536952
qdotdot3:
0.218070447313177
-0.008910317314440
qdotdot4:
-0.925989727195360
0.025727566759696
qdotdot5:
0.167655383806967
-0.009428866349548
qdotdot6:
-0.224318247089412
0.012678817530600
qdotdot7:
-0.553497831079353
0.018668632894390

qdotdot1:
-0.226153068797929
0.063087519235487
qdotdot2:
-0.418723654196192
0.133122299716986
qdotdot3:
-0.217603059691944
0.063489071193536
qdotdot4:
0.925951713303726
-0.281701022669169
qdotdot5:
-0.168143723944799
0.046232721074366
qdotdot6:
0.224270967621389
-0.061794840503086
qdotdot7:
0.553513531224247
-0.165092647023959

qdotdot1:
-0.527524926694069
-0.011995299605427
qdotdot2:
-1.093846896291559
-0.005893953476153
qdotdot3:
-0.524395865949263
-0.008755144624191
qdotdot4:
2.328151213386763
0.025714946147674
qdotdot5:
-0.385739324365715
-0.009590995275309
qdotdot6:
0.515677280532008
0.012663120747216
qdotdot7:
1.364882834798652
0.018673845342495

qdotdot1:
-0.061458071213674
-0.187133575267861
qdotdot2:
-0.410323351476766
-0.369051123044957
qdotdot3:
-0.094692763657173
-0.182854572119349
qdotdot4:
0.678746833041285
0.798661148992093
qdotdot5:
-0.023179464462370
-0.137656450964728
qdotdot6:
0.037731737867567
0.183867977883846
qdotdot7:
0.328770059070101
0.471814946495656

qdotdot1:
0.733252240674166
-0.207537654910801
qdotdot2:
1.298010951427075
-0.505278475735246
qdotdot3:
0.743101405538975
-0.214292569653531
qdotdot4:
-2.912122243723248
1.024005097561805
qdotdot5:
0.586841036967707
-0.145352033166235
qdotdot6:
-0.763998918939700
0.196394914855879
qdotdot7:
-1.810915679908702
0.580966606106932

qdotdot1:
0.311953418791587
0.035902088993025
qdotdot2:
0.890108929554088
-0.074338839861452
qdotdot3:
0.419549324956422
0.032417096985411
qdotdot4:
-1.726963910795394
0.057180512645674
qdotdot5:
0.281527083434587
0.049479191107046
qdotdot6:
-0.364087776994125
-0.057252726232105
qdotdot7:
-1.051076864046198
-0.020257399622765

qdotdot1:
-0.186436723830135
0.139470624031835
qdotdot2:
-0.152899882634033
0.221177324750512
qdotdot3:
-0.204936390821275
0.171707472870947
qdotdot4:
0.540366953778496
-0.516171505738410
qdotdot5:
-0.196245839077253
0.142946182807331
qdotdot6:
0.272030976144915
-0.178129868194157
qdotdot7:
0.429601822095533
-0.369214918486111

qdotdot1:
-0.159601943154133
0.077573631720229
qdotdot2:
-0.345710436486310
0.170414563716012
qdotdot3:
-0.308909782463474
0.103668591118282
qdotdot4:
0.820570960827312
-0.336769677083946
qdotdot5:
-0.256892331781676
0.077792564233682
qdotdot6:
0.360301203937224
-0.087815584114044
qdotdot7:
0.648502300671134
-0.226587113550392

qdotdot1:
-0.010149224377056
0.024585786593056
qdotdot2:
-0.072613352193885
0.055638698802556
qdotdot3:
-0.066063329513233
0.001110543340407
qdotdot4:
0.147661382857597
-0.064340118089275
qdotdot5:
-0.050445661459071
-0.007495689917836
qdotdot6:
0.047456148326255
0.031804415593116
qdotdot7:
0.117631025078736
-0.011284349727572

qdotdot1:
0.029155661528768
0.021216244099873
qdotdot2:
0.060064742989017
0.031531065874186
qdotdot3:
0.044190640641615
-0.020822482057987
qdotdot4:
-0.137407560948034
-0.015316538980551
qdotdot5:
0.041199007369569
-0.024243649522247
qdotdot6:
-0.092823206945616
0.047559856837433
qdotdot7:
-0.110664313024995
0.027769150598569

qdotdot1:
-0.022513591325711
0.030895923727424
qdotdot2:
0.045295310325100
0.051472560546540
qdotdot3:
0.056950990126128
-0.006151189364970
qdotdot4:
-0.076081105538568
-0.060935849215299
qdotdot5:
0.056519950313104
-0.010565579075550
qdotdot6:
-0.077585132261508
0.016742552131488
qdotdot7:
-0.101074772155356
-0.008971401325730

qdotdot1:
-0.062660022321168
0.023421411407288
qdotdot2:
0.026814006448440
0.066510603574473
qdotdot3:
0.068403501432857
0.012756539356905
qdotdot4:
-0.023915869482615
-0.086194776254105
qdotdot5:
0.072547228760204
0.008199044428400
qdotdot6:
-0.074998882262252
-0.009015711779333
qdotdot7:
-0.102549351550935
-0.042528225681309

qdotdot1:
-0.026243830572315
0.002618283996660
qdotdot2:
0.007751641934697
0.075412853715355
qdotdot3:
0.011169766418998
0.035466501832614
qdotdot4:
0.003607569102197
-0.094134844922333
qdotdot5:
0.019812641826032
0.032284724376788
qdotdot6:
-0.032661847716491
-0.033915340690401
qdotdot7:
-0.024904225667108
-0.076574610396220

qdotdot1:
0.018246487435575
-0.006094667753349
qdotdot2:
0.002349329568467
0.077986398837675
qdotdot3:
-0.035424195257982
0.039174864283721
qdotdot4:
-0.001422181604733
-0.092937131980404
qdotdot5:
-0.020735631258434
0.038862521463031
qdotdot6:
-0.021609350446310
-0.044759074132277
qdotdot7:
0.032347671426409
-0.084842813317700

qdotdot1:
-0.008684310305510
-0.000036833924738
qdotdot2:
0.017076012485268
0.078766376254406
qdotdot3:
0.007434307370309
0.027414031458071
qdotdot4:
-0.028580420182639
-0.093409296273175
qdotdot5:
0.018030823962399
0.031978291885231
qdotdot6:
-0.044157413703562
-0.051933378480452
qdotdot7:
-0.027501326460479
-0.074103386404132

qdotdot1:
0.022002883132613
-0.002920024946167
qdotdot2:
-0.038298346830133
0.084435612399515
qdotdot3:
-0.070360359476419
0.029882221505013
qdotdot4:
0.069932606755963
-0.102897995773811
qdotdot5:
-0.076782840440144
0.037964525440748
qdotdot6:
0.132376613288449
-0.066593639830035
qdotdot7:
0.123462632554662
-0.083233826789011

qdotdot1:
0.093148816118787
0.004384932253860
qdotdot2:
-0.102992768864973
0.071720561251910
qdotdot3:
-0.192206122500654
0.006522582158842
qdotdot4:
0.175404281234589
-0.079680370330831
qdotdot5:
-0.214306422688026
0.012472622414619
qdotdot6:
0.301486607772154
-0.022644604218269
qdotdot7:
0.321990330650380
-0.042244232780863

qdotdot1:
-0.131638749201276
0.035310339205298
qdotdot2:
0.103593287708923
0.037526961988738
qdotdot3:
0.205134744672665
-0.057289850511377
qdotdot4:
-0.182685964460357
-0.021446148960946
qdotdot5:
0.212587167961750
-0.058677109917807
qdotdot6:
-0.289009088548076
0.077448949562089
qdotdot7:
-0.343478343237437
0.064656556995066

qdotdot1:
-0.214311394415377
-0.008393725529526
qdotdot2:
0.195803766160460
0.071919933508101
qdotdot3:
0.358017442013776
0.010814884719949
qdotdot4:
-0.349177087486757
-0.082097889161785
qdotdot5:
0.392180615157587
0.011901829845495
qdotdot6:
-0.551408134670207
-0.018502067835874
qdotdot7:
-0.609512001645436
-0.049378252959765

qdotdot1:
0.132298496519394
-0.079545108475432
qdotdot2:
-0.102846751617198
0.136926783873375
qdotdot3:
-0.203884169146261
0.129676675468525
qdotdot4:
0.132531292849496
-0.198024682207391
qdotdot5:
-0.203088716460004
0.142105794077816
qdotdot6:
0.231924313876556
-0.201569568546386
qdotdot7:
0.313260414285701
-0.251736237506053

qdotdot1:
0.266935613517184
-0.035622007630993
qdotdot2:
-0.277811880866111
0.102781662336465
qdotdot3:
-0.437959398682943
0.061987131311964
qdotdot4:
0.423039589658778
-0.154024292981357
qdotdot5:
-0.479219048326938
0.074680340213093
qdotdot6:
0.668981414065051
-0.124570696339368
qdotdot7:
0.732093315699412
-0.147733779963198

qdotdot1:
0.101372706900633
0.053000616056713
qdotdot2:
-0.179694669410097
0.010548117888915
qdotdot3:
-0.194705239117178
-0.083415389050775
qdotdot4:
0.281503267994666
-0.013575149214641
qdotdot5:
-0.240492504166458
-0.084420383831452
qdotdot6:
0.422706294204385
0.097531133130232
qdotdot7:
0.360074280181339
0.095321200849010

qdotdot1:
-0.064628122467053
0.086656354747724
qdotdot2:
0.020717504906064
-0.049110512355239
qdotdot3:
0.094391238473303
-0.148057528437679
qdotdot4:
-0.044359116829648
0.079883935759590
qdotdot5:
0.086369778984342
-0.164263895214718
qdotdot6:
-0.066175472661380
0.237869622806091
qdotdot7:
-0.128712727808114
0.214865861869218

qdotdot1:
-0.158781601439264
0.065199818088662
qdotdot2:
0.191755032931189
-0.042232300726425
qdotdot3:
0.303279479385685
-0.116719637264542
qdotdot4:
-0.350661964728661
0.065156708972147
qdotdot5:
0.328879391288397
-0.135589128591916
qdotdot6:
-0.535102191965594
0.215899365882513
qdotdot7:
-0.501717481484996
0.172133236236923

qdotdot1:
-0.121767741565784
0.012484326410826
qdotdot2:
0.115208967548551
0.021430370206730
qdotdot3:
0.243283208728196
-0.016030850108493
qdotdot4:
-0.248028974420168
-0.051263063317770
qdotdot5:
0.257957129401701
-0.026401170684167
qdotdot6:
-0.459558414154884
0.038245438149933
qdotdot7:
-0.388077143147478
0.005563032383902

qdotdot1:
0.032555066028789
-0.027942563789015
qdotdot2:
-0.132094255676042
0.059679747432850
qdotdot3:
-0.063527684880720
0.064739175189270
qdotdot4:
0.166550637764936
-0.133608682825268
qdotdot5:
-0.060703397500732
0.059240596277200
qdotdot6:
0.108400092645324
-0.114327955349492
qdotdot7:
0.152244547087892
-0.123278579141064

qdotdot1:
0.144492221971171
-0.017134281867457
qdotdot2:
-0.114030212158579
0.015824454548404
qdotdot3:
-0.255667386865262
0.043647983808871
qdotdot4:
0.217066173221782
-0.078313871087308
qdotdot5:
-0.241738460065868
0.039087068306957
qdotdot6:
0.456116396853651
-0.078339124591244
qdotdot7:
0.423009149346483
-0.072733389507883

qdotdot1:
0.105926398499802
0.030837135826972
qdotdot2:
0.280786651949268
-0.022033575888245
qdotdot3:
-0.120123166051529
-0.041233588630397
qdotdot4:
-0.306123083335003
-0.006247901577676
qdotdot5:
-0.121400077351687
-0.041170100434912
qdotdot6:
0.240143044656589
0.073091519164170
qdotdot7:
0.079717309801225
0.067705648075151

qdotdot1:
-0.103734375579461
0.066004700128907
qdotdot2:
0.209375576706687
0.071187592558915
qdotdot3:
0.199448723945808
-0.081114479759506
qdotdot4:
-0.304066351040145
-0.107880765244900
qdotdot5:
0.151388732711427
-0.081474926115674
qdotdot6:
-0.271813689193399
0.152819009990160
qdotdot7:
-0.356764671216926
0.094171794929159

qdotdot1:
-0.375820322785068
0.031564887436526
qdotdot2:
-1.188349686274466
0.140700284025536
qdotdot3:
0.376282520901984
-0.014897503409497
qdotdot4:
1.355581138768864
-0.208830793790229
qdotdot5:
0.373525570289895
-0.031213866855479
qdotdot6:
-0.703939992955585
0.062576865177950
qdotdot7:
-0.100977185172013
-0.024274075914862

qdotdot1:
-0.292251270972694
-0.093207459728118
qdotdot2:
-1.635302861567955
-0.253831811817592
qdotdot3:
0.144119037258725
0.110028293529963
qdotdot4:
1.966968613802221
0.241222144281039
qdotdot5:
0.221315302750243
0.092796622480768
qdotdot6:
-0.406997164877218
-0.171131212483307
qdotdot7:
0.389094422197641
-0.057798501391971

