0.000000000

0.001000166

0.005000114

0.006999969

0.009000063

0.009999990

0.012000084

0.013000011

0.016999960

0.019000053

0.021000147

0.022000074

0.024000168

0.028000116

0.029999971

0.031000137

0.032999992

0.035000086

0.037000179

0.041000128

0.042999983

0.045000076

0.046000004

0.048000097

0.052000046

0.052999973

0.055000067

0.057000160

0.059000015

0.060000181

0.064000130

0.065999985

0.068000078

0.070000172

0.071000099

0.075000048

0.077000141

0.078999996

0.081000090

0.082000017

0.088999987

0.091000080

0.093000174

0.094000101

0.095999956

0.100000143

0.101000071

0.103000164

0.105000019

0.106000185

0.108000040

0.111000061

0.113000154

0.115000010

0.117000103

0.118999958

0.120000124

0.124000072

0.126000166

0.128000021

0.130000114

0.131000042

0.134999990

0.137000084

0.139000177

0.141000032

0.143000126

0.147000074

0.149000168

0.150000095

0.152000189

0.154000044

0.156000137

0.160000086

0.162000179

0.164000034

0.166000128

0.167999983

0.171000004

0.173000097

0.175000191

0.177000046

0.179000139

0.180000067

0.184000015

0.186000109

0.187999964

0.189000130

0.190999985

0.195000172

0.197000027

0.199000120

0.200000048

0.202000141

0.203999996

0.208000183

0.210000038

0.212000132

0.213999987

0.215000153

0.219000101

0.220999956

0.223000050

0.223999977

0.226000071

0.228000164

0.232000113

0.233000040

0.235000134

0.236999989

0.239000082

0.243000031

0.243999958

0.246000051

0.248000145

0.250000000

0.254000187

0.256000042

0.258000135

0.259999990

0.261000156

0.263000011

0.266999960

0.269000053

0.271000147

0.272000074

0.274000168

0.278000116

0.279999971

0.281000137

0.282999992

0.285000086

0.287000179

0.291000128

0.292000055

0.294000149

0.296000004

0.298000097

0.299000025

0.302999973

0.305000067

0.307000160

0.308000088

0.310000181

0.314000130

0.315999985

0.318000078

0.319000006

0.321000099

0.323000193

0.325999975

0.328000069

0.330000162

0.332000017

0.334000111

0.338999987

0.341000080

0.343000174

0.345000029

0.347000122

0.351000071

0.353000164

0.354000092

0.356000185

0.358000040

0.360000134

0.363000154

0.365000010

0.367000103

0.370000124

0.371000051

0.375000000

0.377000093

0.379000187

0.381000042

0.381999969

0.386000156

0.388000011

0.389000177

0.391000032

0.393000126

0.394999981

0.398000002

0.401000023

0.402000189

0.404000044

0.406000137

0.407999992

0.411000013

0.413000107

0.414999962

0.417000055

0.419000149

0.422000170

0.424000025

0.426000118

0.427999973

0.430000067

0.432000160

0.435000181

0.437000036

0.439000130

0.440999985

0.445000172

0.447000027

0.449000120

0.450999975

0.452000141

0.453999996

0.458000183

0.460000038

0.462000132

0.463000059

0.465000153

0.469000101

0.470999956

0.472000122

0.473999977

0.476000071

0.478000164

0.481000185

0.483000040

0.485000134

0.486999989

0.489000082

0.490000010

0.493999958

0.496000051

0.498000145

0.499000072

0.501000166

0.505000114

0.506999969

0.508000135

0.509999990

0.512000084

0.514000177

0.518000126

0.519999981

0.522000074

0.524000168

0.525000095

0.527000189

0.531000137

0.532000065

0.534000158

0.536000013

0.539000034

0.542000055

0.544000149

0.546000004

0.548000097

0.550000191

0.552999973

0.555000067

0.557000160

0.559000015

0.561000109

0.568000078

0.570000172

0.572000027

0.574000120

0.577000141

0.578999996

0.581000090

0.583000183

0.585000038

0.587000132

0.590000153

0.592000008

0.594000101

0.595999956

0.597000122

0.601000071

0.603000164

0.605000019

0.606000185

0.608000040

0.610000134

0.613000154

0.615000010

0.617000103

0.618999958

0.621000051

0.621999979

0.626000166

0.628000021

0.630000114

0.631000042

0.633000135

0.634999990

0.639000177

0.641000032

0.641999960

0.644000053

0.646000147

0.649000168

0.651000023

0.653000116

0.654999971

0.656000137

0.660000086

0.662000179

0.664000034

0.666000128

0.667999983

0.669000149

0.673000097

0.675000191

0.677000046

0.677999973

0.680000067

0.682000160

0.685000181

0.687000036

0.689000130

0.690999985

0.692000151

0.696000099

0.699000120

0.700999975

0.702000141

0.703999996

0.706000090

0.710000038

0.712000132

0.713999987

0.715000153

0.717000008

0.719000101

0.722000122

0.723999977

0.726000071

0.728000164

0.729000092

0.733000040

0.735000134

0.736999989

0.739000082

0.741000175

0.745000124

0.746000051

0.748000145

0.750000000

0.752000093

0.754000187

0.756999969

0.759000063

0.761000156

0.762000084

0.764000177

0.768000126

0.769999981

0.771000147

0.773000002

0.775000095

0.777000189

0.779999971

0.782999992

0.785000086

0.787000179

0.788000107

0.792000055

0.794000149

0.796000004

0.798000097

0.799000025

0.801000118

0.805000067

0.807000160

0.808000088

0.810000181

0.812000036

0.814000130

0.817000151

0.819000006

0.821000099

0.822000027

0.824000120

0.825999975

0.828999996

0.831000090

0.833000183

0.835000038

0.838999987

0.841000080

0.843000174

0.845000029

0.845999956

0.848000050

0.851999998

0.854000092

0.856000185

0.857000113

0.858999968

0.863000154

0.865000010

0.866000175

0.868000031

0.870000124

0.871999979

0.875000000

0.878000021

0.880000114

0.881999969

0.884000063

0.884999990

0.889000177

0.891000032

0.893000126

0.894999981

0.896000147

0.900000095

0.902000189

0.903000116

0.904999971

0.907000065

0.909000158

0.912000179

0.914000034

0.916000128

0.917999983

0.919000149

0.921000004

0.925000191

0.927000046

0.929000139

0.930999994

0.932000160

0.937000036

0.939000130

0.940999985

0.943000078

0.945000172

0.948000193

0.950000048

0.952000141

0.953999996

0.956000090

0.959000111

0.960999966

0.963000059

0.965000153

0.966000080

0.968000174

0.972000122

0.973999977

0.975000143

0.976999998

0.979000092

0.981000185

0.983999968

0.986000061

0.988000154

0.990000010

0.991000175

0.995000124

0.996999979

0.999000072

1.000000000

1.002000093

1.004000187

1.008000135

1.009000063

1.011000156

1.013000011

1.015000105

1.016000032

1.019999981

1.022000074

1.024000168

1.025000095

1.027000189

1.029000044

1.032000065

1.034000158

1.036000013

1.038000107

1.045000076

1.047000170

1.049000025

1.050000191

1.054000139

1.057000160

1.059000015

1.061000109

1.062000036

1.064000130

1.067000151

1.069000006

1.071000099

1.073000193

1.075000048

1.078999996

1.081000090

1.082000017

1.084000111

1.085999966

1.088000059

1.091000080

1.093000174

1.095000029

1.097000122

1.098000050

1.100000143

1.103000164

1.105000019

1.107000113

1.108999968

1.111000061

1.111999989

1.116000175

1.118000031

1.118999958

1.121000051

1.123000145

1.125000000

1.128000021

1.130000114

1.131999969

1.134000063

1.136000156

1.139000177

1.141000032

1.143000126

1.144999981

1.146000147

1.150000095

1.152000189

1.154000044

1.156000137

1.157000065

1.159000158

1.163000107

1.164000034

1.166000128

1.167999983

1.170000076

1.172000170

1.175000191

1.177000046

1.179000139

1.180999994

1.183000088

1.187000036

1.187999964

1.190000057

1.192000151

1.194000006

1.198000193

1.200000048

1.202000141

1.203999996

1.205000162

1.207000017

1.210999966

1.212000132

1.213999987

1.216000080

1.218000174

1.219000101

1.223000050

1.225000143

1.226999998

1.229000092

1.230000019

1.233999968

1.236999989

1.240000010

1.241000175

1.243000031

1.246999979

1.248000145

1.250000000

1.252000093

1.254000187

1.255000114

1.259000063

1.261000156

1.263000011

1.264000177

1.266000032

1.269999981

1.272000074

1.274000168

1.276000023

1.278000116

1.279000044

1.282999992

1.285000086

1.287000179

1.288000107

1.289999962

1.294000149

1.296000004

1.298000097

1.300000191

1.301000118

1.302999973

1.307000160

1.309000015

1.311000109

1.312000036

1.314000130

1.315999985

1.319000006

1.321000099

1.323000193

1.325000048

1.327000141

1.331000090

1.332000017

1.335000038

1.335999966

1.338000059

1.342000008

1.344000101

1.345999956

1.348000050

1.350000143

1.351999998

1.355000019

1.357000113

1.358999968

1.361000061

1.361999989

1.364000082

1.367000103

1.368999958

1.371000051

1.373000145

1.375000000

1.378000021

1.380000114

1.381999969

1.384000063

1.384999990

1.389000177

1.391000032

1.393000126

1.394999981

1.396000147

1.398000002

1.402000189

1.404000044

1.406000137

1.407000065

1.409000158

1.413000107

1.416000128

1.417000055

1.419000149

1.421000004

1.423000097

1.427000046

1.427999973

1.430000067

1.432000160

1.435000181

1.437999964

1.440000057

1.442000151

1.444000006

1.446000099

1.450000048

1.450999975

1.453000069

1.455000162

1.457000017

1.459000111

1.462000132

1.463999987

1.466000080

1.467000008

1.469000101

1.473000050

1.475000143

1.476999998

1.478000164

1.480000019

1.482000113

1.486000061

1.486999989

1.489000082

1.491000175

1.492000103

1.493999958

1.498000145

1.500000000

1.502000093

1.503000021

1.505000114

1.509000063

1.511000156

1.513000011

1.514000177

1.521000147

1.523000002

1.525000095

1.527000189

1.529000044

1.529999971

1.535000086

1.536000013

1.538000107

1.539999962

1.542000055

1.545000076

1.547000170

1.549000025

1.551000118

1.552999973

1.555999994

1.558000088

1.560000181

1.562000036

1.564000130

1.565000057

1.569000006

1.571000099

1.574000120

1.575000048

1.577000141

1.581000090

1.582000017

1.584000111

1.585999966

1.588000059

1.588999987

1.593000174

1.595999956

1.598000050

1.600000143

1.601999998

1.605000019

1.607000113

1.608999968

1.611000061

1.613000154

1.614000082

1.618000031

1.620000124

1.621999979

1.623000145

1.625000000

1.629000187

1.631000042

1.631999969

1.634999990

1.636000156

1.640000105

1.641999960

1.644000053

1.646000147

1.648000002

1.649000168

1.653000116

1.654999971

1.657000065

1.657999992

1.660000086

1.664000034

1.666000128

1.667000055

1.670000076

1.671000004

1.673000097

1.676000118

1.677999973

1.680000067

1.682000160

1.684000015

1.685000181

1.689000130

1.690999985

1.693000078

1.695000172

1.696000099

1.700000048

1.702000141

1.703999996

1.705000162

1.707000017

1.709000111

1.713000059

1.715000153

1.717000008

1.718000174

1.720000029

1.722000122

1.725000143

1.726999998

1.729000092

1.730000019

1.732000113

1.736000061

1.738000154

1.740000010

1.742000103

1.743999958

1.746999979

1.749000072

1.751000166

1.753000021

1.755000114

1.756000042

1.759999990

1.762000084

1.764000177

1.765000105

1.766999960

1.769000053

1.772000074

1.775000095

1.777000189

1.778000116

1.779999971

1.784000158

1.786000013

1.787000179

1.789000034

1.791000128

1.792999983

1.797000170

1.798000097

1.800000191

1.802000046

1.804000139

1.805999994

1.809000015

1.811000109

1.812999964

1.815000057

1.815999985

1.820000172

1.822000027

1.824000120

1.825999975

1.827000141

1.828999996

1.833000183

1.835000038

1.837000132

1.838999987

1.843000174

1.845000029

1.845999956

1.848000050

1.850000143

1.851999998

1.855000019

1.857000113

1.858999968

1.861000061

1.861999989

1.864000082

1.867000103

1.868999958

1.871000051

1.873000145

1.875000000

1.876000166

1.880000114

1.881999969

1.884000063

1.886000156

1.887000084

1.891000032

1.893000126

1.894999981

1.897000074

1.900000095

1.903000116

1.904999971

1.907000065

1.909000158

1.911000013

1.912000179

1.916000128

1.917999983

1.920000076

1.922000170

1.923000097

1.927000046

1.929000139

1.930999994

1.933000088

1.935000181

1.939000130

1.940999985

1.943000078

1.944000006

1.946000099

1.950000048

1.952000141

1.953000069

1.956000090

1.958000183

1.960000038

1.963000059

1.965000153

1.967000008

1.969000101

1.970999956

1.972000122

1.976000071

1.978000164

1.980000019

1.982000113

1.983000040

1.986999989

1.989000082

1.991000175

1.996999979

2.000000000

2.002000093

2.004000187

2.006000042

2.006999969

2.011000156

2.013000011

2.014000177

2.016999960

2.018000126

2.019999981

2.023000002

2.025000095

2.027000189

2.029000044

2.031000137

2.034000158

2.037000179

2.039000034

2.039999962

2.042000055

2.046000004

2.048000097

2.050000191

2.051000118

2.052999973

2.055000067

2.059000015

2.061000109

2.062000036

2.064000130

2.065999985

2.068000078

2.071000099

2.073000193

2.075000048

2.075999975

2.078000069

2.082000017

2.084000111

2.085000038

2.087000132

2.088999987

2.091000080

2.095000029

2.095999956

2.098000050

2.100000143

2.101999998

2.104000092

2.107000113

2.108999968

2.111000061

2.113000154

2.114000082

2.118000031

2.120000124

2.121999979

2.124000072

2.125000000

2.127000093

2.131000042

2.134000063

2.136000156

2.138000011

2.139000177

2.143000126

2.144999981

2.147000074

2.148000002

2.150000095

2.154000044

2.156000137

2.157000065

2.159000158

2.161000013

2.163000107

2.166000128

2.167999983

2.170000076

2.172000170

2.174000025

2.175000191

2.179000139

2.180999994

2.183000088

2.185000181

2.186000109

2.190000057

2.192000151

2.193000078

2.195000172

2.197000027

2.199000120

2.202000141

2.205000162

2.206000090

2.208000183

2.210000038

2.210999966

2.215000153

2.217000008

2.219000101

2.220999956

2.222000122

2.226000071

2.228000164

2.230000019

2.232000113

2.233999968

2.236999989

2.240000010

2.241000175

2.243000031

2.245000124

2.246999979

2.250000000

2.252000093

2.254000187

2.255000114

2.256999969

2.261000156

2.263000011

2.264000177

2.266000032

2.268000126

2.269999981

2.273000002

2.275000095

2.277000189

2.279000044

2.281000137

2.282000065

2.286000013

2.288000107

2.289999962

2.292000055

2.292999983

2.297000170

2.299000025

2.300000191

2.302000046

2.304000139

2.305999994

2.310000181

2.312000036

2.315000057

2.315999985

2.318000078

2.320000172

2.323000193

2.325000048

2.327000141

2.328000069

2.331000090

2.335000038

2.338000059

2.343000174

2.347000122

2.348999977

2.351000071

2.351999998

2.354000092

2.358000040

2.360000134

2.361000061

2.363000154

2.365000010

2.367000103

2.370000124

2.371999979

2.374000072

2.376000166

2.378000021

2.380000114

2.383000135

2.384999990

2.387000084

2.389000177

2.391000032

2.394000053

2.396000147

2.398000002

2.400000095

2.401000023

2.403000116

2.407000065

2.409000158

2.411000013

2.413000107

2.414000034

2.417999983

2.420000076

2.422000170

2.424000025

2.425000191

2.427000046

2.430999994

2.433000088

2.435000181

2.437000036

2.440999985

2.443000078

2.444000006

2.446000099

2.448000193

2.450000048

2.453000069

2.455000162

2.457000017

2.459000111

2.460000038

2.462000132

2.466000080

2.467000008

2.469000101

2.470999956

2.478000164

2.479000092

2.481000185

2.483000040

2.485000134

2.486000061

2.490000010

2.492000103

2.495000124

2.496000051

2.498000145

2.502000093

2.504000187

2.506000042

2.508000135

2.509999990

2.511000156

2.515000105

2.516999960

2.519000053

2.521000147

2.522000074

2.526000023

2.528000116

2.529999971

2.532000065

2.534000158

2.537000179

2.539000034

2.541000128

2.542999983

2.545000076

2.546000004

2.550000191

2.552000046

2.554000139

2.555000067

2.557000160

2.561000109

2.562999964

2.564000130

2.565999985

2.568000078

2.570000172

2.573000193

2.575000048

2.577000141

2.578999996

2.581000090

2.585000038

2.587000132

2.588000059

2.590000153

2.592000008

2.594000101

2.597000122

2.600000143

2.601000071

2.603000164

2.605000019

2.607000113

2.610000134

2.611999989

2.614000082

2.616000175

2.617000103

2.621000051

2.623000145

2.624000072

2.626000166

2.628000021

2.631999969

2.634000063

2.636000156

2.638000011

2.640000105

2.641000032

2.644999981

2.647000074

2.648000002

2.650000095

2.652000189

2.654000044

2.657000065

2.659000158

2.661000013

2.663000107

2.664999962

2.667999983

2.670000076

2.673000097

2.675000191

2.677000046

2.677999973

2.682000160

2.684000015

2.686000109

2.687000036

2.689000130

2.693000078

2.695000172

2.696000099

2.698000193

2.700000048

2.702000141

2.706000090

2.707000017

2.709000111

2.710999966

2.713000059

2.713999987

2.718000174

2.720000029

2.722000122

2.723000050

2.725000143

2.726999998

2.731000185

2.733000040

2.733999968

2.736000061

2.740000010

2.742000103

2.743999958

2.745000124

2.746999979

2.749000072

2.752000093

2.754000187

2.756000042

2.758000135

2.759999990

2.764000177

2.766000032

2.766999960

2.769000053

2.771000147

2.773000002

2.776000023

2.778000116

2.779999971

2.782000065

2.784000158

2.785000086

2.789000034

2.791000128

2.792999983

2.795000076

2.796000004

2.800000191

2.802000046

2.804000139

2.805999994

2.808000088

2.809000015

2.812999964

2.815000057

2.815999985

2.818000078

2.820000172

2.824000120

2.825999975

2.827000141

2.830000162

2.831000090

2.835000038

2.837000132

2.838999987

2.841000080

2.842000008

2.844000101

2.848000050

2.850000143

2.853000164

2.854000092

2.856000185

2.860000134

2.861999989

2.864000082

2.865000010

2.867000103

2.868999958

2.873000145

2.874000072

2.876000166

2.878000021

2.880000114

2.881000042

2.884999990

2.887000084

2.889000177

2.891000032

2.891999960

2.896000147

2.898000002

2.900000095

2.901000023

2.903000116

2.904999971

2.907999992

2.910000086

2.912000179

2.914000034

2.916000128

2.917000055

2.921000004

2.923000097

2.925000191

2.926000118

2.929000139

2.932000160

2.934000015

2.936000109

2.937999964

2.940000057

2.943000078

2.945000172

2.947000027

2.955000162

2.957000017

2.958000183

2.960000038

2.962000132

2.963999987

2.967000008

2.969000101

2.970999956

2.973000050

2.973999977

2.976000071

2.979000092

2.981000185

2.983000040

2.985000134

2.986999989

2.988000154

2.992000103

2.993999958

2.996000051

2.998000145

2.999000072

3.003000021

3.005000114

3.006999969

3.008000135

3.009999990

3.012000084

3.016000032

3.018000126

3.019999981

3.021000147

3.023000002

3.027000189

3.029000044

3.032000065

3.034000158

3.036000013

3.039000034

3.041000128

3.042999983

3.045000076

3.047000170

3.049000025

3.052000046

3.054000139

3.055999994

3.058000088

3.059000015

3.062999964

3.065000057

3.067000151

3.068000078

3.070000172

3.072000027

3.075000048

3.077000141

3.078999996

3.081000090

3.082000017

3.084000111

3.088000059

3.090000153

3.092000008

3.093000174

3.095000029

3.098999977

3.101000071

3.101999998

3.104000092

3.106000185

3.108000040

3.111000061

3.113000154

3.115000010

3.117000103

3.118999958

3.120000124

3.124000072

3.126000166

3.128000021

3.130000114

3.134000063

3.136000156

3.138000011

3.140000105

3.141000032

3.143000126

3.147000074

3.148000002

3.151000023

3.152000189

3.154000044

3.157999992

3.160000086

3.161000013

3.163000107

3.164999962

3.167000055

3.170000076

3.172000170

3.174000025

3.176000118

3.177999973

3.180000067

3.183000088

3.185000181

3.187000036

3.189000130

3.190000057

3.194000006

3.196000099

3.197000027

3.199000120

3.200999975

3.203000069

3.206000090

3.208000183

3.209000111

3.212000132

3.213999987

3.216000080

3.220000029

3.220999956

3.223000050

3.225000143

3.226999998

3.230000019

3.232000113

3.233999968

3.236000061

3.238000154

3.242000103

3.243999958

3.246000051

3.248000145

3.249000072

3.251000166

3.255000114

3.256999969

3.259000063

3.259999990

3.262000084

3.264000177

3.266999960

3.269000053

3.271000147

3.273000002

3.275000095

3.279000044

3.281000137

3.282000065

3.284000158

3.286000013

3.288000107

3.291000128

3.292999983

3.295000076

3.296000004

3.298000097

3.302000046

3.304000139

3.305999994

3.308000088

3.309000015

3.311000109

3.315000057

3.315999985

3.318000078

3.320000172

3.322000027

3.323000193

3.327000141

3.328999996

3.331000090

3.333000183

3.334000111

3.338000059

3.341000080

3.343000174

3.344000101

3.345999956

3.350000143

3.351999998

3.354000092

3.355000019

3.357000113

3.361000061

3.363000154

3.365000010

3.367000103

3.368000031

3.370000124

3.374000072

3.375000000

3.377000093

3.379000187

3.381000042

3.381999969

3.386000156

3.388000011

3.391000032

3.391999960

3.394000053

3.398000002

3.400000095

3.401000023

3.403000116

3.404999971

3.407000065

3.410000086

3.412000179

3.414000034

3.416000128

3.417999983

3.419000149

3.423000097

3.425000191

3.427999973

3.434000015

3.436000109

3.437999964

3.440000057

3.442000151

3.445000172

3.449000120

3.450999975

3.452000141

3.453999996

3.458000183

3.459000111

3.460999966

3.463000059

3.465000153

3.467000008

3.470000029

3.472000122

3.473999977

3.475000143

3.476999998

3.481000185

3.483000040

3.485000134

3.486999989

3.488000154

3.490000010

3.493999958

3.496000051

3.498000145

3.500000000

3.501000166

3.505000114

3.506999969

3.509000063

3.511000156

3.512000084

3.514000177

3.518000126

3.519000053

3.522000074

3.524000168

3.528000116

3.529999971

3.532000065

3.534000158

3.535000086

3.537000179

3.539999962

3.542000055

3.544000149

3.546000004

3.548000097

3.552000046

3.554000139

3.555999994

3.558000088

3.559000015

3.561000109

3.565000057

3.565999985

3.568000078

3.571000099

3.573000193

3.574000120

3.577000141

3.578999996

3.581000090

3.583000183

3.585000038

3.587000132

3.590000153

3.592000008

3.594000101

3.595000029

3.597000122

3.601000071

3.603000164

3.604000092

3.606000185

3.608000040

3.610000134

3.613000154

3.615000010

3.617000103

3.618999958

3.621000051

3.623000145

3.627000093

3.629000187

3.630000114

3.631999969

3.636000156

3.638000011

3.639000177

3.641000032

3.643000126

3.644999981

3.649000168

3.651000023

3.652000189

3.654000044

3.656000137

3.657999992

3.661000013

3.663000107

3.664999962

3.666000128

3.667999983

3.672000170

3.674000025

3.675000191

3.677000046

3.679000139

3.680999994

3.685000181

3.686000109

3.687999964

3.690000057

3.692000151

3.693000078

3.697000027

3.699000120

3.700999975

3.702000141

3.703999996

3.706000090

3.709000111

3.710999966

3.713000059

3.713999987

3.716000080

3.720000029

3.722000122

3.723000050

3.726000071

3.726999998

3.731000185

3.733000040

3.735000134

3.736999989

3.739000082

3.740000010

3.743999958

3.746000051

3.748000145

3.751000166

3.752000093

3.756000042

3.758000135

3.759999990

3.761000156

3.763000011

3.765000105

3.769000053

3.769999981

3.772000074

3.774000168

3.776000023

3.777000189

3.781000137

3.782999992

3.785000086

3.786000013

3.788000107

3.792000055

3.794000149

3.796000004

3.798000097

3.800000191

3.801000118

3.805000067

3.807000160

3.809000015

3.810000181

3.812000036

3.815999985

3.818000078

3.820000172

3.822000027

3.823000193

3.828000069

3.828999996

3.831000090

3.833000183

3.835000038

3.835999966

3.840000153

3.842000008

3.844000101

3.845999956

3.848000050

3.851000071

3.853000164

3.855000019

3.857000113

3.858999968

3.860000134

3.864000082

3.866000175

3.868000031

3.870000124

3.871000051

3.875000000

3.877000093

3.879000187

3.881000042

3.881999969

3.884000063

3.888000011

3.890000105

3.891999960

3.893000126

3.894999981

3.897000074

3.900000095

3.902000189

3.904000044

3.904999971

3.907000065

3.914000034

3.916000128

3.917999983

3.919000149

3.923000097

3.925000191

3.927000046

3.930000067

3.932000160

3.935000181

3.937999964

3.940000057

3.940999985

3.943000078

3.947000027

3.949000120

3.950999975

3.953000069

3.953999996

3.956000090

3.959000111

3.960999966

3.963000059

3.965000153

3.966000080

3.968000174

3.970999956

3.973000050

3.975000143

3.976999998

3.979000092

3.980000019

3.983999968

3.986000061

3.988000154

3.990000010

3.992000103

3.995000124

3.996999979

3.999000072

4.001000166

4.003000021

4.004000187

4.008000135

4.009999990

4.012000084

4.013000011

4.015000105

4.019000053

4.021000147

4.023000002

4.025000095

4.026000023

4.029999971

4.032000065

4.034000158

4.036000013

4.038000107

4.042000055

4.044000149

4.045000076

4.047000170

4.049000025

4.051000118

4.054000139

4.055999994

4.058000088

4.060000181

4.062000036

4.062999964

4.067000151

4.069000006

4.071000099

4.072000027

4.074000120

4.075999975

4.078999996

4.081000090

4.083000183

4.084000111

4.085999966

4.090000153

4.092000008

4.093000174

4.095000029

4.097000122

4.098999977

4.101999998

4.104000092

4.106000185

4.108000040

4.111000061

4.111999989

4.116000175

4.118000031

4.120000124

4.121000051

4.123000145

4.127000093

4.129000187

4.131000042

4.133000135

4.134999990

4.138000011

4.140000105

4.141999960

4.144000053

4.146000147

4.147000074

4.151000023

4.153000116

4.154999971

4.156000137

4.157999992

4.160000086

4.163000107

4.164999962

4.167000055

4.169000149

4.170000076

4.174000025

4.176000118

4.177999973

4.180000067

4.180999994

4.183000088

4.186000109

4.187999964

4.190000057

4.192000151

4.194000006

4.195000172

4.199000120

4.200999975

4.203000069

4.205000162

4.206000090

4.210000038

4.212000132

4.213000059

4.215000153

4.217000008

4.219000101

4.223000050

4.225000143

4.226999998

4.229000092

4.230000019

4.233999968

4.236000061

4.239000082

4.240000010

4.242000103

4.245000124

4.246999979

4.249000072

4.251000166

4.253000021

4.254000187

4.256999969

4.259000063

4.262000084

4.263000011

4.265000105

4.266999960

4.269999981

4.272000074

4.274000168

4.275000095

4.277000189

4.279000044

4.282000065

4.284000158

4.286000013

4.289000034

4.291000128

4.294000149

4.296000004

4.298000097

4.300000191

4.302000046

4.302999973

4.307000160

4.309000015

4.311000109

4.312000036

4.314000130

4.315999985

4.319000006

4.321000099

4.323000193

4.325000048

4.327000141

4.330000162

4.333000183

4.334000111

4.337000132

4.338999987

4.342000008

4.344000101

4.345999956

4.348000050

4.348999977

4.351000071

4.354000092

4.356000185

4.358000040

4.360000134

4.361999989

4.365000010

4.367000103

4.368999958

4.371000051

4.373000145

4.374000072

4.378000021

4.380000114

4.386000156

4.389000177

4.391000032

4.393000126

4.394999981

4.397000074

4.398000002

4.402000189

4.404000044

4.406000137

4.407000065

4.409000158

4.413000107

4.414999962

4.417000055

4.419000149

4.420000076

4.425000191

4.427000046

4.427999973

4.430000067

4.432000160

4.434000015

4.437000036

4.439000130

4.440999985

4.442000151

4.444000006

4.446000099

4.449000120

4.450999975

4.453000069

4.455000162

4.457000017

4.460000038

4.462000132

4.463999987

4.466000080

4.469000101

4.470000029

4.473999977

4.476000071

4.476999998

4.479000092

4.481000185

4.485000134

4.486999989

4.488000154

4.490000010

4.492000103

4.493999958

4.496999979

4.499000072

4.501000166

4.503000021

4.505000114

4.506000042

4.509999990

4.512000084

4.514000177

4.515000105

4.516999960

4.521000147

4.523000002

4.525000095

4.527000189

4.529000044

4.532000065

4.534000158

4.536000013

4.538000107

4.539999962

4.542000055

4.545000076

4.547000170

4.549000025

4.550000191

4.552000046

4.555999994

4.558000088

4.560000181

4.561000109

4.562999964

4.565000057

4.568000078

4.570000172

4.572000027

4.574000120

4.575999975

4.577000141

4.581000090

4.583000183

4.585000038

4.585999966

4.588000059

4.592000008

4.594000101

4.595999956

4.598000050

4.598999977

4.601000071

4.604000092

4.607000113

4.608999968

4.610000134

4.611999989

4.616000175

4.618000031

4.618999958

4.621999979

4.623000145

4.627000093

4.629000187

4.631000042

4.633000135

4.634999990

4.637000084

4.640000105

4.641999960

4.644000053

4.644999981

4.648000002

4.652000189

4.654000044

4.656000137

4.657999992

4.659000158

4.661000013

4.664000034

4.666000128

4.667999983

4.670000076

4.672000170

4.674000025

4.677000046

4.679000139

4.680999994

4.682000160

4.684000015

4.687999964

4.690000057

4.690999985

4.693000078

4.695000172

4.697000027

4.700000048

4.702000141

4.703999996

4.706000090

4.707000017

4.709000111

4.713000059

4.715000153

4.717000008

4.718000174

4.720000029

4.723999977

4.726000071

4.728000164

4.729000092

4.731000185

4.735000134

4.736999989

4.738000154

4.740000010

4.742000103

4.743999958

4.746999979

4.749000072

4.751000166

4.753000021

4.755000114

4.756999969

4.759999990

4.762000084

4.764000177

4.766000032

4.768000126

4.771000147

4.773000002

4.775000095

4.777000189

4.778000116

4.779999971

4.782999992

4.785000086

4.787000179

4.789000034

4.791000128

4.792000055

4.796000004

4.798000097

4.800000191

4.801000118

4.802999973

4.807000160

4.809000015

4.810000181

4.812000036

4.814000130

4.815999985

4.820000172

4.822000027

4.824000120

4.825000048

4.828000069

4.832000017

4.834000111

4.835000038

4.837000132

4.838999987

4.841000080

4.844000101

4.845999956

4.848000050

4.850000143

4.851000071

4.855000019

4.861000061

4.863000154

4.867000103

4.868999958

4.870000124

4.871999979

4.874000072

4.876000166

4.880000114

4.881000042

4.883000135

4.884999990

4.887000084

4.888000011

4.891999960

4.894000053

4.896000147

4.898000002

4.899000168

4.903000116

4.904999971

4.907000065

4.909000158

4.910000086

4.912000179

4.914999962

4.917000055

4.919000149

4.921000004

4.923000097

4.926000118

4.927999973

4.930000067

4.932000160

4.934000015

4.936000109

4.939000130

4.940999985

4.943000078

4.944000006

4.946000099

4.950000048

4.952000141

4.953000069

4.955000162

4.957000017

4.959000111

4.962000132

4.963999987

4.966000080

4.968000174

4.969000101

4.970999956

4.973999977

4.976000071

4.978000164

4.980000019

4.982000113

4.983000040

4.986999989

4.989000082

4.991000175

4.993000031

4.995000124

4.998000145

5.000000000

5.002000093

5.004000187

5.006000042

5.009000063

5.012000084

5.014000177

5.016000032

5.016999960

5.019000053

5.023000002

5.025000095

5.027000189

5.029000044

5.029999971

5.034000158

5.036000013

5.038000107

5.039999962

5.041000128

5.042999983

5.046000004

5.048000097

5.050000191

5.052000046

5.054000139

5.055999994

5.059000015

5.061000109

5.062999964

5.065000057

5.065999985

5.070000172

5.072000027

5.073000193

5.075999975

5.077000141

5.078999996

5.082000017

5.084000111

5.085999966

5.088000059

5.090000153

5.092000008

5.095000029

5.097000122

5.098999977

5.101000071

5.103000164

5.106000185

5.108000040

5.110000134

5.111999989

5.113000154

5.115000010

5.120000124

5.121000051

5.123000145

5.125000000

5.129000187

5.131000042

5.133000135

5.134999990

5.136000156

5.138000011

5.141000032

5.143000126

5.144999981

5.147000074

5.149000168

5.153000116

5.154999971

5.157000065

5.157999992

5.160000086

5.162000179

5.164999962

5.167000055

5.169000149

5.171000004

5.172000170

5.174000025

5.177999973

5.180999994

5.183000088

5.185000181

5.187000036

5.190999985

5.193000078

5.195000172

5.196000099

5.198000193

5.202000141

5.203999996

5.206000090

5.207000017

5.209000111

5.210999966

5.213999987

5.216000080

5.218000174

5.220000029

5.222000122

5.226000071

5.228000164

5.230000019

5.232000113

5.233000040

5.236999989

5.239000082

5.241000175

5.243000031

5.245000124

5.246000051

5.250000000

5.252000093

5.254000187

5.256000042

5.256999969

5.261000156

5.263000011

5.265000105

5.266999960

5.268000126

5.269999981

5.274000168

5.276000023

5.277000189

5.279000044

5.281000137

5.282999992

5.286000013

5.288000107

5.289999962

5.291000128

5.292999983

5.297000170

5.299000025

5.300000191

5.302000046

5.304000139

5.305999994

5.309000015

5.312000036

5.314000130

5.315999985

5.318000078

5.321000099

5.323000193

5.325000048

5.327000141

5.328000069

5.330000162

5.338999987

5.341000080

5.343000174

5.345999956

5.348000050

5.350000143

5.351999998

5.353000164

5.357000113

5.358999968

5.361000061

5.363000154

5.365000010

5.368999958

5.371000051

5.373000145

5.375000000

5.377000093

5.381000042

5.383000135

5.384000063

5.390000105

5.393000126

5.394999981

5.397000074

5.399000168

5.401000023

5.404999971

5.407000065

5.407999992

5.410000086

5.412000179

5.414000034

5.417999983

5.420000076

5.422000170

5.423000097

5.425000191

5.429000139

5.430999994

5.432000160

5.434000015

5.436000109

5.440000057

5.442000151

5.443000078

5.445000172

5.447000027

5.449000120

5.452000141

5.455000162

5.456000090

5.458000183

5.460000038

5.463999987

5.466000080

5.468000174

5.470000029

5.472000122

5.473000050

5.476999998

5.479000092

5.481000185

5.482000113

5.483999968

5.488000154

5.490000010

5.492000103

5.493999958

5.495000124

5.496999979

5.501000166

5.503000021

5.504000187

5.506000042

5.508000135

5.512000084

5.514000177

5.515000105

5.518000126

5.519999981

5.523000002

5.525000095

5.527000189

5.529000044

5.531000137

5.535000086

5.537000179

5.538000107

5.539999962

5.542000055

5.544000149

5.548000097

5.550000191

5.552000046

5.554000139

5.555000067

5.557000160

5.560000181

5.562000036

5.564000130

5.565999985

5.568000078

5.570000172

5.573000193

5.575000048

5.577000141

5.578000069

5.580000162

5.582000017

5.585000038

5.587000132

5.588999987

5.591000080

5.593000174

5.595999956

5.598000050

5.600000143

5.601999998

5.603000164

5.605000019

5.608999968

5.611000061

5.613000154

5.614000082

5.617000103

5.620000124

5.621999979

5.624000072

5.626000166

5.628000021

5.631000042

5.633000135

5.634999990

5.637000084

5.638000011

5.640000105

5.644000053

5.646000147

5.648000002

5.649000168

5.651000023

5.654999971

5.657000065

5.659000158

5.661000013

5.663000107

5.664000034

5.667999983

5.670000076

5.671000004

5.673000097

5.675000191

5.679000139

5.680999994

5.683000088

5.684000015

5.686000109

5.687999964

5.690999985

5.693000078

5.695000172

5.697000027

5.698000193

5.700000048

5.703999996

5.705000162

5.707000017

5.709000111

5.710999966

5.713000059

5.717000008

5.719000101

5.720999956

5.722000122

5.726999998

5.729000092

5.731000185

5.733000040

5.735000134

5.736999989

5.740000010

5.742000103

5.743999958

5.746000051

5.746999979

5.751000166

5.753000021

5.755000114

5.756999969

5.759000063

5.759999990

5.764000177

5.765000105

5.766999960

5.769000053

5.771000147

5.775000095

5.777000189

5.778000116

5.779999971

5.782000065

5.784000158

5.787000179

5.789000034

5.791000128

5.792999983

5.795000076

5.796000004

5.800000191

5.802000046

5.802999973

5.805000067

5.807000160

5.809000015

5.815999985

5.818000078

5.819000006

5.823000193

5.825000048

5.827000141

5.828999996

5.830000162

5.834000111

5.835999966

5.838000059

5.840000153

5.842000008

5.844000101

5.847000122

5.848999977

5.851000071

5.853000164

5.854000092

5.858000040

5.860000134

5.861999989

5.864000082

5.866000175

5.868000031

5.871000051

5.873000145

5.875000000

5.876000166

5.878000021

5.881999969

5.884000063

5.886000156

5.888000011

5.889000177

5.891000032

5.894999981

5.897000074

5.898000002

5.900000095

5.902000189

5.907000065

5.909000158

5.910000086

5.912000179

5.914000034

5.917999983

5.920000076

5.922000170

5.924000025

5.926000118

5.927000046

5.930999994

5.933000088

5.935000181

5.936000109

5.937999964

5.940000057

5.943000078

5.945000172

5.947000027

5.949000120

5.950000048

5.953999996

5.956000090

5.958000183

5.959000111

5.960999966

5.963000059

5.967000008

5.969000101

5.970999956

5.972000122

5.973999977

5.978000164

5.980000019

