0.000000000

0.009678658

0.019357316

0.029035975

0.038714633

0.048393291

0.058071949

0.067750608

0.077429266

0.087107924

0.096786582

0.106465240

0.116143899

0.125822557

0.135501215

0.145179873

0.154858532

0.164537190

0.174215848

0.183894506

0.193573164

0.203251823

0.212930481

0.222609139

0.232287797

0.241966456

0.251645114

0.261323772

0.271002430

0.280681088

0.290359747

0.300038405

0.309717063

0.319395721

0.329074380

0.338753038

0.348431696

0.358110354

0.367789012

0.377467671

0.387146329

0.396824987

0.406503645

0.416182304

0.425860962

0.435539620

0.445218278

0.454896936

0.464575595

0.474254253

0.483932911

0.493611569

0.503290228

0.512968886

0.522647544

0.532326202

0.542004860

0.551683519

0.561362177

0.571040835

0.580719493

0.590398152

0.600076810

0.609755468

0.619434126

0.629112784

0.638791443

0.648470101

0.658148759

0.667827417

0.677506076

0.687184734

0.696863392

0.706542050

0.716220708

0.725899367

0.735578025

0.745256683

0.754935341

0.764613999

0.774292658

0.783971316

0.793649974

0.803328632

0.813007291

0.822685949

0.832364607

0.842043265

0.851721923

0.861400582

0.871079240

0.880757898

0.890436556

0.900115215

0.909793873

0.919472531

0.929151189

0.938829847

0.948508506

0.958187164

0.967865822

0.977544480

0.987223139

0.996901797

1.006580455

1.016259113

1.025937771

1.035616430

1.045295088

1.054973746

1.064652404

1.074331063

1.084009721

1.093688379

1.103367037

1.113045695

1.122724354

1.132403012

1.142081670

1.151760328

1.161438987

1.171117645

1.180796303

1.190474961

1.200153619

1.209832278

1.219510936

1.229189594

1.238868252

1.248546911

1.258225569

1.267904227

1.277582885

1.287261543

1.296940202

1.306618860

1.316297518

1.325976176

1.335654835

1.345333493

1.355012151

1.364690809

1.374369467

1.384048126

1.393726784

1.403405442

1.413084100

1.422762759

1.432441417

1.442120075

1.451798733

1.461477391

1.471156050

1.480834708

1.490513366

1.500192024

1.509870683

1.519549341

1.529227999

1.538906657

1.548585315

1.558263974

1.567942632

1.577621290

1.587299948

1.596978607

1.606657265

1.616335923

1.626014581

1.635693239

1.645371898

1.655050556

1.664729214

1.674407872

1.684086531

1.693765189

1.703443847

1.713122505

1.722801163

1.732479822

1.742158480

1.751837138

1.761515796

1.771194455

1.780873113

1.790551771

1.800230429

1.809909087

1.819587746

1.829266404

1.838945062

1.848623720

1.858302379

1.867981037

1.877659695

1.887338353

1.897017011

1.906695670

1.916374328

1.926052986

1.935731644

1.945410303

1.955088961

1.964767619

1.974446277

1.984124935

1.993803594

2.003482252

2.013160910

2.022839568

2.032518227

2.042196885

2.051875543

2.061554201

2.071232859

2.080911518

2.090590176

2.100268834

2.109947492

2.119626151

2.129304809

2.138983467

2.148662125

2.158340783

2.168019442

2.177698100

2.187376758

2.197055416

2.206734074

2.216412733

2.226091391

2.235770049

2.245448707

2.255127366

2.264806024

2.274484682

2.284163340

2.293841998

2.303520657

2.313199315

2.322877973

2.332556631

2.342235290

2.351913948

2.361592606

2.371271264

2.380949922

2.390628581

2.400307239

2.409985897

2.419664555

2.429343214

2.439021872

2.448700530

2.458379188

2.468057846

2.477736505

2.487415163

2.497093821

2.506772479

2.516451138

2.526129796

2.535808454

2.545487112

2.555165770

2.564844429

2.574523087

2.584201745

2.593880403

2.603559062

2.613237720

2.622916378

2.632595036

2.642273694

2.651952353

2.661631011

2.671309669

2.680988327

2.690666986

2.700345644

2.710024302

2.719702960

2.729381618

2.739060277

2.748738935

2.758417593

2.768096251

2.777774910

2.787453568

2.797132226

2.806810884

2.816489542

2.826168201

2.835846859

2.845525517

2.855204175

2.864882834

2.874561492

2.884240150

2.893918808

2.903597466

2.913276125

2.922954783

2.932633441

2.942312099

2.951990758

2.961669416

2.971348074

2.981026732

2.990705390

3.000384049

3.010062707

3.019741365

3.029420023

3.039098682

3.048777340

3.058455998

3.068134656

3.077813314

3.087491973

3.097170631

3.106849289

3.116527947

3.126206606

3.135885264

3.145563922

3.155242580

3.164921238

3.174599897

3.184278555

3.193957213

3.203635871

3.213314530

3.222993188

3.232671846

3.242350504

3.252029162

3.261707821

3.271386479

3.281065137

3.290743795

3.300422454

3.310101112

3.319779770

3.329458428

3.339137086

3.348815745

3.358494403

3.368173061

3.377851719

3.387530378

3.397209036

3.406887694

3.416566352

3.426245010

3.435923669

3.445602327

3.455280985

3.464959643

3.474638302

3.484316960

3.493995618

3.503674276

3.513352934

3.523031593

3.532710251

3.542388909

3.552067567

3.561746226

3.571424884

3.581103542

3.590782200

3.600460858

3.610139517

3.619818175

3.629496833

3.639175491

3.648854149

3.658532808

3.668211466

3.677890124

3.687568782

3.697247441

3.706926099

3.716604757

3.726283415

3.735962073

3.745640732

3.755319390

3.764998048

3.774676706

3.784355365

3.794034023

3.803712681

3.813391339

3.823069997

3.832748656

3.842427314

3.852105972

3.861784630

3.871463289

3.881141947

3.890820605

3.900499263

3.910177921

3.919856580

3.929535238

3.939213896

3.948892554

3.958571213

3.968249871

3.977928529

3.987607187

3.997285845

4.006964504

4.016643162

4.026321820

4.036000478

4.045679137

4.055357795

4.065036453

4.074715111

4.084393769

4.094072428

4.103751086

4.113429744

4.123108402

4.132787061

4.142465719

4.152144377

4.161823035

4.171501693

4.181180352

4.190859010

4.200537668

4.210216326

4.219894985

4.229573643

4.239252301

4.248930959

4.258609617

4.268288276

4.277966934

4.287645592

4.297324250

4.307002909

4.316681567

4.326360225

4.336038883

4.345717541

4.355396200

4.365074858

4.374753516

4.384432174

4.394110833

4.403789491

4.413468149

4.423146807

4.432825465

4.442504124

4.452182782

4.461861440

4.471540098

4.481218757

4.490897415

4.500576073

4.510254731

4.519933389

4.529612048

4.539290706

4.548969364

4.558648022

4.568326681

4.578005339

4.587683997

4.597362655

4.607041313

4.616719972

4.626398630

4.636077288

4.645755946

4.655434605

4.665113263

4.674791921

4.684470579

4.694149237

4.703827896

4.713506554

4.723185212

4.732863870

4.742542529

4.752221187

4.761899845

4.771578503

4.781257161

4.790935820

4.800614478

4.810293136

4.819971794

4.829650453

4.839329111

4.849007769

4.858686427

4.868365085

4.878043744

4.887722402

4.897401060

4.907079718

4.916758377

4.926437035

4.936115693

4.945794351

4.955473009

4.965151668

4.974830326

4.984508984

4.994187642

5.003866301

5.013544959

5.023223617

5.032902275

5.042580933

5.052259592

5.061938250

5.071616908

5.081295566

5.090974224

5.100652883

5.110331541

5.120010199

5.129688857

5.139367516

5.149046174

5.158724832

5.168403490

5.178082148

5.187760807

5.197439465

5.207118123

5.216796781

5.226475440

5.236154098

5.245832756

5.255511414

5.265190072

5.274868731

5.284547389

5.294226047

5.303904705

5.313583364

5.323262022

5.332940680

5.342619338

5.352297996

5.361976655

5.371655313

5.381333971

5.391012629

5.400691288

5.410369946

5.420048604

5.429727262

5.439405920

5.449084579

5.458763237

5.468441895

5.478120553

5.487799212

5.497477870

5.507156528

5.516835186

5.526513844

5.536192503

5.545871161

5.555549819

5.565228477

5.574907136

5.584585794

5.594264452

5.603943110

5.613621768

5.623300427

5.632979085

5.642657743

5.652336401

5.662015060

5.671693718

5.681372376

5.691051034

5.700729692

5.710408351

5.720087009

5.729765667

5.739444325

5.749122984

5.758801642

5.768480300

5.778158958

5.787837616

5.797516275

5.807194933

5.816873591

5.826552249

5.836230908

5.845909566

5.855588224

5.865266882

5.874945540

5.884624199

5.894302857

5.903981515

5.913660173

5.923338832

5.933017490

5.942696148

5.952374806

5.962053464

5.971732123

5.981410781

5.991089439

6.000768097

6.010446756

6.020125414

6.029804072

6.039482730

6.049161388

6.058840047

6.068518705

6.078197363

6.087876021

6.097554680

6.107233338

6.116911996

6.126590654

6.136269312

6.145947971

6.155626629

6.165305287

6.174983945

6.184662604

6.194341262

6.204019920

6.213698578

6.223377236

6.233055895

6.242734553

6.252413211

6.262091869

6.271770528

6.281449186

6.291127844

6.300806502

6.310485160

6.320163819

6.329842477

6.339521135

6.349199793

6.358878452

6.368557110

6.378235768

6.387914426

6.397593084

6.407271743

6.416950401

6.426629059

6.436307717

6.445986376

6.455665034

6.465343692

6.475022350

6.484701008

6.494379667

6.504058325

6.513736983

6.523415641

6.533094299

6.542772958

6.552451616

6.562130274

6.571808932

6.581487591

6.591166249

6.600844907

6.610523565

6.620202223

6.629880882

6.639559540

6.649238198

6.658916856

6.668595515

6.678274173

6.687952831

6.697631489

6.707310147

6.716988806

6.726667464

6.736346122

6.746024780

6.755703439

6.765382097

6.775060755

6.784739413

6.794418071

6.804096730

6.813775388

6.823454046

6.833132704

6.842811363

6.852490021

6.862168679

6.871847337

6.881525995

6.891204654

6.900883312

6.910561970

6.920240628

6.929919287

6.939597945

6.949276603

6.958955261

6.968633919

6.978312578

6.987991236

6.997669894

7.007348552

7.017027211

7.026705869

7.036384527

7.046063185

7.055741843

7.065420502

7.075099160

7.084777818

7.094456476

7.104135135

7.113813793

7.123492451

7.133171109

7.142849767

7.152528426

7.162207084

7.171885742

7.181564400

7.191243059

7.200921717

7.210600375

7.220279033

7.229957691

7.239636350

7.249315008

7.258993666

7.268672324

7.278350983

7.288029641

7.297708299

7.307386957

7.317065615

7.326744274

7.336422932

7.346101590

7.355780248

7.365458907

7.375137565

7.384816223

7.394494881

7.404173539

7.413852198

7.423530856

7.433209514

7.442888172

7.452566831

7.462245489

7.471924147

7.481602805

7.491281463

7.500960122

7.510638780

7.520317438

7.529996096

7.539674755

7.549353413

7.559032071

7.568710729

7.578389387

7.588068046

7.597746704

7.607425362

7.617104020

7.626782679

7.636461337

7.646139995

7.655818653

7.665497311

7.675175970

7.684854628

7.694533286

7.704211944

7.713890603

7.723569261

7.733247919

7.742926577

7.752605235

7.762283894

7.771962552

7.781641210

7.791319868

7.800998527

7.810677185

7.820355843

7.830034501

7.839713159

7.849391818

7.859070476

7.868749134

7.878427792

7.888106451

7.897785109

7.907463767

7.917142425

7.926821083

7.936499742

7.946178400

7.955857058

7.965535716

7.975214374

7.984893033

7.994571691

8.004250349

8.013929007

8.023607666

8.033286324

8.042964982

8.052643640

8.062322298

8.072000957

8.081679615

8.091358273

8.101036931

8.110715590

8.120394248

8.130072906

8.139751564

8.149430222

8.159108881

8.168787539

8.178466197

8.188144855

8.197823514

8.207502172

8.217180830

8.226859488

8.236538146

8.246216805

8.255895463

8.265574121

8.275252779

8.284931438

8.294610096

8.304288754

8.313967412

8.323646070

8.333324729

8.343003387

8.352682045

8.362360703

8.372039362

8.381718020

8.391396678

8.401075336

8.410753994

8.420432653

8.430111311

8.439789969

8.449468627

8.459147286

8.468825944

8.478504602

8.488183260

8.497861918

8.507540577

8.517219235

8.526897893

8.536576551

8.546255210

8.555933868

8.565612526

8.575291184

8.584969842

8.594648501

8.604327159

8.614005817

8.623684475

8.633363134

8.643041792

8.652720450

8.662399108

8.672077766

8.681756425

8.691435083

8.701113741

8.710792399

8.720471058

8.730149716

8.739828374

8.749507032

8.759185690

8.768864349

8.778543007

8.788221665

8.797900323

8.807578982

8.817257640

8.826936298

8.836614956

8.846293614

8.855972273

8.865650931

8.875329589

8.885008247

8.894686906

8.904365564

8.914044222

8.923722880

8.933401538

8.943080197

8.952758855

8.962437513

8.972116171

8.981794830

8.991473488

9.001152146

9.010830804

9.020509462

9.030188121

9.039866779

9.049545437

9.059224095

9.068902754

9.078581412

9.088260070

9.097938728

9.107617386

9.117296045

9.126974703

9.136653361

9.146332019

9.156010678

9.165689336

9.175367994

9.185046652

9.194725310

9.204403969

9.214082627

9.223761285

9.233439943

9.243118602

9.252797260

9.262475918

9.272154576

9.281833234

9.291511893

9.301190551

9.310869209

9.320547867

9.330226526

9.339905184

9.349583842

9.359262500

9.368941158

9.378619817

9.388298475

9.397977133

9.407655791

9.417334449

9.427013108

9.436691766

9.446370424

9.456049082

9.465727741

9.475406399

9.485085057

9.494763715

9.504442373

9.514121032

9.523799690

9.533478348

9.543157006

9.552835665

9.562514323

9.572192981

9.581871639

9.591550297

9.601228956

9.610907614

9.620586272

9.630264930

9.639943589

9.649622247

9.659300905

9.668979563

9.678658221

9.688336880

9.698015538

9.707694196

9.717372854

9.727051513

9.736730171

9.746408829

9.756087487

9.765766145

9.775444804

9.785123462

9.794802120

9.804480778

9.814159437

9.823838095

9.833516753

9.843195411

9.852874069

9.862552728

9.872231386

9.881910044

9.891588702

9.901267361

9.910946019

9.920624677

9.930303335

9.939981993

9.949660652

9.959339310

9.969017968

9.978696626

9.988375285

9.998053943

10.007732601

10.017411259

10.027089917

10.036768576

10.046447234

10.056125892

10.065804550

10.075483209

10.085161867

10.094840525

10.104519183

10.114197841

10.123876500

10.133555158

10.143233816

10.152912474

10.162591133

10.172269791

10.181948449

10.191627107

10.201305765

10.210984424

10.220663082

10.230341740

10.240020398

10.249699057

10.259377715

10.269056373

10.278735031

10.288413689

10.298092348

10.307771006

10.317449664

10.327128322

10.336806981

10.346485639

10.356164297

10.365842955

10.375521613

10.385200272

10.394878930

10.404557588

10.414236246

10.423914905

10.433593563

10.443272221

10.452950879

10.462629537

10.472308196

10.481986854

10.491665512

10.501344170

10.511022829

10.520701487

10.530380145

10.540058803

10.549737461

10.559416120

10.569094778

10.578773436

10.588452094

10.598130753

10.607809411

10.617488069

10.627166727

10.636845385

10.646524044

10.656202702

10.665881360

10.675560018

10.685238677

10.694917335

10.704595993

10.714274651

10.723953309

10.733631968

10.743310626

10.752989284

10.762667942

10.772346601

10.782025259

10.791703917

10.801382575

10.811061233

10.820739892

10.830418550

10.840097208

10.849775866

10.859454524

10.869133183

10.878811841

10.888490499

10.898169157

10.907847816

10.917526474

10.927205132

10.936883790

10.946562448

10.956241107

10.965919765

10.975598423

10.985277081

10.994955740

11.004634398

11.014313056

11.023991714

11.033670372

11.043349031

11.053027689

11.062706347

11.072385005

11.082063664

11.091742322

11.101420980

11.111099638

11.120778296

11.130456955

11.140135613

11.149814271

11.159492929

11.169171588

11.178850246

11.188528904

11.198207562

11.207886220

11.217564879

11.227243537

11.236922195

11.246600853

11.256279512

11.265958170

11.275636828

11.285315486

11.294994144

11.304672803

11.314351461

11.324030119

11.333708777

11.343387436

11.353066094

11.362744752

11.372423410

11.382102068

11.391780727

11.401459385

11.411138043

11.420816701

11.430495360

11.440174018

11.449852676

11.459531334

11.469209992

11.478888651

11.488567309

11.498245967

11.507924625

11.517603284

11.527281942

11.536960600

11.546639258

11.556317916

11.565996575

11.575675233

11.585353891

11.595032549

11.604711208

11.614389866

11.624068524

11.633747182

11.643425840

11.653104499

11.662783157

11.672461815

11.682140473

11.691819132

11.701497790

11.711176448

11.720855106

11.730533764

11.740212423

11.749891081

11.759569739

11.769248397

11.778927056

11.788605714

11.798284372

11.807963030

11.817641688

11.827320347

11.836999005

11.846677663

11.856356321

11.866034980

11.875713638

11.885392296

11.895070954

11.904749612

11.914428271

11.924106929

11.933785587

11.943464245

11.953142904

11.962821562

11.972500220

11.982178878

11.991857536

12.001536195

12.011214853

12.020893511

12.030572169

12.040250828

12.049929486

12.059608144

12.069286802

12.078965460

12.088644119

12.098322777

12.108001435

12.117680093

12.127358752

12.137037410

12.146716068

12.156394726

12.166073384

12.175752043

12.185430701

12.195109359

12.204788017

12.214466676

12.224145334

12.233823992

12.243502650

12.253181308

12.262859967

12.272538625

12.282217283

12.291895941

12.301574599

12.311253258

12.320931916

12.330610574

12.340289232

12.349967891

12.359646549

12.369325207

12.379003865

12.388682523

12.398361182

12.408039840

12.417718498

12.427397156

12.437075815

12.446754473

12.456433131

12.466111789

12.475790447

12.485469106

12.495147764

12.504826422

12.514505080

12.524183739

12.533862397

12.543541055

12.553219713

12.562898371

12.572577030

12.582255688

12.591934346

12.601613004

12.611291663

12.620970321

12.630648979

12.640327637

12.650006295

12.659684954

12.669363612

12.679042270

12.688720928

12.698399587

12.708078245

12.717756903

12.727435561

12.737114219

12.746792878

12.756471536

12.766150194

12.775828852

12.785507511

12.795186169

12.804864827

12.814543485

12.824222143

12.833900802

12.843579460

12.853258118

12.862936776

12.872615435

12.882294093

12.891972751

12.901651409

12.911330067

12.921008726

12.930687384

12.940366042

12.950044700

12.959723359

12.969402017

12.979080675

12.988759333

12.998437991

13.008116650

13.017795308

13.027473966

13.037152624

13.046831283

13.056509941

13.066188599

13.075867257

13.085545915

13.095224574

13.104903232

13.114581890

13.124260548

13.133939207

13.143617865

13.153296523

13.162975181

13.172653839

13.182332498

13.192011156

13.201689814

13.211368472

13.221047131

13.230725789

13.240404447

13.250083105

13.259761763

13.269440422

13.279119080

13.288797738

13.298476396

13.308155055

13.317833713

13.327512371

13.337191029

13.346869687

13.356548346

13.366227004

13.375905662

13.385584320

13.395262979

13.404941637

13.414620295

13.424298953

13.433977611

13.443656270

13.453334928

13.463013586

13.472692244

13.482370903

13.492049561

13.501728219

13.511406877

13.521085535

13.530764194

13.540442852

13.550121510

13.559800168

13.569478827

13.579157485

13.588836143

13.598514801

13.608193459

13.617872118

13.627550776

13.637229434

13.646908092

13.656586751

13.666265409

13.675944067

13.685622725

13.695301383

13.704980042

13.714658700

13.724337358

13.734016016

13.743694674

13.753373333

13.763051991

13.772730649

13.782409307

13.792087966

13.801766624

13.811445282

13.821123940

13.830802598

13.840481257

13.850159915

13.859838573

13.869517231

13.879195890

13.888874548

13.898553206

13.908231864

13.917910522

13.927589181

13.937267839

13.946946497

13.956625155

13.966303814

13.975982472

13.985661130

13.995339788

14.005018446

14.014697105

14.024375763

14.034054421

14.043733079

14.053411738

14.063090396

14.072769054

14.082447712

14.092126370

14.101805029

14.111483687

14.121162345

14.130841003

14.140519662

14.150198320

14.159876978

14.169555636

14.179234294

14.188912953

14.198591611

14.208270269

14.217948927

14.227627586

14.237306244

14.246984902

14.256663560

14.266342218

14.276020877

14.285699535

14.295378193

14.305056851

14.314735510

14.324414168

14.334092826

14.343771484

14.353450142

14.363128801

14.372807459

14.382486117

14.392164775

14.401843434

14.411522092

14.421200750

14.430879408

14.440558066

14.450236725

14.459915383

14.469594041

14.479272699

14.488951358

14.498630016

14.508308674

14.517987332

14.527665990

14.537344649

14.547023307

14.556701965

14.566380623

14.576059282

14.585737940

14.595416598

14.605095256

14.614773914

14.624452573

14.634131231

14.643809889

14.653488547

14.663167206

14.672845864

14.682524522

14.692203180

14.701881838

14.711560497

14.721239155

14.730917813

14.740596471

14.750275130

14.759953788

14.769632446

14.779311104

14.788989762

14.798668421

14.808347079

14.818025737

14.827704395

14.837383054

14.847061712

14.856740370

14.866419028

14.876097686

14.885776345

14.895455003

14.905133661

14.914812319

14.924490978

14.934169636

14.943848294

14.953526952

14.963205610

14.972884269

14.982562927

14.992241585

15.001920243

15.011598902

15.021277560

15.030956218

15.040634876

15.050313534

15.059992193

15.069670851

15.079349509

15.089028167

15.098706826

15.108385484

15.118064142

15.127742800

15.137421458

15.147100117

15.156778775

15.166457433

15.176136091

15.185814750

15.195493408

15.205172066

15.214850724

15.224529382

15.234208041

15.243886699

15.253565357

15.263244015

15.272922673

15.282601332

15.292279990

15.301958648

15.311637306

15.321315965

15.330994623

15.340673281

15.350351939

15.360030597

15.369709256

15.379387914

15.389066572

15.398745230

15.408423889

15.418102547

15.427781205

15.437459863

15.447138521

15.456817180

15.466495838

15.476174496

15.485853154

15.495531813

15.505210471

15.514889129

15.524567787

15.534246445

15.543925104

15.553603762

15.563282420

15.572961078

15.582639737

15.592318395

15.601997053

15.611675711

15.621354369

15.631033028

15.640711686

15.650390344

15.660069002

15.669747661

15.679426319

15.689104977

15.698783635

15.708462293

15.718140952

15.727819610

15.737498268

15.747176926

15.756855585

15.766534243

15.776212901

15.785891559

15.795570217

15.805248876

15.814927534

15.824606192

15.834284850

15.843963509

15.853642167

15.863320825

15.872999483

15.882678141

15.892356800

15.902035458

15.911714116

15.921392774

15.931071433

15.940750091

15.950428749

15.960107407

15.969786065

15.979464724

15.989143382

15.998822040

16.008500698

16.018179357

16.027858015

16.037536673

16.047215331

16.056893989

16.066572648

16.076251306

16.085929964

16.095608622

16.105287281

16.114965939

16.124644597

16.134323255

16.144001913

16.153680572

16.163359230

16.173037888

16.182716546

16.192395205

16.202073863

16.211752521

16.221431179

16.231109837

16.240788496

16.250467154

16.260145812

16.269824470

16.279503129

16.289181787

16.298860445

16.308539103

16.318217761

16.327896420

16.337575078

16.347253736

16.356932394

16.366611053

16.376289711

16.385968369

16.395647027

16.405325685

16.415004344

16.424683002

16.434361660

16.444040318

16.453718977

16.463397635

16.473076293

16.482754951

16.492433609

16.502112268

16.511790926

16.521469584

16.531148242

16.540826901

16.550505559

16.560184217

16.569862875

16.579541533

16.589220192

16.598898850

16.608577508

16.618256166

16.627934825

16.637613483

16.647292141

16.656970799

16.666649457

16.676328116

16.686006774

16.695685432

16.705364090

16.715042748

16.724721407

16.734400065

16.744078723

16.753757381

16.763436040

16.773114698

16.782793356

16.792472014

16.802150672

16.811829331

16.821507989

16.831186647

16.840865305

16.850543964

16.860222622

16.869901280

16.879579938

16.889258596

16.898937255

16.908615913

16.918294571

16.927973229

16.937651888

16.947330546

16.957009204

16.966687862

16.976366520

16.986045179

16.995723837

17.005402495

17.015081153

17.024759812

17.034438470

17.044117128

17.053795786

17.063474444

17.073153103

17.082831761

17.092510419

17.102189077

17.111867736

17.121546394

17.131225052

17.140903710

17.150582368

17.160261027

17.169939685

17.179618343

17.189297001

17.198975660

17.208654318

17.218332976

17.228011634

17.237690292

17.247368951

17.257047609

17.266726267

17.276404925

17.286083584

17.295762242

17.305440900

17.315119558

17.324798216

17.334476875

17.344155533

17.353834191

17.363512849

17.373191508

17.382870166

17.392548824

17.402227482

17.411906140

17.421584799

17.431263457

17.440942115

17.450620773

17.460299432

17.469978090

17.479656748

17.489335406

17.499014064

17.508692723

17.518371381

17.528050039

17.537728697

17.547407356

17.557086014

17.566764672

17.576443330

17.586121988

17.595800647

17.605479305

17.615157963

17.624836621

17.634515280

17.644193938

17.653872596

17.663551254

17.673229912

17.682908571

17.692587229

17.702265887

17.711944545

17.721623204

17.731301862

17.740980520

17.750659178

17.760337836

17.770016495

17.779695153

17.789373811

17.799052469

17.808731128

17.818409786

17.828088444

17.837767102

17.847445760

17.857124419

17.866803077

17.876481735

17.886160393

17.895839052

17.905517710

17.915196368

17.924875026

17.934553684

17.944232343

17.953911001

17.963589659

17.973268317

17.982946976

17.992625634

18.002304292

18.011982950

18.021661608

18.031340267

18.041018925

18.050697583

18.060376241

18.070054900

18.079733558

18.089412216

18.099090874

18.108769532

18.118448191

18.128126849

18.137805507

18.147484165

18.157162823

18.166841482

18.176520140

18.186198798

18.195877456

18.205556115

18.215234773

18.224913431

18.234592089

18.244270747

18.253949406

18.263628064

18.273306722

18.282985380

18.292664039

18.302342697

18.312021355

18.321700013

18.331378671

18.341057330

18.350735988

18.360414646

18.370093304

18.379771963

18.389450621

18.399129279

18.408807937

18.418486595

18.428165254

18.437843912

18.447522570

18.457201228

18.466879887

18.476558545

18.486237203

18.495915861

18.505594519

18.515273178

18.524951836

18.534630494

18.544309152

18.553987811

18.563666469

18.573345127

18.583023785

18.592702443

18.602381102

18.612059760

18.621738418

18.631417076

18.641095735

18.650774393

18.660453051

18.670131709

18.679810367

18.689489026

18.699167684

18.708846342

18.718525000

18.728203659

18.737882317

18.747560975

18.757239633

18.766918291

18.776596950

18.786275608

18.795954266

18.805632924

18.815311583

18.824990241

18.834668899

18.844347557

18.854026215

18.863704874

18.873383532

18.883062190

18.892740848

18.902419507

18.912098165

18.921776823

18.931455481

18.941134139

18.950812798

18.960491456

18.970170114

18.979848772

18.989527431

18.999206089

19.008884747

19.018563405

19.028242063

19.037920722

19.047599380

19.057278038

19.066956696

19.076635355

19.086314013

19.095992671

19.105671329

19.115349987

19.125028646

19.134707304

19.144385962

19.154064620

19.163743279

19.173421937

19.183100595

19.192779253

19.202457911

19.212136570

19.221815228

19.231493886

19.241172544

19.250851203

19.260529861

19.270208519

19.279887177

19.289565835

19.299244494

19.308923152

19.318601810

19.328280468

19.337959127

19.347637785

19.357316443

19.366995101

19.376673759

19.386352418

19.396031076

19.405709734

19.415388392

19.425067051

19.434745709

19.444424367

19.454103025

19.463781683

19.473460342

19.483139000

19.492817658

19.502496316

19.512174975

19.521853633

19.531532291

19.541210949

19.550889607

19.560568266

19.570246924

19.579925582

19.589604240

19.599282898

19.608961557

19.618640215

19.628318873

19.637997531

19.647676190

19.657354848

19.667033506

19.676712164

19.686390822

19.696069481

19.705748139

19.715426797

19.725105455

19.734784114

19.744462772

19.754141430

19.763820088

19.773498746

19.783177405

19.792856063

19.802534721

19.812213379

19.821892038

19.831570696

19.841249354

19.850928012

19.860606670

19.870285329

19.879963987

19.889642645

19.899321303

19.908999962

19.918678620

19.928357278

19.938035936

19.947714594

19.957393253

19.967071911

19.976750569

19.986429227

19.996107886

20.005786544

20.015465202

20.025143860

20.034822518

20.044501177

20.054179835

20.063858493

20.073537151

20.083215810

20.092894468

20.102573126

20.112251784

20.121930442

20.131609101

20.141287759

20.150966417

20.160645075

20.170323734

20.180002392

20.189681050

20.199359708

20.209038366

20.218717025

20.228395683

20.238074341

20.247752999

20.257431658

20.267110316

20.276788974

20.286467632

20.296146290

20.305824949

20.315503607

20.325182265

20.334860923

20.344539582

20.354218240

20.363896898

20.373575556

20.383254214

20.392932873

20.402611531

20.412290189

20.421968847

20.431647506

20.441326164

20.451004822

20.460683480

20.470362138

20.480040797

20.489719455

20.499398113

20.509076771

20.518755430

20.528434088

20.538112746

20.547791404

20.557470062

20.567148721

20.576827379

20.586506037

20.596184695

20.605863354

20.615542012

20.625220670

20.634899328

20.644577986

20.654256645

20.663935303

20.673613961

20.683292619

20.692971278

20.702649936

20.712328594

20.722007252

20.731685910

20.741364569

20.751043227

20.760721885

20.770400543

20.780079202

20.789757860

20.799436518

20.809115176

20.818793834

20.828472493

20.838151151

20.847829809

20.857508467

20.867187126

20.876865784

20.886544442

20.896223100

20.905901758

20.915580417

20.925259075

20.934937733

20.944616391

20.954295050

20.963973708

20.973652366

20.983331024

20.993009682

21.002688341

21.012366999

21.022045657

21.031724315

21.041402973

21.051081632

21.060760290

21.070438948

21.080117606

21.089796265

21.099474923

21.109153581

21.118832239

21.128510897

21.138189556

21.147868214

21.157546872

21.167225530

21.176904189

21.186582847

21.196261505

21.205940163

21.215618821

21.225297480

21.234976138

21.244654796

21.254333454

21.264012113

21.273690771

21.283369429

21.293048087

21.302726745

21.312405404

21.322084062

21.331762720

21.341441378

21.351120037

21.360798695

21.370477353

21.380156011

21.389834669

21.399513328

21.409191986

21.418870644

21.428549302

21.438227961

21.447906619

21.457585277

21.467263935

21.476942593

21.486621252

21.496299910

21.505978568

21.515657226

21.525335885

21.535014543

21.544693201

21.554371859

21.564050517

21.573729176

21.583407834

21.593086492

21.602765150

21.612443809

21.622122467

21.631801125

21.641479783

21.651158441

21.660837100

21.670515758

21.680194416

21.689873074

21.699551733

21.709230391

21.718909049

21.728587707

21.738266365

21.747945024

21.757623682

21.767302340

21.776980998

21.786659657

21.796338315

21.806016973

21.815695631

21.825374289

21.835052948

21.844731606

21.854410264

21.864088922

21.873767581

21.883446239

21.893124897

21.902803555

21.912482213

21.922160872

21.931839530

21.941518188

21.951196846

21.960875505

21.970554163

21.980232821

21.989911479

21.999590137

22.009268796

22.018947454

22.028626112

22.038304770

22.047983429

22.057662087

22.067340745

22.077019403

22.086698061

22.096376720

22.106055378

22.115734036

22.125412694

22.135091353

22.144770011

22.154448669

22.164127327

22.173805985

22.183484644

22.193163302

22.202841960

22.212520618

22.222199277

22.231877935

22.241556593

22.251235251

22.260913909

22.270592568

22.280271226

22.289949884

22.299628542

22.309307201

22.318985859

22.328664517

22.338343175

22.348021833

22.357700492

22.367379150

22.377057808

22.386736466

22.396415125

22.406093783

22.415772441

22.425451099

22.435129757

22.444808416

22.454487074

22.464165732

22.473844390

22.483523048

22.493201707

22.502880365

22.512559023

22.522237681

22.531916340

22.541594998

22.551273656

22.560952314

22.570630972

22.580309631

22.589988289

22.599666947

22.609345605

22.619024264

22.628702922

22.638381580

22.648060238

22.657738896

22.667417555

22.677096213

22.686774871

22.696453529

22.706132188

22.715810846

22.725489504

22.735168162

22.744846820

22.754525479

22.764204137

22.773882795

22.783561453

22.793240112

22.802918770

22.812597428

22.822276086

22.831954744

22.841633403

22.851312061

22.860990719

22.870669377

22.880348036

22.890026694

22.899705352

22.909384010

22.919062668

22.928741327

22.938419985

22.948098643

22.957777301

22.967455960

22.977134618

22.986813276

22.996491934

23.006170592

23.015849251

23.025527909

23.035206567

23.044885225

23.054563884

23.064242542

23.073921200

23.083599858

23.093278516

23.102957175

23.112635833

23.122314491

23.131993149

23.141671808

23.151350466

23.161029124

23.170707782

23.180386440

23.190065099

23.199743757

23.209422415

23.219101073

23.228779732

23.238458390

23.248137048

23.257815706

23.267494364

23.277173023

23.286851681

23.296530339

23.306208997

23.315887656

23.325566314

23.335244972

23.344923630

23.354602288

23.364280947

23.373959605

23.383638263

23.393316921

23.402995580

23.412674238

23.422352896

23.432031554

23.441710212

23.451388871

23.461067529

23.470746187

23.480424845

23.490103504

23.499782162

23.509460820

23.519139478

23.528818136

23.538496795

23.548175453

23.557854111

23.567532769

23.577211428

23.586890086

23.596568744

23.606247402

23.615926060

23.625604719

23.635283377

23.644962035

23.654640693

23.664319352

23.673998010

23.683676668

23.693355326

23.703033984

23.712712643

23.722391301

23.732069959

23.741748617

23.751427276

23.761105934

23.770784592

23.780463250

23.790141908

23.799820567

23.809499225

23.819177883

23.828856541

23.838535200

23.848213858

23.857892516

23.867571174

23.877249832

23.886928491

23.896607149

23.906285807

23.915964465

23.925643123

23.935321782

23.945000440

23.954679098

23.964357756

23.974036415

23.983715073

23.993393731

24.003072389

24.012751047

24.022429706

24.032108364

24.041787022

24.051465680

24.061144339

24.070822997

24.080501655

24.090180313

24.099858971

24.109537630

24.119216288

24.128894946

24.138573604

24.148252263

24.157930921

24.167609579

24.177288237

24.186966895

24.196645554

24.206324212

24.216002870

24.225681528

24.235360187

24.245038845

24.254717503

24.264396161

24.274074819

24.283753478

24.293432136

24.303110794

24.312789452

24.322468111

24.332146769

24.341825427

24.351504085

24.361182743

24.370861402

24.380540060

24.390218718

24.399897376

24.409576035

24.419254693

24.428933351

24.438612009

24.448290667

24.457969326

24.467647984

24.477326642

24.487005300

24.496683959

24.506362617

24.516041275

24.525719933

24.535398591

24.545077250

24.554755908

24.564434566

24.574113224

24.583791883

24.593470541

24.603149199

24.612827857

24.622506515

24.632185174

24.641863832

24.651542490

24.661221148

24.670899807

24.680578465

24.690257123

24.699935781

24.709614439

24.719293098

24.728971756

24.738650414

24.748329072

24.758007731

24.767686389

24.777365047

24.787043705

24.796722363

24.806401022

24.816079680

24.825758338

24.835436996

24.845115655

24.854794313

24.864472971

24.874151629

24.883830287

24.893508946

24.903187604

24.912866262

24.922544920

24.932223579

24.941902237

24.951580895

24.961259553

24.970938211

24.980616870

24.990295528

24.999974186

25.009652844

25.019331503

25.029010161

25.038688819

25.048367477

25.058046135

25.067724794

25.077403452

25.087082110

25.096760768

25.106439427

25.116118085

25.125796743

25.135475401

25.145154059

25.154832718

25.164511376

25.174190034

25.183868692

25.193547351

25.203226009

25.212904667

25.222583325

25.232261983

25.241940642

25.251619300

25.261297958

25.270976616

25.280655275

25.290333933

25.300012591

25.309691249

25.319369907

25.329048566

25.338727224

25.348405882

25.358084540

25.367763198

25.377441857

25.387120515

25.396799173

25.406477831

25.416156490

25.425835148

25.435513806

25.445192464

25.454871122

25.464549781

25.474228439

25.483907097

25.493585755

25.503264414

25.512943072

25.522621730

25.532300388

25.541979046

25.551657705

25.561336363

25.571015021

25.580693679

