nSeg: 66

breaks: 
0.000000000000000
0.329696969696976
0.659393939393952
0.989090909090927
1.318787878787903
1.648484848484879
1.978181818181855
2.307878787878831
2.637575757575807
2.967272727272782
3.296969696969758
3.626666666666734
3.956363636363710
4.286060606060685
4.615757575757661
4.945454545454638
5.275151515151613
5.604848484848588
5.934545454545564
6.264242424242540
6.593939393939516
6.923636363636492
7.253333333333468
7.583030303030443
7.912727272727420
8.242424242424395
8.572121212121370
8.901818181818347
9.231515151515323
9.561212121212298
9.890909090909275
10.220606060606249
10.550303030303226
10.880000000000202
11.209696969697177
11.539393939394154
11.869090909091128
12.198787878788105
12.528484848485080
12.858181818182056
13.187878787879033
13.517575757576008
13.847272727272983
14.176969696969961
14.506666666666936
14.836363636363911
15.166060606060887
15.495757575757862
15.825454545454839
16.155151515151815
16.484848484848790
16.814545454545765
17.144242424242741
17.473939393939716
17.803636363636695
18.133333333333670
18.463030303030646
18.792727272727621
19.122424242424596
19.452121212121572
19.781818181818551
20.111515151515526
20.441212121212498
20.770909090909473
21.100606060606452
21.430303030303428
21.760000000000403

coefs_q:
q1:
0.012880066911661
-0.031452650399235
0.000000000000000
-1.457233526565407
q2:
0.272790158152620
-0.421506173401374
0.000000000000000
1.408991987029078
q3:
-0.024018367809484
0.055195713361153
-0.000000000000000
-2.699588508539337
q4:
-0.307356852649803
0.449473934207661
-0.000000000000000
1.463672780944156
q5:
-0.021113250246540
0.044161753766816
0.000000000000000
-1.107948445843769
q6:
0.021067726939725
-0.044737223737056
-0.000000000000000
-0.492587743448733
q7:
-0.094442702627595
0.123647756345736
-0.000000000000000
-0.356246379151440

q1:
0.026926197484144
-0.018713093308428
-0.016539493683012
-1.460190835543481
q2:
0.214744429044334
-0.151691907883141
-0.188981670435625
1.372950505753934
q3:
-0.040269067988739
0.031439364109590
0.028563322511567
-2.694449501876879
q4:
-0.240625237113570
0.145470065404941
0.196151233811674
1.501515556048293
q5:
-0.036323921757766
0.023278829886602
0.022234956065127
-1.103904717735193
q6:
0.038818750864580
-0.023899326545763
-0.022629262638699
-0.496695656664325
q7:
-0.046738793894330
0.030235337746803
0.050734789809905
-0.346190502842251

q1:
0.008443409907681
0.007919363839526
-0.020098153580638
-1.466712987939569
q2:
-0.017469274890568
0.060709854662531
-0.218978177679269
1.301850927731006
q3:
-0.009669886705429
-0.008390404955636
0.036162494499295
-2.683057965752917
q4:
0.019489016840699
-0.092530169121940
0.213605357192251
1.573375083789973
q5:
-0.008324472363095
-0.012648830906535
0.025739634516737
-1.095345289161987
q6:
0.006878957270463
0.014495947036658
-0.025729528367762
-0.505363125051536
q7:
0.018775202046219
-0.015993578395953
0.055430254711034
-0.327851841537469

q1:
-0.017356108817073
0.016270663820941
-0.012122774764096
-1.472175857003419
q2:
-0.046579804392728
0.043431153679860
-0.184643202807595
1.235627587435870
q3:
0.022423560175322
-0.017954801987914
0.027476559603967
-2.672393888967521
q4:
0.050989080507366
-0.073253759737684
0.158946898222774
1.634440534043665
q5:
0.022703232277622
-0.020882490843851
0.014684459345701
-1.088532271938847
q6:
-0.027181097010654
0.021299861136898
-0.013927758885087
-0.512023833116283
q7:
-0.011711988135204
0.002576803264308
0.051006784607025
-0.310642290572751

q1:
-0.014189310686253
-0.000896105627219
-0.007053829517196
-1.475026086261163
q2:
0.000064934633816
-0.002640507392220
-0.171194650334579
1.177802922125173
q3:
0.016529676279205
0.004224137530950
0.022949601140579
-2.664483021565780
q4:
-0.000335411648644
-0.022820923744943
0.127271366213956
1.680709505621436
q5:
0.018029308559724
0.001573069808925
0.008318201743883
-1.085147138361578
q6:
-0.020206917309296
-0.005584714815459
-0.008746522764564
-0.515274594778795
q7:
-0.024589457270328
-0.009007417727603
0.048886630505187
-0.293965144797567

q1:
0.011987570395311
-0.014930623833258
-0.012271854260529
-1.477957637047624
q2:
0.007388143982452
-0.002576281136227
-0.172914609703958
1.121075868418832
q3:
-0.016687383561344
0.020573490068928
0.031125303815933
-2.655865051435738
q4:
-0.004874130510040
-0.023152676357420
0.112114009574146
1.720177832371565
q5:
-0.016938859939379
0.019405695002543
0.015234836930209
-1.081587523621921
q6:
0.018184744587522
-0.025571193026836
-0.019018531168327
-0.519489533181888
q7:
0.018581379323678
-0.033328626373164
0.034928565056206
-0.279707717199804

q1:
0.027267127039875
-0.003073826933168
-0.018207867119278
-1.483196978754326
q2:
-0.006439723222359
0.004731264911871
-0.172204118083383
1.064051180562508
q3:
-0.035334995784492
0.004068150691889
0.039249578103136
-2.643964836795667
q4:
0.013659475020152
-0.027973634534624
0.095257819801253
1.754450104010451
q5:
-0.040461945957368
0.002651622626139
0.022507067712030
-1.075062299625385
q6:
0.037781605088629
-0.007584827471177
-0.029949970653732
-0.527887769777145
q7:
0.051934578260066
-0.014949953005745
0.019011263733705
-0.271148778731251

q1:
0.018116408076381
0.023895840539000
-0.011342912330446
-1.488556980861167
q2:
-0.005693136788319
-0.001638206784427
-0.171184346191668
1.007559506205363
q3:
-0.024068063364271
-0.030881372411318
0.030409340154428
-2.631848500269616
q4:
0.013294197557794
-0.014463171969237
0.081266533293313
1.783305111403368
q5:
-0.031002737931527
-0.037368920284422
0.011060879878026
-1.068803634877465
q6:
0.021477461085154
0.029784614652850
-0.022630768092017
-0.537232635190000
q7:
0.037641615298264
0.036418066218758
0.026089235605147
-0.264644647817113

q1:
-0.012155378401371
0.041814615072729
0.010321625762148
-1.489049967144089
q2:
0.011761736144377
-0.007269236625964
-0.174121103291821
0.950738441624894
q3:
0.012454399120384
-0.054686875084343
0.002197748252827
-2.626041994429266
q4:
-0.009331278443358
-0.001314002021163
0.076064846838297
1.809002731707051
q5:
0.013476551517173
-0.068033446529424
-0.023689961059388
-1.070329980305462
q6:
-0.018605700292700
0.051027776162530
0.004012832273781
-0.540686629301777
q7:
-0.022510108504794
0.073649045713769
0.062378028872599
-0.250735455124255

q1:
-0.042376555061371
0.029791840799372
0.033930057273920
-1.481537331465675
q2:
0.026276496056363
0.004364189669566
-0.175078888470173
0.892962592989393
q3:
0.048801647032661
-0.042368342136181
-0.029801062758061
-2.630815529946025
q4:
-0.030260966977216
-0.010543484699685
0.072155469398211
1.833603833864848
q5:
0.063253714047773
-0.054703911937893
-0.064156096214674
-1.085052756686024
q6:
-0.049668777987383
0.032625047145750
0.031592914625118
-0.534483679484595
q7:
-0.086054164568405
0.051384502029026
0.103601210673860
-0.222970669311546

q1:
-0.028338667163756
-0.012122424570421
0.039755610260920
-1.468631013401746
q2:
0.016117479844480
0.030354033041678
-0.163632395649011
0.836655701274405
q3:
0.033160994283629
0.005900923292489
-0.041824260243497
-2.643497334850371
q4:
-0.018428595324999
-0.040474332037150
0.055335049819521
1.855162700432781
q5:
0.046436890444490
0.007859761592997
-0.079600470631415
-1.109884255093933
q6:
-0.027566495977079
-0.016501889627227
0.036908670800922
-0.522301279827656
q7:
-0.060570210555482
-0.033730889834997
0.109421553118437
-0.186312180976891

q1:
0.013968582465102
-0.040151942637845
0.022520909799528
-1.457857021563510
q2:
-0.004628031443134
0.046295685833310
-0.138361215607802
0.786583702171074
q3:
-0.015243904567025
0.038700161274842
-0.027119417816449
-2.655456809081859
q4:
0.009782638037645
-0.058701888140422
0.022636950560975
1.868346489393147
q5:
-0.017360377088894
0.053790067778093
-0.059274708705431
-1.133609722740671
q6:
0.017628613792997
-0.043767660193647
0.017037982859979
-0.512914290414958
q7:
0.024971942292632
-0.093640334457148
0.067427646442723
-0.156073498027274

q1:
0.026322340418340
-0.026335744708726
0.000600120759203
-1.454295858371700
q2:
-0.009788158435274
0.041718142005919
-0.109343323277777
0.745832914151423
q3:
-0.030461131805484
0.023622553848548
-0.006571807496979
-2.660737600308837
q4:
0.018591945628350
-0.049025969790460
-0.012880597750783
1.869779513836028
q5:
-0.042403327527447
0.036619076621078
-0.029467087764128
-1.147927592045488
q6:
0.029494440988849
-0.026331358551119
-0.006073451198902
-0.511422691915169
q7:
0.056514034037480
-0.068940813353162
0.013825134679808
-0.143126573538181

q1:
0.021211140638447
-0.000300557094950
-0.008181787229403
-1.456017355815999
q2:
-0.006722763086844
0.032036763480848
-0.085026554438504
0.713966728765491
q3:
-0.025845317760658
-0.006506274700877
-0.000928622129505
-2.661428200363480
q4:
0.016410433209443
-0.030636845387146
-0.039145186512370
1.860869992208649
q5:
-0.042816198350130
-0.005321669151525
-0.019148427362045
-1.155181958901368
q6:
0.022563771648026
0.002841324899670
-0.013818044111865
-0.515230287006845
q7:
0.055114648827535
-0.013043296050635
-0.013204777753930
-0.144036986182836

q1:
0.006949541213873
0.020679189281987
-0.001463013950767
-1.457987370070164
q2:
-0.000861943988310
0.025387339627678
-0.066094001656056
0.689175199561081
q3:
-0.008354982766942
-0.032069643540509
-0.013646985476968
-2.663367843769773
q4:
0.005996903353310
-0.014405435085442
-0.053995489892423
1.845221833527175
q5:
-0.016606883160565
-0.047670781701472
-0.036619877825095
-1.163608054110205
q6:
0.005246288660094
0.025158946311536
-0.004586439542837
-0.518668559501214
q7:
0.024164011142118
0.041470102062419
-0.003832545953681
-0.147833165078694

q1:
-0.027750656665706
0.027552917318982
0.014438965437674
-1.455972833272882
q2:
0.010142611356166
0.024534798664695
-0.049634823940268
0.670112923221726
q3:
0.035442902257994
-0.040333481040903
-0.037518076248052
-2.671652613356466
q4:
-0.018698323815438
-0.008473952495986
-0.061538754646543
1.826068729583121
q5:
0.060369024953845
-0.064096498863923
-0.073469211538777
-1.181458494196208
q6:
-0.027138021793293
0.030348002731702
0.013714033353843
-0.517257897976052
q7:
-0.068041643633547
0.065370505810260
0.031392478702525
-0.143722947936204

q1:
-0.043694837613887
0.000104995089629
0.023557695346938
-1.449211876035437
q2:
0.013230000722854
0.034566763351521
-0.030149218039163
0.656778898872551
q3:
0.056643880421877
-0.005277228625723
-0.052555789010868
-2.687136256544954
q4:
-0.028996125117966
-0.026968294597075
-0.073223956112376
1.804188357014550
q5:
0.098224558933115
-0.004386045091392
-0.096047698757984
-1.210484855316180
q6:
-0.038096629920476
0.003506032085244
0.024875606045006
-0.510410166944620
q7:
-0.118360064978789
-0.001928865347285
0.052308995315772
-0.128705645460578

q1:
0.004322896157444
-0.043113171568471
0.009378029889671
-1.442999501852072
q2:
-0.003821284190708
0.047652436793762
-0.003041796900355
0.651070341365056
q3:
-0.002380483211743
0.050748718555189
-0.037563976573516
-2.703007367623654
q4:
0.005023462961755
-0.055648098350118
-0.100462330514360
1.776076018708764
q5:
-0.007079046473746
0.092766973198819
-0.066908774581959
-1.239108073377432
q6:
0.005990827143036
-0.034174998236100
0.014764140841329
-0.503192959487950
q7:
0.005263968776694
-0.118997729617217
0.012439863400202
-0.115910994822870

q1:
0.041428302399667
-0.038837434278199
-0.017640836522807
-1.444439075178821
q2:
-0.014255828227773
0.043872839339679
0.027133809291520
0.655110346869745
q3:
-0.047315773378490
0.048394204251210
-0.004876855357345
-2.709961018476324
q4:
0.027296254044591
-0.050679436802491
-0.135518196649524
1.737084970690969
q5:
-0.083817032145503
0.085765152686604
-0.008047273683977
-1.251337614608862
q6:
0.030064204861464
-0.028249525570988
-0.005817035492645
-0.501825392631243
q7:
0.103531727055517
-0.113791185954450
-0.064309936642821
-0.124556023101603

q1:
0.011803942872496
0.002138923004382
-0.029740224482175
-1.452992126929233
q2:
-0.003618085843140
0.029772529238027
0.051414464143807
0.668314361566831
q3:
-0.009710254499363
0.001594602945939
0.011604302894321
-2.708004155449727
q4:
0.004909612084213
-0.023680960074750
-0.160034594165415
1.687874418115800
q5:
-0.017652722658277
0.002862488164504
0.021172990936026
-1.247671938799598
q6:
0.000389588033489
0.001486706146533
-0.014640655957435
-0.505736533923335
q7:
0.024793020765943
-0.011388895921354
-0.105581430303693
-0.154417547253230

q1:
-0.017165506869682
0.013814095590997
-0.024480562593760
-1.462141856914705
q2:
0.005568217725907
0.026193913422267
0.069866430693626
0.688372165966482
q3:
0.026544047854810
-0.008009721504340
0.009489257745370
-2.704352915446600
q4:
-0.014265150455436
-0.018824907395092
-0.174048649864563
1.632713325962158
q5:
0.039345932579593
-0.014597659337502
0.017303940561413
-1.241012755001161
q6:
-0.020121798076460
0.001872044128748
-0.013533286169706
-0.510387946640879
q7:
-0.050489757231408
0.013133655527142
-0.105006188348815
-0.189576864381662

q1:
-0.006098651686701
-0.003164151203744
-0.020969308201841
-1.469326609754310
q2:
0.002189239844118
0.031701386954801
0.088954335787641
0.714453751536940
q3:
0.012227536503064
0.018244754919327
0.012863717247038
-2.701143705386935
q4:
-0.007316480031222
-0.032934438027378
-0.191113549203850
1.572772508601017
q5:
0.014214015397926
0.024319044886679
0.020509051918233
-1.235484382037102
q6:
-0.008261161305870
-0.018030243423242
-0.018860595512860
-0.515367465540531
q7:
-0.021957687213187
-0.036805304352651
-0.112810659234316
-0.224578913426099

q1:
0.016376569939625
-0.009196272144772
-0.025044502324019
-1.476802634684903
q2:
-0.007634534842281
0.033866744182438
0.110571949932283
0.747306128337069
q3:
-0.021374533343553
0.030338900115085
0.028881601088687
-2.694481158691997
q4:
0.012171413581696
-0.040171101912805
-0.215216224190189
1.505920765446325
q5:
-0.033368920192364
0.038377998298446
0.041180077065329
-1.225569724180348
q6:
0.016995577367548
-0.026201282969411
-0.033443595729590
-0.523841700093242
q7:
0.041189125630742
-0.058523453159877
-0.144240261711175
-0.266559907477928

q1:
0.019711243675072
0.007001644304603
-0.025768064472535
-1.485472461833487
q2:
-0.014584107502793
0.026315495174801
0.130413851877943
0.787169076212240
q3:
-0.034253594306697
0.009197543498916
0.041916646740819
-2.682427163573120
q4:
0.025491584301716
-0.028132467388363
-0.237735704008272
1.431034226260560
q5:
-0.044847829465769
0.005373102689998
0.055604682482125
-1.209016964015293
q6:
0.031149356894219
-0.009391111900417
-0.045178300462430
-0.537106945079551
q7:
0.063224767236225
-0.017783663445106
-0.169398486822151
-0.319000849777260

q1:
-0.000586361859939
0.026497856230492
-0.014723380659752
-1.492500621883975
q2:
-0.005779854429272
0.011890487026583
0.143010248434035
0.832503958154784
q3:
-0.004795015766486
-0.024682375233527
0.036811344641650
-2.668835181765669
q4:
0.008593245362867
-0.002918973097211
-0.247973269841091
1.350509052986723
q5:
-0.002608895389459
-0.038985477727055
0.044522784288089
-1.191707472532395
q6:
0.007996686152186
0.021418433827684
-0.041212928869441
-0.551906575080742
q7:
0.008710799171742
0.044751379057634
-0.160507312705050
-0.374518248449127

q1:
-0.014780043860960
0.025917891045389
0.002557932381509
-1.494495570555334
q2:
0.015370767092353
0.006173685554721
0.148965951394174
0.880739361782442
q3:
0.029348353178565
-0.029425081737105
0.018972280040423
-2.659553413652064
q4:
-0.029540511261811
0.005580527770789
-0.247095763330530
1.268743690218836
q5:
0.037083762322303
-0.041565912439538
0.017965235045285
-1.181359668309072
q6:
-0.021905955074163
0.029327883403664
-0.024482021854984
-0.562879581152395
q7:
-0.055735192308095
0.053367151329321
-0.128157930565351
-0.422260365636856

q1:
-0.004707475349327
0.011299084026549
0.014828256284014
-1.491364639418973
q2:
0.025250743440263
0.021376771551522
0.158049253615869
0.931074923679810
q3:
0.028146126023791
-0.000396892411397
0.009140065533281
-2.655445030552916
q4:
-0.047336724104887
-0.023637723368166
-0.253049166000211
1.186824894177649
q5:
0.028746234797939
-0.004886700251659
0.002649949406490
-1.178625792009488
q6:
-0.022606948567835
0.007660902384855
-0.012286931267738
-0.568548353559746
q7:
-0.056760017731591
-0.001760020699050
-0.111143215981795
-0.460710075624047

q1:
-0.000388174294444
0.006642962953760
0.020743694803583
-1.485416303714383
q2:
-0.013867728567834
0.046352052336073
0.180379241612750
0.986411879128686
q3:
0.008113746185150
0.027442184964862
0.018056816532726
-2.651466017462931
q4:
0.013604864859533
-0.070458046846455
-0.284072256301274
1.099129470441830
q5:
0.006799837018973
0.023545939257576
0.008801843963593
-1.177253086311223
q6:
-0.010761868688494
-0.014699424925877
-0.014607510820658
-0.572576766650203
q7:
-0.006116314429683
-0.057900838237207
-0.130813220382598
-0.499579142221114

q1:
-0.013079523121673
0.006259023287982
0.024997440570557
-1.477868991139886
q2:
-0.109262801315497
0.032635608079888
0.206421233895346
1.050423847913236
q3:
-0.035281663206933
0.035467417555265
0.038797921848453
-2.642238990570921
q4:
0.172252398160690
-0.057001598694480
-0.326095315194771
0.998300484585394
q5:
-0.027862776015473
0.030271596236342
0.026545322332497
-1.171548006092157
q6:
0.022886115147646
-0.025343891410497
-0.027809670873377
-0.579376332369952
q7:
0.107431935116850
-0.063950429236748
-0.170987214022496
-0.549220888043214

q1:
-0.016036623610514
-0.006677814126909
0.024859366500026
-1.469415799465757
q2:
-0.101351975323378
-0.075435235403079
0.192310326462730
1.118112026601281
q3:
-0.048878461125369
0.000570645219680
0.050679561939102
-2.626856549214261
q4:
0.169297343835964
0.113371682395369
-0.307510269417023
0.890764965420700
q5:
-0.038727659182535
0.002712777777401
0.037420170492179
-1.160504117167899
q6:
0.037881420777192
-0.002707442973551
-0.037058110815755
-0.590479785234178
q7:
0.123495476639690
0.042309521133375
-0.178122155845669
-0.608696116439525

q1:
0.007851419692023
-0.022539492752581
0.015226508959151
-1.462520342645296
q2:
0.073404690659319
-0.175681552813840
0.109517882347574
1.169684080159511
q3:
0.012384238734221
-0.047774596329777
0.035116562300379
-2.611837332761537
q4:
-0.113964291856083
0.280822146116762
-0.177545758683324
0.807770567324557
q5:
0.008594112023946
-0.035592397850416
0.026579859389318
-1.149259846526975
q6:
-0.007757659850970
0.034760725940617
-0.026490240552673
-0.601634433572145
q7:
-0.058221008176012
0.164457774391544
-0.109951605078665
-0.658397560510127

q1:
0.015109794274321
-0.014773724911744
0.002924454165580
-1.459668873821878
q2:
0.108846738779702
-0.103077640598077
0.017611821004493
1.189325877148857
q3:
0.035510405887990
-0.035525458381747
0.007652786686397
-2.605008784119736
q4:
-0.176501397149918
0.168101101080927
-0.029537124455720
0.775675399125408
q5:
0.026977923431733
-0.027092039775822
0.005912990256789
-1.144057447778283
q6:
-0.026754686289014
0.027087695106204
-0.006099003552994
-0.606867711225940
q7:
-0.110034398864431
0.106871904486542
-0.020495032163707
-0.678858226122007

q1:
0.005449890357028
0.000171235243221
-0.001889942428164
-1.459769089219607
q2:
0.036310213707201
0.004581679213122
-0.014861998991517
1.187828751483040
q3:
0.013668708233475
-0.000402438739807
-0.004192532122164
-2.605074678974356
q4:
-0.059739617289163
-0.006474826281905
0.023750568568928
0.777884230710844
q5:
0.010498946088144
-0.000408420963344
-0.003153828314185
-1.144086022748461
q6:
-0.010578355918214
0.000624878122160
0.003037747862903
-0.606892936148822
q7:
-0.039250923517598
-0.001962119117552
0.014093406164010
-0.677941813075339

q1:
-0.005450135779881
0.005561672250899
0.000000179800201
-1.460178270558504
q2:
-0.036309860149477
0.040495781498064
-0.000000096793405
1.184728113141844
q3:
-0.013667252990079
0.013117156312940
-0.000000528267749
-2.606010828830462
q4:
0.059739254954406
-0.065562738655188
0.000000001704819
0.782869953151569
q5:
-0.010500319668494
0.009975991167475
0.000000570589480
-1.144793963598747
q6:
0.010577875487564
-0.009838077549673
0.000000183930438
-0.606202583655231
q7:
0.039250943055720
-0.040784850742232
-0.000000140262489
-0.674915220462808

q1:
-0.015112242356666
0.000170992497708
0.001890221996105
-1.459768979455931
q2:
-0.108845730264239
0.004582028913853
0.014861920699979
1.187828700328890
q3:
-0.035504468439820
-0.000400999371794
0.004191950141938
-2.605074975157763
q4:
0.176501818587172
-0.006475184663919
-0.023750683316754
0.777884218849605
q5:
-0.026984526301981
-0.000409779559181
0.003154521568214
-1.144085695731713
q6:
0.026752496048489
0.000624402932572
-0.003037536670594
-0.606892832083923
q7:
0.110036494940178
-0.001962099792573
-0.014093680317601
-0.677941904863365

q1:
-0.007852938361734
-0.014776389033249
-0.002925132982886
-1.459668786006556
q2:
-0.073404464912087
-0.103076293383869
-0.017611339828318
1.189325874337993
q3:
-0.012382501137452
-0.035518146337725
-0.007650483352595
-2.605008902934019
q4:
0.113965045828131
0.168101159538669
0.029536910823771
0.775675325579508
q5:
-0.008596228888353
-0.027099929210596
-0.005915346050427
-1.144057276511540
q6:
0.007756698088319
0.027085053569623
0.006098187170130
-0.606867667678767
q7:
0.058222473405304
0.106873997020986
0.020495454283768
-0.678858331077661

q1:
0.016039222210010
-0.022543658976492
-0.015229439720643
-1.462520822650458
q2:
0.101350950195563
-0.175679982315098
-0.109516439210282
1.169684390523632
q3:
0.048870689546888
-0.047765565644587
-0.035108870818279
-2.611835835081638
q4:
-0.169298296083841
0.280822950321404
0.177545829468549
0.807770456720131
q5:
0.038737045206371
-0.035602381056530
-0.026588107738498
-1.149261385404918
q6:
-0.037879119945390
0.034757133133342
0.026487368725532
-0.601634980786935
q7:
-0.123498185512268
0.164461316170960
0.109953884814932
-0.658397246324370

q1:
0.013079610539671
-0.006679410099681
-0.024864197040303
-1.469417605474180
q2:
0.109262644678858
-0.075434678848938
-0.192308182042548
1.118112946738128
q3:
0.035280067921335
0.000571989107245
-0.050668449991803
-2.626851812558248
q4:
-0.172252680375703
0.113371544740292
0.307510559961620
0.890764931444321
q5:
0.027865510029683
0.002712078202136
-0.037431940922008
-1.160509124299818
q6:
-0.022885632239510
-0.002708760049008
0.037053620215155
-0.590481587362735
q7:
-0.107432548662404
0.042310383591550
0.178125887645725
-0.608694762720703

q1:
0.000386251699511
0.006257513779557
-0.025003294978574
-1.477872560112292
q2:
0.013868199051292
0.032636009706152
-0.206418773565988
1.050425529942847
q3:
-0.008110235534315
0.035467183560348
-0.038786443972911
-2.642230501430845
q4:
-0.013604529643165
-0.057002015485860
0.326095422940051
0.998300521323522
q5:
-0.006802967027423
0.030273600849677
-0.026556662495228
-1.171556871961168
q6:
0.010760735314140
-0.025344730845906
0.027804469277680
-0.579379740895637
q7:
0.006117509398402
-0.063950173630902
0.170991314444872
-0.549218232200240

q1:
0.004714330942971
0.006639551824164
-0.020751171531044
-1.485422035853208
q2:
-0.025253573854644
0.046352919313248
-0.180376363028682
0.986414432839472
q3:
-0.028157719052472
0.027445423322771
-0.018044348127810
-2.651453643722314
q4:
0.047336888735531
-0.070458132078373
0.284072198530994
1.099129509411504
q5:
-0.028735908317030
0.023544848008008
-0.008812882993058
-1.177265585269397
q6:
0.022612678602777
-0.014701385371556
0.014601386112650
-0.572582021990905
q7:
0.056755630979938
-0.057899400698665
0.130817879029547
-0.499575063871532

q1:
0.014799192074933
0.011302453702303
-0.014835746678681
-1.491372961710898
q2:
-0.015377575744710
0.021374838991564
-0.158046726351216
0.931078419254890
q3:
-0.029379513389089
-0.000405120612766
-0.009129242264632
-2.655428609479196
q4:
0.029540503615779
-0.023637645765410
0.253049105714619
1.186824910735967
q5:
-0.037057358914497
-0.004877577672836
-0.002658340531037
-1.178641679039791
q6:
0.021920733159303
0.007664609464645
0.012281382419705
-0.568555635945231
q7:
0.055723904216892
-0.001762922056688
0.111147392012024
-0.460704462284916

q1:
0.000592871521423
0.025940200045510
-0.002556956594553
-1.494505309888185
q2:
0.005779024469941
0.006165018618614
-0.148966918751255
0.880743236510473
q3:
0.004789199831149
-0.029464130219429
-0.018977043751126
-2.659535435308169
q4:
-0.008593305898752
0.005580597810924
0.247095751722352
1.268743695062584
q5:
0.002609795794176
-0.041530674490085
-0.017959000638085
-1.181376383994827
q6:
-0.007993514355299
0.029346207353120
0.024483736570532
-0.562887760397990
q7:
-0.008712459263477
0.053353085023293
0.128156512408287
-0.422254095394693

q1:
-0.019731553467538
0.026526603877608
0.014741189668584
-1.492507381218623
q2:
0.014592547195835
0.011880999185246
-0.143017201366225
0.832506542107208
q3:
0.034291263352549
-0.024727176204620
-0.036843753263055
-2.668823227008390
q4:
-0.025491623784847
-0.002918962932569
0.247973284676185
1.350509059447169
q5:
0.044812131830594
-0.038949349195482
-0.044493020568358
-1.191718270115861
q6:
-0.031166881744892
0.021439894972607
0.041227760610045
-0.551912083503683
q7:
-0.063211017052104
0.044735670769963
0.160496077954670
-0.374514034272326

q1:
-0.016401421174463
0.007010303720625
0.025798206476729
-1.485470952584196
q2:
0.007642365049104
0.026314354957127
-0.130424308848981
0.787168638937252
q3:
0.021412895205581
0.009190000638629
-0.041966312964812
-2.682429413723094
q4:
-0.012171402740078
-0.028132496276128
0.237735712670409
1.431034237301989
q5:
0.033338622318628
0.005373923015143
-0.055562736836300
-1.209015300750951
q6:
-0.017014028575835
-0.009386984425979
0.045201568693297
-0.537105858751327
q7:
-0.041176195149238
-0.017785771550665
0.169381378060912
-0.319001554375578

q1:
0.006095462273977
-0.009212192859208
0.025072250300129
-1.476791137049665
q2:
-0.002189277414886
0.033873348751150
-0.110580605323343
0.747302400108316
q3:
-0.012226457032965
0.030369300623786
-0.028923731215264
-2.694499228739226
q4:
0.007316498965606
-0.040171120077223
0.215216217339364
1.505920776592075
q5:
-0.014211598625561
0.038348851272113
-0.041147470647047
-1.225555228212219
q6:
0.008260352532268
-0.026215405417350
0.033463568647981
-0.523833154899040
q7:
0.021957920957077
-0.058512771843730
0.144225979511486
-0.266566018530479

q1:
0.017182479668989
-0.003183226537311
0.020985518086974
-1.469307808581017
q2:
-0.005573764621405
0.031707954362608
-0.088958648417958
0.714447886222744
q3:
-0.026571983381971
0.018276223122090
-0.012885449446927
-2.701172322384993
q4:
0.014265164494021
-0.032934437463969
0.191113536550025
1.572772516192168
q5:
-0.039322998878636
0.024292288267922
-0.020494876762332
-1.235462217503604
q6:
0.020135135267568
-0.018045165821797
0.018870992433377
-0.515353899431949
q7:
0.050481060776414
-0.036794391842549
0.112803496453706
-0.224588563839628

q1:
-0.011791531273442
0.013811807898925
0.024489729154076
-1.462119176609191
q2:
0.003613913835399
0.026194994446164
-0.069868221659187
0.688365393878825
q3:
0.009691788714650
-0.008005884077532
-0.009499349786175
-2.704386278044538
q4:
-0.004909616478502
-0.018824892946246
0.174048642160233
1.632713329945741
q5:
0.017667842235240
-0.014601732441129
-0.017299929871559
-1.240988003508574
q6:
-0.000380590916295
0.001870313424670
0.013538192612749
-0.510372096785734
q7:
-0.024800469370855
0.013135966452669
0.105003385294861
-0.189588001815747

q1:
-0.041422861848818
0.002148911512103
0.029751929978075
-1.452966228300885
q2:
0.014252494658275
0.029769483766995
-0.051416902781636
0.668306966993861
q3:
0.047308319134931
0.001580176032958
-0.011617886256629
-2.708041090012761
q4:
-0.027296274029206
-0.023680949972256
0.160034594555587
1.687874420972397
q5:
0.083826586473470
0.002873369696999
-0.021166735527805
-1.247645765884684
q6:
-0.030060341388484
0.001493874409280
0.014647355147093
-0.505718932116976
q7:
-0.103539355108153
-0.011393952343232
0.105577722067912
-0.154429624591671

q1:
-0.004323986080790
-0.038822064571093
0.017660902545293
-1.444408036553282
q2:
0.003820514162893
0.043866496665362
-0.027139343172422
0.655101697773525
q3:
0.002382047702323
0.048372404413691
0.004851328145175
-2.710004266785373
q4:
-0.005023460406503
-0.050679446466599
0.135518197184231
1.737084974058136
q5:
0.007080620152529
0.085785484318033
0.008063819977757
-1.251307854072359
q6:
-0.005990914399217
-0.028238535982239
0.005829721270918
-0.501804664472039
q7:
-0.005266192275426
-0.113803787213844
0.064300406723032
-0.124570146042511

q1:
0.043667018955465
-0.043098879894637
-0.009348184599772
-1.442960215891924
q2:
-0.013220417898909
0.047645332491933
0.003031829592166
0.651059150719464
q3:
-0.056605199583630
0.050728466141080
0.037524584861415
-2.703061345753184
q4:
0.028996136153547
-0.055648105486849
0.100462325509881
1.776076021293308
q5:
-0.098255092595010
0.092788861341626
0.066939240607367
-1.239070591130162
q6:
0.038078517479430
-0.034164094951647
-0.014744237049103
-0.503166857423880
q7:
0.118377968134868
-0.119012530118992
-0.012458427597613
-0.115929709193456

q1:
0.027733275674132
0.000091771581314
-0.023527497886104
-1.449162193635000
q2:
-0.010135235435676
0.034569137333740
0.030137691158934
0.656763993227508
q3:
-0.035418844160912
-0.005259222174367
0.052515656811653
-2.687204037194472
q4:
0.018698324772168
-0.026968290818613
0.073223950000686
1.804188357568863
q5:
-0.060390889807938
-0.004394357515986
0.096082640656548
-1.210436043537672
q6:
0.027126040828341
0.003499020518917
-0.024854419165106
-0.510376966587855
q7:
0.068055965088390
-0.001925958000140
-0.052331480650225
-0.128731447591763

q1:
-0.006939077885678
0.027522502429911
-0.014423155424221
-1.455915255159240
q2:
0.000859753567011
0.024544468102816
0.049627267739229
0.670094739590196
q3:
0.008340359262947
-0.040291678944433
0.037497662745818
-2.671730805971266
q4:
-0.005996908698820
-0.008473947771232
0.061538751338336
1.826068728567434
q5:
0.016615435390929
-0.064126437616929
0.073491542139999
-1.181399849335572
q6:
-0.005240162894371
0.030329140901858
-0.013701376854256
-0.517218903902001
q7:
-0.024167526351913
0.065387578378197
-0.031408376719519
-0.143755334131519

q1:
-0.021190579031795
0.020659123575712
0.001462180664905
-1.457927510558523
q2:
0.006715334829265
0.025394842540005
0.066092107126923
0.689155497241260
q3:
0.025816800800273
-0.032042305418900
0.013649367295119
-2.663448746841141
q4:
-0.016410435742262
-0.014405435647884
0.053995487956519
1.845221831742791
q5:
0.042839590767244
-0.047692261521173
0.036625255878709
-1.163544994767607
q6:
-0.022549851402572
0.025146143420881
0.004588656280029
-0.518627223364490
q7:
-0.055128353499225
0.041483697768304
0.003826759173631
-0.147869062990742

q1:
-0.026299054711059
-0.000300285503008
0.008174427884027
-1.455959215291569
q2:
0.009777023160157
0.032036919171133
0.085027184927444
0.713946951177844
q3:
0.030428700113668
-0.006507142445539
0.000939731150723
-2.661506368493711
q4:
-0.018591938129444
-0.030636848454776
0.039145183379642
1.860869989634094
q5:
0.042436559742396
-0.005320011744117
0.019147270026395
-1.155118622949594
q6:
-0.029476110911172
0.002842290397246
0.013816358096430
-0.515189112818954
q7:
-0.056534908589595
-0.013043255510930
0.013203486802729
-0.144073805273522

q1:
-0.013961196973687
-0.026312441435402
-0.000599707542940
-1.454239280163777
q2:
0.004622366191522
0.041707283896816
0.109340425211665
0.745812962290617
q3:
0.015232988700778
0.023589608212345
0.006571768348991
-2.660813362442279
q4:
-0.009782629371046
-0.049025965440990
0.012880595040673
1.869779510163917
q5:
0.017376347301345
0.036653603710181
0.029477860347328
-1.147863266524294
q6:
-0.017621128982564
-0.026312262940351
0.006078379270097
-0.511381311736793
q7:
-0.024982191817008
-0.068961419643186
-0.013833206096569
-0.143164561948992

q1:
0.028305357050242
-0.040121334442103
-0.022502722135281
-1.457797509369574
q2:
-0.016102665507642
0.046279224275339
0.138349310330243
0.786561411517394
q3:
-0.033114993558245
0.038656418854570
0.027094094848629
-2.655536556519762
q4:
0.018428573486147
-0.058701875218898
-0.022636947576890
1.868346485610903
q5:
-0.046481760500483
0.053840390859148
0.059313456132610
-1.133537520091759
q6:
0.027540340760871
-0.043741161424923
-0.017018022460031
-0.512868941530483
q7:
0.060598501047928
-0.093671078458554
-0.067452647894961
-0.156116754788736

q1:
0.042346045729949
-0.012124763105137
-0.039728102175099
-1.468563371447209
q2:
-0.026258631786710
0.030352224209599
0.163614466679217
0.836628227031477
q3:
-0.048757714392642
0.005902679771505
0.041785094638074
-2.643588537420950
q4:
0.030260939739064
-0.040474340716235
-0.055335045436716
1.855162698256288
q5:
-0.063304512090896
0.007865704109578
0.079657768655633
-1.109795415469309
q6:
0.049641947812519
-0.016501260745080
-0.036879766496687
-0.522247406994225
q7:
0.086086580074461
-0.033733651967511
-0.109457601441495
-0.186366008639931

q1:
0.012164614773649
0.029759325762304
-0.033914040305099
-1.481461967773732
q2:
-0.011762381774219
0.004380050224198
0.175065592310724
0.892929651220560
q3:
-0.012465653455998
-0.042323132282308
0.029777381810270
-2.630917879906651
q4:
0.009331336224084
-0.010543520319779
-0.072155479620711
1.833603831213773
q5:
-0.013471285037318
-0.054748213303963
0.064200747442454
-1.084946200629234
q6:
0.018610833811352
0.032599138545849
-0.031572344967221
-0.534421170172345
q7:
0.022507134860051
0.051413801778867
-0.103628509624902
-0.223035520531666

q1:
-0.018095711529281
0.041791235647513
-0.010324037028165
-1.488972526079628
q2:
0.005682934950143
-0.007254014657939
0.174118054945903
0.950702817058186
q3:
0.024038745225272
-0.054652796791514
-0.002195288138918
-2.626147640945255
q4:
-0.013294071520880
-0.001313980490867
-0.076064861706161
1.809002723884491
q5:
0.031032128634221
-0.068072538868147
0.023707117635406
-1.070213329696156
q6:
-0.021460919544330
0.051006945079259
-0.004007672547791
-0.540619970527330
q7:
-0.037660141569979
0.073675404258627
-0.062386977452540
-0.250806228410062

q1:
-0.027259509083133
0.023892931880369
0.011331833962846
-1.488482134404737
q2:
0.006433040711937
-0.001633075361797
0.171188008296971
1.007524165623161
q3:
0.035322677486927
-0.030876292423245
-0.030393969673966
-2.631950682086072
q4:
-0.013659583528025
-0.014463025776974
-0.081266492863558
1.783305105536187
q5:
0.040476746737417
-0.037378942546299
-0.011059916236994
-1.068684523831170
q6:
-0.037774702384763
0.029780144657231
0.022627586128967
-0.537165946792951
q7:
-0.051944403617677
0.036426100596683
-0.026086844942667
-0.264716170192573

q1:
-0.011989527933897
-0.003069200740039
0.018197355017598
-1.483125827960556
q2:
-0.007388866581789
0.004729786724192
0.172208984649179
1.064017365663023
q3:
0.016689626477617
0.004061046763826
-0.039234874909557
-2.644061840280391
q4:
0.004873515305320
-0.027973595666512
-0.095257718357653
1.754450123475234
q5:
0.016938015806881
0.002656239681257
-0.022507886151287
-1.074943429858649
q6:
-0.018186319817545
-0.007582470065154
0.029946092176295
-0.527822368972878
q7:
-0.018581866150183
-0.014951636799711
-0.019006779302938
-0.271218991696976

q1:
0.014187352188486
-0.014927933823748
0.012263754288689
-1.477889519348751
q2:
-0.000062750299944
-0.002578474040342
0.172918265921915
1.121043471435627
q3:
-0.016526463816901
0.020568604588960
-0.031114553493850
-2.655957899137889
q4:
0.000335268775889
-0.023153245982704
-0.112114083119577
1.720177867459199
q5:
-0.018032170828405
0.019409477133881
-0.015232886183144
-1.081468452069909
q6:
0.020205158975953
-0.025570393666508
0.019015693467189
-0.519425211302865
q7:
0.024591511090832
-0.033330791682802
-0.034925349663234
-0.279776652137786

q1:
0.017354813991456
-0.000895352750046
0.007046864654662
-1.474960416883001
q2:
0.046581525151673
-0.002640539791559
0.171197572876730
1.177771570499425
q3:
-0.022424053885292
0.004222429468243
-0.022941024689536
-2.664572740842921
q4:
-0.050986560210248
-0.022821634684370
-0.127271861957691
1.680709449422759
q5:
-0.022704485049201
0.001574020896332
-0.008314690468940
-1.085027115114391
q6:
0.027181562250840
-0.005585654606656
0.008743638763794
-0.515211184606007
q7:
0.011717033745826
-0.009007551622052
-0.048884173152835
-0.294033181394580

q1:
-0.008444456495446
0.016270135997867
0.012115884101217
-1.472112448485589
q2:
0.017468318795994
0.043432823267551
0.184646665125785
1.235597257510318
q3:
0.009668182348441
-0.017956998374665
-0.027469270438077
-2.672480983974940
q4:
-0.019485541014296
-0.073251977874143
-0.158947040886074
1.634440327443237
q5:
0.008321079925374
-0.020882778861424
-0.014680729458644
-1.088411032548605
q6:
-0.006877711863799
0.021299381510539
0.013924406906650
-0.511961459271878
q7:
-0.018770036463821
0.002581659937456
-0.051002770168847
-0.310709350717427

q1:
-0.026919631049304
0.007917800846008
0.020090573581864
-1.466651946134533
q2:
-0.214748666027520
0.060710578585771
0.218982429130760
1.301821886541001
q3:
0.040268496677542
-0.008394287106388
-0.036157209408800
-2.683142957372771
q4:
0.240619855194583
-0.092524949350102
-0.213603191437584
1.573375148409599
q5:
0.036323961786466
-0.012652474353417
-0.025737200821598
-1.095222972925313
q6:
-0.038816788102171
0.014496699230708
0.025726266254068
-0.505301863846696
q7:
0.046724715564720
-0.015983612492216
-0.055421353314174
-0.327916865088614

q1:
-0.012870200906354
-0.018708161500941
0.016533024371996
-1.460132227410121
q2:
-0.272793412085881
-0.151695374721452
0.188985017556329
1.372922793099736
q3:
0.024019574668559
0.031434916880127
-0.028560783592488
-2.694533193483259
q4:
0.307345247658983
0.145469961969635
-0.196147381216356
1.501516709222647
q5:
0.021120401661338
0.023275226031742
-0.022234911783410
-1.103781993725065
q6:
-0.021066653781441
-0.023896633001258
0.022627136574565
-0.496635318863265
q7:
0.094417337827137
0.030231378902709
-0.050723907903684
-0.346252012875630

coefs_qdot:
qdot1:
0.038640200734984
-0.062905300798471
0.000000000000000
qdot2:
0.818370474457861
-0.843012346802748
0.000000000000000
qdot3:
-0.072055103428453
0.110391426722306
-0.000000000000000
qdot4:
-0.922070557949409
0.898947868415322
-0.000000000000000
qdot5:
-0.063339750739619
0.088323507533632
0.000000000000000
qdot6:
0.063203180819176
-0.089474447474111
-0.000000000000000
qdot7:
-0.283328107882785
0.247295512691471
-0.000000000000000

qdot1:
0.080778592452433
-0.037426186616857
-0.016539493683012
qdot2:
0.644233287133001
-0.303383815766282
-0.188981670435625
qdot3:
-0.120807203966216
0.062878728219180
0.028563322511567
qdot4:
-0.721875711340710
0.290940130809882
0.196151233811674
qdot5:
-0.108971765273298
0.046557659773204
0.022234956065127
qdot6:
0.116456252593739
-0.047798653091527
-0.022629262638699
qdot7:
-0.140216381682989
0.060470675493607
0.050734789809905

qdot1:
0.025330229723043
0.015838727679052
-0.020098153580638
qdot2:
-0.052407824671703
0.121419709325063
-0.218978177679269
qdot3:
-0.029009660116286
-0.016780809911272
0.036162494499295
qdot4:
0.058467050522098
-0.185060338243880
0.213605357192251
qdot5:
-0.024973417089285
-0.025297661813069
0.025739634516737
qdot6:
0.020636871811388
0.028991894073316
-0.025729528367762
qdot7:
0.056325606138657
-0.031987156791905
0.055430254711034

qdot1:
-0.052068326451219
0.032541327641883
-0.012122774764096
qdot2:
-0.139739413178183
0.086862307359721
-0.184643202807595
qdot3:
0.067270680525967
-0.035909603975829
0.027476559603967
qdot4:
0.152967241522098
-0.146507519475369
0.158946898222774
qdot5:
0.068109696832866
-0.041764981687701
0.014684459345701
qdot6:
-0.081543291031963
0.042599722273795
-0.013927758885087
qdot7:
-0.035135964405611
0.005153606528616
0.051006784607025

qdot1:
-0.042567932058759
-0.001792211254437
-0.007053829517196
qdot2:
0.000194803901449
-0.005281014784441
-0.171194650334579
qdot3:
0.049589028837615
0.008448275061900
0.022949601140579
qdot4:
-0.001006234945932
-0.045641847489887
0.127271366213956
qdot5:
0.054087925679173
0.003146139617849
0.008318201743883
qdot6:
-0.060620751927888
-0.011169429630918
-0.008746522764564
qdot7:
-0.073768371810985
-0.018014835455206
0.048886630505187

qdot1:
0.035962711185933
-0.029861247666516
-0.012271854260529
qdot2:
0.022164431947357
-0.005152562272455
-0.172914609703958
qdot3:
-0.050062150684032
0.041146980137856
0.031125303815933
qdot4:
-0.014622391530121
-0.046305352714841
0.112114009574146
qdot5:
-0.050816579818137
0.038811390005087
0.015234836930209
qdot6:
0.054554233762567
-0.051142386053672
-0.019018531168327
qdot7:
0.055744137971033
-0.066657252746329
0.034928565056206

qdot1:
0.081801381119626
-0.006147653866337
-0.018207867119278
qdot2:
-0.019319169667078
0.009462529823742
-0.172204118083383
qdot3:
-0.106004987353476
0.008136301383779
0.039249578103136
qdot4:
0.040978425060457
-0.055947269069248
0.095257819801253
qdot5:
-0.121385837872104
0.005303245252278
0.022507067712030
qdot6:
0.113344815265888
-0.015169654942354
-0.029949970653732
qdot7:
0.155803734780197
-0.029899906011489
0.019011263733705

qdot1:
0.054349224229142
0.047791681077999
-0.011342912330446
qdot2:
-0.017079410364956
-0.003276413568853
-0.171184346191668
qdot3:
-0.072204190092813
-0.061762744822636
0.030409340154428
qdot4:
0.039882592673383
-0.028926343938473
0.081266533293313
qdot5:
-0.093008213794581
-0.074737840568844
0.011060879878026
qdot6:
0.064432383255462
0.059569229305700
-0.022630768092017
qdot7:
0.112924845894792
0.072836132437516
0.026089235605147

qdot1:
-0.036466135204114
0.083629230145458
0.010321625762148
qdot2:
0.035285208433131
-0.014538473251928
-0.174121103291821
qdot3:
0.037363197361153
-0.109373750168685
0.002197748252827
qdot4:
-0.027993835330074
-0.002628004042327
0.076064846838297
qdot5:
0.040429654551518
-0.136066893058848
-0.023689961059388
qdot6:
-0.055817100878101
0.102055552325060
0.004012832273781
qdot7:
-0.067530325514383
0.147298091427537
0.062378028872599

qdot1:
-0.127129665184112
0.059583681598745
0.033930057273920
qdot2:
0.078829488169089
0.008728379339132
-0.175078888470173
qdot3:
0.146404941097983
-0.084736684272361
-0.029801062758061
qdot4:
-0.090782900931649
-0.021086969399370
0.072155469398211
qdot5:
0.189761142143320
-0.109407823875786
-0.064156096214674
qdot6:
-0.149006333962150
0.065250094291499
0.031592914625118
qdot7:
-0.258162493705214
0.102769004058052
0.103601210673860

qdot1:
-0.085016001491268
-0.024244849140842
0.039755610260920
qdot2:
0.048352439533440
0.060708066083356
-0.163632395649011
qdot3:
0.099482982850887
0.011801846584978
-0.041824260243497
qdot4:
-0.055285785974996
-0.080948664074300
0.055335049819521
qdot5:
0.139310671333469
0.015719523185994
-0.079600470631415
qdot6:
-0.082699487931237
-0.033003779254454
0.036908670800922
qdot7:
-0.181710631666446
-0.067461779669995
0.109421553118437

qdot1:
0.041905747395305
-0.080303885275691
0.022520909799528
qdot2:
-0.013884094329403
0.092591371666619
-0.138361215607802
qdot3:
-0.045731713701076
0.077400322549685
-0.027119417816449
qdot4:
0.029347914112935
-0.117403776280844
0.022636950560975
qdot5:
-0.052081131266682
0.107580135556186
-0.059274708705431
qdot6:
0.052885841378991
-0.087535320387295
0.017037982859979
qdot7:
0.074915826877897
-0.187280668914296
0.067427646442723

qdot1:
0.078967021255020
-0.052671489417453
0.000600120759203
qdot2:
-0.029364475305822
0.083436284011837
-0.109343323277777
qdot3:
-0.091383395416452
0.047245107697096
-0.006571807496979
qdot4:
0.055775836885051
-0.098051939580920
-0.012880597750783
qdot5:
-0.127209982582340
0.073238153242155
-0.029467087764128
qdot6:
0.088483322966546
-0.052662717102238
-0.006073451198902
qdot7:
0.169542102112441
-0.137881626706325
0.013825134679808

qdot1:
0.063633421915341
-0.000601114189899
-0.008181787229403
qdot2:
-0.020168289260533
0.064073526961695
-0.085026554438504
qdot3:
-0.077535953281973
-0.013012549401754
-0.000928622129505
qdot4:
0.049231299628330
-0.061273690774292
-0.039145186512370
qdot5:
-0.128448595050390
-0.010643338303050
-0.019148427362045
qdot6:
0.067691314944078
0.005682649799340
-0.013818044111865
qdot7:
0.165343946482606
-0.026086592101270
-0.013204777753930

qdot1:
0.020848623641620
0.041358378563975
-0.001463013950767
qdot2:
-0.002585831964930
0.050774679255355
-0.066094001656056
qdot3:
-0.025064948300827
-0.064139287081019
-0.013646985476968
qdot4:
0.017990710059929
-0.028810870170883
-0.053995489892423
qdot5:
-0.049820649481696
-0.095341563402945
-0.036619877825095
qdot6:
0.015738865980281
0.050317892623072
-0.004586439542837
qdot7:
0.072492033426355
0.082940204124838
-0.003832545953681

qdot1:
-0.083251969997118
0.055105834637965
0.014438965437674
qdot2:
0.030427834068498
0.049069597329390
-0.049634823940268
qdot3:
0.106328706773983
-0.080666962081807
-0.037518076248052
qdot4:
-0.056094971446315
-0.016947904991972
-0.061538754646543
qdot5:
0.181107074861534
-0.128192997727845
-0.073469211538777
qdot6:
-0.081414065379879
0.060696005463403
0.013714033353843
qdot7:
-0.204124930900641
0.130741011620521
0.031392478702525

qdot1:
-0.131084512841661
0.000209990179258
0.023557695346938
qdot2:
0.039690002168561
0.069133526703042
-0.030149218039163
qdot3:
0.169931641265631
-0.010554457251446
-0.052555789010868
qdot4:
-0.086988375353898
-0.053936589194149
-0.073223956112376
qdot5:
0.294673676799346
-0.008772090182783
-0.096047698757984
qdot6:
-0.114289889761428
0.007012064170488
0.024875606045006
qdot7:
-0.355080194936366
-0.003857730694571
0.052308995315772

qdot1:
0.012968688472331
-0.086226343136942
0.009378029889671
qdot2:
-0.011463852572125
0.095304873587524
-0.003041796900355
qdot3:
-0.007141449635229
0.101497437110378
-0.037563976573516
qdot4:
0.015070388885264
-0.111296196700236
-0.100462330514360
qdot5:
-0.021237139421239
0.185533946397637
-0.066908774581959
qdot6:
0.017972481429109
-0.068349996472201
0.014764140841329
qdot7:
0.015791906330083
-0.237995459234433
0.012439863400202

qdot1:
0.124284907199002
-0.077674868556398
-0.017640836522807
qdot2:
-0.042767484683318
0.087745678679359
0.027133809291520
qdot3:
-0.141947320135471
0.096788408502421
-0.004876855357345
qdot4:
0.081888762133773
-0.101358873604982
-0.135518196649524
qdot5:
-0.251451096436510
0.171530305373208
-0.008047273683977
qdot6:
0.090192614584391
-0.056499051141976
-0.005817035492645
qdot7:
0.310595181166551
-0.227582371908899
-0.064309936642821

qdot1:
0.035411828617489
0.004277846008763
-0.029740224482175
qdot2:
-0.010854257529419
0.059545058476055
0.051414464143807
qdot3:
-0.029130763498089
0.003189205891878
0.011604302894321
qdot4:
0.014728836252639
-0.047361920149499
-0.160034594165415
qdot5:
-0.052958167974832
0.005724976329008
0.021172990936026
qdot6:
0.001168764100468
0.002973412293066
-0.014640655957435
qdot7:
0.074379062297828
-0.022777791842709
-0.105581430303693

qdot1:
-0.051496520609047
0.027628191181993
-0.024480562593760
qdot2:
0.016704653177721
0.052387826844535
0.069866430693626
qdot3:
0.079632143564431
-0.016019443008680
0.009489257745370
qdot4:
-0.042795451366308
-0.037649814790184
-0.174048649864563
qdot5:
0.118037797738780
-0.029195318675003
0.017303940561413
qdot6:
-0.060365394229380
0.003744088257496
-0.013533286169706
qdot7:
-0.151469271694223
0.026267311054284
-0.105006188348815

qdot1:
-0.018295955060104
-0.006328302407488
-0.020969308201841
qdot2:
0.006567719532355
0.063402773909602
0.088954335787641
qdot3:
0.036682609509191
0.036489509838654
0.012863717247038
qdot4:
-0.021949440093666
-0.065868876054755
-0.191113549203850
qdot5:
0.042642046193777
0.048638089773358
0.020509051918233
qdot6:
-0.024783483917609
-0.036060486846483
-0.018860595512860
qdot7:
-0.065873061639562
-0.073610608705302
-0.112810659234316

qdot1:
0.049129709818876
-0.018392544289545
-0.025044502324019
qdot2:
-0.022903604526842
0.067733488364876
0.110571949932283
qdot3:
-0.064123600030659
0.060677800230170
0.028881601088687
qdot4:
0.036514240745089
-0.080342203825609
-0.215216224190189
qdot5:
-0.100106760577092
0.076755996596892
0.041180077065329
qdot6:
0.050986732102645
-0.052402565938822
-0.033443595729590
qdot7:
0.123567376892226
-0.117046906319753
-0.144240261711175

qdot1:
0.059133731025216
0.014003288609205
-0.025768064472535
qdot2:
-0.043752322508380
0.052630990349601
0.130413851877943
qdot3:
-0.102760782920090
0.018395086997832
0.041916646740819
qdot4:
0.076474752905148
-0.056264934776726
-0.237735704008272
qdot5:
-0.134543488397308
0.010746205379996
0.055604682482125
qdot6:
0.093448070682658
-0.018782223800835
-0.045178300462430
qdot7:
0.189674301708674
-0.035567326890211
-0.169398486822151

qdot1:
-0.001759085579817
0.052995712460985
-0.014723380659752
qdot2:
-0.017339563287816
0.023780974053166
0.143010248434035
qdot3:
-0.014385047299457
-0.049364750467053
0.036811344641650
qdot4:
0.025779736088601
-0.005837946194421
-0.247973269841091
qdot5:
-0.007826686168378
-0.077970955454109
0.044522784288089
qdot6:
0.023990058456557
0.042836867655368
-0.041212928869441
qdot7:
0.026132397515225
0.089502758115268
-0.160507312705050

qdot1:
-0.044340131582879
0.051835782090778
0.002557932381509
qdot2:
0.046112301277060
0.012347371109442
0.148965951394174
qdot3:
0.088045059535694
-0.058850163474210
0.018972280040423
qdot4:
-0.088621533785432
0.011161055541578
-0.247095763330530
qdot5:
0.111251286966910
-0.083131824879076
0.017965235045285
qdot6:
-0.065717865222490
0.058655766807328
-0.024482021854984
qdot7:
-0.167205576924284
0.106734302658641
-0.128157930565351

qdot1:
-0.014122426047981
0.022598168053097
0.014828256284014
qdot2:
0.075752230320788
0.042753543103044
0.158049253615869
qdot3:
0.084438378071372
-0.000793784822794
0.009140065533281
qdot4:
-0.142010172314660
-0.047275446736332
-0.253049166000211
qdot5:
0.086238704393817
-0.009773400503318
0.002649949406490
qdot6:
-0.067820845703506
0.015321804769709
-0.012286931267738
qdot7:
-0.170280053194773
-0.003520041398101
-0.111143215981795

qdot1:
-0.001164522883333
0.013285925907519
0.020743694803583
qdot2:
-0.041603185703503
0.092704104672146
0.180379241612750
qdot3:
0.024341238555450
0.054884369929724
0.018056816532726
qdot4:
0.040814594578600
-0.140916093692910
-0.284072256301274
qdot5:
0.020399511056919
0.047091878515151
0.008801843963593
qdot6:
-0.032285606065481
-0.029398849851755
-0.014607510820658
qdot7:
-0.018348943289050
-0.115801676474414
-0.130813220382598

qdot1:
-0.039238569365018
0.012518046575964
0.024997440570557
qdot2:
-0.327788403946491
0.065271216159775
0.206421233895346
qdot3:
-0.105844989620798
0.070934835110530
0.038797921848453
qdot4:
0.516757194482069
-0.114003197388960
-0.326095315194771
qdot5:
-0.083588328046418
0.060543192472684
0.026545322332497
qdot6:
0.068658345442939
-0.050687782820994
-0.027809670873377
qdot7:
0.322295805350551
-0.127900858473497
-0.170987214022496

qdot1:
-0.048109870831541
-0.013355628253818
0.024859366500026
qdot2:
-0.304055925970133
-0.150870470806157
0.192310326462730
qdot3:
-0.146635383376107
0.001141290439360
0.050679561939102
qdot4:
0.507892031507892
0.226743364790738
-0.307510269417023
qdot5:
-0.116182977547604
0.005425555554802
0.037420170492179
qdot6:
0.113644262331576
-0.005414885947103
-0.037058110815755
qdot7:
0.370486429919070
0.084619042266749
-0.178122155845669

qdot1:
0.023554259076068
-0.045078985505162
0.015226508959151
qdot2:
0.220214071977956
-0.351363105627680
0.109517882347574
qdot3:
0.037152716202664
-0.095549192659554
0.035116562300379
qdot4:
-0.341892875568248
0.561644292233525
-0.177545758683324
qdot5:
0.025782336071837
-0.071184795700832
0.026579859389318
qdot6:
-0.023272979552909
0.069521451881235
-0.026490240552673
qdot7:
-0.174663024528035
0.328915548783087
-0.109951605078665

qdot1:
0.045329382822964
-0.029547449823489
0.002924454165580
qdot2:
0.326540216339106
-0.206155281196153
0.017611821004493
qdot3:
0.106531217663970
-0.071050916763494
0.007652786686397
qdot4:
-0.529504191449753
0.336202202161853
-0.029537124455720
qdot5:
0.080933770295198
-0.054184079551645
0.005912990256789
qdot6:
-0.080264058867041
0.054175390212407
-0.006099003552994
qdot7:
-0.330103196593293
0.213743808973084
-0.020495032163707

qdot1:
0.016349671071083
0.000342470486442
-0.001889942428164
qdot2:
0.108930641121604
0.009163358426244
-0.014861998991517
qdot3:
0.041006124700425
-0.000804877479614
-0.004192532122164
qdot4:
-0.179218851867490
-0.012949652563810
0.023750568568928
qdot5:
0.031496838264433
-0.000816841926689
-0.003153828314185
qdot6:
-0.031735067754641
0.001249756244321
0.003037747862903
qdot7:
-0.117752770552795
-0.003924238235104
0.014093406164010

qdot1:
-0.016350407339644
0.011123344501799
0.000000179800201
qdot2:
-0.108929580448431
0.080991562996127
-0.000000096793405
qdot3:
-0.041001758970238
0.026234312625879
-0.000000528267749
qdot4:
0.179217764863219
-0.131125477310375
0.000000001704819
qdot5:
-0.031500959005482
0.019951982334950
0.000000570589480
qdot6:
0.031733626462690
-0.019676155099346
0.000000183930438
qdot7:
0.117752829167160
-0.081569701484463
-0.000000140262489

qdot1:
-0.045336727069998
0.000341984995415
0.001890221996105
qdot2:
-0.326537190792717
0.009164057827706
0.014861920699979
qdot3:
-0.106513405319459
-0.000801998743587
0.004191950141938
qdot4:
0.529505455761517
-0.012950369327839
-0.023750683316754
qdot5:
-0.080953578905944
-0.000819559118362
0.003154521568214
qdot6:
0.080257488145466
0.001248805865144
-0.003037536670594
qdot7:
0.330109484820533
-0.003924199585147
-0.014093680317601

qdot1:
-0.023558815085201
-0.029552778066499
-0.002925132982886
qdot2:
-0.220213394736260
-0.206152586767739
-0.017611339828318
qdot3:
-0.037147503412356
-0.071036292675450
-0.007650483352595
qdot4:
0.341895137484394
0.336202319077339
0.029536910823771
qdot5:
-0.025788686665059
-0.054199858421191
-0.005915346050427
qdot6:
0.023270094264957
0.054170107139246
0.006098187170130
qdot7:
0.174667420215911
0.213747994041973
0.020495454283768

qdot1:
0.048117666630030
-0.045087317952983
-0.015229439720643
qdot2:
0.304052850586690
-0.351359964630195
-0.109516439210282
qdot3:
0.146612068640665
-0.095531131289174
-0.035108870818279
qdot4:
-0.507894888251523
0.561645900642808
0.177545829468549
qdot5:
0.116211135619114
-0.071204762113061
-0.026588107738498
qdot6:
-0.113637359836169
0.069514266266684
0.026487368725532
qdot7:
-0.370494556536804
0.328922632341920
0.109953884814932

qdot1:
0.039238831619014
-0.013358820199363
-0.024864197040303
qdot2:
0.327787934036573
-0.150869357697876
-0.192308182042548
qdot3:
0.105840203764004
0.001143978214491
-0.050668449991803
qdot4:
-0.516758041127109
0.226743089480584
0.307510559961620
qdot5:
0.083596530089048
0.005424156404272
-0.037431940922008
qdot6:
-0.068656896718530
-0.005417520098016
0.037053620215155
qdot7:
-0.322297645987212
0.084620767183101
0.178125887645725

qdot1:
0.001158755098532
0.012515027559115
-0.025003294978574
qdot2:
0.041604597153876
0.065272019412304
-0.206418773565988
qdot3:
-0.024330706602946
0.070934367120696
-0.038786443972911
qdot4:
-0.040813588929495
-0.114004030971721
0.326095422940051
qdot5:
-0.020408901082268
0.060547201699355
-0.026556662495228
qdot6:
0.032282205942420
-0.050689461691811
0.027804469277680
qdot7:
0.018352528195205
-0.127900347261804
0.170991314444872

qdot1:
0.014142992828914
0.013279103648328
-0.020751171531044
qdot2:
-0.075760721563932
0.092705838626497
-0.180376363028682
qdot3:
-0.084473157157417
0.054890846645541
-0.018044348127810
qdot4:
0.142010666206594
-0.140916264156746
0.284072198530994
qdot5:
-0.086207724951090
0.047089696016017
-0.008812882993058
qdot6:
0.067838035808330
-0.029402770743112
0.014601386112650
qdot7:
0.170266892939814
-0.115798801397329
0.130817879029547

qdot1:
0.044397576224799
0.022604907404606
-0.014835746678681
qdot2:
-0.046132727234131
0.042749677983127
-0.158046726351216
qdot3:
-0.088138540167266
-0.000810241225532
-0.009129242264632
qdot4:
0.088621510847337
-0.047275291530820
0.253049105714619
qdot5:
-0.111172076743490
-0.009755155345673
-0.002658340531037
qdot6:
0.065762199477910
0.015329218929290
0.012281382419705
qdot7:
0.167171712650677
-0.003525844113377
0.111147392012024

qdot1:
0.001778614564269
0.051880400091020
-0.002556956594553
qdot2:
0.017337073409822
0.012330037237227
-0.148966918751255
qdot3:
0.014367599493447
-0.058928260438858
-0.018977043751126
qdot4:
-0.025779917696257
0.011161195621849
0.247095751722352
qdot5:
0.007829387382527
-0.083061348980170
-0.017959000638085
qdot6:
-0.023980543065896
0.058692414706240
0.024483736570532
qdot7:
-0.026137377790432
0.106706170046587
0.128156512408287

qdot1:
-0.059194660402614
0.053053207755217
0.014741189668584
qdot2:
0.043777641587506
0.023761998370492
-0.143017201366225
qdot3:
0.102873790057646
-0.049454352409240
-0.036843753263055
qdot4:
-0.076474871354542
-0.005837925865138
0.247973284676185
qdot5:
0.134436395491781
-0.077898698390964
-0.044493020568358
qdot6:
-0.093500645234677
0.042879789945213
0.041227760610045
qdot7:
-0.189633051156312
0.089471341539926
0.160496077954670

qdot1:
-0.049204263523390
0.014020607441250
0.025798206476729
qdot2:
0.022927095147311
0.052628709914254
-0.130424308848981
qdot3:
0.064238685616743
0.018380001277258
-0.041966312964812
qdot4:
-0.036514208220234
-0.056264992552255
0.237735712670409
qdot5:
0.100015866955884
0.010747846030285
-0.055562736836300
qdot6:
-0.051042085727504
-0.018773968851957
0.045201568693297
qdot7:
-0.123528585447714
-0.035571543101330
0.169381378060912

qdot1:
0.018286386821930
-0.018424385718417
0.025072250300129
qdot2:
-0.006567832244657
0.067746697502300
-0.110580605323343
qdot3:
-0.036679371098894
0.060738601247572
-0.028923731215264
qdot4:
0.021949496896819
-0.080342240154447
0.215216217339364
qdot5:
-0.042634795876682
0.076697702544227
-0.041147470647047
qdot6:
0.024781057596805
-0.052430810834700
0.033463568647981
qdot7:
0.065873762871230
-0.117025543687460
0.144225979511486

qdot1:
0.051547439006966
-0.006366453074622
0.020985518086974
qdot2:
-0.016721293864215
0.063415908725217
-0.088958648417958
qdot3:
-0.079715950145912
0.036552446244180
-0.012885449446927
qdot4:
0.042795493482062
-0.065868874927938
0.191113536550025
qdot5:
-0.117968996635909
0.048584576535845
-0.020494876762332
qdot6:
0.060405405802704
-0.036090331643594
0.018870992433377
qdot7:
0.151443182329242
-0.073588783685097
0.112803496453706

qdot1:
-0.035374593820325
0.027623615797851
0.024489729154076
qdot2:
0.010841741506197
0.052389988892328
-0.069868221659187
qdot3:
0.029075366143950
-0.016011768155065
-0.009499349786175
qdot4:
-0.014728849435507
-0.037649785892493
0.174048642160233
qdot5:
0.053003526705719
-0.029203464882259
-0.017299929871559
qdot6:
-0.001141772748886
0.003740626849341
0.013538192612749
qdot7:
-0.074401408112566
0.026271932905338
0.105003385294861

qdot1:
-0.124268585546454
0.004297823024206
0.029751929978075
qdot2:
0.042757483974826
0.059538967533990
-0.051416902781636
qdot3:
0.141924957404793
0.003160352065916
-0.011617886256629
qdot4:
-0.081888822087619
-0.047361899944512
0.160034594555587
qdot5:
0.251479759420411
0.005746739393998
-0.021166735527805
qdot6:
-0.090181024165451
0.002987748818560
0.014647355147093
qdot7:
-0.310618065324460
-0.022787904686464
0.105577722067912

qdot1:
-0.012971958242369
-0.077644129142185
0.017660902545293
qdot2:
0.011461542488680
0.087732993330724
-0.027139343172422
qdot3:
0.007146143106970
0.096744808827381
0.004851328145175
qdot4:
-0.015070381219509
-0.101358892933198
0.135518197184231
qdot5:
0.021241860457587
0.171570968636066
0.008063819977757
qdot6:
-0.017972743197652
-0.056477071964478
0.005829721270918
qdot7:
-0.015798576826277
-0.227607574427688
0.064300406723032

qdot1:
0.131001056866395
-0.086197759789274
-0.009348184599772
qdot2:
-0.039661253696726
0.095290664983867
0.003031829592166
qdot3:
-0.169815598750891
0.101456932282159
0.037524584861415
qdot4:
0.086988408460641
-0.111296210973699
0.100462325509881
qdot5:
-0.294765277785030
0.185577722683251
0.066939240607367
qdot6:
0.114235552438290
-0.068328189903293
-0.014744237049103
qdot7:
0.355133904404603
-0.238025060237985
-0.012458427597613

qdot1:
0.083199827022395
0.000183543162629
-0.023527497886104
qdot2:
-0.030405706307029
0.069138274667480
0.030137691158934
qdot3:
-0.106256532482736
-0.010518444348733
0.052515656811653
qdot4:
0.056094974316504
-0.053936581637226
0.073223950000686
qdot5:
-0.181172669423813
-0.008788715031972
0.096082640656548
qdot6:
0.081378122485022
0.006998041037835
-0.024854419165106
qdot7:
0.204167895265171
-0.003851916000279
-0.052331480650225

qdot1:
-0.020817233657035
0.055045004859821
-0.014423155424221
qdot2:
0.002579260701032
0.049088936205632
0.049627267739229
qdot3:
0.025021077788841
-0.080583357888866
0.037497662745818
qdot4:
-0.017990726096460
-0.016947895542465
0.061538751338336
qdot5:
0.049846306172788
-0.128252875233858
0.073491542139999
qdot6:
-0.015720488683112
0.060658281803717
-0.013701376854256
qdot7:
-0.072502579055739
0.130775156756394
-0.031408376719519

qdot1:
-0.063571737095384
0.041318247151425
0.001462180664905
qdot2:
0.020146004487796
0.050789685080010
0.066092107126923
qdot3:
0.077450402400818
-0.064084610837799
0.013649367295119
qdot4:
-0.049231307226786
-0.028810871295767
0.053995487956519
qdot5:
0.128518772301731
-0.095384523042346
0.036625255878709
qdot6:
-0.067649554207717
0.050292286841762
0.004588656280029
qdot7:
-0.165385060497676
0.082967395536608
0.003826759173631

qdot1:
-0.078897164133177
-0.000600571006017
0.008174427884027
qdot2:
0.029331069480472
0.064073838342266
0.085027184927444
qdot3:
0.091286100341005
-0.013014284891077
0.000939731150723
qdot4:
-0.055775814388331
-0.061273696909552
0.039145183379642
qdot5:
0.127309679227187
-0.010640023488234
0.019147270026395
qdot6:
-0.088428332733516
0.005684580794491
0.013816358096430
qdot7:
-0.169604725768784
-0.026086511021861
0.013203486802729

qdot1:
-0.041883590921060
-0.052624882870804
-0.000599707542940
qdot2:
0.013867098574565
0.083414567793632
0.109340425211665
qdot3:
0.045698966102335
0.047179216424690
0.006571768348991
qdot4:
-0.029347888113139
-0.098051930881979
0.012880595040673
qdot5:
0.052129041904034
0.073307207420362
0.029477860347328
qdot6:
-0.052863386947692
-0.052624525880702
0.006078379270097
qdot7:
-0.074946575451023
-0.137922839286371
-0.013833206096569

qdot1:
0.084916071150725
-0.080242668884207
-0.022502722135281
qdot2:
-0.048307996522925
0.092558448550679
0.138349310330243
qdot3:
-0.099344980674734
0.077312837709139
0.027094094848629
qdot4:
0.055285720458442
-0.117403750437795
-0.022636947576890
qdot5:
-0.139445281501449
0.107680781718296
0.059313456132610
qdot6:
0.082621022282612
-0.087482322849847
-0.017018022460031
qdot7:
0.181795503143785
-0.187342156917107
-0.067452647894961

qdot1:
0.127038137189846
-0.024249526210273
-0.039728102175099
qdot2:
-0.078775895360131
0.060704448419198
0.163614466679217
qdot3:
-0.146273143177925
0.011805359543011
0.041785094638074
qdot4:
0.090782819217191
-0.080948681432470
-0.055335045436716
qdot5:
-0.189913536272688
0.015731408219157
0.079657768655633
qdot6:
0.148925843437556
-0.033002521490160
-0.036879766496687
qdot7:
0.258259740223382
-0.067467303935021
-0.109457601441495

qdot1:
0.036493844320946
0.059518651524609
-0.033914040305099
qdot2:
-0.035287145322657
0.008760100448396
0.175065592310724
qdot3:
-0.037396960367995
-0.084646264564616
0.029777381810270
qdot4:
0.027994008672252
-0.021087040639558
-0.072155479620711
qdot5:
-0.040413855111954
-0.109496426607926
0.064200747442454
qdot6:
0.055832501434057
0.065198277091697
-0.031572344967221
qdot7:
0.067521404580154
0.102827603557733
-0.103628509624902

qdot1:
-0.054287134587844
0.083582471295027
-0.010324037028165
qdot2:
0.017048804850429
-0.014508029315877
0.174118054945903
qdot3:
0.072116235675815
-0.109305593583028
-0.002195288138918
qdot4:
-0.039882214562641
-0.002627960981733
-0.076064861706161
qdot5:
0.093096385902664
-0.136145077736294
0.023707117635406
qdot6:
-0.064382758632990
0.102013890158518
-0.004007672547791
qdot7:
-0.112980424709937
0.147350808517254
-0.062386977452540

qdot1:
-0.081778527249398
0.047785863760739
0.011331833962846
qdot2:
0.019299122135811
-0.003266150723595
0.171188008296971
qdot3:
0.105968032460782
-0.061752584846490
-0.030393969673966
qdot4:
-0.040978750584074
-0.028926051553948
-0.081266492863558
qdot5:
0.121430240212252
-0.074757885092597
-0.011059916236994
qdot6:
-0.113324107154288
0.059560289314461
0.022627586128967
qdot7:
-0.155833210853031
0.072852201193366
-0.026086844942667

qdot1:
-0.035968583801691
-0.006138401480078
0.018197355017598
qdot2:
-0.022166599745368
0.009459573448383
0.172208984649179
qdot3:
0.050068879432852
0.008122093527652
-0.039234874909557
qdot4:
0.014620545915961
-0.055947191333023
-0.095257718357653
qdot5:
0.050814047420643
0.005312479362514
-0.022507886151287
qdot6:
-0.054558959452635
-0.015164940130308
0.029946092176295
qdot7:
-0.055745598450550
-0.029903273599423
-0.019006779302938

qdot1:
0.042562056565458
-0.029855867647496
0.012263754288689
qdot2:
-0.000188250899832
-0.005156948080684
0.172918265921915
qdot3:
-0.049579391450704
0.041137209177921
-0.031114553493850
qdot4:
0.001005806327666
-0.046306491965408
-0.112114083119577
qdot5:
-0.054096512485215
0.038818954267763
-0.015232886183144
qdot6:
0.060615476927859
-0.051140787333016
0.019015693467189
qdot7:
0.073774533272495
-0.066661583365605
-0.034925349663234

qdot1:
0.052064441974367
-0.001790705500091
0.007046864654662
qdot2:
0.139744575455020
-0.005281079583118
0.171197572876730
qdot3:
-0.067272161655877
0.008444858936486
-0.022941024689536
qdot4:
-0.152959680630743
-0.045643269368741
-0.127271861957691
qdot5:
-0.068113455147604
0.003148041792663
-0.008314690468940
qdot6:
0.081544686752519
-0.011171309213312
0.008743638763794
qdot7:
0.035151101237477
-0.018015103244105
-0.048884173152835

qdot1:
-0.025333369486338
0.032540271995735
0.012115884101217
qdot2:
0.052404956387982
0.086865646535103
0.184646665125785
qdot3:
0.029004547045324
-0.035913996749329
-0.027469270438077
qdot4:
-0.058456623042888
-0.146503955748287
-0.158947040886074
qdot5:
0.024963239776122
-0.041765557722848
-0.014680729458644
qdot6:
-0.020633135591398
0.042598763021077
0.013924406906650
qdot7:
-0.056310109391464
0.005163319874911
-0.051002770168847

qdot1:
-0.080758893147912
0.015835601692015
0.020090573581864
qdot2:
-0.644245998082561
0.121421157171543
0.218982429130760
qdot3:
0.120805490032625
-0.016788574212775
-0.036157209408800
qdot4:
0.721859565583750
-0.185049898700204
-0.213603191437584
qdot5:
0.108971885359398
-0.025304948706835
-0.025737200821598
qdot6:
-0.116450364306512
0.028993398461416
0.025726266254068
qdot7:
0.140174146694161
-0.031967224984431
-0.055421353314174

qdot1:
-0.038610602719061
-0.037416323001881
0.016533024371996
qdot2:
-0.818380236257643
-0.303390749442905
0.188985017556329
qdot3:
0.072058724005677
0.062869833760254
-0.028560783592488
qdot4:
0.922035742976950
0.290939923939271
-0.196147381216356
qdot5:
0.063361204984015
0.046550452063485
-0.022234911783410
qdot6:
-0.063199961344323
-0.047793266002516
0.022627136574565
qdot7:
0.283252013481410
0.060462757805417
-0.050723907903684

coefs_qdotdot:
qdotdot1:
0.077280401469968
-0.062905300798471
qdotdot2:
1.636740948915723
-0.843012346802748
qdotdot3:
-0.144110206856905
0.110391426722306
qdotdot4:
-1.844141115898818
0.898947868415322
qdotdot5:
-0.126679501479239
0.088323507533632
qdotdot6:
0.126406361638352
-0.089474447474111
qdotdot7:
-0.566656215765571
0.247295512691471

qdotdot1:
0.161557184904866
-0.037426186616857
qdotdot2:
1.288466574266003
-0.303383815766282
qdotdot3:
-0.241614407932433
0.062878728219180
qdotdot4:
-1.443751422681420
0.290940130809882
qdotdot5:
-0.217943530546596
0.046557659773204
qdotdot6:
0.232912505187478
-0.047798653091527
qdotdot7:
-0.280432763365978
0.060470675493607

qdotdot1:
0.050660459446086
0.015838727679052
qdotdot2:
-0.104815649343407
0.121419709325063
qdotdot3:
-0.058019320232571
-0.016780809911272
qdotdot4:
0.116934101044195
-0.185060338243880
qdotdot5:
-0.049946834178571
-0.025297661813069
qdotdot6:
0.041273743622775
0.028991894073316
qdotdot7:
0.112651212277315
-0.031987156791905

qdotdot1:
-0.104136652902439
0.032541327641883
qdotdot2:
-0.279478826356367
0.086862307359721
qdotdot3:
0.134541361051934
-0.035909603975829
qdotdot4:
0.305934483044195
-0.146507519475369
qdotdot5:
0.136219393665731
-0.041764981687701
qdotdot6:
-0.163086582063926
0.042599722273795
qdotdot7:
-0.070271928811223
0.005153606528616

qdotdot1:
-0.085135864117518
-0.001792211254437
qdotdot2:
0.000389607802898
-0.005281014784441
qdotdot3:
0.099178057675231
0.008448275061900
qdotdot4:
-0.002012469891864
-0.045641847489887
qdotdot5:
0.108175851358346
0.003146139617849
qdotdot6:
-0.121241503855775
-0.011169429630918
qdotdot7:
-0.147536743621970
-0.018014835455206

qdotdot1:
0.071925422371866
-0.029861247666516
qdotdot2:
0.044328863894713
-0.005152562272455
qdotdot3:
-0.100124301368063
0.041146980137856
qdotdot4:
-0.029244783060241
-0.046305352714841
qdotdot5:
-0.101633159636275
0.038811390005087
qdotdot6:
0.109108467525134
-0.051142386053672
qdotdot7:
0.111488275942066
-0.066657252746329

qdotdot1:
0.163602762239251
-0.006147653866337
qdotdot2:
-0.038638339334157
0.009462529823742
qdotdot3:
-0.212009974706952
0.008136301383779
qdotdot4:
0.081956850120914
-0.055947269069248
qdotdot5:
-0.242771675744207
0.005303245252278
qdotdot6:
0.226689630531777
-0.015169654942354
qdotdot7:
0.311607469560395
-0.029899906011489

qdotdot1:
0.108698448458283
0.047791681077999
qdotdot2:
-0.034158820729912
-0.003276413568853
qdotdot3:
-0.144408380185626
-0.061762744822636
qdotdot4:
0.079765185346766
-0.028926343938473
qdotdot5:
-0.186016427589162
-0.074737840568844
qdotdot6:
0.128864766510925
0.059569229305700
qdotdot7:
0.225849691789584
0.072836132437516

qdotdot1:
-0.072932270408229
0.083629230145458
qdotdot2:
0.070570416866263
-0.014538473251928
qdotdot3:
0.074726394722305
-0.109373750168685
qdotdot4:
-0.055987670660148
-0.002628004042327
qdotdot5:
0.080859309103036
-0.136066893058848
qdotdot6:
-0.111634201756202
0.102055552325060
qdotdot7:
-0.135060651028766
0.147298091427537

qdotdot1:
-0.254259330368225
0.059583681598745
qdotdot2:
0.157658976338179
0.008728379339132
qdotdot3:
0.292809882195967
-0.084736684272361
qdotdot4:
-0.181565801863297
-0.021086969399370
qdotdot5:
0.379522284286641
-0.109407823875786
qdotdot6:
-0.298012667924301
0.065250094291499
qdotdot7:
-0.516324987410427
0.102769004058052

qdotdot1:
-0.170032002982536
-0.024244849140842
qdotdot2:
0.096704879066880
0.060708066083356
qdotdot3:
0.198965965701773
0.011801846584978
qdotdot4:
-0.110571571949991
-0.080948664074300
qdotdot5:
0.278621342666938
0.015719523185994
qdotdot6:
-0.165398975862474
-0.033003779254454
qdotdot7:
-0.363421263332892
-0.067461779669995

qdotdot1:
0.083811494790611
-0.080303885275691
qdotdot2:
-0.027768188658805
0.092591371666619
qdotdot3:
-0.091463427402152
0.077400322549685
qdotdot4:
0.058695828225869
-0.117403776280844
qdotdot5:
-0.104162262533364
0.107580135556186
qdotdot6:
0.105771682757982
-0.087535320387295
qdotdot7:
0.149831653755794
-0.187280668914296

qdotdot1:
0.157934042510040
-0.052671489417453
qdotdot2:
-0.058728950611643
0.083436284011837
qdotdot3:
-0.182766790832904
0.047245107697096
qdotdot4:
0.111551673770103
-0.098051939580920
qdotdot5:
-0.254419965164680
0.073238153242155
qdotdot6:
0.176966645933092
-0.052662717102238
qdotdot7:
0.339084204224883
-0.137881626706325

qdotdot1:
0.127266843830682
-0.000601114189899
qdotdot2:
-0.040336578521067
0.064073526961695
qdotdot3:
-0.155071906563945
-0.013012549401754
qdotdot4:
0.098462599256660
-0.061273690774292
qdotdot5:
-0.256897190100779
-0.010643338303050
qdotdot6:
0.135382629888155
0.005682649799340
qdotdot7:
0.330687892965212
-0.026086592101270

qdotdot1:
0.041697247283240
0.041358378563975
qdotdot2:
-0.005171663929859
0.050774679255355
qdotdot3:
-0.050129896601653
-0.064139287081019
qdotdot4:
0.035981420119858
-0.028810870170883
qdotdot5:
-0.099641298963391
-0.095341563402945
qdotdot6:
0.031477731960563
0.050317892623072
qdotdot7:
0.144984066852711
0.082940204124838

qdotdot1:
-0.166503939994236
0.055105834637965
qdotdot2:
0.060855668136996
0.049069597329390
qdotdot3:
0.212657413547965
-0.080666962081807
qdotdot4:
-0.112189942892630
-0.016947904991972
qdotdot5:
0.362214149723067
-0.128192997727845
qdotdot6:
-0.162828130759759
0.060696005463403
qdotdot7:
-0.408249861801281
0.130741011620521

qdotdot1:
-0.262169025683322
0.000209990179258
qdotdot2:
0.079380004337122
0.069133526703042
qdotdot3:
0.339863282531262
-0.010554457251446
qdotdot4:
-0.173976750707796
-0.053936589194149
qdotdot5:
0.589347353598692
-0.008772090182783
qdotdot6:
-0.228579779522857
0.007012064170488
qdotdot7:
-0.710160389872732
-0.003857730694571

qdotdot1:
0.025937376944662
-0.086226343136942
qdotdot2:
-0.022927705144250
0.095304873587524
qdotdot3:
-0.014282899270458
0.101497437110378
qdotdot4:
0.030140777770529
-0.111296196700236
qdotdot5:
-0.042474278842479
0.185533946397637
qdotdot6:
0.035944962858218
-0.068349996472201
qdotdot7:
0.031583812660167
-0.237995459234433

qdotdot1:
0.248569814398004
-0.077674868556398
qdotdot2:
-0.085534969366637
0.087745678679359
qdotdot3:
-0.283894640270942
0.096788408502421
qdotdot4:
0.163777524267547
-0.101358873604982
qdotdot5:
-0.502902192873020
0.171530305373208
qdotdot6:
0.180385229168783
-0.056499051141976
qdotdot7:
0.621190362333102
-0.227582371908899

qdotdot1:
0.070823657234978
0.004277846008763
qdotdot2:
-0.021708515058838
0.059545058476055
qdotdot3:
-0.058261526996177
0.003189205891878
qdotdot4:
0.029457672505277
-0.047361920149499
qdotdot5:
-0.105916335949665
0.005724976329008
qdotdot6:
0.002337528200936
0.002973412293066
qdotdot7:
0.148758124595657
-0.022777791842709

qdotdot1:
-0.102993041218093
0.027628191181993
qdotdot2:
0.033409306355442
0.052387826844535
qdotdot3:
0.159264287128861
-0.016019443008680
qdotdot4:
-0.085590902732615
-0.037649814790184
qdotdot5:
0.236075595477561
-0.029195318675003
qdotdot6:
-0.120730788458759
0.003744088257496
qdotdot7:
-0.302938543388446
0.026267311054284

qdotdot1:
-0.036591910120208
-0.006328302407488
qdotdot2:
0.013135439064710
0.063402773909602
qdotdot3:
0.073365219018382
0.036489509838654
qdotdot4:
-0.043898880187332
-0.065868876054755
qdotdot5:
0.085284092387555
0.048638089773358
qdotdot6:
-0.049566967835218
-0.036060486846483
qdotdot7:
-0.131746123279124
-0.073610608705302

qdotdot1:
0.098259419637751
-0.018392544289545
qdotdot2:
-0.045807209053683
0.067733488364876
qdotdot3:
-0.128247200061318
0.060677800230170
qdotdot4:
0.073028481490179
-0.080342203825609
qdotdot5:
-0.200213521154184
0.076755996596892
qdotdot6:
0.101973464205291
-0.052402565938822
qdotdot7:
0.247134753784453
-0.117046906319753

qdotdot1:
0.118267462050432
0.014003288609205
qdotdot2:
-0.087504645016760
0.052630990349601
qdotdot3:
-0.205521565840180
0.018395086997832
qdotdot4:
0.152949505810296
-0.056264934776726
qdotdot5:
-0.269086976794616
0.010746205379996
qdotdot6:
0.186896141365317
-0.018782223800835
qdotdot7:
0.379348603417348
-0.035567326890211

qdotdot1:
-0.003518171159634
0.052995712460985
qdotdot2:
-0.034679126575631
0.023780974053166
qdotdot3:
-0.028770094598913
-0.049364750467053
qdotdot4:
0.051559472177201
-0.005837946194421
qdotdot5:
-0.015653372336755
-0.077970955454109
qdotdot6:
0.047980116913114
0.042836867655368
qdotdot7:
0.052264795030450
0.089502758115268

qdotdot1:
-0.088680263165758
0.051835782090778
qdotdot2:
0.092224602554121
0.012347371109442
qdotdot3:
0.176090119071388
-0.058850163474210
qdotdot4:
-0.177243067570864
0.011161055541578
qdotdot5:
0.222502573933820
-0.083131824879076
qdotdot6:
-0.131435730444981
0.058655766807328
qdotdot7:
-0.334411153848568
0.106734302658641

qdotdot1:
-0.028244852095963
0.022598168053097
qdotdot2:
0.151504460641576
0.042753543103044
qdotdot3:
0.168876756142743
-0.000793784822794
qdotdot4:
-0.284020344629320
-0.047275446736332
qdotdot5:
0.172477408787633
-0.009773400503318
qdotdot6:
-0.135641691407011
0.015321804769709
qdotdot7:
-0.340560106389546
-0.003520041398101

qdotdot1:
-0.002329045766665
0.013285925907519
qdotdot2:
-0.083206371407007
0.092704104672146
qdotdot3:
0.048682477110899
0.054884369929724
qdotdot4:
0.081629189157200
-0.140916093692910
qdotdot5:
0.040799022113838
0.047091878515151
qdotdot6:
-0.064571212130962
-0.029398849851755
qdotdot7:
-0.036697886578100
-0.115801676474414

qdotdot1:
-0.078477138730036
0.012518046575964
qdotdot2:
-0.655576807892983
0.065271216159775
qdotdot3:
-0.211689979241596
0.070934835110530
qdotdot4:
1.033514388964139
-0.114003197388960
qdotdot5:
-0.167176656092837
0.060543192472684
qdotdot6:
0.137316690885879
-0.050687782820994
qdotdot7:
0.644591610701102
-0.127900858473497

qdotdot1:
-0.096219741663083
-0.013355628253818
qdotdot2:
-0.608111851940266
-0.150870470806157
qdotdot3:
-0.293270766752213
0.001141290439360
qdotdot4:
1.015784063015784
0.226743364790738
qdotdot5:
-0.232365955095207
0.005425555554802
qdotdot6:
0.227288524663152
-0.005414885947103
qdotdot7:
0.740972859838141
0.084619042266749

qdotdot1:
0.047108518152135
-0.045078985505162
qdotdot2:
0.440428143955912
-0.351363105627680
qdotdot3:
0.074305432405328
-0.095549192659554
qdotdot4:
-0.683785751136496
0.561644292233525
qdotdot5:
0.051564672143674
-0.071184795700832
qdotdot6:
-0.046545959105819
0.069521451881235
qdotdot7:
-0.349326049056070
0.328915548783087

qdotdot1:
0.090658765645927
-0.029547449823489
qdotdot2:
0.653080432678211
-0.206155281196153
qdotdot3:
0.213062435327941
-0.071050916763494
qdotdot4:
-1.059008382899507
0.336202202161853
qdotdot5:
0.161867540590396
-0.054184079551645
qdotdot6:
-0.160528117734082
0.054175390212407
qdotdot7:
-0.660206393186585
0.213743808973084

qdotdot1:
0.032699342142166
0.000342470486442
qdotdot2:
0.217861282243209
0.009163358426244
qdotdot3:
0.082012249400851
-0.000804877479614
qdotdot4:
-0.358437703734980
-0.012949652563810
qdotdot5:
0.062993676528866
-0.000816841926689
qdotdot6:
-0.063470135509282
0.001249756244321
qdotdot7:
-0.235505541105589
-0.003924238235104

qdotdot1:
-0.032700814679287
0.011123344501799
qdotdot2:
-0.217859160896862
0.080991562996127
qdotdot3:
-0.082003517940476
0.026234312625879
qdotdot4:
0.358435529726437
-0.131125477310375
qdotdot5:
-0.063001918010963
0.019951982334950
qdotdot6:
0.063467252925381
-0.019676155099346
qdotdot7:
0.235505658334319
-0.081569701484463

qdotdot1:
-0.090673454139995
0.000341984995415
qdotdot2:
-0.653074381585434
0.009164057827706
qdotdot3:
-0.213026810638918
-0.000801998743587
qdotdot4:
1.059010911523033
-0.012950369327839
qdotdot5:
-0.161907157811887
-0.000819559118362
qdotdot6:
0.160514976290931
0.001248805865144
qdotdot7:
0.660218969641065
-0.003924199585147

qdotdot1:
-0.047117630170402
-0.029552778066499
qdotdot2:
-0.440426789472519
-0.206152586767739
qdotdot3:
-0.074295006824712
-0.071036292675450
qdotdot4:
0.683790274968787
0.336202319077339
qdotdot5:
-0.051577373330119
-0.054199858421191
qdotdot6:
0.046540188529913
0.054170107139246
qdotdot7:
0.349334840431822
0.213747994041973

qdotdot1:
0.096235333260060
-0.045087317952983
qdotdot2:
0.608105701173380
-0.351359964630195
qdotdot3:
0.293224137281329
-0.095531131289174
qdotdot4:
-1.015789776503045
0.561645900642808
qdotdot5:
0.232422271238229
-0.071204762113061
qdotdot6:
-0.227274719672338
0.069514266266684
qdotdot7:
-0.740989113073609
0.328922632341920

qdotdot1:
0.078477663238028
-0.013358820199363
qdotdot2:
0.655575868073146
-0.150869357697876
qdotdot3:
0.211680407528008
0.001143978214491
qdotdot4:
-1.033516082254217
0.226743089480584
qdotdot5:
0.167193060178097
0.005424156404272
qdotdot6:
-0.137313793437061
-0.005417520098016
qdotdot7:
-0.644595291974424
0.084620767183101

qdotdot1:
0.002317510197064
0.012515027559115
qdotdot2:
0.083209194307753
0.065272019412304
qdotdot3:
-0.048661413205891
0.070934367120696
qdotdot4:
-0.081627177858990
-0.114004030971721
qdotdot5:
-0.040817802164536
0.060547201699355
qdotdot6:
0.064564411884839
-0.050689461691811
qdotdot7:
0.036705056390409
-0.127900347261804

qdotdot1:
0.028285985657827
0.013279103648328
qdotdot2:
-0.151521443127864
0.092705838626497
qdotdot3:
-0.168946314314834
0.054890846645541
qdotdot4:
0.284021332413187
-0.140916264156746
qdotdot5:
-0.172415449902179
0.047089696016017
qdotdot6:
0.135676071616659
-0.029402770743112
qdotdot7:
0.340533785879628
-0.115798801397329

qdotdot1:
0.088795152449598
0.022604907404606
qdotdot2:
-0.092265454468261
0.042749677983127
qdotdot3:
-0.176277080334532
-0.000810241225532
qdotdot4:
0.177243021694673
-0.047275291530820
qdotdot5:
-0.222344153486981
-0.009755155345673
qdotdot6:
0.131524398955820
0.015329218929290
qdotdot7:
0.334343425301354
-0.003525844113377

qdotdot1:
0.003557229128539
0.051880400091020
qdotdot2:
0.034674146819644
0.012330037237227
qdotdot3:
0.028735198986893
-0.058928260438858
qdotdot4:
-0.051559835392514
0.011161195621849
qdotdot5:
0.015658774765054
-0.083061348980170
qdotdot6:
-0.047961086131791
0.058692414706240
qdotdot7:
-0.052274755580865
0.106706170046587

qdotdot1:
-0.118389320805228
0.053053207755217
qdotdot2:
0.087555283175013
0.023761998370492
qdotdot3:
0.205747580115292
-0.049454352409240
qdotdot4:
-0.152949742709084
-0.005837925865138
qdotdot5:
0.268872790983562
-0.077898698390964
qdotdot6:
-0.187001290469355
0.042879789945213
qdotdot7:
-0.379266102312624
0.089471341539926

qdotdot1:
-0.098408527046781
0.014020607441250
qdotdot2:
0.045854190294622
0.052628709914254
qdotdot3:
0.128477371233486
0.018380001277258
qdotdot4:
-0.073028416440469
-0.056264992552255
qdotdot5:
0.200031733911769
0.010747846030285
qdotdot6:
-0.102084171455007
-0.018773968851957
qdotdot7:
-0.247057170895427
-0.035571543101330

qdotdot1:
0.036572773643861
-0.018424385718417
qdotdot2:
-0.013135664489313
0.067746697502300
qdotdot3:
-0.073358742197787
0.060738601247572
qdotdot4:
0.043898993793639
-0.080342240154447
qdotdot5:
-0.085269591753364
0.076697702544227
qdotdot6:
0.049562115193611
-0.052430810834700
qdotdot7:
0.131747525742459
-0.117025543687460

qdotdot1:
0.103094878013932
-0.006366453074622
qdotdot2:
-0.033442587728430
0.063415908725217
qdotdot3:
-0.159431900291824
0.036552446244180
qdotdot4:
0.085590986964124
-0.065868874927938
qdotdot5:
-0.235937993271817
0.048584576535845
qdotdot6:
0.120810811605407
-0.036090331643594
qdotdot7:
0.302886364658484
-0.073588783685097

qdotdot1:
-0.070749187640650
0.027623615797851
qdotdot2:
0.021683483012393
0.052389988892328
qdotdot3:
0.058150732287899
-0.016011768155065
qdotdot4:
-0.029457698871015
-0.037649785892493
qdotdot5:
0.106007053411438
-0.029203464882259
qdotdot6:
-0.002283545497773
0.003740626849341
qdotdot7:
-0.148802816225131
0.026271932905338

qdotdot1:
-0.248537171092907
0.004297823024206
qdotdot2:
0.085514967949652
0.059538967533990
qdotdot3:
0.283849914809586
0.003160352065916
qdotdot4:
-0.163777644175239
-0.047361899944512
qdotdot5:
0.502959518840822
0.005746739393998
qdotdot6:
-0.180362048330902
0.002987748818560
qdotdot7:
-0.621236130648919
-0.022787904686464

qdotdot1:
-0.025943916484737
-0.077644129142185
qdotdot2:
0.022923084977361
0.087732993330724
qdotdot3:
0.014292286213941
0.096744808827381
qdotdot4:
-0.030140762439018
-0.101358892933198
qdotdot5:
0.042483720915175
0.171570968636066
qdotdot6:
-0.035945486395303
-0.056477071964478
qdotdot7:
-0.031597153652554
-0.227607574427688

qdotdot1:
0.262002113732790
-0.086197759789274
qdotdot2:
-0.079322507393451
0.095290664983867
qdotdot3:
-0.339631197501782
0.101456932282159
qdotdot4:
0.173976816921282
-0.111296210973699
qdotdot5:
-0.589530555570060
0.185577722683251
qdotdot6:
0.228471104876579
-0.068328189903293
qdotdot7:
0.710267808809206
-0.238025060237985

qdotdot1:
0.166399654044790
0.000183543162629
qdotdot2:
-0.060811412614059
0.069138274667480
qdotdot3:
-0.212513064965472
-0.010518444348733
qdotdot4:
0.112189948633007
-0.053936581637226
qdotdot5:
-0.362345338847627
-0.008788715031972
qdotdot6:
0.162756244970044
0.006998041037835
qdotdot7:
0.408335790530343
-0.003851916000279

qdotdot1:
-0.041634467314069
0.055045004859821
qdotdot2:
0.005158521402064
0.049088936205632
qdotdot3:
0.050042155577683
-0.080583357888866
qdotdot4:
-0.035981452192921
-0.016947895542465
qdotdot5:
0.099692612345576
-0.128252875233858
qdotdot6:
-0.031440977366224
0.060658281803717
qdotdot7:
-0.145005158111478
0.130775156756394

qdotdot1:
-0.127143474190768
0.041318247151425
qdotdot2:
0.040292008975591
0.050789685080010
qdotdot3:
0.154900804801636
-0.064084610837799
qdotdot4:
-0.098462614453572
-0.028810871295767
qdotdot5:
0.257037544603461
-0.095384523042346
qdotdot6:
-0.135299108415433
0.050292286841762
qdotdot7:
-0.330770120995352
0.082967395536608

qdotdot1:
-0.157794328266354
-0.000600571006017
qdotdot2:
0.058662138960945
0.064073838342266
qdotdot3:
0.182572200682009
-0.013014284891077
qdotdot4:
-0.111551628776662
-0.061273696909552
qdotdot5:
0.254619358454373
-0.010640023488234
qdotdot6:
-0.176856665467032
0.005684580794491
qdotdot7:
-0.339209451537568
-0.026086511021861

qdotdot1:
-0.083767181842120
-0.052624882870804
qdotdot2:
0.027734197149130
0.083414567793632
qdotdot3:
0.091397932204670
0.047179216424690
qdotdot4:
-0.058695776226278
-0.098051930881979
qdotdot5:
0.104258083808069
0.073307207420362
qdotdot6:
-0.105726773895383
-0.052624525880702
qdotdot7:
-0.149893150902045
-0.137922839286371

qdotdot1:
0.169832142301451
-0.080242668884207
qdotdot2:
-0.096615993045849
0.092558448550679
qdotdot3:
-0.198689961349467
0.077312837709139
qdotdot4:
0.110571440916884
-0.117403750437795
qdotdot5:
-0.278890563002898
0.107680781718296
qdotdot6:
0.165242044565224
-0.087482322849847
qdotdot7:
0.363591006287571
-0.187342156917107

qdotdot1:
0.254076274379692
-0.024249526210273
qdotdot2:
-0.157551790720262
0.060704448419198
qdotdot3:
-0.292546286355850
0.011805359543011
qdotdot4:
0.181565638434382
-0.080948681432470
qdotdot5:
-0.379827072545375
0.015731408219157
qdotdot6:
0.297851686875113
-0.033002521490160
qdotdot7:
0.516519480446764
-0.067467303935021

qdotdot1:
0.072987688641892
0.059518651524609
qdotdot2:
-0.070574290645313
0.008760100448396
qdotdot3:
-0.074793920735990
-0.084646264564616
qdotdot4:
0.055988017344504
-0.021087040639558
qdotdot5:
-0.080827710223909
-0.109496426607926
qdotdot6:
0.111665002868115
0.065198277091697
qdotdot7:
0.135042809160308
0.102827603557733

qdotdot1:
-0.108574269175687
0.083582471295027
qdotdot2:
0.034097609700857
-0.014508029315877
qdotdot3:
0.144232471351630
-0.109305593583028
qdotdot4:
-0.079764429125282
-0.002627960981733
qdotdot5:
0.186192771805329
-0.136145077736294
qdotdot6:
-0.128765517265980
0.102013890158518
qdotdot7:
-0.225960849419875
0.147350808517254

qdotdot1:
-0.163557054498796
0.047785863760739
qdotdot2:
0.038598244271623
-0.003266150723595
qdotdot3:
0.211936064921563
-0.061752584846490
qdotdot4:
-0.081957501168148
-0.028926051553948
qdotdot5:
0.242860480424504
-0.074757885092597
qdotdot6:
-0.226648214308576
0.059560289314461
qdotdot7:
-0.311666421706061
0.072852201193366

qdotdot1:
-0.071937167603382
-0.006138401480078
qdotdot2:
-0.044333199490735
0.009459573448383
qdotdot3:
0.100137758865704
0.008122093527652
qdotdot4:
0.029241091831921
-0.055947191333023
qdotdot5:
0.101628094841285
0.005312479362514
qdotdot6:
-0.109117918905270
-0.015164940130308
qdotdot7:
-0.111491196901101
-0.029903273599423

qdotdot1:
0.085124113130915
-0.029855867647496
qdotdot2:
-0.000376501799663
-0.005156948080684
qdotdot3:
-0.099158782901408
0.041137209177921
qdotdot4:
0.002011612655332
-0.046306491965408
qdotdot5:
-0.108193024970430
0.038818954267763
qdotdot6:
0.121230953855719
-0.051140787333016
qdotdot7:
0.147549066544990
-0.066661583365605

qdotdot1:
0.104128883948734
-0.001790705500091
qdotdot2:
0.279489150910041
-0.005281079583118
qdotdot3:
-0.134544323311754
0.008444858936486
qdotdot4:
-0.305919361261486
-0.045643269368741
qdotdot5:
-0.136226910295207
0.003148041792663
qdotdot6:
0.163089373505037
-0.011171309213312
qdotdot7:
0.070302202474955
-0.018015103244105

qdotdot1:
-0.050666738972676
0.032540271995735
qdotdot2:
0.104809912775964
0.086865646535103
qdotdot3:
0.058009094090648
-0.035913996749329
qdotdot4:
-0.116913246085775
-0.146503955748287
qdotdot5:
0.049926479552245
-0.041765557722848
qdotdot6:
-0.041266271182796
0.042598763021077
qdotdot7:
-0.112620218782928
0.005163319874911

qdotdot1:
-0.161517786295824
0.015835601692015
qdotdot2:
-1.288491996165122
0.121421157171543
qdotdot3:
0.241610980065250
-0.016788574212775
qdotdot4:
1.443719131167500
-0.185049898700204
qdotdot5:
0.217943770718797
-0.025304948706835
qdotdot6:
-0.232900728613023
0.028993398461416
qdotdot7:
0.280348293388322
-0.031967224984431

qdotdot1:
-0.077221205438123
-0.037416323001881
qdotdot2:
-1.636760472515286
-0.303390749442905
qdotdot3:
0.144117448011355
0.062869833760254
qdotdot4:
1.844071485953899
0.290939923939271
qdotdot5:
0.126722409968031
0.046550452063485
qdotdot6:
-0.126399922688646
-0.047793266002516
qdotdot7:
0.566504026962820
0.060462757805417

