1576844835.546999931

1576844835.551000118

1576844835.553999901

1576844835.555999994

1576844835.558000088

1576844835.559999943

1576844835.562000036

1576844835.562999964

1576844835.566999912

1576844835.568000078

1576844835.569999933

1576844835.572000027

1576844835.573999882

1576844835.575999975

1576844835.579999924

1576844835.582000017

1576844835.584000111

1576844835.585999966

1576844835.588000059

1576844835.591000080

1576844835.592999935

1576844835.594000101

1576844835.596999884

1576844835.598999977

1576844835.601999998

1576844835.604000092

1576844835.605999947

1576844835.608000040

1576844835.609999895

1576844835.611999989

1576844835.615000010

1576844835.617000103

1576844835.618999958

1576844835.621000051

1576844835.621999979

1576844835.625999928

1576844835.628000021

1576844835.630000114

1576844835.631999969

1576844835.632999897

1576844835.634999990

1576844835.638999939

1576844835.640000105

1576844835.641999960

1576844835.644000053

1576844835.645999908

1576844835.648000002

1576844835.651000023

1576844835.653000116

1576844835.654999971

1576844835.657000065

1576844835.657999992

1576844835.661999941

1576844835.664000034

1576844835.665999889

1576844835.667999983

1576844835.668999910

1576844835.671000004

1576844835.674000025

1576844835.676000118

1576844835.677999973

1576844835.680000067

1576844835.680999994

1576844835.683000088

1576844835.687000036

1576844835.688999891

1576844835.690999985

1576844835.693000078

1576844835.694999933

1576844835.698999882

1576844835.700999975

1576844835.703000069

1576844835.703999996

1576844835.706000090

1576844835.710000038

1576844835.711999893

1576844835.713999987

1576844835.714999914

1576844835.717000008

1576844835.720999956

1576844835.721999884

1576844835.723999977

1576844835.726000071

1576844835.727999926

1576844835.730000019

1576844835.733000040

1576844835.734999895

1576844835.736999989

1576844835.739000082

1576844835.740000010

1576844835.742000103

1576844835.744999886

1576844835.746999979

1576844835.749000072

1576844835.750999928

1576844835.753000021

1576844835.755000114

1576844835.759000063

1576844835.760999918

1576844835.763000011

1576844835.765000105

1576844835.766000032

1576844835.769999981

1576844835.772000074

1576844835.773000002

1576844835.775000095

1576844835.776999950

1576844835.779000044

1576844835.782000065

1576844835.783999920

1576844835.786000013

1576844835.788000107

1576844835.789999962

1576844835.792000055

1576844835.795000076

1576844835.796999931

1576844835.799000025

1576844835.801000118

1576844835.805000067

1576844835.806999922

1576844835.809000015

1576844835.811000109

1576844835.815000057

1576844835.815000057

1576844835.818000078

1576844835.819999933

1576844835.822000027

1576844835.823999882

1576844835.825999975

1576844835.829999924

1576844835.832000017

1576844835.832999945

1576844835.835000038

1576844835.836999893

1576844835.838999987

1576844835.842000008

1576844835.844000101

1576844835.845999956

1576844835.848000050

1576844835.848999977

1576844835.852999926

1576844835.855000019

1576844835.855999947

1576844835.858000040

1576844835.859999895

1576844835.861999989

1576844835.865000010

1576844835.867000103

1576844835.868999958

1576844835.871000051

1576844835.871999979

1576844835.874000072

1576844835.877000093

1576844835.878999949

1576844835.881000042

1576844835.882999897

1576844835.884999990

1576844835.885999918

1576844835.890000105

1576844835.891999960

1576844835.894000053

1576844835.895999908

1576844835.898000002

1576844835.901000023

1576844835.903000116

1576844835.904999971

1576844835.907000065

1576844835.908999920

1576844835.913000107

1576844835.914999962

1576844835.915999889

1576844835.917999983

1576844835.920000076

1576844835.921999931

1576844835.924999952

1576844835.927000046

1576844835.928999901

1576844835.930999994

1576844835.931999922

1576844835.937000036

1576844835.938999891

1576844835.940000057

1576844835.941999912

1576844835.944000006

1576844835.946000099

1576844835.950000048

1576844835.950999975

1576844835.953000069

1576844835.954999924

1576844835.957000017

1576844835.959000111

1576844835.961999893

1576844835.963999987

1576844835.966000080

1576844835.967999935

1576844835.969000101

1576844835.973000050

1576844835.974999905

1576844835.976000071

1576844835.982000113

1576844835.986000061

1576844835.987999916

1576844835.990000010

1576844835.990999937

1576844835.993000031

1576844835.996999979

1576844835.999000072

1576844836.000999928

1576844836.003000021

1576844836.005000114

1576844836.007999897

1576844836.009999990

1576844836.012000084

1576844836.013999939

1576844836.016000032

1576844836.017999887

1576844836.020999908

1576844836.023000002

1576844836.025000095

1576844836.026999950

1576844836.029000044

1576844836.032000065

1576844836.033999920

1576844836.036000013

1576844836.038000107

1576844836.039000034

1576844836.040999889

1576844836.043999910

1576844836.046000004

1576844836.048000097

1576844836.049999952

1576844836.051000118

1576844836.052999973

1576844836.056999922

1576844836.059000015

1576844836.061000109

1576844836.062000036

1576844836.063999891

1576844836.068000078

1576844836.069999933

1576844836.071000099

1576844836.072999954

1576844836.075000048

1576844836.076999903

1576844836.081000090

1576844836.082000017

1576844836.084000111

1576844836.085999966

1576844836.088000059

1576844836.088999987

1576844836.092999935

1576844836.095000029

1576844836.096999884

1576844836.098999977

1576844836.102999926

1576844836.105000019

1576844836.107000113

1576844836.108999968

1576844836.109999895

1576844836.111999989

1576844836.117000103

1576844836.118000031

1576844836.119999886

1576844836.121999979

1576844836.122999907

1576844836.125000000

1576844836.128999949

1576844836.131000042

1576844836.132999897

1576844836.134000063

1576844836.135999918

1576844836.140000105

1576844836.141999960

1576844836.142999887

1576844836.144999981

1576844836.147000074

1576844836.148999929

1576844836.151999950

1576844836.154000044

1576844836.155999899

1576844836.157999992

1576844836.160000086

1576844836.161000013

1576844836.164999962

1576844836.167000055

1576844836.168999910

1576844836.171000004

1576844836.173000097

1576844836.176000118

1576844836.177999973

1576844836.180000067

1576844836.181999922

1576844836.184000015

1576844836.186000109

1576844836.188999891

1576844836.190999985

1576844836.193000078

1576844836.194999933

1576844836.197000027

1576844836.200999975

1576844836.203999996

1576844836.206000090

1576844836.207999945

1576844836.210999966

1576844836.213000059

1576844836.214999914

1576844836.217000008

1576844836.219000101

1576844836.220000029

1576844836.223999977

1576844836.226000071

1576844836.227999926

1576844836.230000019

1576844836.230999947

1576844836.234999895

1576844836.236999989

1576844836.237999916

1576844836.240000010

1576844836.242000103

1576844836.243999958

1576844836.246999979

1576844836.249000072

1576844836.250000000

1576844836.252000093

1576844836.253999949

1576844836.256000042

1576844836.259000063

1576844836.260999918

1576844836.263000011

1576844836.265000105

1576844836.266999960

1576844836.267999887

1576844836.272000074

1576844836.273999929

1576844836.276000023

1576844836.278000116

1576844836.279999971

1576844836.283999920

1576844836.285000086

1576844836.286999941

1576844836.289000034

1576844836.290999889

1576844836.292000055

1576844836.298000097

1576844836.299999952

1576844836.301000118

1576844836.302999973

1576844836.306999922

1576844836.309000015

1576844836.311000109

1576844836.312000036

1576844836.313999891

1576844836.315999985

1576844836.319999933

1576844836.321000099

1576844836.322999954

1576844836.325000048

1576844836.326999903

1576844836.328999996

1576844836.332000017

1576844836.334000111

1576844836.335999966

1576844836.338000059

1576844836.339999914

1576844836.342999935

1576844836.345000029

1576844836.345999956

1576844836.348000050

1576844836.349999905

1576844836.351999998

1576844836.355999947

1576844836.357000113

1576844836.358999968

1576844836.361000061

1576844836.362999916

1576844836.364000082

1576844836.368000031

1576844836.369999886

1576844836.371999979

1576844836.372999907

1576844836.375000000

1576844836.378999949

1576844836.381000042

1576844836.381999969

1576844836.384000063

1576844836.385999918

1576844836.388000011

1576844836.391000032

1576844836.392999887

1576844836.395999908

1576844836.397000074

1576844836.398999929

1576844836.401999950

1576844836.404999971

1576844836.407000065

1576844836.407999992

1576844836.410000086

1576844836.414000034

1576844836.415999889

1576844836.417999983

1576844836.420000076

1576844836.421000004

1576844836.423000097

1576844836.427000046

1576844836.428999901

1576844836.430999994

1576844836.433000088

1576844836.434999943

1576844836.437999964

1576844836.440000057

1576844836.440999985

1576844836.443000078

1576844836.446000099

1576844836.450000048

1576844836.451999903

1576844836.453999996

1576844836.456000090

1576844836.457999945

1576844836.463999987

1576844836.466000080

1576844836.467999935

1576844836.470000029

1576844836.470999956

1576844836.476000071

1576844836.477999926

1576844836.480000019

1576844836.482000113

1576844836.483999968

1576844836.486999989

1576844836.489000082

1576844836.490999937

1576844836.493000031

1576844836.493999958

1576844836.497999907

1576844836.500000000

1576844836.502000093

1576844836.503999949

1576844836.505000114

1576844836.506999969

1576844836.510999918

1576844836.512000084

1576844836.513999939

1576844836.516000032

1576844836.517999887

1576844836.519000053

1576844836.523000002

1576844836.525000095

1576844836.526999950

1576844836.529000044

1576844836.530999899

1576844836.533999920

1576844836.536000013

1576844836.536999941

1576844836.539000034

1576844836.540999889

1576844836.542999983

1576844836.546000004

1576844836.548000097

1576844836.549999952

1576844836.552000046

1576844836.553999901

1576844836.555999994

1576844836.559000015

1576844836.561000109

1576844836.562999964

1576844836.565000057

1576844836.565999985

1576844836.569999933

1576844836.572000027

1576844836.573999882

1576844836.575999975

1576844836.576999903

1576844836.578999996

1576844836.582000017

1576844836.584000111

1576844836.585999966

1576844836.588000059

1576844836.589999914

1576844836.591000080

1576844836.595999956

1576844836.598000050

1576844836.599999905

1576844836.601999998

1576844836.605000019

1576844836.607000113

1576844836.608000040

1576844836.609999895

1576844836.611999989

1576844836.614000082

1576844836.617000103

1576844836.618999958

1576844836.621000051

1576844836.622999907

1576844836.624000072

1576844836.625999928

1576844836.630000114

1576844836.631999969

1576844836.634000063

1576844836.634999990

1576844836.637000084

1576844836.641000032

1576844836.642999887

1576844836.644000053

1576844836.645999908

1576844836.648000002

1576844836.650000095

1576844836.654999971

1576844836.657000065

1576844836.658999920

1576844836.660000086

1576844836.661999941

1576844836.665999889

1576844836.667999983

1576844836.668999910

1576844836.671000004

1576844836.673000097

1576844836.674999952

1576844836.677999973

1576844836.680000067

1576844836.681999922

1576844836.684000015

1576844836.684999943

1576844836.687000036

1576844836.690999985

1576844836.693000078

1576844836.694999933

1576844836.697000027

1576844836.700999975

1576844836.703000069

1576844836.704999924

1576844836.707000017

1576844836.707999945

1576844836.710000038

1576844836.713000059

1576844836.714999914

1576844836.717000008

1576844836.719000101

1576844836.720000029

1576844836.721999884

1576844836.726000071

1576844836.727999926

1576844836.730000019

1576844836.730999947

1576844836.733000040

1576844836.736999989

1576844836.739000082

1576844836.740000010

1576844836.742000103

1576844836.743999958

1576844836.746000051

1576844836.749000072

1576844836.750999928

1576844836.753000021

1576844836.755000114

1576844836.756000042

1576844836.757999897

1576844836.762000084

1576844836.763999939

1576844836.766000032

1576844836.766999960

1576844836.769000053

1576844836.773000002

1576844836.775000095

1576844836.776999950

1576844836.779000044

1576844836.779999971

1576844836.782000065

1576844836.786000013

1576844836.786999941

1576844836.789000034

1576844836.790999889

1576844836.792999983

1576844836.796999931

1576844836.799000025

1576844836.801000118

1576844836.802000046

1576844836.803999901

1576844836.808000088

1576844836.809000015

1576844836.811000109

1576844836.812999964

1576844836.815000057

1576844836.816999912

1576844836.821000099

1576844836.822000027

1576844836.823999882

1576844836.825999975

1576844836.828000069

1576844836.828999996

1576844836.834000111

1576844836.835999966

1576844836.838000059

1576844836.839999914

1576844836.841000080

1576844836.845000029

1576844836.846999884

1576844836.848000050

1576844836.849999905

1576844836.851999998

1576844836.854000092

1576844836.857000113

1576844836.858999968

1576844836.861000061

1576844836.865999937

1576844836.865999937

1576844836.868999958

1576844836.871000051

1576844836.872999907

1576844836.875000000

1576844836.875999928

1576844836.878000021

1576844836.881999969

1576844836.884000063

1576844836.885999918

1576844836.888000011

1576844836.888999939

1576844836.890000105

1576844836.894999981

1576844836.897000074

1576844836.898999929

1576844836.901000023

1576844836.904000044

1576844836.905999899

1576844836.907000065

1576844836.908999920

1576844836.911000013

1576844836.913000107

1576844836.915999889

1576844836.917999983

1576844836.920000076

1576844836.921999931

1576844836.924000025

1576844836.924999952

1576844836.928999901

1576844836.930999994

1576844836.933000088

1576844836.934999943

1576844836.936000109

1576844836.943000078

1576844836.944999933

1576844836.947000027

1576844836.948999882

1576844836.951999903

1576844836.953999996

1576844836.954999924

1576844836.957000017

1576844836.959000111

1576844836.960999966

1576844836.963999987

1576844836.966000080

1576844836.967999935

1576844836.970000029

1576844836.970999956

1576844836.973000050

1576844836.976999998

1576844836.977999926

1576844836.980000019

1576844836.982000113

1576844836.983999968

1576844836.984999895

1576844836.989000082

1576844836.990999937

1576844836.993000031

1576844836.994999886

1576844836.999000072

1576844837.000999928

1576844837.003000021

1576844837.005000114

1576844837.006000042

1576844837.007999897

1576844837.013000011

1576844837.013999939

1576844837.016000032

1576844837.017999887

1576844837.019999981

1576844837.023999929

1576844837.025000095

1576844837.026999950

1576844837.029000044

1576844837.030999899

1576844837.032999992

1576844837.036000013

1576844837.038000107

1576844837.039999962

1576844837.042000055

1576844837.043999910

1576844837.045000076

1576844837.049000025

1576844837.051000118

1576844837.052999973

1576844837.055000067

1576844837.055999994

1576844837.059999943

1576844837.062000036

1576844837.063999891

1576844837.065999985

1576844837.068000078

1576844837.069000006

1576844837.072999954

1576844837.075000048

1576844837.076999903

1576844837.078999996

1576844837.079999924

1576844837.084000111

1576844837.085999966

1576844837.086999893

1576844837.088999987

1576844837.091000080

1576844837.095000029

1576844837.096999884

1576844837.098999977

1576844837.101000071

1576844837.101999998

1576844837.104000092

1576844837.108000040

1576844837.109999895

1576844837.111999989

1576844837.114000082

1576844837.115000010

1576844837.118999958

1576844837.121000051

1576844837.122999907

1576844837.125000000

1576844837.127000093

1576844837.128000021

1576844837.131999969

1576844837.134000063

1576844837.135999918

1576844837.138000011

1576844837.138999939

1576844837.142999887

1576844837.144999981

1576844837.145999908

1576844837.148000002

1576844837.150000095

1576844837.151999950

1576844837.154999971

1576844837.157000065

1576844837.158999920

1576844837.161000013

1576844837.163000107

1576844837.164000034

1576844837.167999983

1576844837.170000076

1576844837.171999931

1576844837.174000025

1576844837.174999952

1576844837.178999901

1576844837.180999994

1576844837.181999922

1576844837.184000015

1576844837.186000109

1576844837.187999964

1576844837.193000078

1576844837.194999933

1576844837.197000027

1576844837.200000048

1576844837.200999975

1576844837.204999924

1576844837.207000017

1576844837.209000111

1576844837.210000038

1576844837.211999893

1576844837.216000080

1576844837.217999935

1576844837.219000101

1576844837.221999884

1576844837.223999977

1576844837.226999998

1576844837.229000092

1576844837.230999947

1576844837.233000040

1576844837.234999895

1576844837.236000061

1576844837.240000010

1576844837.242000103

1576844837.243999958

1576844837.244999886

1576844837.246999979

1576844837.250999928

1576844837.253000021

1576844837.255000114

1576844837.256999969

1576844837.257999897

1576844837.259999990

1576844837.263999939

1576844837.266000032

1576844837.267999887

1576844837.269000053

1576844837.270999908

1576844837.275000095

1576844837.276999950

1576844837.278000116

1576844837.280999899

1576844837.282000065

1576844837.283999920

1576844837.286999941

1576844837.289999962

1576844837.292000055

1576844837.293999910

1576844837.296000004

1576844837.299000025

1576844837.301000118

1576844837.302999973

1576844837.305000067

1576844837.306999922

1576844837.309999943

1576844837.312000036

1576844837.313999891

1576844837.315999985

1576844837.318000078

1576844837.319000006

1576844837.322999954

1576844837.325000048

1576844837.326999903

1576844837.328999996

1576844837.329999924

1576844837.334000111

1576844837.335999966

1576844837.336999893

1576844837.338999987

1576844837.341000080

1576844837.342999935

1576844837.345999956

1576844837.348000050

1576844837.349999905

1576844837.351999998

1576844837.352999926

1576844837.355000019

1576844837.358999968

1576844837.361000061

1576844837.362999916

1576844837.364000082

1576844837.365999937

1576844837.371000051

1576844837.372999907

1576844837.374000072

1576844837.375999928

1576844837.378000021

1576844837.380000114

1576844837.382999897

1576844837.384999990

1576844837.387000084

1576844837.388999939

1576844837.391000032

1576844837.394999981

1576844837.397000074

1576844837.398000002

1576844837.400000095

1576844837.401999950

1576844837.405999899

1576844837.407000065

1576844837.408999920

1576844837.411000013

1576844837.413000107

1576844837.420000076

1576844837.421999931

1576844837.424000025

1576844837.426000118

1576844837.430000067

1576844837.430999994

1576844837.433000088

1576844837.436000109

1576844837.437000036

1576844837.438999891

1576844837.443000078

1576844837.444999933

1576844837.446000099

1576844837.447999954

1576844837.450000048

1576844837.451999903

1576844837.454999924

1576844837.457000017

1576844837.459000111

1576844837.460999966

1576844837.461999893

1576844837.466000080

1576844837.467999935

1576844837.469000101

1576844837.470999956

1576844837.473000050

1576844837.474999905

1576844837.477999926

1576844837.480000019

1576844837.482000113

1576844837.483999968

1576844837.484999895

1576844837.486999989

1576844837.490999937

1576844837.493000031

1576844837.494999886

1576844837.496000051

1576844837.497999907

1576844837.502000093

1576844837.503000021

1576844837.505000114

1576844837.506999969

1576844837.509000063

1576844837.510999918

1576844837.513999939

1576844837.516000032

1576844837.517999887

1576844837.519999981

1576844837.522000074

1576844837.525000095

1576844837.526999950

1576844837.529000044

1576844837.530999899

1576844837.532000065

1576844837.533999920

1576844837.538000107

1576844837.539000034

1576844837.540999889

1576844837.542999983

1576844837.545000076

1576844837.546999931

1576844837.551000118

1576844837.552999973

1576844837.555000067

1576844837.556999922

1576844837.559000015

1576844837.562000036

1576844837.563999891

1576844837.565999985

1576844837.568000078

1576844837.569000006

1576844837.571000099

1576844837.573999882

1576844837.575999975

1576844837.578000069

1576844837.579999924

1576844837.582000017

1576844837.582999945

1576844837.586999893

1576844837.588999987

1576844837.592000008

1576844837.592999935

1576844837.596999884

1576844837.598999977

1576844837.601000071

1576844837.602999926

1576844837.604000092

1576844837.605999947

1576844837.608999968

1576844837.611000061

1576844837.612999916

1576844837.615000010

1576844837.617000103

1576844837.618000031

1576844837.621999979

1576844837.624000072

1576844837.625999928

1576844837.628000021

1576844837.628999949

1576844837.632999897

1576844837.634999990

1576844837.637000084

1576844837.638999939

1576844837.641000032

1576844837.641999960

1576844837.645999908

1576844837.648000002

1576844837.650000095

1576844837.651999950

1576844837.653000116

1576844837.657000065

1576844837.658999920

1576844837.661000013

1576844837.663000107

1576844837.664000034

1576844837.665999889

1576844837.668999910

1576844837.671000004

1576844837.673000097

1576844837.674999952

1576844837.676000118

1576844837.677999973

1576844837.681999922

1576844837.684000015

1576844837.686000109

1576844837.687000036

1576844837.688999891

1576844837.693000078

1576844837.694999933

1576844837.697000027

1576844837.698999882

1576844837.700999975

1576844837.703999996

1576844837.706000090

1576844837.707999945

1576844837.710000038

1576844837.710999966

1576844837.713000059

1576844837.717000008

1576844837.719000101

1576844837.720999956

1576844837.721999884

1576844837.723999977

1576844837.727999926

1576844837.730999947

1576844837.732000113

1576844837.733999968

1576844837.736000061

1576844837.737999916

1576844837.740999937

1576844837.743000031

1576844837.744999886

1576844837.746999979

1576844837.749000072

1576844837.750000000

1576844837.753999949

1576844837.756000042

1576844837.757999897

1576844837.759999990

1576844837.760999918

1576844837.765000105

1576844837.766999960

1576844837.767999887

1576844837.769999981

1576844837.772000074

1576844837.773999929

1576844837.776999950

1576844837.779000044

1576844837.780999899

1576844837.782999992

1576844837.785000086

1576844837.789000034

1576844837.790999889

1576844837.792999983

1576844837.795000076

1576844837.796999931

1576844837.799999952

1576844837.802000046

1576844837.803999901

1576844837.805999994

1576844837.808000088

1576844837.809999943

1576844837.812999964

1576844837.815000057

1576844837.816999912

1576844837.819000006

1576844837.819999933

1576844837.823999882

1576844837.825999975

1576844837.828000069

1576844837.829999924

1576844837.831000090

1576844837.832999945

1576844837.836999893

1576844837.838999987

1576844837.839999914

1576844837.842000008

1576844837.844000101

1576844837.845999956

1576844837.848999977

1576844837.851000071

1576844837.852999926

1576844837.855000019

1576844837.855999947

1576844837.859999895

1576844837.861999989

1576844837.862999916

1576844837.865000010

1576844837.867000103

1576844837.868999958

1576844837.871999979

1576844837.874000072

1576844837.875999928

1576844837.878000021

1576844837.878999949

1576844837.881000042

1576844837.884999990

1576844837.885999918

1576844837.888999939

1576844837.890000105

1576844837.891999960

1576844837.898999929

1576844837.901000023

1576844837.903000116

1576844837.904000044

1576844837.907999992

1576844837.911000013

1576844837.913000107

1576844837.914999962

1576844837.917000055

1576844837.920000076

1576844837.921999931

1576844837.924000025

1576844837.926000118

1576844837.927000046

1576844837.928999901

1576844837.933000088

1576844837.934999943

1576844837.937000036

1576844837.937999964

1576844837.940000057

1576844837.944000006

1576844837.944999933

1576844837.947000027

1576844837.948999882

1576844837.950999975

1576844837.953000069

1576844837.956000090

1576844837.957999945

1576844837.959000111

1576844837.960999966

1576844837.963000059

1576844837.964999914

1576844837.967999935

1576844837.970000029

1576844837.971999884

1576844837.973999977

1576844837.974999905

1576844837.976999998

1576844837.980000019

1576844837.982000113

1576844837.983999968

1576844837.986000061

1576844837.987999916

1576844837.990999937

1576844837.993000031

1576844837.994999886

1576844837.996999979

1576844837.999000072

1576844838.000999928

1576844838.003999949

1576844838.006000042

1576844838.007999897

1576844838.009999990

1576844838.012000084

1576844838.015000105

1576844838.016999960

1576844838.019000053

1576844838.020999908

1576844838.022000074

1576844838.023999929

1576844838.028000116

1576844838.029999971

1576844838.032000065

1576844838.032999992

1576844838.035000086

1576844838.039000034

1576844838.040999889

1576844838.042000055

1576844838.043999910

1576844838.046999931

1576844838.049000025

1576844838.052000046

1576844838.053999901

1576844838.055999994

1576844838.058000088

1576844838.059999943

1576844838.062999964

1576844838.065000057

1576844838.065999985

1576844838.068000078

1576844838.069999933

1576844838.072000027

1576844838.075000048

1576844838.076999903

1576844838.078999996

1576844838.081000090

1576844838.082999945

1576844838.084000111

1576844838.089999914

1576844838.092000008

1576844838.094000101

1576844838.095000029

1576844838.098999977

1576844838.101000071

1576844838.101999998

1576844838.104000092

1576844838.105999947

1576844838.108000040

1576844838.111000061

1576844838.112999916

1576844838.115000010

1576844838.117000103

1576844838.118999958

1576844838.119999886

1576844838.124000072

1576844838.125999928

1576844838.128000021

1576844838.130000114

1576844838.131999969

1576844838.134999990

1576844838.137000084

1576844838.138999939

1576844838.141000032

1576844838.141999960

1576844838.144000053

1576844838.148000002

1576844838.150000095

1576844838.151999950

1576844838.154000044

1576844838.155999899

1576844838.158999920

1576844838.161000013

1576844838.163000107

1576844838.164999962

1576844838.165999889

1576844838.167999983

1576844838.171000004

1576844838.173000097

1576844838.174999952

1576844838.177000046

1576844838.178999901

1576844838.183000088

1576844838.184999943

1576844838.186000109

1576844838.188999891

1576844838.190000057

1576844838.191999912

1576844838.196000099

1576844838.198999882

1576844838.200999975

1576844838.201999903

1576844838.203999996

1576844838.207000017

1576844838.210000038

1576844838.210999966

1576844838.213000059

1576844838.214999914

1576844838.216000080

1576844838.220000029

1576844838.220999956

1576844838.223999977

1576844838.224999905

1576844838.226999998

1576844838.230999947

1576844838.233000040

1576844838.234999895

1576844838.236000061

1576844838.237999916

1576844838.240000010

1576844838.243000031

1576844838.244999886

1576844838.246999979

1576844838.249000072

1576844838.250999928

1576844838.253999949

1576844838.256000042

1576844838.257999897

1576844838.259999990

1576844838.262000084

1576844838.263000011

1576844838.266999960

1576844838.269999981

1576844838.272000074

1576844838.273999929

1576844838.276000023

1576844838.279000044

1576844838.280999899

1576844838.282999992

1576844838.285000086

1576844838.286999941

1576844838.290999889

1576844838.292999983

1576844838.293999910

1576844838.296999931

1576844838.298000097

1576844838.302000046

1576844838.303999901

1576844838.305999994

1576844838.308000088

1576844838.309000015

1576844838.311000109

1576844838.315000057

1576844838.315999985

1576844838.318000078

1576844838.319999933

1576844838.322000027

1576844838.322999954

1576844838.326999903

1576844838.328999996

1576844838.331000090

1576844838.332999945

1576844838.334000111

1576844838.338000059

1576844838.339999914

1576844838.341000080

1576844838.342999935

1576844838.345000029

1576844838.346999884

1576844838.351000071

1576844838.351999998

1576844838.354000092

1576844838.355999947

1576844838.358000040

1576844838.358999968

1576844838.362999916

1576844838.365000010

1576844838.367000103

1576844838.372999907

1576844838.375999928

1576844838.377000093

1576844838.378999949

1576844838.381000042

1576844838.382999897

1576844838.387000084

1576844838.388999939

1576844838.391000032

1576844838.391999960

1576844838.394000053

1576844838.398000002

1576844838.400000095

1576844838.401999950

1576844838.403000116

1576844838.404999971

1576844838.408999920

1576844838.411000013

1576844838.411999941

1576844838.414000034

1576844838.415999889

1576844838.417999983

1576844838.421999931

1576844838.424000025

1576844838.426000118

1576844838.427999973

1576844838.428999901

1576844838.433000088

1576844838.434999943

1576844838.436000109

1576844838.437999964

1576844838.440000057

1576844838.441999912

1576844838.444999933

1576844838.447000027

1576844838.450000048

1576844838.451999903

1576844838.453999996

1576844838.457999945

1576844838.459000111

1576844838.460999966

1576844838.463000059

1576844838.464999914

1576844838.467000008

1576844838.470000029

1576844838.471999884

1576844838.473999977

1576844838.476000071

1576844838.476999998

1576844838.479000092

1576844838.483000040

1576844838.484999895

1576844838.486999989

1576844838.489000082

1576844838.490999937

1576844838.493999958

1576844838.496000051

1576844838.499000072

1576844838.500000000

1576844838.502000093

1576844838.506000042

1576844838.506999969

1576844838.509000063

1576844838.510999918

1576844838.512000084

1576844838.513999939

1576844838.517999887

1576844838.519999981

1576844838.522000074

1576844838.523999929

1576844838.525000095

1576844838.529000044

1576844838.530999899

1576844838.532000065

1576844838.533999920

1576844838.536000013

1576844838.538000107

1576844838.540999889

1576844838.542999983

1576844838.545000076

1576844838.546999931

1576844838.549000025

1576844838.551000118

1576844838.553999901

1576844838.555999994

1576844838.558000088

1576844838.559999943

1576844838.561000109

1576844838.565000057

1576844838.566999912

1576844838.569000006

1576844838.571000099

1576844838.572000027

1576844838.573999882

1576844838.576999903

1576844838.578999996

1576844838.581000090

1576844838.582999945

1576844838.584000111

1576844838.588000059

1576844838.591000080

1576844838.592999935

1576844838.594000101

1576844838.595999956

1576844838.599999905

1576844838.601999998

1576844838.602999926

1576844838.605000019

1576844838.607000113

1576844838.608999968

1576844838.611999989

1576844838.614000082

1576844838.615999937

1576844838.618000031

1576844838.618999958

1576844838.621000051

1576844838.625000000

1576844838.625999928

1576844838.628999949

1576844838.631000042

1576844838.632999897

1576844838.634000063

1576844838.638000011

1576844838.640000105

1576844838.641999960

1576844838.644000053

1576844838.645999908

1576844838.648999929

1576844838.651000023

1576844838.651999950

1576844838.654000044

1576844838.655999899

1576844838.657999992

1576844838.661000013

1576844838.663000107

1576844838.664999962

1576844838.667000055

1576844838.668999910

1576844838.671000004

1576844838.674000025

1576844838.676000118

1576844838.677999973

1576844838.680000067

1576844838.681999922

1576844838.684999943

1576844838.687000036

1576844838.688999891

1576844838.691999912

1576844838.693000078

1576844838.697000027

1576844838.698999882

1576844838.700999975

1576844838.703000069

1576844838.703999996

1576844838.707999945

1576844838.710000038

1576844838.710999966

1576844838.713000059

1576844838.714999914

1576844838.717000008

1576844838.720000029

1576844838.721999884

1576844838.723000050

1576844838.724999905

1576844838.726999998

1576844838.729000092

1576844838.732000113

1576844838.733999968

1576844838.736000061

1576844838.737999916

1576844838.740000010

1576844838.740999937

1576844838.746000051

1576844838.746999979

1576844838.749000072

1576844838.750999928

1576844838.752000093

1576844838.756000042

1576844838.757999897

1576844838.759000063

1576844838.760999918

1576844838.763000011

1576844838.765000105

1576844838.769000053

1576844838.770999908

1576844838.772000074

1576844838.773999929

1576844838.776000023

1576844838.778000116

1576844838.780999899

1576844838.782999992

1576844838.785000086

1576844838.786999941

1576844838.790999889

1576844838.792999983

1576844838.795000076

1576844838.796999931

1576844838.798000097

1576844838.799999952

1576844838.803999901

1576844838.805999994

1576844838.809000015

1576844838.809999943

1576844838.812000036

1576844838.815999985

1576844838.818000078

1576844838.819000006

1576844838.821000099

1576844838.822999954

1576844838.825000048

1576844838.828000069

1576844838.829999924

1576844838.832000017

1576844838.834000111

1576844838.835999966

1576844838.836999893

1576844838.841000080

1576844838.842999935

1576844838.848999977

1576844838.851999998

1576844838.854000092

1576844838.855999947

1576844838.858000040

1576844838.859999895

1576844838.861999989

1576844838.865000010

1576844838.867000103

1576844838.868999958

1576844838.871000051

1576844838.872999907

1576844838.875999928

1576844838.878000021

1576844838.880000114

1576844838.881999969

1576844838.882999897

1576844838.887000084

1576844838.888999939

1576844838.891000032

1576844838.892999887

1576844838.894999981

1576844838.895999908

1576844838.900000095

1576844838.901999950

1576844838.904000044

1576844838.905999899

1576844838.907000065

1576844838.911000013

1576844838.913000107

1576844838.914999962

1576844838.917000055

1576844838.917999983

1576844838.920000076

1576844838.923000097

1576844838.924999952

1576844838.927000046

1576844838.928999901

1576844838.930999994

1576844838.931999922

1576844838.936000109

1576844838.937999964

1576844838.940000057

1576844838.941999912

1576844838.943000078

1576844838.947000027

1576844838.948999882

1576844838.950000048

1576844838.951999903

1576844838.953999996

1576844838.956000090

1576844838.960000038

1576844838.960999966

1576844838.963000059

1576844838.964999914

1576844838.967000008

1576844838.967999935

1576844838.971999884

1576844838.973999977

1576844838.976000071

1576844838.977999926

1576844838.980000019

1576844838.983000040

1576844838.984999895

1576844838.987999916

1576844838.990000010

1576844838.992000103

1576844838.994999886

1576844838.996999979

1576844838.999000072

1576844839.000999928

1576844839.002000093

1576844839.003999949

1576844839.007999897

1576844839.009999990

1576844839.012000084

1576844839.013000011

1576844839.015000105

1576844839.019000053

1576844839.020999908

1576844839.022000074

1576844839.023999929

1576844839.026000023

1576844839.028000116

1576844839.030999899

1576844839.032999992

1576844839.035000086

1576844839.036999941

1576844839.039000034

1576844839.040999889

1576844839.043999910

1576844839.046000004

1576844839.048000097

1576844839.049999952

1576844839.051000118

1576844839.055000067

1576844839.056999922

1576844839.059000015

1576844839.061000109

1576844839.062000036

1576844839.063999891

1576844839.066999912

1576844839.069000006

1576844839.072000027

1576844839.072999954

1576844839.075000048

1576844839.076999903

1576844839.079999924

1576844839.082000017

1576844839.084000111

1576844839.085999966

1576844839.089999914

1576844839.092000008

1576844839.094000101

1576844839.095999956

1576844839.096999884

1576844839.098999977

1576844839.101999998

1576844839.104000092

1576844839.105999947

1576844839.108000040

1576844839.108999968

1576844839.111000061

1576844839.115000010

1576844839.117000103

1576844839.118999958

1576844839.121000051

1576844839.121999979

1576844839.125999928

1576844839.128000021

1576844839.128999949

1576844839.131000042

1576844839.132999897

1576844839.134999990

1576844839.138999939

1576844839.140000105

1576844839.141999960

1576844839.144000053

1576844839.145999908

1576844839.147000074

1576844839.151000023

1576844839.153000116

1576844839.154999971

1576844839.157000065

1576844839.157999992

1576844839.161999941

1576844839.164000034

1576844839.167000055

1576844839.168999910

1576844839.170000076

1576844839.171999931

1576844839.176000118

1576844839.177000046

1576844839.178999901

1576844839.180999994

1576844839.183000088

1576844839.187000036

1576844839.190000057

1576844839.194000006

1576844839.198999882

1576844839.200999975

1576844839.203000069

1576844839.204999924

1576844839.206000090

1576844839.207999945

1576844839.211999893

1576844839.213999987

1576844839.216000080

1576844839.217000008

1576844839.219000101

1576844839.223000050

1576844839.224999905

1576844839.226000071

1576844839.227999926

1576844839.230000019

1576844839.232000113

1576844839.234999895

1576844839.236999989

1576844839.239000082

1576844839.240999937

1576844839.243000031

1576844839.246999979

1576844839.249000072

1576844839.250000000

1576844839.252000093

1576844839.253999949

1576844839.256000042

1576844839.259000063

1576844839.260999918

1576844839.263000011

1576844839.265000105

1576844839.266999960

1576844839.269000053

1576844839.272000074

1576844839.273999929

1576844839.276000023

1576844839.278000116

1576844839.279000044

1576844839.282999992

1576844839.286000013

1576844839.288000107

1576844839.289000034

1576844839.290999889

1576844839.295000076

1576844839.296999931

1576844839.299000025

1576844839.299999952

1576844839.302000046

1576844839.305999994

1576844839.308000088

1576844839.309000015

1576844839.311000109

1576844839.312999964

1576844839.315000057

1576844839.318000078

1576844839.319999933

1576844839.321000099

1576844839.322999954

1576844839.329999924

1576844839.332000017

1576844839.334000111

1576844839.335999966

1576844839.336999893

1576844839.338999987

1576844839.342999935

1576844839.344000101

1576844839.346999884

1576844839.348999977

1576844839.351000071

1576844839.351999998

1576844839.355999947

1576844839.358000040

1576844839.359999895

1576844839.361999989

1576844839.364000082

1576844839.368000031

1576844839.368999958

1576844839.371000051

1576844839.372999907

1576844839.375000000

1576844839.377000093

1576844839.380000114

1576844839.381999969

1576844839.384000063

1576844839.385999918

1576844839.390000105

1576844839.391999960

1576844839.394000053

1576844839.395999908

1576844839.397000074

1576844839.398999929

1576844839.403000116

1576844839.404000044

1576844839.405999899

1576844839.407999992

1576844839.410000086

1576844839.411000013

1576844839.414999962

1576844839.417000055

1576844839.418999910

1576844839.421000004

1576844839.421999931

1576844839.426000118

1576844839.427999973

1576844839.428999901

1576844839.431999922

1576844839.433000088

1576844839.434999943

1576844839.438999891

1576844839.440999985

1576844839.443000078

1576844839.444999933

1576844839.446000099

1576844839.450000048

1576844839.451999903

1576844839.453999996

1576844839.456000090

1576844839.457000017

1576844839.459000111

1576844839.463000059

1576844839.463999987

1576844839.466000080

1576844839.467999935

1576844839.470000029

1576844839.470999956

1576844839.474999905

1576844839.476999998

1576844839.479000092

1576844839.480000019

1576844839.483000040

1576844839.486999989

1576844839.487999916

1576844839.490000010

1576844839.492000103

1576844839.493999958

1576844839.496999979

1576844839.499000072

1576844839.500999928

1576844839.503000021

1576844839.503999949

1576844839.506000042

1576844839.509000063

1576844839.512000084

1576844839.513999939

1576844839.516000032

1576844839.516999960

1576844839.520999908

1576844839.523000002

1576844839.523999929

1576844839.526999950

1576844839.529000044

1576844839.530999899

1576844839.533999920

1576844839.536000013

1576844839.538000107

1576844839.539999962

1576844839.540999889

1576844839.542999983

1576844839.546999931

1576844839.549000025

1576844839.551000118

1576844839.552999973

1576844839.553999901

1576844839.558000088

1576844839.559999943

1576844839.561000109

1576844839.562999964

1576844839.565000057

1576844839.566999912

1576844839.569999933

1576844839.572000027

1576844839.573999882

1576844839.575999975

1576844839.576999903

1576844839.578999996

1576844839.582999945

1576844839.585000038

1576844839.586999893

1576844839.588000059

1576844839.589999914

1576844839.594000101

1576844839.595999956

1576844839.598000050

1576844839.599999905

1576844839.601000071

1576844839.605000019

1576844839.607000113

1576844839.608999968

1576844839.611000061

1576844839.612999916

1576844839.614000082

1576844839.618000031

1576844839.619999886

1576844839.621999979

1576844839.622999907

1576844839.625000000

1576844839.628999949

1576844839.630000114

1576844839.631999969

1576844839.634000063

1576844839.635999918

1576844839.638000011

1576844839.641000032

1576844839.642999887

1576844839.644999981

1576844839.647000074

1576844839.648999929

1576844839.650000095

1576844839.654000044

1576844839.655999899

1576844839.657999992

1576844839.660000086

1576844839.661999941

1576844839.664999962

1576844839.667000055

1576844839.668999910

1576844839.671000004

1576844839.673000097

1576844839.674000025

1576844839.677999973

1576844839.680000067

1576844839.681999922

1576844839.684000015

1576844839.686000109

1576844839.688999891

1576844839.690999985

1576844839.693000078

1576844839.694999933

1576844839.696000099

1576844839.700000048

1576844839.701999903

1576844839.703999996

1576844839.707000017

1576844839.709000111

1576844839.710000038

1576844839.713999987

1576844839.716000080

1576844839.717999935

1576844839.720000029

1576844839.720999956

1576844839.724999905

1576844839.726999998

1576844839.727999926

1576844839.730000019

1576844839.732000113

1576844839.733999968

1576844839.736999989

1576844839.739000082

1576844839.740999937

1576844839.743000031

1576844839.744999886

1576844839.746999979

1576844839.750000000

1576844839.752000093

1576844839.753999949

1576844839.756000042

1576844839.757999897

1576844839.760999918

1576844839.763000011

1576844839.763999939

1576844839.766000032

1576844839.767999887

1576844839.769999981

1576844839.773000002

1576844839.775000095

1576844839.776999950

1576844839.779000044

1576844839.780999899

1576844839.785000086

1576844839.786999941

1576844839.788000107

1576844839.789999962

1576844839.792000055

1576844839.796000004

1576844839.796999931

1576844839.799000025

1576844839.805000067

1576844839.809000015

1576844839.811000109

1576844839.812999964

1576844839.813999891

1576844839.815999985

1576844839.819999933

1576844839.821000099

1576844839.822999954

1576844839.825000048

1576844839.826999903

1576844839.828999996

1576844839.832000017

1576844839.834000111

1576844839.835999966

1576844839.838000059

1576844839.838999987

1576844839.841000080

1576844839.845000029

1576844839.845999956

1576844839.848000050

1576844839.849999905

1576844839.851999998

1576844839.852999926

1576844839.857000113

1576844839.858999968

1576844839.861000061

1576844839.862999916

1576844839.864000082

1576844839.868000031

1576844839.869999886

1576844839.871999979

1576844839.874000072

1576844839.875000000

1576844839.877000093

1576844839.881999969

1576844839.884999990

1576844839.885999918

1576844839.888000011

1576844839.891999960

1576844839.894000053

1576844839.894999981

1576844839.897000074

1576844839.898999929

1576844839.901000023

1576844839.904999971

1576844839.905999899

1576844839.907999992

1576844839.910000086

1576844839.911999941

1576844839.913000107

1576844839.917000055

1576844839.918999910

1576844839.921000004

1576844839.923000097

1576844839.924000025

1576844839.927999973

1576844839.930000067

1576844839.930999994

1576844839.933000088

1576844839.934999943

1576844839.937000036

1576844839.940000057

1576844839.941999912

1576844839.944000006

1576844839.946000099

1576844839.947000027

1576844839.948999882

1576844839.953000069

1576844839.954999924

1576844839.957000017

1576844839.957999945

1576844839.960000038

1576844839.963999987

1576844839.966000080

1576844839.967000008

1576844839.969000101

1576844839.970999956

1576844839.973000050

1576844839.976000071

1576844839.977999926

1576844839.980999947

1576844839.982000113

1576844839.983999968

1576844839.987999916

1576844839.990000010

1576844839.992000103

1576844839.993999958

1576844839.996000051

1576844839.999000072

1576844840.000999928

1576844840.003000021

1576844840.005000114

1576844840.006999969

1576844840.007999897

1576844840.012000084

1576844840.013999939

1576844840.016000032

1576844840.016999960

1576844840.019000053

1576844840.023000002

1576844840.025000095

1576844840.026000023

1576844840.029000044

1576844840.029999971

1576844840.032000065

1576844840.036000013

1576844840.036999941

1576844840.039000034

1576844840.040999889

1576844840.042999983

1576844840.043999910

1576844840.048000097

1576844840.049999952

1576844840.052000046

1576844840.052999973

1576844840.055000067

1576844840.056999922

1576844840.059999943

1576844840.062000036

1576844840.065000057

1576844840.066999912

1576844840.068000078

1576844840.072000027

1576844840.073999882

1576844840.075999975

1576844840.078000069

1576844840.078999996

1576844840.082999945

1576844840.085000038

1576844840.086999893

1576844840.088999987

1576844840.091000080

1576844840.092000008

1576844840.095999956

1576844840.098000050

1576844840.099999905

1576844840.101999998

1576844840.104000092

1576844840.107000113

1576844840.108999968

1576844840.111000061

1576844840.112999916

1576844840.114000082

1576844840.115999937

1576844840.118999958

1576844840.121000051

1576844840.122999907

1576844840.125000000

1576844840.127000093

1576844840.131000042

1576844840.132999897

1576844840.134999990

1576844840.137000084

1576844840.138000011

1576844840.140000105

1576844840.144000053

1576844840.144999981

1576844840.147000074

1576844840.148999929

1576844840.151000023

1576844840.151999950

1576844840.155999899

1576844840.157999992

1576844840.160000086

1576844840.161999941

1576844840.163000107

1576844840.167000055

1576844840.168999910

1576844840.171000004

1576844840.171999931

1576844840.174000025

1576844840.176000118

1576844840.180000067

1576844840.180999994

1576844840.183000088

1576844840.184999943

1576844840.187000036

1576844840.188999891

1576844840.193000078

1576844840.194999933

1576844840.197000027

1576844840.198999882

1576844840.201999903

1576844840.203999996

1576844840.206000090

1576844840.207999945

1576844840.210000038

1576844840.210999966

1576844840.214999914

1576844840.217000008

1576844840.219000101

1576844840.220999956

1576844840.221999884

1576844840.226000071

1576844840.227999926

1576844840.229000092

1576844840.230999947

1576844840.233000040

1576844840.234999895

1576844840.237999916

1576844840.240000010

1576844840.242000103

1576844840.244999886

1576844840.246000051

1576844840.247999907

1576844840.252000093

1576844840.253999949

1576844840.256000042

1576844840.256999969

1576844840.259000063

1576844840.263000011

1576844840.265000105

1576844840.266000032

1576844840.267999887

1576844840.269999981

1576844840.272000074

1576844840.276000023

1576844840.278000116

1576844840.279999971

1576844840.286999941

1576844840.289000034

1576844840.290999889

1576844840.292000055

1576844840.293999910

1576844840.298000097

1576844840.299999952

1576844840.301000118

1576844840.302999973

1576844840.305000067

1576844840.306999922

1576844840.309999943

1576844840.312000036

1576844840.313999891

1576844840.315999985

1576844840.316999912

1576844840.319000006

1576844840.322999954

1576844840.323999882

1576844840.325999975

1576844840.328000069

1576844840.329999924

1576844840.331000090

1576844840.335000038

1576844840.336999893

1576844840.338999987

1576844840.341000080

1576844840.342999935

1576844840.345999956

1576844840.348000050

1576844840.349999905

1576844840.351999998

1576844840.354000092

1576844840.355000019

1576844840.358999968

1576844840.361000061

1576844840.362999916

1576844840.365000010

1576844840.365999937

1576844840.369999886

1576844840.371999979

1576844840.374000072

1576844840.375999928

1576844840.378000021

1576844840.381999969

1576844840.384000063

1576844840.385999918

1576844840.388000011

1576844840.390000105

1576844840.392999887

1576844840.394999981

1576844840.395999908

1576844840.398999929

1576844840.401000023

1576844840.401999950

1576844840.405999899

1576844840.407999992

1576844840.410000086

1576844840.411999941

1576844840.413000107

1576844840.417000055

1576844840.418999910

1576844840.420000076

1576844840.421999931

1576844840.424999952

1576844840.427000046

1576844840.430000067

1576844840.431999922

1576844840.433000088

1576844840.434999943

1576844840.437000036

1576844840.438999891

1576844840.441999912

1576844840.444000006

1576844840.446000099

1576844840.447999954

1576844840.450000048

1576844840.450999975

1576844840.454999924

1576844840.457000017

1576844840.459000111

1576844840.460000038

1576844840.461999893

1576844840.466000080

1576844840.467999935

1576844840.469000101

1576844840.470999956

1576844840.473000050

1576844840.474999905

1576844840.479000092

1576844840.480999947

1576844840.483000040

1576844840.484999895

1576844840.486000061

1576844840.490000010

1576844840.492000103

1576844840.493999958

1576844840.496000051

1576844840.496999979

1576844840.500999928

1576844840.503000021

1576844840.505000114

1576844840.506999969

1576844840.507999897

1576844840.509999990

1576844840.513999939

1576844840.515000105

1576844840.516999960

1576844840.519000053

1576844840.520999908

1576844840.522000074

1576844840.526000023

1576844840.528000116

1576844840.529999971

1576844840.532000065

1576844840.532999992

1576844840.536999941

1576844840.539000034

1576844840.539999962

1576844840.542000055

1576844840.543999910

1576844840.546000004

1576844840.549000025

1576844840.551000118

1576844840.552999973

1576844840.555000067

1576844840.555999994

1576844840.558000088

1576844840.561000109

1576844840.562999964

1576844840.565000057

1576844840.566999912

1576844840.569000006

1576844840.569999933

1576844840.573999882

1576844840.575999975

1576844840.578000069

1576844840.579999924

1576844840.582000017

1576844840.585000038

1576844840.586999893

1576844840.588999987

1576844840.591000080

1576844840.592999935

1576844840.596999884

1576844840.598999977

1576844840.601000071

1576844840.601999998

1576844840.605000019

1576844840.607000113

1576844840.609999895

1576844840.611999989

1576844840.614000082

1576844840.615999937

1576844840.617000103

1576844840.621000051

1576844840.622999907

1576844840.624000072

1576844840.625999928

1576844840.628000021

1576844840.630000114

1576844840.632999897

1576844840.634999990

1576844840.637000084

1576844840.638999939

1576844840.641000032

1576844840.641999960

1576844840.645999908

1576844840.648000002

1576844840.650000095

1576844840.651999950

1576844840.654000044

1576844840.657000065

1576844840.658999920

1576844840.661000013

1576844840.663000107

1576844840.664999962

1576844840.665999889

1576844840.670000076

1576844840.671999931

1576844840.674000025

1576844840.676000118

1576844840.680000067

1576844840.681999922

1576844840.684000015

1576844840.686000109

1576844840.687000036

1576844840.688999891

1576844840.691999912

1576844840.694999933

1576844840.697000027

1576844840.697999954

1576844840.700000048

1576844840.703999996

1576844840.706000090

1576844840.707000017

1576844840.709000111

1576844840.710999966

1576844840.713000059

1576844840.716000080

1576844840.717999935

1576844840.720999956

1576844840.721999884

1576844840.723999977

1576844840.726000071

1576844840.729000092

1576844840.730999947

1576844840.733000040

1576844840.734999895

1576844840.736000061

1576844840.740000010

1576844840.742000103

1576844840.743999958

1576844840.746000051

1576844840.746999979

1576844840.749000072

1576844840.752000093

1576844840.753999949

1576844840.756000042

1576844840.757999897

1576844840.759999990

1576844840.766000032

1576844840.767999887

1576844840.769999981

1576844840.772000074

1576844840.773999929

1576844840.778000116

1576844840.779999971

1576844840.782999992

1576844840.783999920

1576844840.788000107

1576844840.789999962

1576844840.792000055

1576844840.793999910

1576844840.796000004

1576844840.796999931

1576844840.801000118

1576844840.802999973

1576844840.805000067

1576844840.806999922

1576844840.808000088

1576844840.812000036

1576844840.813999891

1576844840.815000057

1576844840.816999912

1576844840.819000006

1576844840.821000099

1576844840.823999882

1576844840.825999975

1576844840.826999903

1576844840.828999996

1576844840.831000090

1576844840.832999945

1576844840.835999966

1576844840.838000059

1576844840.839999914

1576844840.842000008

1576844840.844000101

1576844840.848000050

1576844840.849999905

1576844840.851000071

1576844840.852999926

1576844840.855000019

1576844840.857000113

1576844840.859999895

1576844840.861999989

1576844840.864000082

1576844840.865999937

1576844840.868000031

1576844840.868999958

1576844840.872999907

1576844840.875000000

1576844840.877000093

1576844840.878999949

1576844840.881000042

1576844840.884000063

1576844840.885999918

1576844840.888000011

1576844840.890000105

1576844840.891999960

1576844840.895999908

1576844840.898000002

1576844840.900000095

1576844840.901000023

1576844840.903000116

1576844840.907000065

1576844840.908999920

1576844840.910000086

1576844840.911999941

1576844840.914000034

1576844840.915999889

1576844840.918999910

1576844840.921000004

1576844840.923000097

1576844840.924999952

1576844840.926000118

1576844840.927999973

1576844840.931999922

1576844840.933000088

1576844840.934999943

1576844840.937000036

1576844840.937999964

1576844840.940000057

1576844840.944000006

1576844840.946000099

1576844840.947999954

1576844840.950000048

1576844840.950999975

1576844840.954999924

1576844840.957000017

1576844840.957999945

1576844840.960000038

1576844840.963000059

1576844840.964999914

1576844840.967999935

1576844840.970000029

1576844840.971999884

1576844840.973999977

1576844840.974999905

1576844840.979000092

1576844840.982000113

1576844840.983999968

1576844840.984999895

1576844840.986999989

1576844840.990999937

1576844840.993000031

1576844840.993999958

1576844840.996000051

1576844840.997999907

1576844841.000000000

1576844841.003000021

1576844841.005000114

1576844841.006999969

1576844841.009000063

1576844841.009999990

1576844841.012000084

1576844841.016000032

1576844841.016999960

1576844841.019000053

1576844841.020999908

1576844841.023000002

1576844841.025000095

1576844841.028000116

1576844841.029999971

1576844841.032000065

1576844841.033999920

1576844841.035000086

1576844841.039000034

1576844841.040999889

1576844841.042000055

1576844841.043999910

1576844841.046000004

1576844841.048000097

1576844841.052000046

1576844841.052999973

1576844841.055000067

1576844841.056999922

1576844841.059000015

1576844841.059999943

1576844841.063999891

1576844841.065999985

1576844841.068000078

1576844841.069000006

1576844841.071000099

1576844841.075000048

1576844841.076999903

1576844841.078999996

1576844841.081000090

1576844841.082999945

1576844841.085999966

1576844841.088999987

1576844841.091000080

1576844841.092999935

1576844841.094000101

1576844841.098000050

1576844841.099999905

1576844841.101000071

1576844841.102999926

1576844841.105000019

1576844841.107000113

1576844841.109999895

1576844841.111999989

1576844841.114000082

1576844841.115999937

1576844841.117000103

1576844841.118999958

1576844841.122999907

1576844841.124000072

1576844841.125999928

1576844841.128000021

1576844841.128999949

1576844841.131000042

1576844841.134000063

1576844841.135999918

1576844841.138000011

1576844841.140000105

1576844841.142999887

1576844841.147000074

1576844841.148999929

1576844841.150000095

1576844841.151999950

1576844841.154000044

1576844841.155999899

1576844841.158999920

1576844841.161000013

1576844841.163000107

1576844841.164999962

1576844841.165999889

1576844841.167999983

1576844841.171000004

1576844841.174000025

1576844841.176000118

1576844841.177000046

1576844841.178999901

1576844841.183000088

1576844841.184999943

1576844841.187000036

1576844841.188999891

1576844841.190999985

1576844841.194999933

1576844841.197000027

1576844841.197999954

1576844841.200000048

1576844841.201999903

1576844841.203999996

1576844841.206000090

1576844841.207999945

1576844841.210999966

1576844841.211999893

1576844841.213999987

1576844841.217999935

1576844841.220000029

1576844841.220999956

1576844841.223000050

1576844841.224999905

1576844841.226999998

1576844841.230000019

1576844841.232000113

1576844841.233999968

1576844841.242000103

1576844841.243999958

1576844841.244999886

1576844841.246999979

1576844841.249000072

1576844841.250999928

1576844841.253999949

1576844841.256000042

1576844841.257999897

1576844841.259999990

1576844841.262000084

1576844841.263999939

1576844841.266999960

1576844841.269000053

1576844841.270999908

1576844841.273000002

1576844841.276999950

1576844841.279000044

1576844841.280999899

1576844841.282999992

1576844841.283999920

1576844841.286000013

1576844841.289000034

1576844841.290999889

1576844841.292999983

1576844841.295000076

1576844841.296000004

1576844841.298000097

1576844841.302000046

1576844841.303999901

1576844841.305999994

1576844841.306999922

1576844841.309000015

1576844841.312999964

1576844841.315000057

1576844841.315999985

1576844841.318000078

1576844841.319999933

1576844841.322999954

1576844841.325999975

1576844841.328000069

1576844841.329999924

1576844841.332000017

1576844841.332999945

1576844841.335000038

1576844841.338999987

1576844841.341000080

1576844841.342999935

1576844841.345000029

1576844841.345999956

1576844841.349999905

1576844841.351999998

1576844841.352999926

1576844841.355000019

1576844841.357000113

1576844841.358999968

1576844841.361999989

1576844841.364000082

1576844841.365999937

1576844841.368000031

1576844841.368999958

1576844841.371000051

1576844841.375999928

1576844841.378000021

1576844841.378999949

1576844841.381000042

1576844841.384999990

1576844841.387000084

1576844841.388999939

1576844841.391000032

1576844841.391999960

1576844841.394000053

1576844841.397000074

1576844841.398999929

1576844841.401000023

1576844841.403000116

1576844841.404999971

1576844841.407000065

1576844841.410000086

1576844841.411999941

1576844841.414000034

1576844841.415999889

1576844841.417000055

1576844841.421000004

1576844841.423000097

1576844841.424000025

1576844841.426000118

1576844841.427999973

1576844841.430000067

1576844841.433000088

1576844841.434999943

1576844841.437000036

1576844841.438999891

1576844841.440000057

1576844841.444999933

1576844841.447000027

1576844841.447999954

1576844841.450000048

1576844841.451999903

1576844841.453999996

1576844841.457000017

1576844841.459000111

1576844841.460999966

1576844841.463000059

1576844841.464999914

1576844841.466000080

1576844841.470000029

1576844841.471999884

1576844841.473999977

1576844841.476000071

1576844841.477999926

1576844841.480999947

1576844841.483000040

1576844841.486000061

1576844841.486999989

1576844841.489000082

1576844841.492000103

1576844841.493999958

1576844841.496000051

1576844841.497999907

1576844841.499000072

1576844841.502000093

1576844841.506000042

1576844841.507999897

1576844841.509999990

1576844841.512000084

1576844841.513999939

1576844841.516999960

1576844841.519000053

1576844841.519999981

1576844841.522000074

1576844841.523999929

1576844841.526000023

1576844841.529000044

1576844841.530999899

1576844841.532999992

1576844841.535000086

1576844841.536999941

1576844841.538000107

1576844841.542000055

1576844841.543999910

1576844841.546000004

1576844841.546999931

1576844841.549000025

1576844841.552999973

1576844841.553999901

1576844841.555999994

1576844841.558000088

1576844841.559999943

1576844841.562000036

1576844841.565000057

1576844841.566999912

1576844841.569000006

1576844841.571000099

1576844841.572000027

1576844841.575999975

1576844841.578000069

1576844841.579999924

1576844841.582000017

1576844841.584000111

1576844841.585999966

1576844841.588999987

1576844841.591000080

1576844841.592999935

1576844841.594000101

1576844841.595999956

1576844841.599999905

1576844841.601999998

1576844841.602999926

1576844841.605000019

1576844841.607000113

1576844841.608999968

1576844841.611999989

1576844841.614000082

1576844841.615999937

1576844841.618000031

1576844841.619999886

1576844841.624000072

1576844841.625999928

1576844841.627000093

1576844841.628999949

1576844841.631000042

1576844841.631999969

1576844841.635999918

1576844841.638000011

1576844841.638999939

1576844841.641000032

1576844841.642999887

1576844841.644999981

1576844841.648000002

1576844841.650000095

1576844841.651999950

1576844841.654000044

1576844841.654999971

1576844841.657000065

1576844841.661000013

1576844841.663000107

1576844841.664999962

1576844841.667000055

1576844841.667999983

1576844841.671999931

1576844841.674000025

1576844841.676000118

1576844841.677999973

1576844841.680999994

1576844841.684000015

1576844841.686000109

1576844841.687999964

1576844841.690000057

1576844841.690999985

1576844841.693000078

1576844841.696000099

1576844841.697999954

1576844841.700000048

1576844841.701999903

1576844841.703999996

1576844841.707999945

1576844841.710000038

1576844841.714999914

1576844841.717000008

1576844841.720999956

1576844841.723000050

1576844841.724999905

1576844841.726000071

1576844841.727999926

1576844841.732000113

1576844841.733999968

1576844841.734999895

1576844841.736999989

1576844841.739000082

1576844841.740999937

1576844841.743999958

1576844841.746000051

1576844841.747999907

1576844841.750000000

1576844841.752000093

1576844841.753000021

1576844841.757999897

1576844841.759000063

1576844841.760999918

1576844841.763000011

1576844841.763999939

1576844841.767999887

1576844841.769999981

1576844841.770999908

1576844841.773000002

1576844841.775000095

1576844841.779000044

1576844841.780999899

1576844841.782999992

1576844841.783999920

1576844841.786000013

1576844841.788000107

1576844841.790999889

1576844841.792999983

1576844841.795000076

1576844841.796999931

1576844841.799000025

1576844841.799999952

1576844841.803999901

1576844841.805999994

1576844841.808000088

1576844841.809999943

1576844841.811000109

1576844841.815000057

1576844841.816999912

1576844841.818000078

1576844841.819999933

1576844841.822000027

1576844841.823999882

1576844841.826999903

1576844841.828999996

1576844841.831000090

1576844841.832000017

1576844841.834000111

1576844841.835999966

1576844841.838999987

1576844841.841000080

1576844841.842999935

1576844841.845000029

1576844841.846999884

1576844841.851000071

1576844841.852999926

1576844841.855000019

1576844841.857000113

1576844841.858000040

1576844841.861000061

1576844841.864000082

1576844841.865999937

1576844841.868000031

1576844841.869999886

1576844841.871000051

1576844841.875000000

1576844841.877000093

1576844841.878999949

1576844841.881000042

1576844841.882999897

1576844841.887000084

1576844841.888000011

1576844841.890000105

1576844841.891999960

1576844841.894000053

1576844841.894999981

1576844841.898999929

1576844841.901000023

1576844841.901999950

1576844841.904000044

1576844841.905999899

1576844841.907999992

1576844841.911000013

1576844841.913000107

1576844841.914999962

1576844841.917000055

1576844841.918999910

1576844841.921000004

1576844841.924000025

1576844841.926000118

1576844841.927999973

1576844841.930000067

1576844841.930999994

1576844841.934999943

1576844841.937000036

1576844841.938999891

1576844841.940999985

1576844841.941999912

1576844841.944000006

1576844841.947999954

1576844841.948999882

1576844841.950999975

1576844841.953000069

1576844841.954999924

1576844841.959000111

1576844841.960000038

1576844841.961999893

1576844841.963999987

1576844841.966000080

1576844841.967999935

1576844841.971999884

1576844841.973999977

1576844841.976000071

1576844841.977999926

1576844841.980000019

1576844841.983000040

1576844841.984999895

1576844841.986999989

1576844841.989000082

1576844841.990000010

1576844841.993999958

1576844841.996000051

1576844841.996999979

1576844841.999000072

1576844842.000999928

1576844842.003000021

1576844842.006999969

1576844842.009000063

1576844842.010999918

1576844842.013000011

1576844842.013999939

1576844842.017999887

1576844842.019999981

1576844842.020999908

1576844842.023000002

1576844842.025000095

1576844842.026000023

1576844842.029999971

1576844842.032999992

1576844842.035000086

1576844842.036999941

1576844842.039999962

1576844842.042999983

1576844842.045000076

1576844842.046999931

1576844842.049000025

1576844842.051000118

1576844842.052000046

1576844842.055999994

1576844842.058000088

1576844842.059999943

1576844842.061000109

1576844842.062999964

1576844842.066999912

1576844842.069000006

1576844842.069999933

1576844842.072999954

1576844842.075000048

1576844842.078000069

1576844842.079999924

1576844842.082000017

1576844842.084000111

1576844842.085999966

1576844842.089999914

1576844842.091000080

1576844842.092999935

1576844842.095000029

1576844842.096999884

1576844842.098999977

1576844842.101999998

1576844842.104000092

1576844842.105999947

1576844842.108000040

1576844842.109999895

1576844842.111000061

1576844842.115000010

1576844842.117000103

1576844842.118999958

1576844842.121000051

1576844842.121999979

1576844842.125999928

1576844842.128000021

1576844842.130000114

1576844842.131999969

1576844842.132999897

1576844842.134999990

1576844842.138999939

1576844842.140000105

1576844842.141999960

1576844842.144000053

1576844842.145999908

1576844842.147000074

1576844842.151000023

1576844842.153000116

1576844842.154999971

1576844842.155999899

1576844842.157999992

1576844842.161999941

1576844842.164000034

1576844842.165999889

1576844842.167999983

1576844842.170000076

1576844842.174000025

1576844842.174999952

1576844842.177000046

1576844842.178999901

1576844842.180999994

1576844842.183000088

1576844842.190999985

1576844842.193000078

1576844842.194999933

1576844842.198999882

1576844842.200000048

1576844842.201999903

1576844842.203999996

1576844842.206000090

1576844842.207000017

1576844842.211999893

1576844842.213999987

1576844842.214999914

1576844842.217000008

1576844842.221999884

1576844842.223999977

1576844842.226000071

1576844842.227999926

1576844842.230000019

1576844842.230999947

1576844842.234999895

1576844842.236999989

1576844842.237999916

1576844842.240000010

1576844842.240999937

1576844842.242000103

1576844842.246000051

1576844842.247999907

1576844842.250000000

1576844842.252000093

1576844842.253000021

1576844842.255000114

1576844842.259000063

1576844842.260999918

1576844842.263000011

1576844842.263999939

1576844842.266000032

1576844842.269999981

1576844842.272000074

1576844842.273999929

1576844842.276000023

1576844842.278000116

1576844842.280999899

1576844842.282999992

1576844842.285000086

1576844842.286999941

1576844842.289000034

1576844842.289999962

1576844842.293999910

1576844842.296000004

1576844842.298000097

1576844842.299000025

1576844842.301000118

1576844842.305000067

1576844842.306999922

1576844842.309000015

1576844842.311000109

1576844842.312000036

1576844842.313999891

1576844842.318000078

1576844842.319999933

1576844842.322000027

1576844842.323999882

1576844842.325999975

1576844842.328999996

1576844842.331000090

1576844842.332999945

1576844842.335000038

1576844842.336999893

1576844842.338000059

1576844842.342000008

1576844842.344000101

1576844842.345999956

1576844842.348000050

1576844842.349999905

1576844842.352999926

1576844842.355000019

1576844842.357000113

1576844842.358999968

1576844842.359999895

1576844842.361999989

1576844842.365999937

1576844842.368000031

1576844842.369999886

1576844842.371999979

1576844842.375999928

1576844842.378000021

1576844842.380000114

1576844842.381000042

1576844842.382999897

1576844842.384999990

1576844842.388999939

1576844842.391000032

1576844842.392999887

1576844842.394000053

1576844842.395999908

1576844842.401000023

1576844842.401999950

1576844842.404000044

1576844842.405999899

1576844842.407999992

1576844842.408999920

1576844842.413000107

1576844842.414999962

1576844842.417000055

1576844842.417999983

1576844842.420000076

1576844842.421999931

1576844842.424999952

1576844842.427000046

1576844842.428999901

1576844842.430999994

1576844842.431999922

1576844842.434000015

1576844842.437000036

1576844842.438999891

1576844842.440999985

1576844842.443000078

1576844842.444999933

1576844842.448999882

1576844842.450999975

1576844842.451999903

1576844842.453999996

1576844842.456000090

1576844842.457999945

1576844842.460999966

1576844842.463000059

1576844842.464999914

1576844842.467000008

1576844842.467999935

1576844842.471999884

1576844842.473999977

1576844842.476000071

1576844842.477999926

1576844842.480000019

1576844842.483999968

1576844842.486000061

1576844842.486999989

1576844842.489000082

1576844842.490999937

1576844842.493000031

1576844842.496000051

1576844842.497999907

1576844842.500000000

1576844842.502000093

1576844842.503999949

1576844842.507999897

1576844842.509000063

1576844842.510999918

1576844842.513000011

1576844842.515000105

1576844842.516999960

1576844842.519999981

1576844842.522000074

1576844842.523999929

1576844842.526000023

1576844842.526999950

1576844842.529000044

1576844842.532999992

1576844842.535000086

1576844842.536999941

1576844842.538000107

1576844842.539999962

1576844842.543999910

1576844842.546000004

1576844842.546999931

1576844842.549000025

1576844842.551000118

1576844842.552999973

1576844842.555999994

1576844842.558000088

1576844842.559999943

1576844842.562000036

1576844842.562999964

1576844842.565000057

1576844842.569000006

1576844842.571000099

1576844842.572999954

1576844842.575000048

1576844842.579999924

1576844842.582000017

1576844842.582999945

1576844842.585000038

1576844842.586999893

1576844842.588999987

1576844842.592000008

1576844842.594000101

1576844842.595999956

1576844842.598000050

1576844842.599999905

1576844842.604000092

1576844842.605999947

1576844842.607000113

1576844842.608999968

1576844842.611000061

1576844842.612999916

1576844842.615999937

1576844842.618000031

1576844842.619999886

1576844842.621999979

1576844842.624000072

1576844842.625000000

1576844842.628999949

1576844842.631000042

1576844842.632999897

1576844842.634000063

1576844842.635999918

1576844842.640000105

1576844842.641999960

1576844842.642999887

1576844842.644999981

1576844842.647000074

1576844842.648999929

1576844842.651999950

1576844842.654000044

1576844842.655999899

1576844842.657999992

1576844842.658999920

1576844842.661000013

1576844842.667999983

1576844842.670000076

1576844842.671999931

1576844842.674999952

1576844842.677000046

1576844842.680000067

1576844842.680999994

1576844842.683000088

1576844842.687000036

1576844842.687999964

1576844842.690000057

1576844842.691999912

1576844842.694000006

1576844842.696000099

1576844842.698999882

1576844842.700999975

1576844842.703000069

1576844842.704999924

1576844842.707000017

1576844842.709000111

1576844842.713000059

1576844842.713999987

1576844842.716000080

1576844842.717999935

1576844842.720000029

1576844842.723000050

1576844842.724999905

1576844842.726999998

1576844842.729000092

1576844842.730999947

1576844842.734999895

1576844842.736000061

1576844842.737999916

1576844842.740000010

1576844842.742000103

1576844842.743999958

1576844842.746999979

1576844842.749000072

1576844842.750999928

1576844842.753000021

1576844842.755000114

1576844842.756000042

1576844842.760999918

1576844842.763000011

1576844842.765000105

1576844842.766999960

1576844842.770999908

1576844842.773000002

1576844842.775000095

1576844842.776000023

1576844842.778000116

1576844842.779999971

1576844842.782999992

1576844842.785000086

1576844842.786999941

1576844842.789000034

1576844842.789999962

1576844842.792000055

1576844842.795000076

1576844842.796999931

1576844842.799000025

1576844842.801000118

1576844842.802999973

1576844842.803999901

1576844842.808000088

1576844842.809999943

1576844842.812000036

1576844842.813999891

1576844842.815000057

1576844842.819000006

1576844842.821000099

1576844842.822999954

1576844842.825000048

1576844842.825999975

1576844842.828000069

1576844842.832000017

1576844842.834000111

1576844842.835000038

1576844842.836999893

1576844842.838999987

1576844842.842999935

1576844842.845000029

1576844842.845999956

1576844842.848000050

1576844842.849999905

1576844842.851999998

1576844842.855000019

1576844842.857000113

1576844842.858999968

1576844842.861000061

1576844842.862999916

1576844842.864000082

1576844842.868999958

1576844842.871000051

1576844842.872999907

1576844842.875000000

1576844842.878000021

1576844842.880000114

1576844842.881000042

1576844842.882999897

1576844842.884999990

1576844842.887000084

1576844842.890000105

1576844842.891999960

1576844842.894000053

1576844842.895999908

1576844842.897000074

1576844842.898999929

1576844842.903000116

1576844842.904999971

1576844842.907000065

1576844842.907999992

1576844842.910000086

1576844842.914000034

1576844842.914999962

1576844842.917000055

1576844842.918999910

1576844842.921000004

1576844842.921999931

1576844842.926000118

1576844842.927999973

1576844842.928999901

1576844842.930999994

1576844842.933000088

1576844842.934999943

1576844842.938999891

1576844842.940999985

1576844842.943000078

1576844842.944000006

1576844842.946000099

1576844842.947000027

1576844842.947999954

1576844842.951999903

1576844842.953999996

1576844842.956000090

1576844842.957000017

1576844842.959000111

1576844842.963000059

1576844842.964999914

1576844842.967000008

1576844842.969000101

1576844842.970999956

1576844842.973999977

1576844842.976000071

1576844842.977999926

1576844842.980000019

1576844842.980999947

1576844842.983000040

1576844842.986999989

1576844842.989000082

1576844842.990999937

1576844842.993000031

1576844842.994999886

1576844842.997999907

1576844843.000000000

1576844843.002000093

1576844843.003999949

1576844843.005000114

1576844843.006999969

1576844843.010999918

1576844843.013000011

1576844843.015000105

1576844843.016000032

1576844843.017999887

1576844843.022000074

1576844843.023999929

1576844843.025000095

1576844843.026999950

1576844843.029000044

1576844843.030999899

1576844843.033999920

1576844843.036000013

1576844843.038000107

1576844843.039999962

1576844843.040999889

1576844843.042999983

1576844843.046999931

1576844843.049000025

1576844843.051000118

1576844843.052999973

1576844843.053999901

1576844843.058000088

1576844843.059999943

1576844843.061000109

1576844843.062999964

1576844843.065000057

1576844843.069000006

1576844843.071000099

1576844843.072999954

1576844843.075000048

1576844843.075999975

1576844843.078000069

1576844843.082000017

1576844843.084000111

1576844843.085999966

1576844843.088000059

1576844843.089999914

1576844843.092999935

1576844843.095000029

1576844843.096999884

1576844843.099999905

1576844843.101999998

1576844843.105000019

1576844843.107000113

1576844843.108999968

1576844843.111000061

1576844843.112999916

1576844843.115000010

1576844843.118999958

1576844843.121000051

1576844843.122999907

1576844843.124000072

1576844843.125999928

1576844843.130000114

1576844843.131999969

1576844843.132999897

1576844843.134999990

1576844843.141999960

1576844843.144000053

1576844843.145999908

1576844843.147000074

1576844843.148999929

1576844843.151000023

1576844843.154999971

1576844843.157000065

1576844843.158999920

1576844843.160000086

1576844843.161999941

1576844843.165999889

1576844843.168999910

1576844843.171999931

1576844843.177999973

1576844843.180000067

1576844843.181999922

1576844843.184000015

1576844843.186000109

1576844843.190000057

1576844843.191999912

1576844843.194000006

1576844843.194999933

1576844843.197000027

1576844843.198999882

1576844843.201999903

1576844843.203999996

1576844843.206000090

1576844843.207999945

1576844843.209000111

1576844843.211999893

1576844843.214999914

1576844843.217000008

1576844843.219000101

1576844843.220000029

1576844843.221999884

1576844843.226000071

1576844843.227999926

1576844843.229000092

1576844843.230999947

1576844843.233000040

1576844843.234999895

1576844843.239000082

1576844843.240000010

1576844843.242000103

1576844843.243999958

1576844843.246000051

1576844843.250000000

1576844843.252000093

1576844843.253999949

1576844843.255000114

1576844843.256999969

1576844843.259000063

1576844843.262000084

1576844843.263999939

1576844843.266000032

1576844843.267999887

1576844843.269999981

1576844843.273999929

1576844843.276000023

1576844843.278000116

1576844843.279999971

1576844843.280999899

1576844843.285000086

1576844843.286999941

1576844843.288000107

1576844843.289999962

1576844843.292000055

1576844843.293999910

1576844843.298000097

1576844843.299999952

1576844843.302000046

1576844843.303999901

1576844843.305000067

1576844843.306999922

1576844843.309999943

1576844843.312000036

1576844843.315000057

1576844843.315999985

1576844843.318000078

1576844843.322000027

1576844843.323999882

1576844843.325000048

1576844843.326999903

1576844843.328999996

1576844843.329999924

1576844843.334000111

1576844843.335999966

1576844843.338000059

1576844843.339999914

1576844843.342000008

1576844843.344000101

1576844843.346999884

1576844843.348999977

1576844843.351999998

1576844843.354000092

1576844843.355999947

1576844843.358999968

1576844843.361000061

1576844843.362999916

1576844843.365000010

1576844843.368999958

1576844843.371000051

1576844843.372999907

1576844843.375000000

1576844843.377000093

1576844843.378000021

1576844843.381999969

1576844843.384000063

1576844843.385999918

1576844843.388000011

1576844843.388999939

1576844843.392999887

1576844843.394999981

1576844843.395999908

1576844843.398000002

1576844843.400000095

1576844843.401000023

1576844843.404999971

1576844843.407000065

1576844843.408999920

1576844843.411000013

1576844843.411999941

1576844843.414000034

1576844843.417999983

1576844843.420000076

1576844843.421000004

1576844843.423000097

1576844843.424999952

1576844843.428999901

1576844843.430000067

1576844843.431999922

1576844843.434000015

1576844843.436000109

1576844843.437999964

1576844843.440999985

1576844843.443000078

1576844843.444999933

1576844843.447000027

1576844843.447999954

1576844843.450000048

1576844843.453999996

1576844843.456000090

1576844843.457999945

1576844843.460000038

1576844843.461999893

1576844843.466000080

1576844843.467999935

1576844843.470000029

1576844843.471999884

1576844843.473000050

1576844843.477999926

1576844843.480000019

1576844843.482000113

1576844843.483999968

1576844843.484999895

1576844843.489000082

1576844843.490999937

1576844843.492000103

1576844843.493999958

1576844843.496000051

1576844843.497999907

1576844843.500999928

1576844843.503000021

1576844843.505000114

1576844843.506999969

1576844843.507999897

1576844843.509999990

1576844843.513000011

1576844843.515000105

1576844843.516999960

1576844843.519000053

1576844843.519999981

1576844843.522000074

1576844843.526000023

1576844843.528000116

1576844843.529999971

1576844843.530999899

1576844843.532999992

1576844843.536999941

1576844843.539000034

1576844843.539999962

1576844843.542999983

1576844843.543999910

1576844843.546000004

1576844843.549000025

1576844843.551000118

1576844843.552999973

1576844843.555000067

1576844843.555999994

1576844843.558000088

1576844843.562000036

1576844843.563999891

1576844843.565999985

1576844843.568000078

1576844843.572000027

1576844843.573999882

1576844843.575999975

1576844843.576999903

1576844843.578999996

1576844843.581000090

1576844843.585000038

1576844843.586999893

1576844843.588999987

1576844843.591000080

1576844843.592000008

1576844843.595999956

1576844843.598000050

1576844843.599999905

1576844843.601000071

1576844843.602999926

1576844843.605000019

1576844843.608000040

1576844843.609999895

1576844843.611999989

1576844843.614000082

1576844843.615999937

1576844843.617000103

1576844843.625000000

1576844843.627000093

1576844843.628999949

1576844843.631999969

1576844843.634000063

1576844843.635999918

1576844843.638000011

1576844843.638999939

1576844843.641000032

1576844843.644999981

1576844843.647000074

1576844843.648000002

1576844843.650000095

1576844843.651999950

1576844843.657000065

1576844843.657999992

1576844843.660000086

1576844843.661999941

1576844843.664000034

1576844843.667999983

1576844843.670000076

1576844843.671999931

1576844843.673000097

1576844843.674999952

1576844843.677000046

1576844843.680000067

1576844843.681999922

1576844843.684000015

1576844843.686000109

1576844843.687999964

1576844843.691999912

1576844843.693000078

1576844843.694999933

1576844843.697000027

1576844843.698999882

1576844843.700000048

1576844843.703999996

1576844843.706000090

1576844843.707999945

1576844843.709000111

1576844843.710999966

1576844843.713000059

1576844843.716000080

1576844843.717999935

1576844843.720000029

1576844843.721999884

1576844843.723999977

1576844843.726000071

1576844843.729000092

1576844843.730999947

1576844843.733000040

1576844843.734999895

1576844843.736000061

1576844843.740000010

1576844843.742000103

1576844843.743999958

1576844843.746000051

1576844843.746999979

1576844843.749000072

1576844843.752000093

1576844843.753999949

1576844843.756000042

1576844843.757999897

1576844843.759999990

1576844843.762000084

1576844843.766000032

1576844843.767999887

1576844843.769000053

1576844843.770999908

1576844843.775000095

1576844843.776999950

1576844843.778000116

1576844843.779999971

1576844843.782000065

1576844843.782999992

1576844843.786999941

1576844843.789000034

1576844843.789999962

1576844843.792000055

1576844843.793999910

1576844843.795000076

1576844843.799000025

1576844843.801000118

1576844843.802999973

1576844843.803999901

1576844843.806999922

1576844843.808000088

1576844843.812000036

1576844843.813999891

1576844843.815999985

1576844843.816999912

1576844843.819000006

1576844843.822999954

1576844843.825000048

1576844843.825999975

1576844843.828999996

1576844843.829999924

1576844843.832000017

1576844843.836999893

1576844843.838999987

1576844843.841000080

1576844843.842000008

1576844843.844000101

1576844843.848000050

1576844843.848999977

1576844843.851000071

1576844843.852999926

1576844843.855000019

1576844843.857000113

1576844843.861000061

1576844843.862999916

1576844843.865000010

1576844843.867000103

1576844843.868000031

1576844843.871999979

1576844843.874000072

1576844843.875999928

1576844843.878000021

1576844843.878999949

1576844843.882999897

1576844843.884999990

1576844843.887000084

1576844843.888999939

1576844843.890000105

1576844843.891999960

1576844843.895999908

1576844843.898000002

1576844843.898999929

1576844843.901000023

1576844843.903000116

1576844843.907000065

1576844843.907999992

1576844843.910000086

1576844843.911999941

1576844843.914000034

1576844843.915999889

1576844843.918999910

1576844843.921000004

1576844843.923000097

1576844843.924999952

1576844843.926000118

1576844843.927999973

1576844843.931999922

1576844843.933000088

1576844843.934999943

1576844843.937000036

1576844843.938999891

1576844843.943000078

1576844843.944000006

1576844843.946000099

1576844843.947999954

1576844843.950000048

1576844843.951999903

1576844843.954999924

1576844843.957000017

1576844843.959000111

1576844843.960999966

1576844843.963000059

1576844843.966000080

1576844843.967999935

1576844843.970000029

1576844843.971999884

1576844843.973999977

1576844843.976000071

1576844843.979000092

1576844843.980999947

1576844843.983000040

1576844843.983999968

1576844843.986000061

1576844843.990000010

1576844843.992000103

1576844843.993000031

1576844843.994999886

1576844843.996999979

1576844843.999000072

1576844844.002000093

1576844844.003999949

1576844844.006000042

1576844844.007999897

1576844844.009000063

1576844844.010999918

1576844844.016000032

1576844844.017999887

1576844844.019999981

1576844844.022000074

1576844844.023000002

1576844844.026999950

1576844844.029000044

1576844844.029999971

1576844844.032000065

1576844844.033999920

1576844844.036000013

1576844844.039000034

1576844844.040999889

1576844844.042999983

1576844844.045000076

1576844844.046999931

1576844844.049000025

1576844844.052000046

1576844844.053999901

1576844844.055999994

1576844844.058000088

1576844844.059999943

1576844844.063999891

1576844844.065999985

1576844844.068000078

1576844844.069000006

1576844844.071000099

1576844844.073999882

1576844844.075999975

1576844844.078000069

1576844844.079999924

1576844844.082000017

1576844844.085999966

1576844844.088000059

1576844844.088999987

1576844844.091000080

1576844844.092999935

1576844844.095000029

1576844844.098000050

1576844844.104000092

1576844844.105999947

1576844844.109999895

1576844844.111000061

1576844844.112999916

1576844844.115000010

1576844844.117000103

1576844844.118999958

1576844844.121999979

1576844844.124000072

1576844844.125999928

1576844844.128000021

1576844844.128999949

1576844844.131000042

1576844844.134999990

1576844844.137000084

1576844844.138999939

1576844844.141000032

1576844844.141999960

1576844844.145999908

1576844844.148000002

1576844844.148999929

1576844844.151000023

1576844844.153000116

1576844844.154000044

1576844844.157999992

1576844844.160000086

1576844844.161999941

1576844844.164000034

1576844844.165999889

1576844844.170000076

1576844844.171000004

1576844844.173000097

1576844844.174999952

1576844844.177000046

1576844844.180999994

1576844844.183000088

1576844844.184999943

1576844844.187000036

1576844844.188999891

1576844844.193000078

1576844844.194999933

1576844844.197000027

1576844844.198999882

1576844844.200999975

1576844844.203000069

1576844844.206000090

1576844844.207999945

1576844844.210000038

1576844844.211999893

1576844844.213000059

1576844844.214999914

1576844844.219000101

1576844844.220999956

1576844844.223000050

1576844844.224999905

1576844844.226000071

1576844844.230000019

1576844844.232000113

1576844844.233999968

1576844844.236000061

1576844844.236999989

1576844844.239000082

1576844844.243000031

1576844844.244999886

1576844844.246000051

1576844844.247999907

1576844844.250000000

1576844844.250999928

1576844844.255000114

1576844844.256999969

1576844844.259000063

1576844844.259999990

1576844844.263000011

1576844844.266000032

1576844844.267999887

1576844844.269999981

1576844844.272000074

1576844844.273000002

1576844844.276999950

1576844844.279000044

1576844844.280999899

1576844844.282000065

1576844844.283999920

1576844844.286000013

1576844844.289000034

1576844844.290999889

1576844844.292999983

1576844844.295000076

1576844844.296000004

1576844844.298000097

1576844844.302000046

1576844844.303999901

1576844844.305999994

1576844844.306999922

1576844844.309000015

1576844844.312999964

1576844844.313999891

1576844844.315999985

1576844844.318000078

1576844844.319999933

1576844844.322000027

1576844844.325999975

1576844844.328000069

1576844844.329999924

1576844844.332000017

1576844844.332999945

1576844844.336999893

1576844844.338999987

1576844844.341000080

1576844844.342000008

1576844844.344000101

1576844844.345999956

1576844844.349999905

1576844844.351999998

1576844844.352999926

1576844844.355000019

1576844844.357000113

1576844844.361000061

1576844844.362999916

1576844844.365000010

1576844844.367000103

1576844844.368999958

1576844844.371999979

1576844844.375000000

1576844844.377000093

1576844844.378000021

1576844844.380000114

1576844844.381999969

1576844844.384999990

1576844844.387000084

1576844844.388999939

1576844844.391000032

1576844844.392999887

1576844844.394000053

1576844844.398000002

1576844844.400000095

1576844844.401999950

1576844844.404000044

1576844844.404999971

1576844844.408999920

1576844844.411000013

1576844844.411999941

1576844844.414000034

1576844844.415999889

1576844844.417999983

1576844844.421000004

1576844844.423000097

1576844844.424999952

1576844844.427000046

1576844844.428999901

1576844844.430999994

1576844844.434000015

1576844844.436000109

1576844844.437999964

1576844844.438999891

1576844844.440999985

1576844844.444999933

1576844844.447000027

1576844844.448999882

1576844844.450000048

1576844844.451999903

1576844844.453999996

1576844844.457000017

1576844844.460000038

1576844844.461999893

1576844844.463999987

1576844844.464999914

1576844844.470000029

1576844844.471999884

1576844844.473000050

1576844844.474999905

1576844844.476999998

1576844844.480000019

1576844844.482000113

1576844844.483999968

1576844844.486000061

1576844844.486999989

1576844844.489000082

1576844844.493000031

1576844844.494999886

1576844844.496999979

1576844844.497999907

1576844844.500000000

1576844844.503999949

1576844844.506000042

1576844844.506999969

1576844844.509000063

1576844844.510999918

1576844844.512000084

1576844844.516000032

1576844844.517999887

1576844844.519999981

1576844844.522000074

1576844844.523000002

1576844844.525000095

1576844844.529000044

1576844844.530999899

1576844844.532999992

1576844844.533999920

1576844844.536000013

1576844844.539999962

1576844844.542000055

1576844844.543999910

1576844844.545000076

1576844844.546999931

1576844844.549000025

1576844844.553999901

1576844844.555999994

1576844844.556999922

1576844844.559000015

1576844844.561000109

1576844844.565000057

1576844844.566999912

1576844844.569000006

1576844844.571000099

1576844844.572999954

1576844844.575999975

1576844844.578000069

1576844844.579999924

1576844844.588000059

1576844844.589999914

1576844844.592000008

1576844844.594000101

1576844844.595000029

1576844844.596999884

1576844844.601000071

1576844844.602999926

1576844844.604000092

1576844844.605999947

1576844844.608000040

1576844844.611000061

1576844844.612999916

1576844844.615000010

1576844844.617000103

1576844844.618999958

1576844844.621000051

1576844844.624000072

1576844844.625999928

1576844844.628000021

1576844844.630000114

1576844844.631000042

1576844844.632999897

1576844844.637000084

1576844844.638000011

1576844844.640000105

1576844844.641999960

1576844844.644000053

1576844844.647000074

1576844844.648999929

1576844844.651000023

1576844844.653000116

1576844844.654999971

1576844844.655999899

1576844844.660000086

1576844844.661999941

1576844844.664000034

1576844844.665999889

1576844844.667000055

1576844844.671000004

1576844844.673000097

1576844844.674999952

1576844844.677000046

1576844844.678999901

1576844844.680999994

1576844844.684000015

1576844844.686000109

1576844844.687999964

1576844844.688999891

1576844844.690999985

1576844844.694999933

1576844844.697000027

1576844844.697999954

1576844844.700000048

1576844844.701999903

1576844844.703999996

1576844844.707000017

1576844844.709000111

1576844844.710999966

1576844844.713000059

1576844844.714999914

1576844844.719000101

1576844844.720000029

1576844844.721999884

1576844844.723999977

1576844844.726000071

1576844844.726999998

1576844844.730999947

1576844844.732000113

1576844844.734999895

1576844844.736999989

1576844844.739000082

1576844844.740000010

1576844844.743999958

1576844844.746000051

1576844844.747999907

1576844844.749000072

1576844844.750999928

1576844844.753000021

1576844844.756000042

1576844844.757999897

1576844844.759999990

1576844844.762000084

1576844844.763999939

1576844844.767999887

1576844844.769999981

1576844844.772000074

1576844844.773999929

1576844844.776000023

1576844844.779000044

1576844844.780999899

1576844844.782999992

1576844844.783999920

1576844844.786000013

1576844844.788000107

1576844844.790999889

1576844844.792999983

1576844844.795000076

1576844844.796999931

1576844844.799000025

1576844844.802000046

1576844844.803999901

1576844844.805999994

1576844844.808000088

1576844844.809999943

1576844844.812000036

1576844844.815000057

1576844844.816999912

1576844844.819000006

1576844844.821000099

1576844844.822999954

1576844844.825000048

1576844844.828000069

1576844844.829999924

1576844844.832000017

1576844844.832999945

1576844844.835000038

1576844844.838999987

1576844844.841000080

1576844844.842999935

1576844844.844000101

1576844844.845999956

1576844844.848000050

1576844844.851000071

1576844844.852999926

1576844844.855000019

1576844844.857000113

1576844844.858999968

1576844844.862999916

1576844844.865000010

1576844844.867000103

1576844844.868999958

1576844844.869999886

1576844844.874000072

1576844844.875999928

1576844844.878000021

1576844844.878999949

1576844844.881000042

1576844844.882999897

1576844844.887000084

1576844844.888999939

1576844844.890000105

1576844844.891999960

1576844844.894000053

1576844844.898000002

1576844844.898999929

1576844844.901000023

1576844844.903000116

1576844844.904999971

1576844844.907000065

1576844844.910000086

1576844844.913000107

1576844844.914999962

1576844844.917000055

1576844844.918999910

1576844844.920000076

1576844844.924000025

1576844844.926000118

1576844844.927000046

1576844844.928999901

1576844844.930999994

1576844844.934999943

1576844844.936000109

1576844844.937999964

1576844844.940000057

1576844844.941999912

1576844844.944000006

1576844844.947999954

1576844844.950000048

1576844844.950999975

1576844844.953000069

1576844844.954999924

1576844844.959000111

1576844844.960999966

1576844844.963999987

1576844844.964999914

1576844844.967000008

1576844844.970999956

1576844844.973000050

1576844844.974999905

1576844844.976999998

1576844844.977999926

1576844844.982000113

1576844844.983999968

1576844844.986000061

1576844844.987999916

1576844844.989000082

1576844844.990999937

1576844844.993999958

1576844844.996000051

1576844844.997999907

1576844845.000000000

1576844845.002000093

1576844845.003999949

1576844845.006999969

1576844845.009000063

1576844845.009999990

1576844845.012000084

1576844845.013999939

1576844845.017999887

1576844845.019000053

1576844845.020999908

1576844845.023000002

1576844845.025000095

1576844845.026000023

1576844845.029999971

1576844845.032000065

1576844845.033999920

1576844845.035000086

1576844845.036999941

1576844845.039000034

1576844845.042999983

1576844845.045000076

1576844845.046999931

1576844845.048000097

1576844845.049999952

1576844845.053999901

1576844845.055000067

1576844845.056999922

1576844845.059000015

1576844845.065999985

1576844845.068000078

1576844845.069999933

1576844845.072000027

1576844845.072999954

1576844845.076999903

1576844845.078999996

1576844845.081000090

1576844845.082999945

1576844845.084000111

1576844845.085999966

1576844845.089999914

1576844845.092999935

1576844845.095000029

1576844845.096999884

1576844845.098000050

1576844845.101999998

1576844845.102999926

1576844845.105000019

1576844845.107000113

1576844845.108999968

1576844845.111000061

1576844845.114000082

1576844845.115999937

1576844845.118000031

1576844845.119999886

1576844845.121999979

1576844845.122999907

1576844845.127000093

1576844845.128999949

1576844845.131000042

1576844845.131999969

1576844845.134000063

1576844845.138000011

1576844845.140000105

1576844845.141000032

1576844845.142999887

1576844845.144999981

1576844845.145999908

1576844845.150000095

1576844845.151999950

1576844845.154000044

1576844845.154999971

1576844845.157999992

1576844845.158999920

1576844845.163000107

1576844845.164999962

1576844845.167000055

1576844845.168999910

1576844845.171000004

1576844845.174000025

1576844845.176000118

1576844845.177999973

1576844845.180999994

1576844845.181999922

1576844845.186000109

1576844845.188999891

1576844845.190999985

1576844845.193000078

1576844845.194000006

1576844845.197999954

1576844845.200000048

1576844845.201999903

1576844845.203999996

1576844845.204999924

1576844845.207000017

1576844845.210999966

1576844845.213000059

