nSeg: 36

breaks: 
0.000000000000000
0.333333333333333
0.666666666666667
1.000000000000000
1.333333333333333
1.666666666666667
2.000000000000000
2.333333333333333
2.666666666666667
3.000000000000000
3.333333333333333
3.666666666666667
4.000000000000000
4.333333333333333
4.666666666666667
5.000000000000000
5.333333333333333
5.666666666666667
6.000000000000000
6.333333333333333
6.666666666666667
7.000000000000000
7.333333333333333
7.666666666666667
8.000000000000000
8.333333333333334
8.666666666666666
9.000000000000000
9.333333333333334
9.666666666666666
10.000000000000000
10.333333333333334
10.666666666666666
11.000000000000000
11.333333333333334
11.666666666666666
12.000000000000000

coefs_q:
q1:
0.000094934573827
-0.000037890894713
-0.000000000000000
-1.444596529000000
q2:
0.028093580598436
-0.011514095235522
0.000000000000000
1.438603520000000
q3:
-0.051133287043507
0.020901283307135
0.000000000000000
-2.718171120000000
q4:
0.019865535341203
-0.008906748107079
0.000000000000000
1.457596659999999
q5:
0.043032348261010
-0.023337174884785
-0.000000000000000
-1.134007812000000
q6:
0.074255331391443
-0.030431299060768
-0.000000000000000
-0.467981040000000
q7:
-0.000292169008280
0.000169184974464
0.000000000000000
-0.325451404000000

q1:
-0.000172355862693
0.000057043679114
0.000006384261467
-1.444597223004086
q2:
-0.047259364320096
0.016579485362914
0.001688463375798
1.438364679070069
q3:
0.090480510062518
-0.030232003736372
-0.003110240143079
-2.717742580634152
q4:
-0.030724361606314
0.010958787234124
0.000684013042348
1.457342781889628
q5:
-0.034246422766437
0.019695173376224
-0.001214000502854
-1.135007040755309
q6:
-0.127486858567040
0.043824032330675
0.004464244423302
-0.468612097992254
q7:
0.000183835039135
-0.000122984033815
0.000015400313550
-0.325443426743885

q1:
0.000184918140695
-0.000115312183579
-0.000013038573355
-1.444595140280833
q2:
0.089021416269021
-0.030679878957181
-0.003011667822291
1.439019318408989
q3:
-0.087339636874127
0.060248506326146
0.006895260720179
-2.718787308872459
q4:
0.008567557619430
-0.019765574372190
-0.002251582670341
1.457650489944338
q5:
0.012145703937388
-0.014551249390212
0.000500640825817
-1.134491741020622
q6:
0.120411834139100
-0.083662826236365
-0.008815353545261
-0.466976415094672
q7:
-0.000090932837556
0.000060851005319
-0.000005310695949
-0.325445149493528

q1:
-0.000069525508358
0.000069605957116
-0.000028273982176
-1.444605450116768
q2:
-0.189276978352679
0.058341537311840
0.006208884962595
1.437903643186650
q3:
0.037658686578430
-0.027091130547981
0.017947719312901
-2.713029411517425
q4:
0.092742435377840
-0.011198016752760
-0.012572779711991
1.455021104406183
q5:
0.042595461560408
-0.002405545452825
-0.005151624121862
-1.135491825346581
q6:
-0.065217681622167
0.036749007902735
-0.024453292989804
-0.474751038297537
q7:
0.000034081271078
-0.000030081832237
0.000004945695079
-0.325443526385570

q1:
-0.000003345526156
0.000000080448758
-0.000005045180218
-1.444609715801086
q2:
-0.211341121522672
-0.130935441040840
-0.017989082947072
1.439445406084657
q3:
-0.030501497018409
0.010567556030449
0.012439861140390
-2.708662197859996
q4:
0.306804512594536
0.081544418625079
0.010876020912115
1.453020858765873
q5:
0.136731622676489
0.040189916107584
0.007443166096391
-1.135898706527871
q6:
0.066137834974770
-0.028468673719432
-0.021693181595369
-0.481234382550211
q7:
0.000029068790509
0.000003999438842
-0.000003748436053
-0.325443957977049

q1:
0.000021688900624
-0.000003265077398
-0.000006106723098
-1.444611512497451
q2:
0.392560626276699
-0.342276562563511
-0.175726417481856
1.411073213819145
q3:
0.019576312031203
-0.019933940987960
0.009317732821219
-2.704471089662350
q4:
-0.531244032067366
0.388348931219615
0.167507137527013
1.477069820124348
q5:
-0.242030487876488
0.176921538784073
0.079813651060277
-1.123887970755028
q6:
-0.025450510460105
0.037669161255338
-0.018626352416734
-0.489179079607316
q7:
-0.000051968056791
0.000033068229351
0.000008607453345
-0.325443686451769

q1:
-0.000029732390843
0.000018423823226
-0.000001053807822
-1.444613107565578
q2:
-0.040315991952729
0.050284063713187
-0.273057250431964
1.329006294606162
q3:
0.010258975369834
-0.000357628956757
0.002553876172980
-2.702855012460190
q4:
0.131245335585608
-0.142895100847751
0.249325080984302
1.556379708988592
q5:
0.057565529269251
-0.065108949092415
0.117084514290829
-1.086589563791390
q6:
-0.022305195499863
0.012218650795233
-0.001997081733210
-0.492145012883046
q7:
0.000027584361320
-0.000018899827440
0.000013330253981
-0.325439067795792

q1:
0.000016753734493
-0.000011308567617
0.000001317944047
-1.444612512943044
q2:
0.047887595394121
0.009968071760458
-0.252973205274082
1.242081144432057
q3:
-0.000161896829921
0.009901346413077
0.005735115325087
-2.701663494902547
q4:
-0.112008889361458
-0.011649765262142
0.197810125614337
1.628471774244187
q5:
-0.041494262188569
-0.007543419823164
0.092867057985636
-1.052663663398447
q6:
-0.014093686820302
-0.010086544704630
-0.001286379703009
-0.492279197279825
q7:
-0.000031474882213
0.000008684533880
0.000009925156128
-0.325435702715613

q1:
-0.000008522105964
0.000005445166876
-0.000000636522867
-1.444612709627189
q2:
-0.060043975395038
0.057855667154579
-0.230365292302403
1.160637920847196
q3:
0.003182791657171
0.009739449583156
0.012282047323832
-2.698657636371617
q4:
0.128163373005667
-0.123658654623600
0.152707318985756
1.688965587036081
q5:
0.054229423873201
-0.049037682011733
0.074006690707337
-1.024082959686867
q6:
0.009533343964896
-0.024180231524932
-0.012708638446196
-0.494350706104317
q7:
0.000029159700555
-0.000022790348333
0.000005223217977
-0.325432595118407

q1:
0.000004741969011
-0.000003076939088
0.000000152886396
-1.444612632416491
q2:
-0.007073790983823
-0.002188308240458
-0.211809505997696
1.088054046600792
q3:
-0.019363698996579
0.012922241240328
0.019835944264993
-2.693363578359723
q4:
-0.060939525525188
0.004504718382066
0.112989340238578
1.730874967777070
q5:
-0.031541605419662
0.005191741861468
0.059391377323915
-1.002854196938569
q6:
0.013474897307374
-0.014646887560036
-0.025651011474518
-0.500920524497860
q7:
-0.000013987722533
0.000006369352223
-0.000000250447393
-0.325432306317764

q1:
-0.000002066042585
0.000001665029923
-0.000000317749992
-1.444612747707998
q2:
-0.019397339960506
-0.009262099224282
-0.215626308485942
1.016945740316182
q3:
0.001273562431648
-0.006441457756252
0.021996205426352
-2.686032966392711
q4:
0.061971748040109
-0.056434807143122
0.095679310651560
1.766781585990707
q5:
0.020325699767484
-0.026349863558194
0.052338670091674
-0.983648418565236
q6:
0.010293858758959
-0.001171990252662
-0.030923970745418
-0.510599223336504
q7:
0.000017613073311
-0.000007618370310
-0.000000666786756
-0.325432200158223

q1:
0.000000680185486
-0.000000401012662
0.000000103589095
-1.444612745141433
q2:
0.055108707785279
-0.028659439184788
-0.228266821288966
0.943322762019633
q3:
-0.009181027270931
-0.005167895324603
0.018126421066067
-2.679369446466782
q4:
-0.077662645758822
0.005536940896987
0.078713355236182
1.794699405341625
q5:
-0.031513404724956
-0.006024163790710
0.041547327642039
-0.968377154123830
q6:
-0.007126402137509
0.009121868506297
-0.028274011327539
-0.520656180696052
q7:
-0.000023886503646
0.000009994703001
0.000000125324142
-0.325432616570017

q1:
-0.000000789771068
0.000000279172824
0.000000062975815
-1.444612729976642
q2:
0.080312821563708
0.026449268600491
-0.229003544817065
0.866090502709641
q3:
-0.007642450282733
-0.014348922595534
0.011620815092687
-2.674241554750121
q4:
0.033514550785263
-0.072125704861835
0.056517100581233
1.818676011788209
q5:
0.002642626262094
-0.037537568515666
0.027026750206580
-0.956364559580080
q6:
0.028228541084043
0.001995466368789
-0.024568233035844
-0.529331251013329
q7:
0.000023925991983
-0.000013891800645
-0.000001173708406
-0.325432348958067

q1:
0.000000839450748
-0.000000510598244
-0.000000014165992
-1.444612707216281
q2:
-0.043715742013377
0.106762090164199
-0.184599758562168
0.795669344339700
q3:
0.006042821051443
-0.021991372878268
-0.000492616731913
-2.672245328166237
q4:
-0.049003158700842
-0.038611154076572
0.019604814268431
1.830742357767130
q5:
-0.013755466572781
-0.034894942253572
0.002882579950168
-0.951428608743994
q6:
-0.029512266464499
0.030224007452831
-0.013828408428637
-0.536253442018224
q7:
-0.000008544627334
0.000010034191338
-0.000002459578175
-0.325433397579757

q1:
-0.000000561786675
0.000000328852504
-0.000000074747905
-1.444612737580649
q2:
-0.033038672758424
0.063046348150821
-0.127996945790495
0.744379444392282
q3:
0.031194608863759
-0.015948551826825
-0.013139258300277
-2.674629211431815
q4:
0.081155740729139
-0.087614312777414
-0.022470341349565
1.831172235822142
q5:
0.055494589476975
-0.048650408826353
-0.024965870409807
-0.954854426291475
q6:
-0.020951055715371
0.000711740988333
-0.003516492281582
-0.538597735350215
q7:
-0.000012256667701
0.000001489564003
0.000001381673605
-0.325433418996679

q1:
0.000000487402795
-0.000000232934171
-0.000000042775128
-1.444612746764364
q2:
0.019905030493785
0.030007675392397
-0.096978937942755
0.707495291043378
q3:
-0.045303389754612
0.015246057036934
-0.013373423230241
-2.679625669628822
q4:
-0.088279991269905
-0.006458572048276
-0.053827969624795
1.816952966572171
q5:
-0.070987502775818
0.006844180650621
-0.038901279801718
-0.966526628909636
q6:
0.044986990349228
-0.020239314727039
-0.010025683527818
-0.540466782138534
q7:
0.000014656813159
-0.000010767103697
-0.000001710839626
-0.325433246882355

q1:
-0.000000602189521
0.000000254468624
-0.000000035596977
-1.444612768852359
q2:
0.030152444176658
0.049912705886183
-0.070338810849895
0.679240387902125
q3:
0.034988810701164
-0.030057332717677
-0.018310515123822
-2.684067374359044
q4:
0.059483096090383
-0.094738563318180
-0.087560348080280
1.795023061607805
q5:
0.056175406132130
-0.064143322125197
-0.058000993626577
-0.981362424429614
q6:
-0.028653821363151
0.024747675622189
-0.008522896562767
-0.544391304567506
q7:
-0.000011610628127
0.000003889709462
-0.000004003304371
-0.325434470662154

q1:
0.000000682750538
-0.000000347720897
-0.000000066681068
-1.444612774747042
q2:
-0.082531221196162
0.080065150062841
-0.027012858866888
0.662456731020131
q3:
-0.005944252249661
0.004931477983487
-0.026685800035219
-2.692214701157795
q4:
-0.023547735348883
-0.035255467227797
-0.130891691595606
1.757512849512002
q5:
-0.025056489035553
-0.007967915993067
-0.082038072999331
-1.005742554166009
q6:
0.003087500082074
-0.003906145740962
-0.001575719935692
-0.545543780995709
q7:
0.000012051475740
-0.000007720918665
-0.000005280374106
-0.325435802930268

q1:
0.000000347560484
0.000000335029640
-0.000000070911487
-1.444612810322663
q2:
0.016654104087163
-0.002466071133321
-0.001146499223714
0.659291860619774
q3:
-0.021874585756383
-0.001012774266174
-0.025379565462781
-2.700782183328764
q4:
0.118955583347573
-0.058803202576680
-0.162244581530432
1.709092873164123
q5:
0.071368507033753
-0.033024405028620
-0.095702180006560
-1.034901920610777
q6:
0.053161228432381
-0.000818645658888
-0.003150650402309
-0.546388685312822
q7:
-0.000020965670934
0.000004330557075
-0.000006410494636
-0.325437974583868

q1:
-0.000001442680069
0.000000682590124
0.000000268295101
-1.444612783861699
q2:
0.114357125134453
0.014188032953842
0.002760821383126
0.659252504978062
q3:
0.025393688532594
-0.022887360022558
-0.033346276892358
-2.710164738799873
q4:
-0.076002955952279
0.060152380770893
-0.161794855465694
1.652883419158332
q5:
-0.030924789429758
0.038344102005133
-0.093928947681056
-1.067828747577856
q6:
-0.040205507033687
0.052342582773493
0.014023995302559
-0.545560928355972
q7:
0.000090823295212
-0.000016635113859
-0.000010512013564
-0.325440406748736

q1:
0.000000495548437
-0.000000760089945
0.000000242461828
-1.444612672019246
q2:
-0.082728237346961
0.128545158088295
0.050338551730505
0.665984675957473
q3:
0.027351638391860
0.002506328510036
-0.040139954063199
-2.722882697450477
q4:
-0.090329689128164
-0.015850575181386
-0.147027586935859
1.602820474238671
q5:
-0.053155586786734
0.007419312575375
-0.078674476154220
-1.096023303597999
q6:
-0.048648043858535
0.012137075739806
0.035517214806992
-0.536559513577830
q7:
-0.000241710233747
0.000074188181353
0.000008672342267
-0.325442395273493

q1:
0.000000400444285
-0.000000264541508
-0.000000099081990
-1.444612657299430
q2:
-0.017700257422051
0.045816920741334
0.108459244673715
0.693982979753491
q3:
-0.016114706866608
0.029857966901896
-0.029351855592555
-2.734971177548507
q4:
0.095276174397111
-0.106180264309550
-0.187704533432837
1.548704559531447
q5:
0.043781196197288
-0.045736274211359
-0.091446796699548
-1.123392486355354
q6:
0.036799199271747
-0.036510968118730
0.027392584014017
-0.525173657406578
q7:
0.000419524205433
-0.000167522052394
-0.000022438948080
-0.325440213592355

q1:
0.000000332300907
0.000000135902777
-0.000000141961567
-1.444612704888991
q2:
-0.027069449545126
0.028116663319283
0.133103772693921
0.734571265192950
q3:
0.000722378654271
0.013743260035287
-0.014818113280161
-2.742034418529764
q4:
0.034660492386287
-0.010904089912439
-0.226732651506834
1.477867321774889
q5:
0.016084700681176
-0.001955078014071
-0.107343914108025
-1.157335034382492
q6:
-0.003781293460496
0.000288231153018
0.015318338358780
-0.518736636997626
q7:
-0.000728676802613
0.000252002153040
0.000005721085469
-0.325450768869558

q1:
-0.000001059015987
0.000000468203684
0.000000059407253
-1.444612724801764
q2:
-0.031747855191847
0.001047213774158
0.142825065058401
0.781060690921024
q3:
-0.011255561428831
0.014465638689559
-0.005415147038545
-2.745420005965368
q4:
0.022605149865220
0.023756402473848
-0.222448547319698
1.402361927667017
q5:
0.007751815083884
0.014129622667104
-0.103285732557014
-1.192737840320761
q6:
0.005250444496418
-0.003493062307478
0.014250061307293
-0.513738546433642
q7:
0.001459182122429
-0.000476674649573
-0.000069169746709
-0.325447849631568

q1:
0.000001485754607
-0.000000590812304
0.000000018537713
-1.444612692199529
q2:
0.034121168278210
-0.030700641417690
0.132940589177224
0.827609556537922
q3:
-0.011405861934992
0.003210077260728
0.000476758278217
-2.746034634435999
q4:
-0.036626971101302
0.046361552339068
-0.199075895715393
1.331689239941442
q5:
-0.007451172260642
0.021881437750988
-0.091282045750983
-1.225309355503277
q6:
0.017959985034370
0.001757382188940
0.013671501267780
-0.509182183124767
q7:
-0.002852602529310
0.000982507472855
0.000099441194386
-0.325469826281444

q1:
-0.000001691355883
0.000000894942304
0.000000119914380
-1.444612696638154
q2:
0.031424952179835
0.003420526860521
0.123847217658168
0.869775650857187
q3:
0.020689412818204
-0.008195784674264
-0.001185144192962
-2.745941479089661
q4:
-0.063202136027208
0.009734581237766
-0.180377184523115
1.269125337144308
q5:
-0.040408451069135
0.014430265490346
-0.079178144670538
-1.253581402568704
q6:
-0.022028549348019
0.019717367223310
0.020829751071864
-0.503764566716944
q7:
0.005317569936639
-0.001870095056454
-0.000196421333481
-0.325433163665195

q1:
0.000002922334152
-0.000000796413579
0.000000152757288
-1.444612619871471
q2:
-0.044718346766184
0.034845479040356
0.136602552958460
0.912602002401072
q3:
-0.003204806013645
0.012493628143940
0.000247470296930
-2.746480895346744
q4:
0.072076822449420
-0.053467554789442
-0.194954842373673
1.207740409254606
q5:
0.039850661210123
-0.025978185578789
-0.083027451366685
-1.279867363925479
q6:
0.002384453155863
-0.002311182124708
0.026631812771398
-0.495446369977363
q7:
-0.009954014537995
0.003447474880184
0.000329371941096
-0.325509478747938

q1:
-0.000000231501749
0.000002125920573
0.000000595926286
-1.444612549208175
q2:
0.023385257654042
-0.009872867725829
0.144926756729969
0.960351671548517
q3:
-0.001131462343035
0.009288822130295
0.007508287055009
-2.745128920861909
q4:
-0.012350619141454
0.018609267659979
-0.206574271416827
1.139484134318237
q5:
-0.023845559277341
0.013872475631334
-0.087062688015837
-1.308953695696828
q6:
0.000555932835544
0.000073271031155
0.025885842406880
-0.486737583987574
q7:
0.018640302678168
-0.006506539657810
-0.000690316318113
-0.325385302541552

q1:
0.000011468950008
0.000001894418824
0.000001936039418
-1.444612122926821
q2:
-0.013931077472244
0.013512389928213
0.146139930797430
1.008429725809491
q3:
0.006690243425163
0.008157359787260
0.013323681027527
-2.741635973175134
q4:
-0.004726466475328
0.006258648518524
-0.198284966023993
1.072236309914053
q5:
0.028700361487560
-0.009973083646007
-0.085762890687395
-1.337316374382971
q6:
-0.005676026595562
0.000629203866698
0.026120000706164
-0.478080238521243
q7:
-0.034873698887023
0.012133763020358
0.001185424802736
-0.325647975251117

q1:
-0.000024396198622
0.000013363368831
0.000007021968636
-1.444610842313442
q2:
-0.000603767814262
-0.000418687544030
0.150504498258824
1.058128446901686
q3:
0.007479088928719
0.014847603212423
0.020992002027421
-2.736040586062738
q4:
0.015869010672354
0.001532182043196
-0.195688022503420
1.006661672316435
q5:
-0.074561407450909
0.018727277841552
-0.082844825955547
-1.365949148665824
q6:
-0.005048125909973
-0.005046822728864
0.024647461085442
-0.469513883285687
q7:
0.066575598023165
-0.022739935866665
-0.002349966146033
-0.325196256236352

q1:
0.000002994236540
-0.000011032829790
0.000007798814983
-1.444607920401383
q2:
-0.013162082917777
-0.001022455358292
0.150024117291384
1.108227730378836
q3:
0.002658145215578
0.022326692141142
0.033383433811943
-2.727116515069673
q4:
-0.008282333633237
0.017401192715550
-0.189376897583837
0.942190315067219
q5:
0.135146362928407
-0.055834129609357
-0.095213776544815
-1.394244815611238
q6:
-0.008789670228045
-0.010094948638837
0.019600203962875
-0.462045788631153
q7:
-0.136087464353633
0.043835662156499
0.004681942617245
-0.326040474936023

q1:
0.000093698427873
-0.000008038593250
0.000001441673969
-1.444606435768716
q2:
0.004645553646129
-0.014184538276069
0.144955119413263
1.157634678772533
q3:
-0.010089479123998
0.024984837356720
0.049153943644563
-2.713409510404988
q4:
-0.030082413172555
0.009118859082314
-0.180536880317883
0.880691395299029
q5:
0.065841761813006
0.079312233319051
-0.087387741974917
-1.427181112455793
q6:
-0.001335046960274
-0.018884618866882
0.009940348127636
-0.456959591611845
q7:
-0.053572590982451
-0.092251802197134
-0.011456770729633
-0.324649474725983

q1:
-0.000197159762442
0.000085659834623
0.000027315421094
-1.444603378075610
q2:
-0.003199228058951
-0.009538984629940
0.137047278444594
1.204549049644284
q3:
0.000595997475268
0.014895358232722
0.062447342174377
-2.694622453895831
q4:
0.058216991349269
-0.020963554090241
-0.184485111987192
0.820411478306934
q5:
-0.182748166122944
0.145153995132056
-0.012565665824548
-1.445059305641130
q6:
0.013502713610057
-0.020219665827156
-0.003094413437044
-0.455793879404890
q7:
0.177478054788280
-0.145824393179585
-0.090815502521873
-0.340702768583041

q1:
0.000299511834059
-0.000111499927819
0.000018702056695
-1.444592057389267
q2:
-0.090822448411157
-0.012738212688891
0.129621546004983
1.249053098683268
q3:
-0.002865126564738
0.015491355707990
0.072576246821282
-2.672129559386837
q4:
0.044464688198805
0.037253437259027
-0.179055150930930
0.758743342054853
q5:
0.021848756181651
-0.037594170990888
0.023287608889175
-1.439888089831786
q6:
-0.025446098400446
-0.006716952217100
-0.012073286118463
-0.458571879582845
q7:
-0.011457510361490
0.031653661608695
-0.128872413045502
-0.380604051821831

q1:
-0.000430703510776
0.000188011906240
0.000044206049502
-1.444587119220346
q2:
-0.006440725336227
-0.103560661100048
0.090855254742004
1.287481129333899
q3:
-0.076566033306902
0.012626229143253
0.081948775105029
-2.646322331166439
q4:
0.106297307159613
0.081718125457832
-0.139397963358644
0.704844402854761
q5:
0.101889198845888
-0.015745414809237
0.005507746955799
-1.435493470453580
q6:
-0.000326619813687
-0.032163050617545
-0.025033287063344
-0.464285084402027
q7:
0.005482765639936
0.020196151247206
-0.111589142093535
-0.420468801560532

q1:
0.000407444758860
-0.000242691604535
0.000025979483403
-1.444567445640589
q2:
0.160999056182863
-0.110001386436275
0.019667905563229
1.306020928742849
q3:
-0.066653141967392
-0.063939804163649
0.064844250098230
-2.620438937460213
q4:
-0.227570533234234
0.188015432617445
-0.049486777333552
0.671395144088291
q5:
-0.259209178168113
0.086143784036651
0.028973870031604
-1.431633371304677
q6:
0.204731923101273
-0.032489670431232
-0.046584194079603
-0.476215282744117
q7:
0.237534524371974
0.025678916887142
-0.096297452715420
-0.455218100059060

coefs_qdot:
qdot1:
0.000284803721482
-0.000075781789427
-0.000000000000000
qdot2:
0.084280741795308
-0.023028190471043
0.000000000000000
qdot3:
-0.153399861130521
0.041802566614270
0.000000000000000
qdot4:
0.059596606023610
-0.017813496214159
0.000000000000000
qdot5:
0.129097044783029
-0.046674349769570
-0.000000000000000
qdot6:
0.222765994174330
-0.060862598121536
-0.000000000000000
qdot7:
-0.000876507024839
0.000338369948929
0.000000000000000

qdot1:
-0.000517067588080
0.000114087358228
0.000006384261467
qdot2:
-0.141778092960287
0.033158970725829
0.001688463375798
qdot3:
0.271441530187555
-0.060464007472744
-0.003110240143079
qdot4:
-0.092173084818942
0.021917574468248
0.000684013042348
qdot5:
-0.102739268299310
0.039390346752449
-0.001214000502854
qdot6:
-0.382460575701119
0.087648064661350
0.004464244423302
qdot7:
0.000551505117404
-0.000245968067630
0.000015400313550

qdot1:
0.000554754422085
-0.000230624367159
-0.000013038573355
qdot2:
0.267064248807063
-0.061359757914363
-0.003011667822291
qdot3:
-0.262018910622382
0.120497012652292
0.006895260720179
qdot4:
0.025702672858289
-0.039531148744380
-0.002251582670341
qdot5:
0.036437111812163
-0.029102498780425
0.000500640825817
qdot6:
0.361235502417299
-0.167325652472729
-0.008815353545261
qdot7:
-0.000272798512668
0.000121702010639
-0.000005310695949

qdot1:
-0.000208576525074
0.000139211914231
-0.000028273982176
qdot2:
-0.567830935058038
0.116683074623679
0.006208884962595
qdot3:
0.112976059735290
-0.054182261095962
0.017947719312901
qdot4:
0.278227306133519
-0.022396033505521
-0.012572779711991
qdot5:
0.127786384681225
-0.004811090905649
-0.005151624121862
qdot6:
-0.195653044866501
0.073498015805470
-0.024453292989804
qdot7:
0.000102243813234
-0.000060163664473
0.000004945695079

qdot1:
-0.000010036578467
0.000000160897515
-0.000005045180218
qdot2:
-0.634023364568015
-0.261870882081679
-0.017989082947072
qdot3:
-0.091504491055227
0.021135112060898
0.012439861140390
qdot4:
0.920413537783608
0.163088837250158
0.010876020912115
qdot5:
0.410194868029466
0.080379832215168
0.007443166096391
qdot6:
0.198413504924310
-0.056937347438863
-0.021693181595369
qdot7:
0.000087206371527
0.000007998877683
-0.000003748436053

qdot1:
0.000065066701872
-0.000006530154796
-0.000006106723098
qdot2:
1.177681878830096
-0.684553125127023
-0.175726417481856
qdot3:
0.058728936093610
-0.039867881975920
0.009317732821219
qdot4:
-1.593732096202098
0.776697862439230
0.167507137527013
qdot5:
-0.726091463629463
0.353843077568145
0.079813651060277
qdot6:
-0.076351531380316
0.075338322510677
-0.018626352416734
qdot7:
-0.000155904170374
0.000066136458701
0.000008607453345

qdot1:
-0.000089197172529
0.000036847646452
-0.000001053807822
qdot2:
-0.120947975858186
0.100568127426374
-0.273057250431964
qdot3:
0.030776926109502
-0.000715257913514
0.002553876172980
qdot4:
0.393736006756825
-0.285790201695502
0.249325080984302
qdot5:
0.172696587807754
-0.130217898184830
0.117084514290829
qdot6:
-0.066915586499588
0.024437301590466
-0.001997081733210
qdot7:
0.000082753083961
-0.000037799654881
0.000013330253981

qdot1:
0.000050261203479
-0.000022617135234
0.000001317944047
qdot2:
0.143662786182363
0.019936143520917
-0.252973205274082
qdot3:
-0.000485690489762
0.019802692826154
0.005735115325087
qdot4:
-0.336026668084375
-0.023299530524285
0.197810125614337
qdot5:
-0.124482786565708
-0.015086839646328
0.092867057985636
qdot6:
-0.042281060460906
-0.020173089409259
-0.001286379703009
qdot7:
-0.000094424646638
0.000017369067760
0.000009925156128

qdot1:
-0.000025566317892
0.000010890333752
-0.000000636522867
qdot2:
-0.180131926185113
0.115711334309158
-0.230365292302403
qdot3:
0.009548374971514
0.019478899166313
0.012282047323832
qdot4:
0.384490119017001
-0.247317309247201
0.152707318985756
qdot5:
0.162688271619604
-0.098075364023466
0.074006690707337
qdot6:
0.028600031894688
-0.048360463049863
-0.012708638446196
qdot7:
0.000087479101666
-0.000045580696665
0.000005223217977

qdot1:
0.000014225907034
-0.000006153878176
0.000000152886396
qdot2:
-0.021221372951470
-0.004376616480917
-0.211809505997696
qdot3:
-0.058091096989738
0.025844482480655
0.019835944264993
qdot4:
-0.182818576575564
0.009009436764133
0.112989340238578
qdot5:
-0.094624816258987
0.010383483722937
0.059391377323915
qdot6:
0.040424691922121
-0.029293775120071
-0.025651011474518
qdot7:
-0.000041963167598
0.000012738704445
-0.000000250447393

qdot1:
-0.000006198127756
0.000003330059846
-0.000000317749992
qdot2:
-0.058192019881518
-0.018524198448564
-0.215626308485942
qdot3:
0.003820687294945
-0.012882915512503
0.021996205426352
qdot4:
0.185915244120327
-0.112869614286243
0.095679310651560
qdot5:
0.060977099302451
-0.052699727116388
0.052338670091674
qdot6:
0.030881576276878
-0.002343980505324
-0.030923970745418
qdot7:
0.000052839219934
-0.000015236740620
-0.000000666786756

qdot1:
0.000002040556457
-0.000000802025324
0.000000103589095
qdot2:
0.165326123355837
-0.057318878369576
-0.228266821288966
qdot3:
-0.027543081812793
-0.010335790649207
0.018126421066067
qdot4:
-0.232987937276467
0.011073881793975
0.078713355236182
qdot5:
-0.094540214174868
-0.012048327581420
0.041547327642039
qdot6:
-0.021379206412526
0.018243737012595
-0.028274011327539
qdot7:
-0.000071659510939
0.000019989406003
0.000000125324142

qdot1:
-0.000002369313204
0.000000558345647
0.000000062975815
qdot2:
0.240938464691123
0.052898537200982
-0.229003544817065
qdot3:
-0.022927350848200
-0.028697845191069
0.011620815092687
qdot4:
0.100543652355789
-0.144251409723670
0.056517100581233
qdot5:
0.007927878786282
-0.075075137031332
0.027026750206580
qdot6:
0.084685623252128
0.003990932737577
-0.024568233035844
qdot7:
0.000071777975948
-0.000027783601290
-0.000001173708406

qdot1:
0.000002518352244
-0.000001021196489
-0.000000014165992
qdot2:
-0.131147226040132
0.213524180328397
-0.184599758562168
qdot3:
0.018128463154329
-0.043982745756535
-0.000492616731913
qdot4:
-0.147009476102527
-0.077222308153144
0.019604814268431
qdot5:
-0.041266399718344
-0.069789884507144
0.002882579950168
qdot6:
-0.088536799393496
0.060448014905663
-0.013828408428637
qdot7:
-0.000025633882003
0.000020068382675
-0.000002459578175

qdot1:
-0.000001685360024
0.000000657705007
-0.000000074747905
qdot2:
-0.099116018275273
0.126092696301643
-0.127996945790495
qdot3:
0.093583826591277
-0.031897103653649
-0.013139258300277
qdot4:
0.243467222187416
-0.175228625554829
-0.022470341349565
qdot5:
0.166483768430924
-0.097300817652706
-0.024965870409807
qdot6:
-0.062853167146114
0.001423481976666
-0.003516492281582
qdot7:
-0.000036770003102
0.000002979128007
0.000001381673605

qdot1:
0.000001462208385
-0.000000465868342
-0.000000042775128
qdot2:
0.059715091481356
0.060015350784794
-0.096978937942755
qdot3:
-0.135910169263835
0.030492114073868
-0.013373423230241
qdot4:
-0.264839973809714
-0.012917144096552
-0.053827969624795
qdot5:
-0.212962508327455
0.013688361301243
-0.038901279801718
qdot6:
0.134960971047683
-0.040478629454077
-0.010025683527818
qdot7:
0.000043970439477
-0.000021534207394
-0.000001710839626

qdot1:
-0.000001806568564
0.000000508937248
-0.000000035596977
qdot2:
0.090457332529974
0.099825411772365
-0.070338810849895
qdot3:
0.104966432103493
-0.060114665435355
-0.018310515123822
qdot4:
0.178449288271150
-0.189477126636360
-0.087560348080280
qdot5:
0.168526218396390
-0.128286644250394
-0.058000993626577
qdot6:
-0.085961464089454
0.049495351244378
-0.008522896562767
qdot7:
-0.000034831884380
0.000007779418923
-0.000004003304371

qdot1:
0.000002048251613
-0.000000695441795
-0.000000066681068
qdot2:
-0.247593663588485
0.160130300125681
-0.027012858866888
qdot3:
-0.017832756748983
0.009862955966974
-0.026685800035219
qdot4:
-0.070643206046650
-0.070510934455593
-0.130891691595606
qdot5:
-0.075169467106659
-0.015935831986134
-0.082038072999331
qdot6:
0.009262500246222
-0.007812291481925
-0.001575719935692
qdot7:
0.000036154427219
-0.000015441837330
-0.000005280374106

qdot1:
0.000001042681451
0.000000670059281
-0.000000070911487
qdot2:
0.049962312261489
-0.004932142266642
-0.001146499223714
qdot3:
-0.065623757269150
-0.002025548532348
-0.025379565462781
qdot4:
0.356866750042719
-0.117606405153360
-0.162244581530432
qdot5:
0.214105521101258
-0.066048810057240
-0.095702180006560
qdot6:
0.159483685297144
-0.001637291317777
-0.003150650402309
qdot7:
-0.000062897012802
0.000008661114150
-0.000006410494636

qdot1:
-0.000004328040207
0.000001365180248
0.000000268295101
qdot2:
0.343071375403358
0.028376065907685
0.002760821383126
qdot3:
0.076181065597781
-0.045774720045115
-0.033346276892358
qdot4:
-0.228008867856837
0.120304761541785
-0.161794855465694
qdot5:
-0.092774368289273
0.076688204010265
-0.093928947681056
qdot6:
-0.120616521101061
0.104685165546985
0.014023995302559
qdot7:
0.000272469885637
-0.000033270227718
-0.000010512013564

qdot1:
0.000001486645310
-0.000001520179890
0.000000242461828
qdot2:
-0.248184712040884
0.257090316176591
0.050338551730505
qdot3:
0.082054915175579
0.005012657020072
-0.040139954063199
qdot4:
-0.270989067384492
-0.031701150362773
-0.147027586935859
qdot5:
-0.159466760360203
0.014838625150750
-0.078674476154220
qdot6:
-0.145944131575606
0.024274151479611
0.035517214806992
qdot7:
-0.000725130701240
0.000148376362706
0.000008672342267

qdot1:
0.000001201332856
-0.000000529083017
-0.000000099081990
qdot2:
-0.053100772266152
0.091633841482668
0.108459244673715
qdot3:
-0.048344120599825
0.059715933803791
-0.029351855592555
qdot4:
0.285828523191333
-0.212360528619100
-0.187704533432837
qdot5:
0.131343588591864
-0.091472548422719
-0.091446796699548
qdot6:
0.110397597815242
-0.073021936237460
0.027392584014017
qdot7:
0.001258572616300
-0.000335044104787
-0.000022438948080

qdot1:
0.000000996902720
0.000000271805554
-0.000000141961567
qdot2:
-0.081208348635377
0.056233326638567
0.133103772693921
qdot3:
0.002167135962814
0.027486520070575
-0.014818113280161
qdot4:
0.103981477158861
-0.021808179824879
-0.226732651506834
qdot5:
0.048254102043527
-0.003910156028142
-0.107343914108025
qdot6:
-0.011343880381487
0.000576462306035
0.015318338358780
qdot7:
-0.002186030407839
0.000504004306080
0.000005721085469

qdot1:
-0.000003177047962
0.000000936407367
0.000000059407253
qdot2:
-0.095243565575541
0.002094427548315
0.142825065058401
qdot3:
-0.033766684286492
0.028931277379117
-0.005415147038545
qdot4:
0.067815449595660
0.047512804947696
-0.222448547319698
qdot5:
0.023255445251652
0.028259245334209
-0.103285732557014
qdot6:
0.015751333489255
-0.006986124614956
0.014250061307293
qdot7:
0.004377546367286
-0.000953349299146
-0.000069169746709

qdot1:
0.000004457263822
-0.000001181624607
0.000000018537713
qdot2:
0.102363504834631
-0.061401282835379
0.132940589177224
qdot3:
-0.034217585804976
0.006420154521456
0.000476758278217
qdot4:
-0.109880913303905
0.092723104678136
-0.199075895715393
qdot5:
-0.022353516781926
0.043762875501977
-0.091282045750983
qdot6:
0.053879955103111
0.003514764377880
0.013671501267780
qdot7:
-0.008557807587929
0.001965014945711
0.000099441194386

qdot1:
-0.000005074067649
0.000001789884608
0.000000119914380
qdot2:
0.094274856539504
0.006841053721042
0.123847217658168
qdot3:
0.062068238454613
-0.016391569348528
-0.001185144192962
qdot4:
-0.189606408081624
0.019469162475532
-0.180377184523115
qdot5:
-0.121225353207406
0.028860530980693
-0.079178144670538
qdot6:
-0.066085648044056
0.039434734446621
0.020829751071864
qdot7:
0.015952709809916
-0.003740190112908
-0.000196421333481

qdot1:
0.000008767002457
-0.000001592827159
0.000000152757288
qdot2:
-0.134155040298553
0.069690958080711
0.136602552958460
qdot3:
-0.009614418040935
0.024987256287881
0.000247470296930
qdot4:
0.216230467348260
-0.106935109578883
-0.194954842373673
qdot5:
0.119551983630368
-0.051956371157578
-0.083027451366685
qdot6:
0.007153359467589
-0.004622364249417
0.026631812771398
qdot7:
-0.029862043613984
0.006894949760369
0.000329371941096

qdot1:
-0.000000694505248
0.000004251841146
0.000000595926286
qdot2:
0.070155772962126
-0.019745735451658
0.144926756729969
qdot3:
-0.003394387029106
0.018577644260590
0.007508287055009
qdot4:
-0.037051857424363
0.037218535319957
-0.206574271416827
qdot5:
-0.071536677832023
0.027744951262668
-0.087062688015837
qdot6:
0.001667798506632
0.000146542062309
0.025885842406880
qdot7:
0.055920908034504
-0.013013079315621
-0.000690316318113

qdot1:
0.000034406850024
0.000003788837647
0.000001936039418
qdot2:
-0.041793232416731
0.027024779856427
0.146139930797430
qdot3:
0.020070730275489
0.016314719574520
0.013323681027527
qdot4:
-0.014179399425983
0.012517297037048
-0.198284966023993
qdot5:
0.086101084462679
-0.019946167292014
-0.085762890687395
qdot6:
-0.017028079786686
0.001258407733397
0.026120000706164
qdot7:
-0.104621096661069
0.024267526040715
0.001185424802736

qdot1:
-0.000073188595866
0.000026726737663
0.000007021968636
qdot2:
-0.001811303442785
-0.000837375088061
0.150504498258824
qdot3:
0.022437266786156
0.029695206424846
0.020992002027421
qdot4:
0.047607032017062
0.003064364086393
-0.195688022503420
qdot5:
-0.223684222352728
0.037454555683105
-0.082844825955547
qdot6:
-0.015144377729920
-0.010093645457727
0.024647461085442
qdot7:
0.199726794069494
-0.045479871733331
-0.002349966146033

qdot1:
0.000008982709620
-0.000022065659581
0.000007798814983
qdot2:
-0.039486248753331
-0.002044910716584
0.150024117291384
qdot3:
0.007974435646735
0.044653384282283
0.033383433811943
qdot4:
-0.024847000899710
0.034802385431101
-0.189376897583837
qdot5:
0.405439088785222
-0.111668259218714
-0.095213776544815
qdot6:
-0.026369010684136
-0.020189897277674
0.019600203962875
qdot7:
-0.408262393060900
0.087671324312999
0.004681942617245

qdot1:
0.000281095283619
-0.000016077186501
0.000001441673969
qdot2:
0.013936660938388
-0.028369076552138
0.144955119413263
qdot3:
-0.030268437371993
0.049969674713440
0.049153943644563
qdot4:
-0.090247239517665
0.018237718164627
-0.180536880317883
qdot5:
0.197525285439019
0.158624466638101
-0.087387741974917
qdot6:
-0.004005140880822
-0.037769237733765
0.009940348127636
qdot7:
-0.160717772947352
-0.184503604394269
-0.011456770729633

qdot1:
-0.000591479287325
0.000171319669245
0.000027315421094
qdot2:
-0.009597684176854
-0.019077969259879
0.137047278444594
qdot3:
0.001787992425803
0.029790716465445
0.062447342174377
qdot4:
0.174650974047806
-0.041927108180483
-0.184485111987192
qdot5:
-0.548244498368833
0.290307990264113
-0.012565665824548
qdot6:
0.040508140830170
-0.040439331654313
-0.003094413437044
qdot7:
0.532434164364839
-0.291648786359169
-0.090815502521873

qdot1:
0.000898535502178
-0.000222999855638
0.000018702056695
qdot2:
-0.272467345233472
-0.025476425377782
0.129621546004983
qdot3:
-0.008595379694213
0.030982711415980
0.072576246821282
qdot4:
0.133394064596414
0.074506874518055
-0.179055150930930
qdot5:
0.065546268544954
-0.075188341981777
0.023287608889175
qdot6:
-0.076338295201337
-0.013433904434199
-0.012073286118463
qdot7:
-0.034372531084470
0.063307323217391
-0.128872413045502

qdot1:
-0.001292110532327
0.000376023812481
0.000044206049502
qdot2:
-0.019322176008681
-0.207121322200097
0.090855254742004
qdot3:
-0.229698099920706
0.025252458286505
0.081948775105029
qdot4:
0.318891921478839
0.163436250915664
-0.139397963358644
qdot5:
0.305667596537665
-0.031490829618474
0.005507746955799
qdot6:
-0.000979859441061
-0.064326101235090
-0.025033287063344
qdot7:
0.016448296919809
0.040392302494411
-0.111589142093535

qdot1:
0.001222334276581
-0.000485383209071
0.000025979483403
qdot2:
0.482997168548589
-0.220002772872551
0.019667905563229
qdot3:
-0.199959425902176
-0.127879608327298
0.064844250098230
qdot4:
-0.682711599702703
0.376030865234889
-0.049486777333552
qdot5:
-0.777627534504340
0.172287568073302
0.028973870031604
qdot6:
0.614195769303820
-0.064979340862464
-0.046584194079603
qdot7:
0.712603573115923
0.051357833774284
-0.096297452715420

coefs_qdotdot:
qdotdot1:
0.000569607442965
-0.000075781789427
qdotdot2:
0.168561483590616
-0.023028190471043
qdotdot3:
-0.306799722261043
0.041802566614270
qdotdot4:
0.119193212047220
-0.017813496214159
qdotdot5:
0.258194089566057
-0.046674349769570
qdotdot6:
0.445531988348659
-0.060862598121536
qdotdot7:
-0.001753014049677
0.000338369948929

qdotdot1:
-0.001034135176160
0.000114087358228
qdotdot2:
-0.283556185920574
0.033158970725829
qdotdot3:
0.542883060375110
-0.060464007472744
qdotdot4:
-0.184346169637884
0.021917574468248
qdotdot5:
-0.205478536598621
0.039390346752449
qdotdot6:
-0.764921151402238
0.087648064661350
qdotdot7:
0.001103010234807
-0.000245968067630

qdotdot1:
0.001109508844170
-0.000230624367159
qdotdot2:
0.534128497614126
-0.061359757914363
qdotdot3:
-0.524037821244764
0.120497012652292
qdotdot4:
0.051405345716578
-0.039531148744380
qdotdot5:
0.072874223624327
-0.029102498780425
qdotdot6:
0.722471004834598
-0.167325652472729
qdotdot7:
-0.000545597025336
0.000121702010639

qdotdot1:
-0.000417153050148
0.000139211914231
qdotdot2:
-1.135661870116076
0.116683074623679
qdotdot3:
0.225952119470580
-0.054182261095962
qdotdot4:
0.556454612267038
-0.022396033505521
qdotdot5:
0.255572769362450
-0.004811090905649
qdotdot6:
-0.391306089733002
0.073498015805470
qdotdot7:
0.000204487626469
-0.000060163664473

qdotdot1:
-0.000020073156935
0.000000160897515
qdotdot2:
-1.268046729136029
-0.261870882081679
qdotdot3:
-0.183008982110455
0.021135112060898
qdotdot4:
1.840827075567215
0.163088837250158
qdotdot5:
0.820389736058933
0.080379832215168
qdotdot6:
0.396827009848620
-0.056937347438863
qdotdot7:
0.000174412743055
0.000007998877683

qdotdot1:
0.000130133403744
-0.000006530154796
qdotdot2:
2.355363757660191
-0.684553125127023
qdotdot3:
0.117457872187220
-0.039867881975920
qdotdot4:
-3.187464192404196
0.776697862439230
qdotdot5:
-1.452182927258927
0.353843077568145
qdotdot6:
-0.152703062760631
0.075338322510677
qdotdot7:
-0.000311808340747
0.000066136458701

qdotdot1:
-0.000178394345058
0.000036847646452
qdotdot2:
-0.241895951716373
0.100568127426374
qdotdot3:
0.061553852219005
-0.000715257913514
qdotdot4:
0.787472013513651
-0.285790201695502
qdotdot5:
0.345393175615508
-0.130217898184830
qdotdot6:
-0.133831172999176
0.024437301590466
qdotdot7:
0.000165506167922
-0.000037799654881

qdotdot1:
0.000100522406957
-0.000022617135234
qdotdot2:
0.287325572364726
0.019936143520917
qdotdot3:
-0.000971380979524
0.019802692826154
qdotdot4:
-0.672053336168750
-0.023299530524285
qdotdot5:
-0.248965573131415
-0.015086839646328
qdotdot6:
-0.084562120921812
-0.020173089409259
qdotdot7:
-0.000188849293275
0.000017369067760

qdotdot1:
-0.000051132635783
0.000010890333752
qdotdot2:
-0.360263852370226
0.115711334309158
qdotdot3:
0.019096749943027
0.019478899166313
qdotdot4:
0.768980238034002
-0.247317309247201
qdotdot5:
0.325376543239209
-0.098075364023466
qdotdot6:
0.057200063789376
-0.048360463049863
qdotdot7:
0.000174958203332
-0.000045580696665

qdotdot1:
0.000028451814068
-0.000006153878176
qdotdot2:
-0.042442745902941
-0.004376616480917
qdotdot3:
-0.116182193979475
0.025844482480655
qdotdot4:
-0.365637153151128
0.009009436764133
qdotdot5:
-0.189249632517973
0.010383483722937
qdotdot6:
0.080849383844242
-0.029293775120071
qdotdot7:
-0.000083926335195
0.000012738704445

qdotdot1:
-0.000012396255512
0.000003330059846
qdotdot2:
-0.116384039763036
-0.018524198448564
qdotdot3:
0.007641374589889
-0.012882915512503
qdotdot4:
0.371830488240655
-0.112869614286243
qdotdot5:
0.121954198604902
-0.052699727116388
qdotdot6:
0.061763152553756
-0.002343980505324
qdotdot7:
0.000105678439868
-0.000015236740620

qdotdot1:
0.000004081112914
-0.000000802025324
qdotdot2:
0.330652246711674
-0.057318878369576
qdotdot3:
-0.055086163625586
-0.010335790649207
qdotdot4:
-0.465975874552934
0.011073881793975
qdotdot5:
-0.189080428349736
-0.012048327581420
qdotdot6:
-0.042758412825052
0.018243737012595
qdotdot7:
-0.000143319021877
0.000019989406003

qdotdot1:
-0.000004738626408
0.000000558345647
qdotdot2:
0.481876929382245
0.052898537200982
qdotdot3:
-0.045854701696399
-0.028697845191069
qdotdot4:
0.201087304711578
-0.144251409723670
qdotdot5:
0.015855757572565
-0.075075137031332
qdotdot6:
0.169371246504257
0.003990932737577
qdotdot7:
0.000143555951895
-0.000027783601290

qdotdot1:
0.000005036704489
-0.000001021196489
qdotdot2:
-0.262294452080263
0.213524180328397
qdotdot3:
0.036256926308658
-0.043982745756535
qdotdot4:
-0.294018952205054
-0.077222308153144
qdotdot5:
-0.082532799436687
-0.069789884507144
qdotdot6:
-0.177073598786992
0.060448014905663
qdotdot7:
-0.000051267764005
0.000020068382675

qdotdot1:
-0.000003370720048
0.000000657705007
qdotdot2:
-0.198232036550545
0.126092696301643
qdotdot3:
0.187167653182553
-0.031897103653649
qdotdot4:
0.486934444374833
-0.175228625554829
qdotdot5:
0.332967536861848
-0.097300817652706
qdotdot6:
-0.125706334292228
0.001423481976666
qdotdot7:
-0.000073540006204
0.000002979128007

qdotdot1:
0.000002924416770
-0.000000465868342
qdotdot2:
0.119430182962713
0.060015350784794
qdotdot3:
-0.271820338527670
0.030492114073868
qdotdot4:
-0.529679947619427
-0.012917144096552
qdotdot5:
-0.425925016654910
0.013688361301243
qdotdot6:
0.269921942095366
-0.040478629454077
qdotdot7:
0.000087940878954
-0.000021534207394

qdotdot1:
-0.000003613137128
0.000000508937248
qdotdot2:
0.180914665059949
0.099825411772365
qdotdot3:
0.209932864206986
-0.060114665435355
qdotdot4:
0.356898576542301
-0.189477126636360
qdotdot5:
0.337052436792779
-0.128286644250394
qdotdot6:
-0.171922928178908
0.049495351244378
qdotdot7:
-0.000069663768761
0.000007779418923

qdotdot1:
0.000004096503226
-0.000000695441795
qdotdot2:
-0.495187327176970
0.160130300125681
qdotdot3:
-0.035665513497967
0.009862955966974
qdotdot4:
-0.141286412093300
-0.070510934455593
qdotdot5:
-0.150338934213318
-0.015935831986134
qdotdot6:
0.018525000492443
-0.007812291481925
qdotdot7:
0.000072308854439
-0.000015441837330

qdotdot1:
0.000002085362902
0.000000670059281
qdotdot2:
0.099924624522979
-0.004932142266642
qdotdot3:
-0.131247514538301
-0.002025548532348
qdotdot4:
0.713733500085438
-0.117606405153360
qdotdot5:
0.428211042202516
-0.066048810057240
qdotdot6:
0.318967370594287
-0.001637291317777
qdotdot7:
-0.000125794025604
0.000008661114150

qdotdot1:
-0.000008656080414
0.000001365180248
qdotdot2:
0.686142750806717
0.028376065907685
qdotdot3:
0.152362131195562
-0.045774720045115
qdotdot4:
-0.456017735713674
0.120304761541785
qdotdot5:
-0.185548736578545
0.076688204010265
qdotdot6:
-0.241233042202122
0.104685165546985
qdotdot7:
0.000544939771274
-0.000033270227718

qdotdot1:
0.000002973290620
-0.000001520179890
qdotdot2:
-0.496369424081769
0.257090316176591
qdotdot3:
0.164109830351157
0.005012657020072
qdotdot4:
-0.541978134768983
-0.031701150362773
qdotdot5:
-0.318933520720406
0.014838625150750
qdotdot6:
-0.291888263151213
0.024274151479611
qdotdot7:
-0.001450261402480
0.000148376362706

qdotdot1:
0.000002402665711
-0.000000529083017
qdotdot2:
-0.106201544532304
0.091633841482668
qdotdot3:
-0.096688241199649
0.059715933803791
qdotdot4:
0.571657046382666
-0.212360528619100
qdotdot5:
0.262687177183729
-0.091472548422719
qdotdot6:
0.220795195630485
-0.073021936237460
qdotdot7:
0.002517145232600
-0.000335044104787

qdotdot1:
0.000001993805441
0.000000271805554
qdotdot2:
-0.162416697270754
0.056233326638567
qdotdot3:
0.004334271925627
0.027486520070575
qdotdot4:
0.207962954317722
-0.021808179824879
qdotdot5:
0.096508204087054
-0.003910156028142
qdotdot6:
-0.022687760762974
0.000576462306035
qdotdot7:
-0.004372060815678
0.000504004306080

qdotdot1:
-0.000006354095925
0.000000936407367
qdotdot2:
-0.190487131151083
0.002094427548315
qdotdot3:
-0.067533368572984
0.028931277379117
qdotdot4:
0.135630899191320
0.047512804947696
qdotdot5:
0.046510890503303
0.028259245334209
qdotdot6:
0.031502666978509
-0.006986124614956
qdotdot7:
0.008755092734571
-0.000953349299146

qdotdot1:
0.000008914527645
-0.000001181624607
qdotdot2:
0.204727009669263
-0.061401282835379
qdotdot3:
-0.068435171609952
0.006420154521456
qdotdot4:
-0.219761826607810
0.092723104678136
qdotdot5:
-0.044707033563852
0.043762875501977
qdotdot6:
0.107759910206221
0.003514764377880
qdotdot7:
-0.017115615175857
0.001965014945711

qdotdot1:
-0.000010148135299
0.000001789884608
qdotdot2:
0.188549713079009
0.006841053721042
qdotdot3:
0.124136476909226
-0.016391569348528
qdotdot4:
-0.379212816163247
0.019469162475532
qdotdot5:
-0.242450706414812
0.028860530980693
qdotdot6:
-0.132171296088113
0.039434734446621
qdotdot7:
0.031905419619831
-0.003740190112908

qdotdot1:
0.000017534004913
-0.000001592827159
qdotdot2:
-0.268310080597106
0.069690958080711
qdotdot3:
-0.019228836081871
0.024987256287881
qdotdot4:
0.432460934696520
-0.106935109578883
qdotdot5:
0.239103967260736
-0.051956371157578
qdotdot6:
0.014306718935177
-0.004622364249417
qdotdot7:
-0.059724087227969
0.006894949760369

qdotdot1:
-0.000001389010496
0.000004251841146
qdotdot2:
0.140311545924253
-0.019745735451658
qdotdot3:
-0.006788774058212
0.018577644260590
qdotdot4:
-0.074103714848727
0.037218535319957
qdotdot5:
-0.143073355664046
0.027744951262668
qdotdot6:
0.003335597013264
0.000146542062309
qdotdot7:
0.111841816069008
-0.013013079315621

qdotdot1:
0.000068813700048
0.000003788837647
qdotdot2:
-0.083586464833463
0.027024779856427
qdotdot3:
0.040141460550978
0.016314719574520
qdotdot4:
-0.028358798851967
0.012517297037048
qdotdot5:
0.172202168925358
-0.019946167292014
qdotdot6:
-0.034056159573373
0.001258407733397
qdotdot7:
-0.209242193322139
0.024267526040715

qdotdot1:
-0.000146377191732
0.000026726737663
qdotdot2:
-0.003622606885570
-0.000837375088061
qdotdot3:
0.044874533572312
0.029695206424846
qdotdot4:
0.095214064034124
0.003064364086393
qdotdot5:
-0.447368444705456
0.037454555683105
qdotdot6:
-0.030288755459841
-0.010093645457727
qdotdot7:
0.399453588138988
-0.045479871733331

qdotdot1:
0.000017965419240
-0.000022065659581
qdotdot2:
-0.078972497506662
-0.002044910716584
qdotdot3:
0.015948871293469
0.044653384282283
qdotdot4:
-0.049694001799421
0.034802385431101
qdotdot5:
0.810878177570444
-0.111668259218714
qdotdot6:
-0.052738021368271
-0.020189897277674
qdotdot7:
-0.816524786121801
0.087671324312999

qdotdot1:
0.000562190567239
-0.000016077186501
qdotdot2:
0.027873321876776
-0.028369076552138
qdotdot3:
-0.060536874743985
0.049969674713440
qdotdot4:
-0.180494479035331
0.018237718164627
qdotdot5:
0.395050570878037
0.158624466638101
qdotdot6:
-0.008010281761644
-0.037769237733765
qdotdot7:
-0.321435545894703
-0.184503604394269

qdotdot1:
-0.001182958574650
0.000171319669245
qdotdot2:
-0.019195368353707
-0.019077969259879
qdotdot3:
0.003575984851607
0.029790716465445
qdotdot4:
0.349301948095612
-0.041927108180483
qdotdot5:
-1.096488996737667
0.290307990264113
qdotdot6:
0.081016281660340
-0.040439331654313
qdotdot7:
1.064868328729679
-0.291648786359169

qdotdot1:
0.001797071004356
-0.000222999855638
qdotdot2:
-0.544934690466943
-0.025476425377782
qdotdot3:
-0.017190759388425
0.030982711415980
qdotdot4:
0.266788129192829
0.074506874518055
qdotdot5:
0.131092537089908
-0.075188341981777
qdotdot6:
-0.152676590402673
-0.013433904434199
qdotdot7:
-0.068745062168939
0.063307323217391

qdotdot1:
-0.002584221064654
0.000376023812481
qdotdot2:
-0.038644352017362
-0.207121322200097
qdotdot3:
-0.459396199841412
0.025252458286505
qdotdot4:
0.637783842957677
0.163436250915664
qdotdot5:
0.611335193075329
-0.031490829618474
qdotdot6:
-0.001959718882122
-0.064326101235090
qdotdot7:
0.032896593839618
0.040392302494411

qdotdot1:
0.002444668553161
-0.000485383209071
qdotdot2:
0.965994337097178
-0.220002772872551
qdotdot3:
-0.399918851804353
-0.127879608327298
qdotdot4:
-1.365423199405406
0.376030865234889
qdotdot5:
-1.555255069008680
0.172287568073302
qdotdot6:
1.228391538607641
-0.064979340862464
qdotdot7:
1.425207146231846
0.051357833774284

