nSeg: 45

breaks: 
0.000000000000000
0.327999999999996
0.655999999999993
0.983999999999989
1.311999999999986
1.639999999999982
1.967999999999979
2.295999999999975
2.623999999999971
2.951999999999968
3.279999999999964
3.607999999999961
3.935999999999957
4.263999999999953
4.591999999999950
4.919999999999946
5.247999999999942
5.575999999999939
5.903999999999936
6.231999999999932
6.559999999999928
6.887999999999925
7.215999999999921
7.543999999999917
7.871999999999915
8.199999999999910
8.527999999999906
8.855999999999902
9.183999999999900
9.511999999999896
9.839999999999892
10.167999999999889
10.495999999999885
10.823999999999881
11.151999999999878
11.479999999999874
11.807999999999872
12.135999999999866
12.463999999999864
12.791999999999861
13.119999999999855
13.447999999999853
13.775999999999851
14.103999999999845
14.431999999999842
14.759999999999838

coefs_q:
q1:
0.076973284500552
-0.141342810844356
-0.000000000000000
-1.535438234205706
q2:
0.356046476622491
-0.529493288670377
-0.000000000000000
1.399122439278269
q3:
-0.114152247048228
0.212977445175396
-0.000000000000000
-2.571559137677347
q4:
-0.337850213780618
0.445588620807377
0.000000000000000
1.501660605253975
q5:
-0.099279174486539
0.190879406194949
0.000000000000000
-1.192565525429993
q6:
0.117982057617980
-0.219151362455289
-0.000000000000000
-0.603790133781329
q7:
-0.038607762482297
-0.010773583730493
0.000000000000000
-0.327865150835854

q1:
0.080281836371349
-0.065601098895813
-0.067877602394775
-1.547928260388161
q2:
0.285452421112041
-0.179143555673849
-0.232432884944903
1.354721441868189
q3:
-0.118697536179235
0.100651634079941
0.102870337995750
-2.552674325569229
q4:
-0.264283644637963
0.113144010447253
0.183264303051517
1.537676904447921
q5:
-0.112918367117663
0.093188698500196
0.093174338340007
-1.175533274426127
q6:
0.125903322731829
-0.103057017759197
-0.105684348710350
-0.623204015966457
q7:
0.010753422724212
-0.048763622013072
-0.019528203483889
-0.330386589494112

q1:
0.017417790506233
0.013396228093593
-0.085000800017903
-1.574416793121645
q2:
-0.025401795591755
0.101741626700396
-0.257820717648196
1.269283392466163
q3:
-0.025132253674179
-0.016146741520425
0.130587942755271
-2.512292894785964
q4:
0.033456283265033
-0.146911095876500
0.172188699030724
1.600634158215863
q5:
-0.033353012875605
-0.017922974743583
0.117861495732175
-1.138931091262580
q6:
0.028445600592692
0.020831851808921
-0.132654203142040
-0.664512948494184
q7:
0.050454383006028
-0.038182254052448
-0.048046450833379
-0.341658563783924

q1:
-0.007272473743296
0.030535333951726
-0.070591247667038
-1.600241204536081
q2:
-0.073937233628047
0.076746259838109
-0.199276690863567
1.194767601061654
q3:
0.009894589993584
-0.040876879135817
0.111884195180024
-2.472084036310374
q4:
0.078049556762324
-0.113990113143707
0.086613102472097
1.642487358494605
q5:
0.004750836617054
-0.050742339413178
0.095339272688758
-1.103377692153445
q6:
-0.011004237543431
0.048822322792130
-0.109807633872896
-0.704778577569677
q7:
0.021542566339675
0.011464858825483
-0.056809756467823
-0.359745187613297

q1:
-0.004798936754273
0.023379219788324
-0.052907274040302
-1.620366648198392
q2:
-0.005580123112520
0.003992021948111
-0.172794534437687
1.135052452100442
q3:
0.001986740840224
-0.031140602582130
0.088262461176538
-2.439434562597357
q4:
0.015151275872692
-0.037189349289582
0.037026238793978
1.661387121565827
q5:
0.000516371236979
-0.046067516181997
0.063585640053541
-1.077397829160792
q6:
-0.001795869318155
0.037994153049393
-0.081331829796877
-0.735931293309252
q7:
-0.006135787478487
0.032662744103723
-0.042335902707044
-0.376385167932938

q1:
0.014344486507552
0.018657066022119
-0.039119372294477
-1.635374346832165
q2:
0.007443692482263
-0.001498819194608
-0.171976763934538
1.078608413609647
q3:
-0.030388376462660
-0.029185649595349
0.068475450462324
-2.413764598698939
q4:
0.016382404805838
-0.022280493830853
0.017520130250476
1.670065400371506
q5:
-0.049089642490091
-0.045559406884809
0.033532009287629
-1.061479645407278
q6:
0.046067316616045
0.036227017640329
-0.056987285810648
-0.758583942352911
q7:
0.046168823259687
0.026625129224892
-0.022889480255258
-0.386973872278901

q1:
0.018539376045000
0.032772040745550
-0.022250625274682
-1.645692117340281
q2:
0.001366843380680
0.005825774207939
-0.170557522690165
1.022301455760426
q3:
-0.031378463557766
-0.059087812034607
0.039521755047699
-2.395516891287985
q4:
0.019711730819190
-0.006160207501908
0.008191580213331
1.673993073406835
q5:
-0.046095287051471
-0.093863615095059
-0.012198741921768
-1.057114862903262
q6:
0.036622175201099
0.081557257190517
-0.018354043666131
-0.771752721802397
q7:
0.055797512606943
0.072055251312424
0.009477684560981
-0.389987999148540

q1:
-0.023005800877749
0.051014786773830
0.005231454151675
-1.648810366002572
q2:
0.044364494144424
0.007170748094528
-0.166294663374956
0.967033580967311
q3:
0.040749218957495
-0.089964220175449
-0.009367311517199
-2.390017927966746
q4:
-0.054790530440060
0.013236135624175
0.010512484637434
1.676712750679214
q5:
0.079058745837995
-0.139221377553706
-0.088650619510562
-1.072840863258772
q6:
-0.080776690553567
0.117593477588398
0.046967397341353
-0.767706285255542
q7:
-0.092106472742165
0.126960003717656
0.074754688210847
-0.377158368827754

q1:
-0.028376772842981
0.028377078710126
0.031271986030412
-1.642417892615322
q2:
0.039450509512759
0.050825410332640
-0.147271923410845
0.914825903537403
q3:
0.046854784409042
-0.049866988721274
-0.055231948035323
-2.401331176624820
q4:
-0.049501592680049
-0.040677746328843
0.001511636326303
1.679651418363272
q5:
0.077424690392074
-0.061427571649120
-0.154463474849088
-1.114106469536160
q6:
-0.076332623265554
0.038109214083689
0.098037880209797
-0.742500213903005
q7:
-0.091504055239388
0.036327234539367
0.128312902359149
-0.342230178001062

q1:
0.015249097867870
0.000454334232632
0.040728689475636
-1.630109108408686
q2:
-0.017449726188510
0.089644711693194
-0.101197723386372
0.873380825509731
q3:
-0.025016033348688
-0.003761880862777
-0.072822217258892
-2.423158755053714
q4:
0.034942466008094
-0.089387313526011
-0.041149703306089
1.674024170391477
q5:
-0.054535010627141
0.014758323696680
-0.169770988177488
-1.168646985366665
q6:
0.039449540493117
-0.037002087209615
0.098401017824493
-0.708937438918992
q7:
0.077576479497624
-0.053712755816190
0.122610451380352
-0.299464270934049

q1:
-0.011706677804758
0.015459446534616
0.045948409567293
-1.616163115832629
q2:
-0.002237747456414
0.072474181123701
-0.048022726542431
0.849216550781539
q3:
0.021790340281863
-0.028377657677886
-0.083363985900229
-2.448331915082996
q4:
-0.002538444835659
-0.055003926974046
-0.088510030190107
1.652143457054967
q5:
0.042011131866256
-0.038904126760426
-0.177690811582396
-1.224668517015623
q6:
-0.000255953094907
0.001816260635612
0.086860066708221
-0.679250659911391
q7:
-0.038023981894560
0.022622500009471
0.112412847475748
-0.262289191948774

q1:
-0.044134832508796
0.003940075574734
0.052311452819160
-1.599841948400359
q2:
0.028941235537590
0.070272237626589
-0.001201901192336
0.841183194147903
q3:
0.087274032136107
-0.006935962840533
-0.094946853430270
-2.477959356616095
q4:
-0.064818020687095
-0.057501756692335
-0.125411894432679
1.617105049168899
q5:
0.166642914809524
0.002434826995970
-0.189652741905138
-1.285654094787732
q6:
-0.079550942199305
0.001564402790224
0.087968924311895
-0.650574189405019
q7:
-0.205404968196404
-0.014793098174776
0.114980891277528
-0.224325732174062

q1:
0.006959146279192
-0.039488599613921
0.040651536934307
-1.583817312982208
q2:
-0.004343178267835
0.098750413395578
0.054237528342934
0.849370404323612
q3:
0.013940884124059
0.078941684781396
-0.071328976633667
-2.506768436220206
q4:
-0.007052917224100
-0.121282689048436
-0.184053192635652
1.567496409527460
q5:
0.016672913897717
0.166411455168540
-0.134271161355179
-1.341717825183310
q6:
-0.021634201076316
-0.076713724333892
0.063319946845572
-0.624359235530441
q7:
-0.031764002615269
-0.216911586880035
0.038981754579551
-0.195451739005357

q1:
0.035765515286335
-0.032640799675196
0.016993093967477
-1.574486379132417
q2:
-0.032366228267338
0.094476725980028
0.117616030058132
0.877631017965873
q3:
-0.047755419858632
0.092659514759470
-0.015043783184264
-2.521179538667074
q4:
0.048994075809465
-0.128222759596950
-0.265890979791337
1.493830005341084
q5:
-0.106898239861148
0.182817602443893
-0.019724030458302
-1.367267209798799
q6:
0.042106976299631
-0.098001778192986
0.006013262016757
-0.612606880279290
q7:
0.127239755722978
-0.248167365453460
-0.113564141785833
-0.207122813560180

q1:
0.025492789256800
0.002552467366558
0.007124120970244
-1.571162194622868
q2:
-0.023834797245504
0.062628357364967
0.169146497395290
0.925231134949747
q3:
-0.045612877079054
0.045668181618576
0.030327701227734
-2.517830390177173
q4:
0.039208504434290
-0.080012589000437
-0.334192174131279
1.394551927598866
q5:
-0.095378709300150
0.077629734420524
0.065702696033226
-1.357840620045608
q6:
0.057403740842595
-0.056568513514149
-0.044685793663183
-0.619692101527172
q7:
0.121929538388496
-0.122963445822050
-0.235295047884199
-0.266580710414335

q1:
0.017867291120933
0.027637371995248
0.017026388280916
-1.567651300168940
q2:
0.018286235664568
0.039174916875391
0.202537971346127
0.986607923646943
q3:
0.002256013780623
0.000785110572787
0.045564381066501
-2.504579305295021
q4:
-0.044870027385664
-0.041431420637097
-0.374025809292390
1.277712392247852
q5:
-0.010941489584089
-0.016222915530822
0.085844132629048
-1.331304099562934
q6:
0.016204412505860
-0.000083232525036
-0.063267566364035
-0.638409271316624
q7:
-0.003471115390867
-0.002984780047772
-0.276606065969500
-0.352683790549451

q1:
0.013854861644508
0.045218786458246
0.040923208253662
-1.558462812819533
q2:
0.030141853598243
0.057168572769326
0.234138635949594
1.057900248997492
q3:
0.042885073804968
0.003005028132920
0.046807546561973
-2.489470113765749
q4:
-0.084576568859603
-0.085583527584590
-0.415686712309103
1.148991215417515
q5:
0.051084874999044
-0.026989341281566
0.071670512394584
-1.305278648587730
q6:
-0.032776622285895
0.015861909380730
-0.058092160355368
-0.658598173523071
q7:
-0.096265572700488
-0.006400357592385
-0.279684391115472
-0.443854181928959

q1:
-0.027074483756337
0.058851970316442
0.075058416475759
-1.539686278439275
q2:
-0.083755066919558
0.086828156709997
0.281369563218811
1.141911777547997
q3:
-0.002423502157667
0.045203940757008
0.062620088357869
-2.472280636274853
q4:
0.126498895059864
-0.168806871342438
-0.499126763157167
1.000454055476856
q5:
0.006815933903452
0.023278175717493
0.070453250089568
-1.282871681631801
q6:
-0.010064302797207
-0.016390286948591
-0.058265468197626
-0.677102521224113
q7:
0.048034940205374
-0.101125681129665
-0.314952931816304
-0.539676214688530

q1:
-0.095857922887977
0.032210678300206
0.104926965222020
-1.509690979714127
q2:
-0.215121416453772
0.004413170861153
0.311296718662149
1.240586803416067
q3:
-0.091979212431434
0.042819214633863
0.091491683326075
-2.446963545989481
q4:
0.414481199832339
-0.044331958603533
-0.569036299379445
0.823043395052169
q5:
-0.077841720626110
0.029985054678489
0.087923589659450
-1.257018138723986
q6:
0.061476830909006
-0.026293560901042
-0.072265770292306
-0.698332072032311
q7:
0.280469879169999
-0.053859299967577
-0.365788005616199
-0.652165246152616

q1:
-0.038195234642924
-0.062113517821562
0.095118833859015
-1.475192172945577
q2:
-0.041442124279430
-0.207266302929356
0.244760891343779
1.335575805541751
q3:
-0.049330069964722
-0.047688330398667
0.089894613355219
-2.415593332712954
q4:
0.113402709705288
0.363517542031483
-0.464343428015079
0.646256106313416
q5:
-0.041545219643977
-0.046611198417602
0.082470214513021
-1.227700132957519
q6:
0.040707340082419
0.034199640713419
-0.069672576113846
-0.722694644276669
q7:
0.100888468115912
0.222123061135698
-0.310597491953055
-0.768041015476795

q1:
0.067020907949132
-0.099697628710199
0.042044777796598
-1.452023432469750
q2:
0.179514103477939
-0.248045353220314
0.095418668126690
1.392096448852658
q3:
0.061747867884145
-0.096229119243952
0.042689689872441
-2.392979138279095
q4:
-0.334993642857759
0.475105808381486
-0.189274969079629
0.537061837182053
q5:
0.056669918589549
-0.087491694547275
0.038484465620542
-1.207130550866346
q6:
-0.046247980345294
0.074255663354519
-0.034099236379563
-0.740431452715557
q7:
-0.220700003906484
0.321397313761755
-0.132322808986693
-0.842459998363333

q1:
0.054120390104657
-0.033749055288254
-0.001725734554894
-1.446593611265281
q2:
0.123347652918414
-0.071403475398023
-0.009360547660124
1.403042673978569
q3:
0.054854095413498
-0.035469217245955
-0.000507364496248
-2.387150702466825
q4:
-0.243869917622103
0.145472063809453
0.014274572998998
0.514272325020836
q5:
0.049327572662926
-0.031728494655159
-0.000619756437856
-1.201920609909918
q6:
-0.043335624540481
0.028747650694750
-0.000314149371403
-0.745259258973051
q7:
-0.170166846882080
0.104228509917776
0.007282461180192
-0.859072633971474

q1:
-0.000000042929122
0.019505408574728
-0.006397650676930
-1.448880734483340
q2:
0.000000933869674
0.049970615073694
-0.016390525846504
1.396643179565264
q3:
0.000002891452696
0.018507212640927
-0.006070902006697
-2.389197371545466
q4:
-0.000001250104333
-0.094495935130694
0.030994743205631
0.525999279078057
q5:
-0.000002643568436
0.016809836845159
-0.005513076199536
-1.203796719105138
q6:
-0.000001057190691
-0.013894603853083
0.004557649992663
-0.743798720818952
q7:
-0.000000349693152
-0.063215667414188
0.020734673521369
-0.851475438151404

q1:
-0.054120859241382
0.019505366332472
0.006397883492632
-1.448880695544133
q2:
-0.123347250378726
0.049971534001453
0.016390499050144
1.396643158693673
q3:
-0.054852946015613
0.018510057830380
0.006070762707892
-2.389197445406614
q4:
0.243869937615137
-0.094497165233357
-0.030994993713777
0.525999260051282
q5:
-0.049328818262628
0.016807235573818
0.005513323553888
-1.203796631896495
q6:
0.043335049468766
-0.013895644128723
-0.004557551345369
-0.743798685987961
q7:
0.170167192553906
-0.063216011512250
-0.020734917166502
-0.851475471939299

q1:
-0.067020441475025
-0.033749559161048
0.001725788244859
-1.446593517061802
q2:
-0.179517841604643
-0.071402160371212
0.009361253600863
1.403042757384336
q3:
-0.061760404229934
-0.035465241048982
0.000509462612190
-2.387150475361681
q4:
0.334998289319776
0.145470853379936
-0.014275624001700
0.514272092193529
q5:
-0.056658137187396
-0.031732321596608
0.000617895338413
-1.201920765378387
q6:
0.046252357451063
0.028746044548543
0.000313379992332
-0.745259323995634
q7:
0.220701092903414
0.104228505960792
-0.007282818987380
-0.859072772496505

q1:
0.038202088047531
-0.099697673572471
-0.042044904091735
-1.452023358403883
q2:
0.041437417208592
-0.248047716510179
-0.095418306016232
1.392096773373491
q3:
0.049311708793162
-0.096237478811237
-0.042689029501961
-2.392978237593701
q4:
-0.113404430644426
0.475109170070591
0.189274623690071
0.537061293365280
q5:
0.041565657066025
-0.087483928589005
-0.038485034722467
-1.207131312756260
q6:
-0.040699845882494
0.074258364280388
0.034098826088221
-0.740431788432762
q7:
-0.100893803794008
0.321398381377750
0.132322800059660
-0.842460216246795

q1:
0.095869932477343
-0.062106818933701
-0.095116777633758
-1.475191903291107
q2:
0.215116926327565
-0.207273297976925
-0.244763598768000
1.335575828481631
q3:
0.091968758399591
-0.047714757358766
-0.089905362965721
-2.415593762702524
q4:
-0.414485442746102
0.363519210316478
0.464344732457026
0.646255750145100
q5:
0.077850450550518
-0.046583322036037
-0.082459092927481
-1.227699524833418
q6:
-0.061467399491814
0.034209715932014
0.069676356397888
-0.722694559541056
q7:
-0.280477178621717
0.222118878444447
0.310596461281338
-0.768041309712942

q1:
0.027094169215744
0.032229194624003
-0.104916638407339
-1.509688891135612
q2:
0.083745894465440
0.004401757529396
-0.311305464034789
1.240585027320043
q3:
0.002401151458567
0.042782500906430
-0.091523143082088
-2.446970713866565
q4:
-0.126497476932436
-0.044334465345682
0.569037328807446
0.823043496499544
q5:
-0.006807029407119
0.030021521305672
-0.087891363567040
-1.257010575609531
q6:
0.010082128553298
-0.026274205167929
0.072279203928508
-0.698329330619591
q7:
-0.048038464372780
-0.053870665319319
0.365781875186379
-0.652166586019525

q1:
-0.013840778121288
0.058889857132295
-0.075029589431274
-1.539678115953693
q2:
-0.030146170488227
0.086807717683388
-0.281388756164996
1.141905581404411
q3:
-0.042901008670548
0.045145233941660
-0.062682846051914
-2.472302861463018
q4:
0.084578151188209
-0.168807982647198
0.499126605865782
1.000454274933513
q5:
-0.051084405894761
0.023323404369067
-0.070394227945726
-1.282849310915540
q6:
0.032787399538788
-0.016353390671484
0.058297352493180
-0.677092662184232
q7:
0.096268669049407
-0.101140514262134
0.314938208283663
-0.539680912425662

q1:
-0.017913900934636
0.045270531460947
-0.040864981972691
-1.558440622075105
q2:
-0.018256643218195
0.057143885922973
-0.234172630182110
1.057885406322839
q3:
-0.002166929543272
0.002930641409841
-0.046913958936622
-2.489519801693981
q4:
0.044869990535998
-0.085583081878001
0.415686336701517
1.148991319560489
q5:
0.010861133341090
-0.026943651031377
-0.071581668850964
-1.305232036175496
q6:
-0.016255035942429
0.015909410474683
0.058151726988630
-0.658573506682300
q7:
0.003494168131947
-0.006412143917519
0.279660936400737
-0.443865195529947

q1:
-0.025544772260079
0.027643252941265
-0.016949260688766
-1.567606089016207
q2:
0.023858674438076
0.039179348996270
-0.202578609128599
0.986580319199337
q3:
0.045696351936151
0.000798382739262
-0.045690839015716
-2.504668755738695
q4:
-0.039208956481831
-0.041431011190580
0.374025714175023
1.277712419842101
q5:
0.095324863104763
-0.016256295823745
-0.085751251419443
-1.331226266503620
q6:
-0.057453560287408
-0.000085544892667
0.063341954899531
-0.638361742639602
q7:
-0.121922993804605
-0.002973882475683
0.276582319743767
-0.352702951842076

q1:
-0.035713281630576
0.002507197037348
-0.007059913095781
-1.571092887277145
q2:
0.032322676329716
0.062656284643337
-0.169176521294808
0.925191520702457
q3:
0.047645805401171
0.045763593044435
-0.030418510958663
-2.517956945332072
q4:
-0.048994135915558
-0.080012624368701
0.334192201711579
1.394551952092862
q5:
0.107017718025986
0.077543369471342
-0.065649091263032
-1.357737813235396
q6:
-0.042047207950239
-0.056619848215476
0.044742585960060
-0.619622180190515
q7:
-0.127290334049231
-0.122946108379413
0.235280562743295
-0.266606257122261

q1:
-0.006900579810326
-0.032634672087139
-0.016941724912112
-1.574399038769124
q2:
0.004303263960324
0.094461798151776
-0.117641790138012
0.877583023566593
q3:
-0.014049024531989
0.092647065559187
0.014980185063324
-2.521329482696745
q4:
0.007053036893135
-0.128222854109609
0.265890964770694
1.493830032955361
q5:
-0.016572847408675
0.182848804008911
0.019759541638490
-1.367151896018702
q6:
0.021697395243701
-0.097994300838511
-0.005970854929647
-0.612521744783029
q7:
0.031729104165669
-0.248199797083855
0.113544705751345
-0.207153030948211

q1:
0.044047558433094
-0.039424842620500
-0.040577245736217
-1.583710397671007
q2:
-0.028883842340506
0.098696209888735
-0.054285963500725
0.849310946144456
q3:
-0.087122941611941
0.078822825419710
0.071222309304401
-2.506944395778578
q4:
0.064818031541412
-0.121282665806765
0.184053154238124
1.567496426269744
q5:
-0.166779239599033
0.166541122158775
0.134359437421490
-1.341583975845505
q6:
0.079466445510404
-0.076644063918709
-0.063252238570014
-0.624257156098436
q7:
0.205465696526399
-0.216978358584837
-0.039033729307984
-0.195493052018079

q1:
0.011670673982813
0.003917954877665
-0.052223504915867
-1.599706886032289
q2:
0.002255704734271
0.070274509025678
0.001136432303203
0.841104043072337
q3:
-0.021733759665449
-0.006906149126439
0.094810979128594
-2.478177758809305
q4:
0.002538390367690
-0.057501722770016
0.125411874784941
1.617105056200249
q5:
-0.042056529957425
0.002430350393328
0.189782080418579
-1.285482151374798
q6:
0.000223363564192
0.001550918463528
-0.087882790279313
-0.650445388993827
q7:
0.038042778840012
-0.014800113202862
-0.115057068054348
-0.224389133510697

q1:
-0.015202084620595
0.015401898076753
-0.045886593146818
-1.616002856872091
q2:
0.017418567480263
0.072494122484201
0.047964543438442
0.849116803944914
q3:
0.024931897480113
-0.028292168637241
0.083265930902107
-2.448589679977095
q4:
-0.034942475227349
-0.055003946648209
0.088510015215763
1.652143459369316
q5:
0.054610587329037
-0.038953275084778
0.177802561119784
-1.224456234168602
q6:
-0.039402977348402
0.001770708210694
-0.086793296730168
-0.679096208240075
q7:
-0.077605084632607
0.022633981175709
-0.112487559359255
-0.262377670674798

q1:
0.028357023151720
0.000443046810087
-0.040689451223935
-1.629933105973116
q2:
-0.039409364937702
0.089633992884780
0.101142565279468
0.873263040471788
q3:
-0.046802915266787
-0.003759181516810
0.072753088051579
-2.423442453683085
q4:
0.049501667754215
-0.089387342271920
0.041149672449961
1.674024165352292
q5:
-0.077498011103743
0.014783542846994
0.169874888945791
-1.168400669327910
q6:
0.076302274168358
-0.037001821500134
-0.098349101889105
-0.708764344307567
q7:
0.091555620769108
-0.053729422102776
-0.122686863983333
-0.299577029373264

q1:
0.022993963751685
0.028346357591379
-0.031246526580254
-1.642230931297518
q2:
-0.044334780790346
0.050855177786082
0.147223013259509
0.914690325359442
q3:
-0.040710832731138
-0.049813250139328
0.055181330468366
-2.401635428892700
q4:
0.054790744046397
-0.040677701201774
-0.001511661809410
1.679651402759861
q5:
-0.079113401557589
-0.061474500079088
0.154560254973665
-1.113825948176760
q6:
0.080756693645207
0.038079616281529
-0.097995585200807
-0.742311133224029
q7:
0.092141968021004
0.036361308734025
-0.128383605168283
-0.342367973178519

q1:
-0.018506941922370
0.050972417923037
-0.005229968211526
-1.648618776789157
q2:
-0.001398878086825
0.007229753488382
0.166274870717534
0.966886211272951
q3:
0.031316674101790
-0.089872709546767
0.009364335691327
-2.390331646829029
q4:
-0.019711929438576
0.013236390939880
-0.010512411575310
1.676712739109938
q5:
0.046159308828055
-0.139322087211755
0.088698974342269
-1.072535575433267
q6:
-0.036587443203575
0.117544202828411
-0.046950972532747
-0.767507221705508
q7:
-0.055834470887099
0.127029005266692
-0.074791582176048
-0.377314436146951

q1:
-0.014313533784855
0.032761587071425
0.022234785426657
-1.645503454428152
q2:
-0.007476383815291
0.005853257450947
0.170566098305633
1.022152811684365
q3:
0.030329127257539
-0.059057102230606
-0.039484642571651
-2.395823921540319
q4:
-0.016383538315699
-0.006160147627679
-0.008191403768908
1.673993106261028
q5:
0.049154141259957
-0.093901327324949
0.012201694374231
-1.056802290269038
q6:
-0.046033104295404
0.081542158716093
0.018349354053850
-0.771552346483751
q7:
-0.046207739903461
0.072087885913787
-0.009481241868851
-0.390150048392903

q1:
0.004807151332615
0.018677069827127
0.039106664889382
-1.635190911792453
q2:
0.005574928146186
-0.001503504223300
0.171992817364301
1.078464385495561
q3:
-0.002000548109783
-0.029213241009187
-0.068437315154302
-2.414058242934983
q4:
-0.015151471176808
-0.022281549330327
-0.017520280371134
1.670065457542191
q5:
-0.000497114657262
-0.045533652325152
-0.033532978951002
-1.061167885597492
q6:
0.001805386674723
0.036245584089417
0.056983733694056
-0.758385522312322
q7:
0.006128697594694
0.026619469848782
0.022894770821271
-0.387134950632384

q1:
0.007257206389657
0.023407306738420
0.052910340402882
-1.620184939225833
q2:
0.073950325979207
0.003982225072546
0.172805837802854
1.134913002159546
q3:
-0.009878081511438
-0.031181780349214
-0.088246882159858
-2.439719154071779
q4:
-0.078044893610312
-0.037190596968305
-0.037027144357085
1.661387009050278
q5:
-0.004759875865834
-0.046022813147897
-0.063563499626161
-1.077082937104488
q6:
0.010991028953048
0.038022084577344
0.081343529016754
-0.735731705065831
q7:
-0.021523157041224
0.032650108281961
0.042335192448154
-0.376545370023731

q1:
-0.017441364980385
0.030548397825843
0.070607811499960
-1.600056006837692
q2:
0.025410783233597
0.076749345836086
0.199285793060885
1.194631266634495
q3:
0.025156208895999
-0.040901812556468
-0.111890300632921
-2.472367365392297
q4:
-0.033450065887518
-0.113986772280852
-0.086613321470808
1.642486979275308
q5:
0.033320250647028
-0.050706530999878
-0.095290724506631
-1.103051047678701
q6:
-0.028468878665739
0.048837257067143
0.109833393076145
-0.704572613095453
q7:
-0.050434169548185
0.011471321753396
0.056807021499751
-0.359906297174626

q1:
-0.080289769565553
0.013386094685144
0.085018325043563
-1.574225588907706
q2:
-0.285473238412378
0.101753556537945
0.257834745039566
1.269150692715610
q3:
0.118713893392225
-0.016148103002806
-0.130602672936363
-2.512580063572429
q4:
0.264273713653951
-0.146901637114169
-0.172184719752373
1.600634285984412
q5:
0.112861153234648
-0.017919404363203
-0.117800031305721
-1.138585826670606
q6:
-0.125920896936064
0.020823880460057
0.132682246185066
-0.664297749738465
q7:
-0.010780067862833
-0.038155901082016
0.048054479479964
-0.341819161823699

q1:
-0.076962590936724
-0.065619038567360
0.067885919450197
-1.547732678101424
q2:
-0.356075981822396
-0.179152110059832
0.232448019484388
1.354593891970080
q3:
0.114154349208264
0.100666368095142
-0.102880681986077
-2.552965895122808
q4:
0.337829227265664
0.113143697121318
-0.183257324070028
1.537679004591140
q5:
0.099245863833157
0.093135970419690
-0.093128997639194
-1.175169484324345
q6:
-0.117983818426960
-0.103082282125029
0.105701490438956
-0.622981096832867
q7:
0.038555696411598
-0.048763487859044
0.019544919907297
-0.330542659221552

coefs_qdot:
qdot1:
0.230919853501657
-0.282685621688712
-0.000000000000000
qdot2:
1.068139429867474
-1.058986577340753
-0.000000000000000
qdot3:
-0.342456741144684
0.425954890350793
-0.000000000000000
qdot4:
-1.013550641341853
0.891177241614754
0.000000000000000
qdot5:
-0.297837523459617
0.381758812389898
0.000000000000000
qdot6:
0.353946172853941
-0.438302724910577
-0.000000000000000
qdot7:
-0.115823287446890
-0.021547167460985
0.000000000000000

qdot1:
0.240845509114048
-0.131202197791627
-0.067877602394775
qdot2:
0.856357263336122
-0.358287111347698
-0.232432884944903
qdot3:
-0.356092608537704
0.201303268159882
0.102870337995750
qdot4:
-0.792850933913888
0.226288020894506
0.183264303051517
qdot5:
-0.338755101352988
0.186377397000392
0.093174338340007
qdot6:
0.377709968195488
-0.206114035518395
-0.105684348710350
qdot7:
0.032260268172636
-0.097527244026144
-0.019528203483889

qdot1:
0.052253371518699
0.026792456187187
-0.085000800017903
qdot2:
-0.076205386775266
0.203483253400792
-0.257820717648196
qdot3:
-0.075396761022538
-0.032293483040849
0.130587942755271
qdot4:
0.100368849795099
-0.293822191752999
0.172188699030724
qdot5:
-0.100059038626816
-0.035845949487166
0.117861495732175
qdot6:
0.085336801778075
0.041663703617843
-0.132654203142040
qdot7:
0.151363149018084
-0.076364508104895
-0.048046450833379

qdot1:
-0.021817421229887
0.061070667903453
-0.070591247667038
qdot2:
-0.221811700884141
0.153492519676218
-0.199276690863567
qdot3:
0.029683769980752
-0.081753758271633
0.111884195180024
qdot4:
0.234148670286971
-0.227980226287415
0.086613102472097
qdot5:
0.014252509851163
-0.101484678826357
0.095339272688758
qdot6:
-0.033012712630294
0.097644645584259
-0.109807633872896
qdot7:
0.064627699019024
0.022929717650967
-0.056809756467823

qdot1:
-0.014396810262819
0.046758439576647
-0.052907274040302
qdot2:
-0.016740369337559
0.007984043896223
-0.172794534437687
qdot3:
0.005960222520673
-0.062281205164260
0.088262461176538
qdot4:
0.045453827618076
-0.074378698579163
0.037026238793978
qdot5:
0.001549113710937
-0.092135032363994
0.063585640053541
qdot6:
-0.005387607954464
0.075988306098786
-0.081331829796877
qdot7:
-0.018407362435460
0.065325488207446
-0.042335902707044

qdot1:
0.043033459522655
0.037314132044238
-0.039119372294477
qdot2:
0.022331077446789
-0.002997638389216
-0.171976763934538
qdot3:
-0.091165129387981
-0.058371299190699
0.068475450462324
qdot4:
0.049147214417515
-0.044560987661706
0.017520130250476
qdot5:
-0.147268927470274
-0.091118813769619
0.033532009287629
qdot6:
0.138201949848136
0.072454035280658
-0.056987285810648
qdot7:
0.138506469779062
0.053250258449784
-0.022889480255258

qdot1:
0.055618128135001
0.065544081491100
-0.022250625274682
qdot2:
0.004100530142039
0.011651548415878
-0.170557522690165
qdot3:
-0.094135390673298
-0.118175624069214
0.039521755047699
qdot4:
0.059135192457570
-0.012320415003816
0.008191580213331
qdot5:
-0.138285861154413
-0.187727230190117
-0.012198741921768
qdot6:
0.109866525603297
0.163114514381035
-0.018354043666131
qdot7:
0.167392537820830
0.144110502624848
0.009477684560981

qdot1:
-0.069017402633246
0.102029573547660
0.005231454151675
qdot2:
0.133093482433271
0.014341496189056
-0.166294663374956
qdot3:
0.122247656872484
-0.179928440350897
-0.009367311517199
qdot4:
-0.164371591320179
0.026472271248349
0.010512484637434
qdot5:
0.237176237513984
-0.278442755107411
-0.088650619510562
qdot6:
-0.242330071660700
0.235186955176796
0.046967397341353
qdot7:
-0.276319418226494
0.253920007435312
0.074754688210847

qdot1:
-0.085130318528944
0.056754157420251
0.031271986030412
qdot2:
0.118351528538276
0.101650820665281
-0.147271923410845
qdot3:
0.140564353227126
-0.099733977442548
-0.055231948035323
qdot4:
-0.148504778040146
-0.081355492657687
0.001511636326303
qdot5:
0.232274071176222
-0.122855143298239
-0.154463474849088
qdot6:
-0.228997869796661
0.076218428167379
0.098037880209797
qdot7:
-0.274512165718163
0.072654469078734
0.128312902359149

qdot1:
0.045747293603609
0.000908668465264
0.040728689475636
qdot2:
-0.052349178565530
0.179289423386389
-0.101197723386372
qdot3:
-0.075048100046065
-0.007523761725554
-0.072822217258892
qdot4:
0.104827398024283
-0.178774627052021
-0.041149703306089
qdot5:
-0.163605031881423
0.029516647393360
-0.169770988177488
qdot6:
0.118348621479352
-0.074004174419229
0.098401017824493
qdot7:
0.232729438492871
-0.107425511632379
0.122610451380352

qdot1:
-0.035120033414274
0.030918893069231
0.045948409567293
qdot2:
-0.006713242369243
0.144948362247402
-0.048022726542431
qdot3:
0.065371020845590
-0.056755315355772
-0.083363985900229
qdot4:
-0.007615334506977
-0.110007853948092
-0.088510030190107
qdot5:
0.126033395598768
-0.077808253520852
-0.177690811582396
qdot6:
-0.000767859284721
0.003632521271225
0.086860066708221
qdot7:
-0.114071945683680
0.045245000018942
0.112412847475748

qdot1:
-0.132404497526389
0.007880151149468
0.052311452819160
qdot2:
0.086823706612771
0.140544475253178
-0.001201901192336
qdot3:
0.261822096408322
-0.013871925681065
-0.094946853430270
qdot4:
-0.194454062061286
-0.115003513384669
-0.125411894432679
qdot5:
0.499928744428573
0.004869653991939
-0.189652741905138
qdot6:
-0.238652826597915
0.003128805580447
0.087968924311895
qdot7:
-0.616214904589212
-0.029586196349551
0.114980891277528

qdot1:
0.020877438837577
-0.078977199227842
0.040651536934307
qdot2:
-0.013029534803506
0.197500826791155
0.054237528342934
qdot3:
0.041822652372176
0.157883369562792
-0.071328976633667
qdot4:
-0.021158751672300
-0.242565378096872
-0.184053192635652
qdot5:
0.050018741693151
0.332822910337080
-0.134271161355179
qdot6:
-0.064902603228947
-0.153427448667783
0.063319946845572
qdot7:
-0.095292007845808
-0.433823173760070
0.038981754579551

qdot1:
0.107296545859006
-0.065281599350392
0.016993093967477
qdot2:
-0.097098684802015
0.188953451960056
0.117616030058132
qdot3:
-0.143266259575896
0.185319029518939
-0.015043783184264
qdot4:
0.146982227428394
-0.256445519193900
-0.265890979791337
qdot5:
-0.320694719583445
0.365635204887786
-0.019724030458302
qdot6:
0.126320928898894
-0.196003556385972
0.006013262016757
qdot7:
0.381719267168935
-0.496334730906919
-0.113564141785833

qdot1:
0.076478367770399
0.005104934733116
0.007124120970244
qdot2:
-0.071504391736512
0.125256714729934
0.169146497395290
qdot3:
-0.136838631237163
0.091336363237152
0.030327701227734
qdot4:
0.117625513302870
-0.160025178000875
-0.334192174131279
qdot5:
-0.286136127900451
0.155259468841049
0.065702696033226
qdot6:
0.172211222527786
-0.113137027028298
-0.044685793663183
qdot7:
0.365788615165487
-0.245926891644100
-0.235295047884199

qdot1:
0.053601873362799
0.055274743990497
0.017026388280916
qdot2:
0.054858706993705
0.078349833750783
0.202537971346127
qdot3:
0.006768041341868
0.001570221145575
0.045564381066501
qdot4:
-0.134610082156993
-0.082862841274193
-0.374025809292390
qdot5:
-0.032824468752267
-0.032445831061645
0.085844132629048
qdot6:
0.048613237517579
-0.000166465050072
-0.063267566364035
qdot7:
-0.010413346172602
-0.005969560095544
-0.276606065969500

qdot1:
0.041564584933524
0.090437572916493
0.040923208253662
qdot2:
0.090425560794730
0.114337145538653
0.234138635949594
qdot3:
0.128655221414903
0.006010056265840
0.046807546561973
qdot4:
-0.253729706578808
-0.171167055169180
-0.415686712309103
qdot5:
0.153254624997131
-0.053978682563132
0.071670512394584
qdot6:
-0.098329866857686
0.031723818761460
-0.058092160355368
qdot7:
-0.288796718101464
-0.012800715184771
-0.279684391115472

qdot1:
-0.081223451269012
0.117703940632884
0.075058416475759
qdot2:
-0.251265200758673
0.173656313419995
0.281369563218811
qdot3:
-0.007270506473001
0.090407881514015
0.062620088357869
qdot4:
0.379496685179592
-0.337613742684876
-0.499126763157167
qdot5:
0.020447801710355
0.046556351434985
0.070453250089568
qdot6:
-0.030192908391620
-0.032780573897182
-0.058265468197626
qdot7:
0.144104820616122
-0.202251362259329
-0.314952931816304

qdot1:
-0.287573768663932
0.064421356600413
0.104926965222020
qdot2:
-0.645364249361316
0.008826341722307
0.311296718662149
qdot3:
-0.275937637294302
0.085638429267727
0.091491683326075
qdot4:
1.243443599497018
-0.088663917207067
-0.569036299379445
qdot5:
-0.233525161878330
0.059970109356978
0.087923589659450
qdot6:
0.184430492727018
-0.052587121802084
-0.072265770292306
qdot7:
0.841409637509996
-0.107718599935154
-0.365788005616199

qdot1:
-0.114585703928772
-0.124227035643124
0.095118833859015
qdot2:
-0.124326372838289
-0.414532605858711
0.244760891343779
qdot3:
-0.147990209894166
-0.095376660797333
0.089894613355219
qdot4:
0.340208129115865
0.727035084062967
-0.464343428015079
qdot5:
-0.124635658931931
-0.093222396835204
0.082470214513021
qdot6:
0.122122020247257
0.068399281426838
-0.069672576113846
qdot7:
0.302665404347737
0.444246122271397
-0.310597491953055

qdot1:
0.201062723847395
-0.199395257420398
0.042044777796598
qdot2:
0.538542310433816
-0.496090706440628
0.095418668126690
qdot3:
0.185243603652434
-0.192458238487905
0.042689689872441
qdot4:
-1.004980928573278
0.950211616762971
-0.189274969079629
qdot5:
0.170009755768646
-0.174983389094550
0.038484465620542
qdot6:
-0.138743941035882
0.148511326709037
-0.034099236379563
qdot7:
-0.662100011719451
0.642794627523509
-0.132322808986693

qdot1:
0.162361170313971
-0.067498110576507
-0.001725734554894
qdot2:
0.370042958755242
-0.142806950796047
-0.009360547660124
qdot3:
0.164562286240495
-0.070938434491909
-0.000507364496248
qdot4:
-0.731609752866310
0.290944127618906
0.014274572998998
qdot5:
0.147982717988777
-0.063456989310319
-0.000619756437856
qdot6:
-0.130006873621443
0.057495301389499
-0.000314149371403
qdot7:
-0.510500540646239
0.208457019835553
0.007282461180192

qdot1:
-0.000000128787365
0.039010817149456
-0.006397650676930
qdot2:
0.000002801609021
0.099941230147389
-0.016390525846504
qdot3:
0.000008674358089
0.037014425281854
-0.006070902006697
qdot4:
-0.000003750312999
-0.188991870261387
0.030994743205631
qdot5:
-0.000007930705309
0.033619673690318
-0.005513076199536
qdot6:
-0.000003171572073
-0.027789207706166
0.004557649992663
qdot7:
-0.000001049079456
-0.126431334828376
0.020734673521369

qdot1:
-0.162362577724147
0.039010732664945
0.006397883492632
qdot2:
-0.370041751136178
0.099943068002906
0.016390499050144
qdot3:
-0.164558838046838
0.037020115660761
0.006070762707892
qdot4:
0.731609812845412
-0.188994330466715
-0.030994993713777
qdot5:
-0.147986454787883
0.033614471147635
0.005513323553888
qdot6:
0.130005148406299
-0.027791288257446
-0.004557551345369
qdot7:
0.510501577661717
-0.126432023024499
-0.020734917166502

qdot1:
-0.201061324425074
-0.067499118322095
0.001725788244859
qdot2:
-0.538553524813930
-0.142804320742425
0.009361253600863
qdot3:
-0.185281212689803
-0.070930482097964
0.000509462612190
qdot4:
1.004994867959327
0.290941706759872
-0.014275624001700
qdot5:
-0.169974411562189
-0.063464643193215
0.000617895338413
qdot6:
0.138757072353189
0.057492089097085
0.000313379992332
qdot7:
0.662103278710243
0.208457011921585
-0.007282818987380

qdot1:
0.114606264142593
-0.199395347144942
-0.042044904091735
qdot2:
0.124312251625776
-0.496095433020358
-0.095418306016232
qdot3:
0.147935126379486
-0.192474957622474
-0.042689029501961
qdot4:
-0.340213291933278
0.950218340141183
0.189274623690071
qdot5:
0.124696971198074
-0.174967857178010
-0.038485034722467
qdot6:
-0.122099537647483
0.148516728560776
0.034098826088221
qdot7:
-0.302681411382025
0.642796762755499
0.132322800059660

qdot1:
0.287609797432028
-0.124213637867402
-0.095116777633758
qdot2:
0.645350778982694
-0.414546595953850
-0.244763598768000
qdot3:
0.275906275198774
-0.095429514717532
-0.089905362965721
qdot4:
-1.243456328238307
0.727038420632955
0.464344732457026
qdot5:
0.233551351651555
-0.093166644072074
-0.082459092927481
qdot6:
-0.184402198475441
0.068419431864029
0.069676356397888
qdot7:
-0.841431535865150
0.444237756888893
0.310596461281338

qdot1:
0.081282507647232
0.064458389248005
-0.104916638407339
qdot2:
0.251237683396319
0.008803515058792
-0.311305464034789
qdot3:
0.007203454375700
0.085565001812861
-0.091523143082088
qdot4:
-0.379492430797307
-0.088668930691364
0.569037328807446
qdot5:
-0.020421088221357
0.060043042611344
-0.087891363567040
qdot6:
0.030246385659895
-0.052548410335859
0.072279203928508
qdot7:
-0.144115393118339
-0.107741330638638
0.365781875186379

qdot1:
-0.041522334363864
0.117779714264589
-0.075029589431274
qdot2:
-0.090438511464681
0.173615435366777
-0.281388756164996
qdot3:
-0.128703026011643
0.090290467883320
-0.062682846051914
qdot4:
0.253734453564626
-0.337615965294395
0.499126605865782
qdot5:
-0.153253217684282
0.046646808738134
-0.070394227945726
qdot6:
0.098362198616364
-0.032706781342968
0.058297352493180
qdot7:
0.288806007148221
-0.202281028524268
0.314938208283663

qdot1:
-0.053741702803909
0.090541062921895
-0.040864981972691
qdot2:
-0.054769929654584
0.114287771845946
-0.234172630182110
qdot3:
-0.006500788629815
0.005861282819683
-0.046913958936622
qdot4:
0.134609971607994
-0.171166163756003
0.415686336701517
qdot5:
0.032583400023269
-0.053887302062754
-0.071581668850964
qdot6:
-0.048765107827286
0.031818820949366
0.058151726988630
qdot7:
0.010482504395842
-0.012824287835038
0.279660936400737

qdot1:
-0.076634316780237
0.055286505882530
-0.016949260688766
qdot2:
0.071576023314228
0.078358697992540
-0.202578609128599
qdot3:
0.137089055808454
0.001596765478524
-0.045690839015716
qdot4:
-0.117626869445492
-0.082862022381160
0.374025714175023
qdot5:
0.285974589314290
-0.032512591647489
-0.085751251419443
qdot6:
-0.172360680862225
-0.000171089785333
0.063341954899531
qdot7:
-0.365768981413814
-0.005947764951366
0.276582319743767

qdot1:
-0.107139844891728
0.005014394074695
-0.007059913095781
qdot2:
0.096968028989147
0.125312569286673
-0.169176521294808
qdot3:
0.142937416203514
0.091527186088869
-0.030418510958663
qdot4:
-0.146982407746673
-0.160025248737402
0.334192201711579
qdot5:
0.321053154077959
0.155086738942683
-0.065649091263032
qdot6:
-0.126141623850717
-0.113239696430952
0.044742585960060
qdot7:
-0.381871002147692
-0.245892216758826
0.235280562743295

qdot1:
-0.020701739430979
-0.065269344174278
-0.016941724912112
qdot2:
0.012909791880972
0.188923596303553
-0.117641790138012
qdot3:
-0.042147073595966
0.185294131118373
0.014980185063324
qdot4:
0.021159110679404
-0.256445708219219
0.265890964770694
qdot5:
-0.049718542226024
0.365697608017822
0.019759541638490
qdot6:
0.065092185731104
-0.195988601677021
-0.005970854929647
qdot7:
0.095187312497006
-0.496399594167709
0.113544705751345

qdot1:
0.132142675299283
-0.078849685241000
-0.040577245736217
qdot2:
-0.086651527021517
0.197392419777471
-0.054285963500725
qdot3:
-0.261368824835822
0.157645650839420
0.071222309304401
qdot4:
0.194454094624236
-0.242565331613530
0.184053154238124
qdot5:
-0.500337718797099
0.333082244317551
0.134359437421490
qdot6:
0.238399336531213
-0.153288127837418
-0.063252238570014
qdot7:
0.616397089579196
-0.433956717169674
-0.039033729307984

qdot1:
0.035012021948438
0.007835909755330
-0.052223504915867
qdot2:
0.006767114202814
0.140549018051356
0.001136432303203
qdot3:
-0.065201278996348
-0.013812298252878
0.094810979128594
qdot4:
0.007615171103069
-0.115003445540032
0.125411874784941
qdot5:
-0.126169589872276
0.004860700786656
0.189782080418579
qdot6:
0.000670090692577
0.003101836927057
-0.087882790279313
qdot7:
0.114128336520036
-0.029600226405724
-0.115057068054348

qdot1:
-0.045606253861785
0.030803796153505
-0.045886593146818
qdot2:
0.052255702440790
0.144988244968402
0.047964543438442
qdot3:
0.074795692440339
-0.056584337274481
0.083265930902107
qdot4:
-0.104827425682047
-0.110007893296418
0.088510015215763
qdot5:
0.163831761987110
-0.077906550169556
0.177802561119784
qdot6:
-0.118208932045206
0.003541416421387
-0.086793296730168
qdot7:
-0.232815253897821
0.045267962351418
-0.112487559359255

qdot1:
0.085071069455160
0.000886093620174
-0.040689451223935
qdot2:
-0.118228094813105
0.179267985769560
0.101142565279468
qdot3:
-0.140408745800362
-0.007518363033620
0.072753088051579
qdot4:
0.148505003262645
-0.178774684543841
0.041149672449961
qdot5:
-0.232494033311229
0.029567085693988
0.169874888945791
qdot6:
0.228906822505073
-0.074003643000268
-0.098349101889105
qdot7:
0.274666862307323
-0.107458844205551
-0.122686863983333

qdot1:
0.068981891255054
0.056692715182759
-0.031246526580254
qdot2:
-0.133004342371039
0.101710355572164
0.147223013259509
qdot3:
-0.122132498193414
-0.099626500278655
0.055181330468366
qdot4:
0.164372232139190
-0.081355402403547
-0.001511661809410
qdot5:
-0.237340204672767
-0.122949000158175
0.154560254973665
qdot6:
0.242270080935620
0.076159232563057
-0.097995585200807
qdot7:
0.276425904063013
0.072722617468049
-0.128383605168283

qdot1:
-0.055520825767111
0.101944835846074
-0.005229968211526
qdot2:
-0.004196634260474
0.014459506976764
0.166274870717534
qdot3:
0.093950022305371
-0.179745419093535
0.009364335691327
qdot4:
-0.059135788315729
0.026472781879761
-0.010512411575310
qdot5:
0.138477926484166
-0.278644174423509
0.088698974342269
qdot6:
-0.109762329610726
0.235088405656823
-0.046950972532747
qdot7:
-0.167503412661298
0.254058010533384
-0.074791582176048

qdot1:
-0.042940601354566
0.065523174142849
0.022234785426657
qdot2:
-0.022429151445874
0.011706514901893
0.170566098305633
qdot3:
0.090987381772618
-0.118114204461211
-0.039484642571651
qdot4:
-0.049150614947098
-0.012320295255357
-0.008191403768908
qdot5:
0.147462423779871
-0.187802654649897
0.012201694374231
qdot6:
-0.138099312886212
0.163084317432187
0.018349354053850
qdot7:
-0.138623219710383
0.144175771827574
-0.009481241868851

qdot1:
0.014421453997845
0.037354139654255
0.039106664889382
qdot2:
0.016724784438557
-0.003007008446600
0.171992817364301
qdot3:
-0.006001644329349
-0.058426482018375
-0.068437315154302
qdot4:
-0.045454413530423
-0.044563098660653
-0.017520280371134
qdot5:
-0.001491343971785
-0.091067304650303
-0.033532978951002
qdot6:
0.005416160024168
0.072491168178833
0.056983733694056
qdot7:
0.018386092784081
0.053238939697565
0.022894770821271

qdot1:
0.021771619168971
0.046814613476841
0.052910340402882
qdot2:
0.221850977937622
0.007964450145093
0.172805837802854
qdot3:
-0.029634244534313
-0.062363560698428
-0.088246882159858
qdot4:
-0.234134680830937
-0.074381193936610
-0.037027144357085
qdot5:
-0.014279627597501
-0.092045626295794
-0.063563499626161
qdot6:
0.032973086859145
0.076044169154688
0.081343529016754
qdot7:
-0.064569471123673
0.065300216563922
0.042335192448154

qdot1:
-0.052324094941156
0.061096795651686
0.070607811499960
qdot2:
0.076232349700792
0.153498691672172
0.199285793060885
qdot3:
0.075468626687996
-0.081803625112937
-0.111890300632921
qdot4:
-0.100350197662553
-0.227973544561704
-0.086613321470808
qdot5:
0.099960751941083
-0.101413061999755
-0.095290724506631
qdot6:
-0.085406635997216
0.097674514134287
0.109833393076145
qdot7:
-0.151302508644554
0.022942643506793
0.056807021499751

qdot1:
-0.240869308696660
0.026772189370288
0.085018325043563
qdot2:
-0.856419715237133
0.203507113075890
0.257834745039566
qdot3:
0.356141680176674
-0.032296206005612
-0.130602672936363
qdot4:
0.792821140961854
-0.293803274228337
-0.172184719752373
qdot5:
0.338583459703944
-0.035838808726406
-0.117800031305721
qdot6:
-0.377762690808192
0.041647760920114
0.132682246185066
qdot7:
-0.032340203588499
-0.076311802164033
0.048054479479964

qdot1:
-0.230887772810172
-0.131238077134720
0.067885919450197
qdot2:
-1.068227945467188
-0.358304220119665
0.232448019484388
qdot3:
0.342463047624791
0.201332736190284
-0.102880681986077
qdot4:
1.013487681796992
0.226287394242635
-0.183257324070028
qdot5:
0.297737591499471
0.186271940839379
-0.093128997639194
qdot6:
-0.353951455280880
-0.206164564250059
0.105701490438956
qdot7:
0.115667089234794
-0.097526975718088
0.019544919907297

coefs_qdotdot:
qdotdot1:
0.461839707003314
-0.282685621688712
qdotdot2:
2.136278859734948
-1.058986577340753
qdotdot3:
-0.684913482289368
0.425954890350793
qdotdot4:
-2.027101282683705
0.891177241614754
qdotdot5:
-0.595675046919234
0.381758812389898
qdotdot6:
0.707892345707882
-0.438302724910577
qdotdot7:
-0.231646574893779
-0.021547167460985

qdotdot1:
0.481691018228096
-0.131202197791627
qdotdot2:
1.712714526672244
-0.358287111347698
qdotdot3:
-0.712185217075408
0.201303268159882
qdotdot4:
-1.585701867827775
0.226288020894506
qdotdot5:
-0.677510202705975
0.186377397000392
qdotdot6:
0.755419936390976
-0.206114035518395
qdotdot7:
0.064520536345272
-0.097527244026144

qdotdot1:
0.104506743037397
0.026792456187187
qdotdot2:
-0.152410773550532
0.203483253400792
qdotdot3:
-0.150793522045075
-0.032293483040849
qdotdot4:
0.200737699590198
-0.293822191752999
qdotdot5:
-0.200118077253633
-0.035845949487166
qdotdot6:
0.170673603556149
0.041663703617843
qdotdot7:
0.302726298036167
-0.076364508104895

qdotdot1:
-0.043634842459774
0.061070667903453
qdotdot2:
-0.443623401768282
0.153492519676218
qdotdot3:
0.059367539961503
-0.081753758271633
qdotdot4:
0.468297340573942
-0.227980226287415
qdotdot5:
0.028505019702327
-0.101484678826357
qdotdot6:
-0.066025425260588
0.097644645584259
qdotdot7:
0.129255398038048
0.022929717650967

qdotdot1:
-0.028793620525638
0.046758439576647
qdotdot2:
-0.033480738675118
0.007984043896223
qdotdot3:
0.011920445041347
-0.062281205164260
qdotdot4:
0.090907655236152
-0.074378698579163
qdotdot5:
0.003098227421875
-0.092135032363994
qdotdot6:
-0.010775215908928
0.075988306098786
qdotdot7:
-0.036814724870920
0.065325488207446

qdotdot1:
0.086066919045310
0.037314132044238
qdotdot2:
0.044662154893579
-0.002997638389216
qdotdot3:
-0.182330258775963
-0.058371299190699
qdotdot4:
0.098294428835031
-0.044560987661706
qdotdot5:
-0.294537854940547
-0.091118813769619
qdotdot6:
0.276403899696273
0.072454035280658
qdotdot7:
0.277012939558125
0.053250258449784

qdotdot1:
0.111236256270001
0.065544081491100
qdotdot2:
0.008201060284079
0.011651548415878
qdotdot3:
-0.188270781346597
-0.118175624069214
qdotdot4:
0.118270384915140
-0.012320415003816
qdotdot5:
-0.276571722308826
-0.187727230190117
qdotdot6:
0.219733051206593
0.163114514381035
qdotdot7:
0.334785075641660
0.144110502624848

qdotdot1:
-0.138034805266491
0.102029573547660
qdotdot2:
0.266186964866543
0.014341496189056
qdotdot3:
0.244495313744968
-0.179928440350897
qdotdot4:
-0.328743182640357
0.026472271248349
qdotdot5:
0.474352475027968
-0.278442755107411
qdotdot6:
-0.484660143321401
0.235186955176796
qdotdot7:
-0.552638836452988
0.253920007435312

qdotdot1:
-0.170260637057888
0.056754157420251
qdotdot2:
0.236703057076551
0.101650820665281
qdotdot3:
0.281128706454252
-0.099733977442548
qdotdot4:
-0.297009556080292
-0.081355492657687
qdotdot5:
0.464548142352443
-0.122855143298239
qdotdot6:
-0.457995739593322
0.076218428167379
qdotdot7:
-0.549024331436325
0.072654469078734

qdotdot1:
0.091494587207218
0.000908668465264
qdotdot2:
-0.104698357131059
0.179289423386389
qdotdot3:
-0.150096200092129
-0.007523761725554
qdotdot4:
0.209654796048567
-0.178774627052021
qdotdot5:
-0.327210063762846
0.029516647393360
qdotdot6:
0.236697242958705
-0.074004174419229
qdotdot7:
0.465458876985741
-0.107425511632379

qdotdot1:
-0.070240066828547
0.030918893069231
qdotdot2:
-0.013426484738486
0.144948362247402
qdotdot3:
0.130742041691181
-0.056755315355772
qdotdot4:
-0.015230669013954
-0.110007853948092
qdotdot5:
0.252066791197536
-0.077808253520852
qdotdot6:
-0.001535718569443
0.003632521271225
qdotdot7:
-0.228143891367360
0.045245000018942

qdotdot1:
-0.264808995052778
0.007880151149468
qdotdot2:
0.173647413225542
0.140544475253178
qdotdot3:
0.523644192816644
-0.013871925681065
qdotdot4:
-0.388908124122572
-0.115003513384669
qdotdot5:
0.999857488857146
0.004869653991939
qdotdot6:
-0.477305653195831
0.003128805580447
qdotdot7:
-1.232429809178423
-0.029586196349551

qdotdot1:
0.041754877675155
-0.078977199227842
qdotdot2:
-0.026059069607012
0.197500826791155
qdotdot3:
0.083645304744352
0.157883369562792
qdotdot4:
-0.042317503344601
-0.242565378096872
qdotdot5:
0.100037483386301
0.332822910337080
qdotdot6:
-0.129805206457894
-0.153427448667783
qdotdot7:
-0.190584015691615
-0.433823173760070

qdotdot1:
0.214593091718012
-0.065281599350392
qdotdot2:
-0.194197369604031
0.188953451960056
qdotdot3:
-0.286532519151792
0.185319029518939
qdotdot4:
0.293964454856789
-0.256445519193900
qdotdot5:
-0.641389439166889
0.365635204887786
qdotdot6:
0.252641857797789
-0.196003556385972
qdotdot7:
0.763438534337869
-0.496334730906919

qdotdot1:
0.152956735540798
0.005104934733116
qdotdot2:
-0.143008783473024
0.125256714729934
qdotdot3:
-0.273677262474326
0.091336363237152
qdotdot4:
0.235251026605740
-0.160025178000875
qdotdot5:
-0.572272255800902
0.155259468841049
qdotdot6:
0.344422445055572
-0.113137027028298
qdotdot7:
0.731577230330975
-0.245926891644100

qdotdot1:
0.107203746725598
0.055274743990497
qdotdot2:
0.109717413987409
0.078349833750783
qdotdot3:
0.013536082683736
0.001570221145575
qdotdot4:
-0.269220164313987
-0.082862841274193
qdotdot5:
-0.065648937504534
-0.032445831061645
qdotdot6:
0.097226475035159
-0.000166465050072
qdotdot7:
-0.020826692345204
-0.005969560095544

qdotdot1:
0.083129169867048
0.090437572916493
qdotdot2:
0.180851121589460
0.114337145538653
qdotdot3:
0.257310442829806
0.006010056265840
qdotdot4:
-0.507459413157616
-0.171167055169180
qdotdot5:
0.306509249994262
-0.053978682563132
qdotdot6:
-0.196659733715373
0.031723818761460
qdotdot7:
-0.577593436202927
-0.012800715184771

qdotdot1:
-0.162446902538024
0.117703940632884
qdotdot2:
-0.502530401517347
0.173656313419995
qdotdot3:
-0.014541012946002
0.090407881514015
qdotdot4:
0.758993370359184
-0.337613742684876
qdotdot5:
0.040895603420710
0.046556351434985
qdotdot6:
-0.060385816783239
-0.032780573897182
qdotdot7:
0.288209641232245
-0.202251362259329

qdotdot1:
-0.575147537327864
0.064421356600413
qdotdot2:
-1.290728498722632
0.008826341722307
qdotdot3:
-0.551875274588605
0.085638429267727
qdotdot4:
2.486887198994036
-0.088663917207067
qdotdot5:
-0.467050323756660
0.059970109356978
qdotdot6:
0.368860985454036
-0.052587121802084
qdotdot7:
1.682819275019993
-0.107718599935154

qdotdot1:
-0.229171407857544
-0.124227035643124
qdotdot2:
-0.248652745676578
-0.414532605858711
qdotdot3:
-0.295980419788331
-0.095376660797333
qdotdot4:
0.680416258231729
0.727035084062967
qdotdot5:
-0.249271317863861
-0.093222396835204
qdotdot6:
0.244244040494513
0.068399281426838
qdotdot7:
0.605330808695473
0.444246122271397

qdotdot1:
0.402125447694790
-0.199395257420398
qdotdot2:
1.077084620867632
-0.496090706440628
qdotdot3:
0.370487207304867
-0.192458238487905
qdotdot4:
-2.009961857146556
0.950211616762971
qdotdot5:
0.340019511537293
-0.174983389094550
qdotdot6:
-0.277487882071765
0.148511326709037
qdotdot7:
-1.324200023438902
0.642794627523509

qdotdot1:
0.324722340627942
-0.067498110576507
qdotdot2:
0.740085917510483
-0.142806950796047
qdotdot3:
0.329124572480990
-0.070938434491909
qdotdot4:
-1.463219505732619
0.290944127618906
qdotdot5:
0.295965435977554
-0.063456989310319
qdotdot6:
-0.260013747242886
0.057495301389499
qdotdot7:
-1.021001081292477
0.208457019835553

qdotdot1:
-0.000000257574730
0.039010817149456
qdotdot2:
0.000005603218042
0.099941230147389
qdotdot3:
0.000017348716178
0.037014425281854
qdotdot4:
-0.000007500625998
-0.188991870261387
qdotdot5:
-0.000015861410619
0.033619673690318
qdotdot6:
-0.000006343144146
-0.027789207706166
qdotdot7:
-0.000002098158913
-0.126431334828376

qdotdot1:
-0.324725155448295
0.039010732664945
qdotdot2:
-0.740083502272355
0.099943068002906
qdotdot3:
-0.329117676093676
0.037020115660761
qdotdot4:
1.463219625690824
-0.188994330466715
qdotdot5:
-0.295972909575766
0.033614471147635
qdotdot6:
0.260010296812598
-0.027791288257446
qdotdot7:
1.021003155323434
-0.126432023024499

qdotdot1:
-0.402122648850149
-0.067499118322095
qdotdot2:
-1.077107049627860
-0.142804320742425
qdotdot3:
-0.370562425379606
-0.070930482097964
qdotdot4:
2.009989735918654
0.290941706759872
qdotdot5:
-0.339948823124377
-0.063464643193215
qdotdot6:
0.277514144706378
0.057492089097085
qdotdot7:
1.324206557420486
0.208457011921585

qdotdot1:
0.229212528285185
-0.199395347144942
qdotdot2:
0.248624503251553
-0.496095433020358
qdotdot3:
0.295870252758971
-0.192474957622474
qdotdot4:
-0.680426583866556
0.950218340141183
qdotdot5:
0.249393942396149
-0.174967857178010
qdotdot6:
-0.244199075294965
0.148516728560776
qdotdot7:
-0.605362822764050
0.642796762755499

qdotdot1:
0.575219594864055
-0.124213637867402
qdotdot2:
1.290701557965389
-0.414546595953850
qdotdot3:
0.551812550397547
-0.095429514717532
qdotdot4:
-2.486912656476613
0.727038420632955
qdotdot5:
0.467102703303111
-0.093166644072074
qdotdot6:
-0.368804396950881
0.068419431864029
qdotdot7:
-1.682863071730300
0.444237756888893

qdotdot1:
0.162565015294464
0.064458389248005
qdotdot2:
0.502475366792639
0.008803515058792
qdotdot3:
0.014406908751400
0.085565001812861
qdotdot4:
-0.758984861594615
-0.088668930691364
qdotdot5:
-0.040842176442714
0.060043042611344
qdotdot6:
0.060492771319789
-0.052548410335859
qdotdot7:
-0.288230786236678
-0.107741330638638

qdotdot1:
-0.083044668727729
0.117779714264589
qdotdot2:
-0.180877022929363
0.173615435366777
qdotdot3:
-0.257406052023287
0.090290467883320
qdotdot4:
0.507468907129252
-0.337615965294395
qdotdot5:
-0.306506435368564
0.046646808738134
qdotdot6:
0.196724397232728
-0.032706781342968
qdotdot7:
0.577612014296441
-0.202281028524268

qdotdot1:
-0.107483405607818
0.090541062921895
qdotdot2:
-0.109539859309169
0.114287771845946
qdotdot3:
-0.013001577259630
0.005861282819683
qdotdot4:
0.269219943215988
-0.171166163756003
qdotdot5:
0.065166800046538
-0.053887302062754
qdotdot6:
-0.097530215654572
0.031818820949366
qdotdot7:
0.020965008791684
-0.012824287835038

qdotdot1:
-0.153268633560475
0.055286505882530
qdotdot2:
0.143152046628457
0.078358697992540
qdotdot3:
0.274178111616908
0.001596765478524
qdotdot4:
-0.235253738890985
-0.082862022381160
qdotdot5:
0.571949178628580
-0.032512591647489
qdotdot6:
-0.344721361724451
-0.000171089785333
qdotdot7:
-0.731537962827628
-0.005947764951366

qdotdot1:
-0.214279689783456
0.005014394074695
qdotdot2:
0.193936057978294
0.125312569286673
qdotdot3:
0.285874832407027
0.091527186088869
qdotdot4:
-0.293964815493346
-0.160025248737402
qdotdot5:
0.642106308155918
0.155086738942683
qdotdot6:
-0.252283247701433
-0.113239696430952
qdotdot7:
-0.763742004295385
-0.245892216758826

qdotdot1:
-0.041403478861957
-0.065269344174278
qdotdot2:
0.025819583761945
0.188923596303553
qdotdot3:
-0.084294147191932
0.185294131118373
qdotdot4:
0.042318221358809
-0.256445708219219
qdotdot5:
-0.099437084452048
0.365697608017822
qdotdot6:
0.130184371462207
-0.195988601677021
qdotdot7:
0.190374624994011
-0.496399594167709

qdotdot1:
0.264285350598567
-0.078849685241000
qdotdot2:
-0.173303054043034
0.197392419777471
qdotdot3:
-0.522737649671643
0.157645650839420
qdotdot4:
0.388908189248472
-0.242565331613530
qdotdot5:
-1.000675437594198
0.333082244317551
qdotdot6:
0.476798673062426
-0.153288127837418
qdotdot7:
1.232794179158392
-0.433956717169674

qdotdot1:
0.070024043896877
0.007835909755330
qdotdot2:
0.013534228405627
0.140549018051356
qdotdot3:
-0.130402557992696
-0.013812298252878
qdotdot4:
0.015230342206139
-0.115003445540032
qdotdot5:
-0.252339179744552
0.004860700786656
qdotdot6:
0.001340181385154
0.003101836927057
qdotdot7:
0.228256673040071
-0.029600226405724

qdotdot1:
-0.091212507723570
0.030803796153505
qdotdot2:
0.104511404881580
0.144988244968402
qdotdot3:
0.149591384880678
-0.056584337274481
qdotdot4:
-0.209654851364094
-0.110007893296418
qdotdot5:
0.327663523974221
-0.077906550169556
qdotdot6:
-0.236417864090413
0.003541416421387
qdotdot7:
-0.465630507795642
0.045267962351418

qdotdot1:
0.170142138910321
0.000886093620174
qdotdot2:
-0.236456189626209
0.179267985769560
qdotdot3:
-0.280817491600724
-0.007518363033620
qdotdot4:
0.297010006525290
-0.178774684543841
qdotdot5:
-0.464988066622457
0.029567085693988
qdotdot6:
0.457813645010146
-0.074003643000268
qdotdot7:
0.549333724614645
-0.107458844205551

qdotdot1:
0.137963782510108
0.056692715182759
qdotdot2:
-0.266008684742077
0.101710355572164
qdotdot3:
-0.244264996386829
-0.099626500278655
qdotdot4:
0.328744464278381
-0.081355402403547
qdotdot5:
-0.474680409345534
-0.122949000158175
qdotdot6:
0.484540161871239
0.076159232563057
qdotdot7:
0.552851808126027
0.072722617468049

qdotdot1:
-0.111041651534222
0.101944835846074
qdotdot2:
-0.008393268520947
0.014459506976764
qdotdot3:
0.187900044610743
-0.179745419093535
qdotdot4:
-0.118271576631459
0.026472781879761
qdotdot5:
0.276955852968332
-0.278644174423509
qdotdot6:
-0.219524659221453
0.235088405656823
qdotdot7:
-0.335006825322595
0.254058010533384

qdotdot1:
-0.085881202709132
0.065523174142849
qdotdot2:
-0.044858302891749
0.011706514901893
qdotdot3:
0.181974763545237
-0.118114204461211
qdotdot4:
-0.098301229894197
-0.012320295255357
qdotdot5:
0.294924847559743
-0.187802654649897
qdotdot6:
-0.276198625772424
0.163084317432187
qdotdot7:
-0.277246439420765
0.144175771827574

qdotdot1:
0.028842907995690
0.037354139654255
qdotdot2:
0.033449568877113
-0.003007008446600
qdotdot3:
-0.012003288658698
-0.058426482018375
qdotdot4:
-0.090908827060845
-0.044563098660653
qdotdot5:
-0.002982687943570
-0.091067304650303
qdotdot6:
0.010832320048337
0.072491168178833
qdotdot7:
0.036772185568163
0.053238939697565

qdotdot1:
0.043543238337943
0.046814613476841
qdotdot2:
0.443701955875244
0.007964450145093
qdotdot3:
-0.059268489068626
-0.062363560698428
qdotdot4:
-0.468269361661873
-0.074381193936610
qdotdot5:
-0.028559255195003
-0.092045626295794
qdotdot6:
0.065946173718290
0.076044169154688
qdotdot7:
-0.129138942247346
0.065300216563922

qdotdot1:
-0.104648189882313
0.061096795651686
qdotdot2:
0.152464699401584
0.153498691672172
qdotdot3:
0.150937253375992
-0.081803625112937
qdotdot4:
-0.200700395325106
-0.227973544561704
qdotdot5:
0.199921503882165
-0.101413061999755
qdotdot6:
-0.170813271994433
0.097674514134287
qdotdot7:
-0.302605017289108
0.022942643506793

qdotdot1:
-0.481738617393321
0.026772189370288
qdotdot2:
-1.712839430474266
0.203507113075890
qdotdot3:
0.712283360353349
-0.032296206005612
qdotdot4:
1.585642281923708
-0.293803274228337
qdotdot5:
0.677166919407888
-0.035838808726406
qdotdot6:
-0.755525381616384
0.041647760920114
qdotdot7:
-0.064680407176997
-0.076311802164033

qdotdot1:
-0.461775545620343
-0.131238077134720
qdotdot2:
-2.136455890934376
-0.358304220119665
qdotdot3:
0.684926095249582
0.201332736190284
qdotdot4:
2.026975363593984
0.226287394242635
qdotdot5:
0.595475182998941
0.186271940839379
qdotdot6:
-0.707902910561759
-0.206164564250059
qdotdot7:
0.231334178469588
-0.097526975718088

