1580128970.543999910

1580128970.546000004

1580128970.546999931

1580128970.552000046

1580128970.555000067

1580128970.556999922

1580128970.559000015

1580128970.561000109

1580128970.562999964

1580128970.565000057

1580128970.569000006

1580128970.573999882

1580128970.575000048

1580128970.576999903

1580128970.581000090

1580128970.582000017

1580128970.584000111

1580128970.585999966

1580128970.586999893

1580128970.592999935

1580128970.595000029

1580128970.595999956

1580128970.598000050

1580128970.598999977

1580128970.601000071

1580128970.605000019

1580128970.605999947

1580128970.611000061

1580128970.612999916

1580128970.615999937

1580128970.618000031

1580128970.619999886

1580128970.621999979

1580128970.622999907

1580128970.625000000

1580128970.631000042

1580128970.631999969

1580128970.634000063

1580128970.635999918

1580128970.638000011

1580128970.641000032

1580128970.642999887

1580128970.644999981

1580128970.648000002

1580128970.653000116

1580128970.654000044

1580128970.657999992

1580128970.660000086

1580128970.661999941

1580128970.664999962

1580128970.668999910

1580128970.670000076

1580128970.671999931

1580128970.676000118

1580128970.677999973

1580128970.680000067

1580128970.680999994

1580128970.683000088

1580128970.690000057

1580128970.690999985

1580128970.693000078

1580128970.694999933

1580128970.701999903

1580128970.703999996

1580128970.706000090

1580128970.707999945

1580128970.713999987

1580128970.716000080

1580128970.717000008

1580128970.719000101

1580128970.723999977

1580128970.726000071

1580128970.727999926

1580128970.730000019

1580128970.733999968

1580128970.736999989

1580128970.739000082

1580128970.740999937

1580128970.743000031

1580128970.744999886

1580128970.747999907

1580128970.750000000

1580128970.753999949

1580128970.756000042

1580128970.759999990

1580128970.762000084

1580128970.763999939

1580128970.766000032

1580128970.766999960

1580128970.769000053

1580128970.775000095

1580128970.776000023

1580128970.778000116

1580128970.779999971

1580128970.783999920

1580128970.786000013

1580128970.788000107

1580128970.789999962

1580128970.793999910

1580128970.796999931

1580128970.799000025

1580128970.801000118

1580128970.802999973

1580128970.803999901

1580128970.808000088

1580128970.812000036

1580128970.815999985

1580128970.818000078

1580128970.822000027

1580128970.823999882

1580128970.825999975

1580128970.826999903

1580128970.828999996

1580128970.832999945

1580128970.836999893

1580128970.838000059

1580128970.839999914

1580128970.844000101

1580128970.845999956

1580128970.848000050

1580128970.849999905

1580128970.851000071

1580128970.857000113

1580128970.858999968

1580128970.861000061

1580128970.862999916

1580128970.865000010

1580128970.868999958

1580128970.871000051

1580128970.871999979

1580128970.875999928

1580128970.881000042

1580128970.882999897

1580128970.884999990

1580128970.887000084

1580128970.888999939

1580128970.891000032

1580128970.894000053

1580128970.898000002

1580128970.900000095

1580128970.901999950

1580128970.905999899

1580128970.907999992

1580128970.911000013

1580128970.913000107

1580128970.917000055

1580128970.921000004

1580128970.923000097

1580128970.924999952

1580128970.928999901

1580128970.930999994

1580128970.933000088

1580128970.934000015

1580128970.936000109

1580128970.941999912

1580128970.944999933

1580128970.947000027

1580128970.947999954

1580128970.950000048

1580128970.953999996

1580128970.954999924

1580128970.957000017

1580128970.960999966

1580128970.964999914

1580128970.967000008

1580128970.969000101

1580128970.970999956

1580128970.971999884

1580128970.973999977

1580128970.977999926

1580128970.980999947

1580128970.983000040

1580128970.984999895

1580128970.989000082

1580128970.990999937

1580128970.993000031

1580128970.993999958

1580128970.996000051

1580128971.002000093

1580128971.003999949

1580128971.006000042

1580128971.007999897

1580128971.009999990

1580128971.013999939

1580128971.015000105

1580128971.016999960

1580128971.020999908

1580128971.025000095

1580128971.026999950

1580128971.029000044

1580128971.030999899

1580128971.033999920

1580128971.036000013

1580128971.039000034

1580128971.043999910

1580128971.046000004

1580128971.049999952

1580128971.052000046

1580128971.053999901

1580128971.055999994

1580128971.058000088

1580128971.059999943

1580128971.065999985

1580128971.066999912

1580128971.069000006

1580128971.071000099

1580128971.075000048

1580128971.076999903

1580128971.078000069

1580128971.079999924

1580128971.085999966

1580128971.088000059

1580128971.089999914

1580128971.092999935

1580128971.094000101

1580128971.098000050

1580128971.099999905

1580128971.101999998

1580128971.109999895

1580128971.114000082

1580128971.115999937

1580128971.118000031

1580128971.119999886

1580128971.122999907

1580128971.125000000

1580128971.127000093

1580128971.130000114

1580128971.134000063

1580128971.135999918

1580128971.138000011

1580128971.140000105

1580128971.142999887

1580128971.145999908

1580128971.148000002

1580128971.151999950

1580128971.153000116

1580128971.155999899

1580128971.158999920

1580128971.161000013

1580128971.163000107

1580128971.164999962

1580128971.167000055

1580128971.173000097

1580128971.174000025

1580128971.176000118

1580128971.177999973

1580128971.181999922

1580128971.184000015

1580128971.187000036

1580128971.188999891

1580128971.193000078

1580128971.196000099

1580128971.197999954

1580128971.200000048

1580128971.201999903

1580128971.203999996

1580128971.207999945

1580128971.209000111

1580128971.214999914

1580128971.219000101

1580128971.220999956

1580128971.223000050

1580128971.224999905

1580128971.226000071

1580128971.227999926

1580128971.232000113

1580128971.234999895

1580128971.236999989

1580128971.239000082

1580128971.243000031

1580128971.244999886

1580128971.246999979

1580128971.249000072

1580128971.250999928

1580128971.256999969

1580128971.259000063

1580128971.260999918

1580128971.263000011

1580128971.266999960

1580128971.269000053

1580128971.270999908

1580128971.273000002

1580128971.279999971

1580128971.282000065

1580128971.282999992

1580128971.285000086

1580128971.286999941

1580128971.290999889

1580128971.292999983

1580128971.295000076

1580128971.299000025

1580128971.301000118

1580128971.303999901

1580128971.305999994

1580128971.308000088

1580128971.309999943

1580128971.315000057

1580128971.316999912

1580128971.321000099

1580128971.323999882

1580128971.326999903

1580128971.328999996

1580128971.331000090

1580128971.332999945

1580128971.335000038

1580128971.338999987

1580128971.344000101

1580128971.345999956

1580128971.348000050

1580128971.351999998

1580128971.354000092

1580128971.355999947

1580128971.357000113

1580128971.358999968

1580128971.364000082

1580128971.365999937

1580128971.368000031

1580128971.369999886

1580128971.371999979

1580128971.374000072

1580128971.377000093

1580128971.378999949

1580128971.382999897

1580128971.384999990

1580128971.388999939

1580128971.390000105

1580128971.391999960

1580128971.394000053

1580128971.395999908

1580128971.400000095

1580128971.404000044

1580128971.405999899

1580128971.407999992

1580128971.410000086

1580128971.414999962

1580128971.415999889

1580128971.417999983

1580128971.420000076

1580128971.426000118

1580128971.428999901

1580128971.430000067

1580128971.431999922

1580128971.436000109

1580128971.437999964

1580128971.440000057

1580128971.441999912

1580128971.446000099

1580128971.448999882

1580128971.450999975

1580128971.453000069

1580128971.454999924

1580128971.456000090

1580128971.460000038

1580128971.461999893

1580128971.466000080

1580128971.467999935

1580128971.471999884

1580128971.473999977

1580128971.476000071

1580128971.476999998

1580128971.479000092

1580128971.480999947

1580128971.486000061

1580128971.487999916

1580128971.490000010

1580128971.492000103

1580128971.496999979

1580128971.499000072

1580128971.500999928

1580128971.502000093

1580128971.506999969

1580128971.509999990

1580128971.512000084

1580128971.519999981

1580128971.523000002

1580128971.525000095

1580128971.526999950

1580128971.529000044

1580128971.533999920

1580128971.536999941

1580128971.538000107

1580128971.539999962

1580128971.542000055

1580128971.546000004

1580128971.546999931

1580128971.549000025

1580128971.552999973

1580128971.556999922

1580128971.559000015

1580128971.561000109

1580128971.562999964

1580128971.565000057

1580128971.566999912

1580128971.569999933

1580128971.575000048

1580128971.575999975

1580128971.578000069

1580128971.582000017

1580128971.584000111

1580128971.585999966

1580128971.586999893

1580128971.588999987

1580128971.595000029

1580128971.596999884

1580128971.598999977

1580128971.601000071

1580128971.605000019

1580128971.607000113

1580128971.608999968

1580128971.609999895

1580128971.617000103

1580128971.619999886

1580128971.621999979

1580128971.624000072

1580128971.625000000

1580128971.628999949

1580128971.631000042

1580128971.632999897

1580128971.637000084

1580128971.641000032

1580128971.642999887

1580128971.644999981

1580128971.647000074

1580128971.648000002

1580128971.650000095

1580128971.654999971

1580128971.658999920

1580128971.661000013

1580128971.663000107

1580128971.667000055

1580128971.667999983

1580128971.670000076

1580128971.671999931

1580128971.674000025

1580128971.678999901

1580128971.680999994

1580128971.683000088

1580128971.687000036

1580128971.690999985

1580128971.693000078

1580128971.694000006

1580128971.698999882

1580128971.703000069

1580128971.703999996

1580128971.706000090

1580128971.707999945

1580128971.710000038

1580128971.711999893

1580128971.716000080

1580128971.720000029

1580128971.721999884

1580128971.726000071

1580128971.727999926

1580128971.730000019

1580128971.732000113

1580128971.733000040

1580128971.734999895

1580128971.740999937

1580128971.743000031

1580128971.744999886

1580128971.746999979

1580128971.750999928

1580128971.752000093

1580128971.753999949

1580128971.756000042

1580128971.762000084

1580128971.763999939

1580128971.766999960

1580128971.767999887

1580128971.769999981

1580128971.772000074

1580128971.775000095

1580128971.776999950

1580128971.782000065

1580128971.783999920

1580128971.786999941

1580128971.789000034

1580128971.790999889

1580128971.792999983

1580128971.795000076

1580128971.798000097

1580128971.802000046

1580128971.803999901

1580128971.806999922

1580128971.811000109

1580128971.812999964

1580128971.815000057

1580128971.819000006

1580128971.821000099

1580128971.826999903

1580128971.828000069

1580128971.829999924

1580128971.832000017

1580128971.835999966

1580128971.836999893

1580128971.838999987

1580128971.841000080

1580128971.846999884

1580128971.851000071

1580128971.852999926

1580128971.855000019

1580128971.857000113

1580128971.859999895

1580128971.861999989

1580128971.865999937

1580128971.868000031

1580128971.871999979

1580128971.872999907

1580128971.875000000

1580128971.877000093

1580128971.878999949

1580128971.881000042

1580128971.885999918

1580128971.888000011

1580128971.890000105

1580128971.891999960

1580128971.895999908

1580128971.897000074

1580128971.898999929

1580128971.901000023

1580128971.907000065

1580128971.908999920

1580128971.911000013

1580128971.913000107

1580128971.914999962

1580128971.920000076

1580128971.926000118

1580128971.927999973

1580128971.933000088

1580128971.936000109

1580128971.937999964

1580128971.940000057

1580128971.943000078

1580128971.944999933

1580128971.947000027

1580128971.948999882

1580128971.954999924

1580128971.957000017

1580128971.959000111

1580128971.961999893

1580128971.963999987

1580128971.964999914

1580128971.969000101

1580128971.970999956

1580128971.973999977

1580128971.976000071

1580128971.980000019

1580128971.982000113

1580128971.983999968

1580128971.986000061

1580128971.986999989

1580128971.989000082

1580128971.993999958

1580128971.996000051

1580128971.997999907

1580128972.000000000

1580128972.002000093

1580128972.005000114

1580128972.006999969

1580128972.009000063

1580128972.013999939

1580128972.016999960

1580128972.019000053

1580128972.020999908

1580128972.023000002

1580128972.025000095

1580128972.028000116

1580128972.029999971

1580128972.033999920

1580128972.036000013

1580128972.039999962

1580128972.042000055

1580128972.043999910

1580128972.046000004

1580128972.046999931

1580128972.049000025

1580128972.055999994

1580128972.059000015

1580128972.061000109

1580128972.063999891

1580128972.065999985

1580128972.068000078

1580128972.069999933

1580128972.072000027

1580128972.078000069

1580128972.079999924

1580128972.082000017

1580128972.084000111

1580128972.085999966

1580128972.088999987

1580128972.091000080

1580128972.092999935

1580128972.095999956

1580128972.099999905

1580128972.101999998

1580128972.104000092

1580128972.105999947

1580128972.108000040

1580128972.109999895

1580128972.112999916

1580128972.119999886

1580128972.121999979

1580128972.125000000

1580128972.128000021

1580128972.128999949

1580128972.131000042

1580128972.132999897

1580128972.134999990

1580128972.140000105

1580128972.141999960

1580128972.144000053

1580128972.145999908

1580128972.150000095

1580128972.153000116

1580128972.154999971

1580128972.157000065

1580128972.161999941

1580128972.164000034

1580128972.165999889

1580128972.168999910

1580128972.171000004

1580128972.174000025

1580128972.176000118

1580128972.177999973

1580128972.180999994

1580128972.186000109

1580128972.187000036

1580128972.188999891

1580128972.190999985

1580128972.193000078

1580128972.194999933

1580128972.197999954

1580128972.201999903

1580128972.203999996

1580128972.206000090

1580128972.210000038

1580128972.210999966

1580128972.213000059

1580128972.214999914

1580128972.217000008

1580128972.223000050

1580128972.224999905

1580128972.226000071

1580128972.227999926

1580128972.232000113

1580128972.233999968

1580128972.236000061

1580128972.237999916

1580128972.242000103

1580128972.246000051

1580128972.246999979

1580128972.249000072

1580128972.250999928

1580128972.253000021

1580128972.256999969

1580128972.257999897

1580128972.262000084

1580128972.263999939

1580128972.267999887

1580128972.270999908

1580128972.273000002

1580128972.275000095

1580128972.276000023

1580128972.279000044

1580128972.283999920

1580128972.286000013

1580128972.288000107

1580128972.289999962

1580128972.293999910

1580128972.295000076

1580128972.296999931

1580128972.299000025

1580128972.305999994

1580128972.308000088

1580128972.309999943

1580128972.311000109

1580128972.312999964

1580128972.316999912

1580128972.321000099

1580128972.322999954

1580128972.326999903

1580128972.335000038

1580128972.335999966

1580128972.338000059

1580128972.342000008

1580128972.344000101

1580128972.345999956

1580128972.348000050

1580128972.352999926

1580128972.355000019

1580128972.357000113

1580128972.358999968

1580128972.361000061

1580128972.365000010

1580128972.367000103

1580128972.368999958

1580128972.372999907

1580128972.377000093

1580128972.378999949

1580128972.381000042

1580128972.382999897

1580128972.384000063

1580128972.385999918

1580128972.390000105

1580128972.392999887

1580128972.394999981

1580128972.397000074

1580128972.401000023

1580128972.403000116

1580128972.404999971

1580128972.407000065

1580128972.407999992

1580128972.414000034

1580128972.415999889

1580128972.420000076

1580128972.421000004

1580128972.426000118

1580128972.427999973

1580128972.430000067

1580128972.431999922

1580128972.437999964

1580128972.440000057

1580128972.441999912

1580128972.444000006

1580128972.446000099

1580128972.450000048

1580128972.451999903

1580128972.453999996

1580128972.457999945

1580128972.460000038

1580128972.464999914

1580128972.466000080

1580128972.467999935

1580128972.470000029

1580128972.471999884

1580128972.476999998

1580128972.479000092

1580128972.480999947

1580128972.483000040

1580128972.486999989

1580128972.487999916

1580128972.490000010

1580128972.492000103

1580128972.497999907

1580128972.500000000

1580128972.502000093

1580128972.503999949

1580128972.506000042

1580128972.507999897

1580128972.510999918

1580128972.513000011

1580128972.516000032

1580128972.517999887

1580128972.523000002

1580128972.525000095

1580128972.526000023

1580128972.528000116

1580128972.529999971

1580128972.533999920

1580128972.538000107

1580128972.539999962

1580128972.542000055

1580128972.546000004

1580128972.548000097

1580128972.549000025

1580128972.551000118

1580128972.552999973

1580128972.559000015

1580128972.561000109

1580128972.562999964

1580128972.565000057

1580128972.566999912

1580128972.571000099

1580128972.572000027

1580128972.573999882

1580128972.578000069

1580128972.582999945

1580128972.585000038

1580128972.586999893

1580128972.588999987

1580128972.589999914

1580128972.592999935

1580128972.595999956

1580128972.599999905

1580128972.601999998

1580128972.604000092

1580128972.608000040

1580128972.608999968

1580128972.611000061

1580128972.612999916

1580128972.615000010

1580128972.622999907

1580128972.625000000

1580128972.627000093

1580128972.631000042

1580128972.632999897

1580128972.634999990

1580128972.637000084

1580128972.638000011

1580128972.644000053

1580128972.645999908

1580128972.648000002

1580128972.653000116

1580128972.655999899

1580128972.657999992

1580128972.661999941

1580128972.664000034

1580128972.667999983

1580128972.668999910

1580128972.671000004

1580128972.673000097

1580128972.674999952

1580128972.677000046

1580128972.683000088

1580128972.684999943

1580128972.686000109

1580128972.687999964

1580128972.691999912

1580128972.694000006

1580128972.696000099

1580128972.697000027

1580128972.703000069

1580128972.704999924

1580128972.707000017

1580128972.709000111

1580128972.710999966

1580128972.713000059

1580128972.716000080

1580128972.717999935

1580128972.723000050

1580128972.726999998

1580128972.729000092

1580128972.730999947

1580128972.733000040

1580128972.733999968

1580128972.742000103

1580128972.743999958

1580128972.747999907

1580128972.752000093

1580128972.753999949

1580128972.756000042

1580128972.757999897

1580128972.759000063

1580128972.760999918

1580128972.763999939

1580128972.767999887

1580128972.769999981

1580128972.772000074

1580128972.776000023

1580128972.778000116

1580128972.780999899

1580128972.782000065

1580128972.783999920

1580128972.789999962

1580128972.792000055

1580128972.793999910

1580128972.796000004

1580128972.798000097

1580128972.801000118

1580128972.802999973

1580128972.805000067

1580128972.809000015

1580128972.812999964

1580128972.815000057

1580128972.816999912

1580128972.819000006

1580128972.822999954

1580128972.825000048

1580128972.826999903

1580128972.831000090

1580128972.832999945

1580128972.836999893

1580128972.838999987

1580128972.841000080

1580128972.842000008

1580128972.844000101

1580128972.848000050

1580128972.851999998

1580128972.854000092

1580128972.855999947

1580128972.858000040

1580128972.861000061

1580128972.862999916

1580128972.865000010

1580128972.865999937

1580128972.871999979

1580128972.874000072

1580128972.875999928

1580128972.878000021

1580128972.880000114

1580128972.884000063

1580128972.885999918

1580128972.888000011

1580128972.891999960

1580128972.894000053

1580128972.898000002

1580128972.900000095

1580128972.901999950

1580128972.904000044

1580128972.907000065

1580128972.910000086

1580128972.914000034

1580128972.915999889

1580128972.917999983

1580128972.921000004

1580128972.924999952

1580128972.927000046

1580128972.927999973

1580128972.930999994

1580128972.936000109

1580128972.937999964

1580128972.940000057

1580128972.941999912

1580128972.946000099

1580128972.947000027

1580128972.948999882

1580128972.950999975

1580128972.954999924

1580128972.957999945

1580128972.960000038

1580128972.961999893

1580128972.963000059

1580128972.964999914

1580128972.969000101

1580128972.970999956

1580128972.974999905

1580128972.976999998

1580128972.980999947

1580128972.983000040

1580128972.984999895

1580128972.986999989

1580128972.987999916

1580128972.990000010

1580128972.994999886

1580128972.996999979

1580128972.999000072

1580128973.000999928

1580128973.003000021

1580128973.006000042

1580128973.007999897

1580128973.009999990

1580128973.013000011

1580128973.016999960

1580128973.019000053

1580128973.020999908

1580128973.023000002

1580128973.026999950

1580128973.030999899

1580128973.033999920

1580128973.039999962

1580128973.042000055

1580128973.043999910

1580128973.046999931

1580128973.049000025

1580128973.052999973

1580128973.055000067

1580128973.056999922

1580128973.061000109

1580128973.065000057

1580128973.066999912

1580128973.069000006

1580128973.071000099

1580128973.072999954

1580128973.075000048

1580128973.078000069

1580128973.082000017

1580128973.084000111

1580128973.085999966

1580128973.088999987

1580128973.091000080

1580128973.092999935

1580128973.095000029

1580128973.096999884

1580128973.101999998

1580128973.104000092

1580128973.105999947

1580128973.108000040

1580128973.109999895

1580128973.112999916

1580128973.115000010

1580128973.117000103

1580128973.121000051

1580128973.125000000

1580128973.127000093

1580128973.128000021

1580128973.130000114

1580128973.131999969

1580128973.135999918

1580128973.138000011

1580128973.148000002

1580128973.150000095

1580128973.151999950

1580128973.154999971

1580128973.157000065

1580128973.160000086

1580128973.161999941

1580128973.164000034

1580128973.167999983

1580128973.171999931

1580128973.174000025

1580128973.176000118

1580128973.177999973

1580128973.180000067

1580128973.181999922

1580128973.184999943

1580128973.190000057

1580128973.190999985

1580128973.193000078

1580128973.197000027

1580128973.197999954

1580128973.200999975

1580128973.203000069

1580128973.204999924

1580128973.210999966

1580128973.213000059

1580128973.214999914

1580128973.217000008

1580128973.219000101

1580128973.223999977

1580128973.226000071

1580128973.227999926

1580128973.233999968

1580128973.236000061

1580128973.237999916

1580128973.240000010

1580128973.242000103

1580128973.244999886

1580128973.246999979

1580128973.249000072

1580128973.253000021

1580128973.256999969

1580128973.259000063

1580128973.260999918

1580128973.263000011

1580128973.265000105

1580128973.266999960

1580128973.269999981

1580128973.273999929

1580128973.276000023

1580128973.278000116

1580128973.282000065

1580128973.282999992

1580128973.285000086

1580128973.286999941

1580128973.289000034

1580128973.295000076

1580128973.296999931

1580128973.299000025

1580128973.301000118

1580128973.305000067

1580128973.306999922

1580128973.309000015

1580128973.311000109

1580128973.316999912

1580128973.319000006

1580128973.321000099

1580128973.325000048

1580128973.326999903

1580128973.329999924

1580128973.332000017

1580128973.334000111

1580128973.338000059

1580128973.342000008

1580128973.344000101

1580128973.345999956

1580128973.346999884

1580128973.348999977

1580128973.352999926

1580128973.355999947

1580128973.359999895

1580128973.361999989

1580128973.365999937

1580128973.368000031

1580128973.369999886

1580128973.371000051

1580128973.372999907

1580128973.375000000

1580128973.380000114

1580128973.381999969

1580128973.384000063

1580128973.385999918

1580128973.388000011

1580128973.391000032

1580128973.392999887

1580128973.394999981

1580128973.398000002

1580128973.401999950

1580128973.404000044

1580128973.405999899

1580128973.407999992

1580128973.408999920

1580128973.411999941

1580128973.414999962

1580128973.418999910

1580128973.421000004

1580128973.424999952

1580128973.427000046

1580128973.428999901

1580128973.430999994

1580128973.433000088

1580128973.434999943

1580128973.440999985

1580128973.441999912

1580128973.444000006

1580128973.446000099

1580128973.448999882

1580128973.450999975

1580128973.453000069

1580128973.454999924

1580128973.460999966

1580128973.463000059

1580128973.464999914

1580128973.467000008

1580128973.469000101

1580128973.470000029

1580128973.473999977

1580128973.476000071

1580128973.480000019

1580128973.482000113

1580128973.486000061

1580128973.486999989

1580128973.489000082

1580128973.490999937

1580128973.493000031

1580128973.494999886

1580128973.500000000

1580128973.502000093

1580128973.503999949

1580128973.506000042

1580128973.509999990

1580128973.512000084

1580128973.513999939

1580128973.516000032

1580128973.522000074

1580128973.526000023

1580128973.528000116

1580128973.529999971

1580128973.533999920

1580128973.536000013

1580128973.538000107

1580128973.539000034

1580128973.548000097

1580128973.549999952

1580128973.552000046

1580128973.553999901

1580128973.555999994

1580128973.559000015

1580128973.561000109

1580128973.562999964

1580128973.568000078

1580128973.571000099

1580128973.572999954

1580128973.575000048

1580128973.576999903

1580128973.578999996

1580128973.582999945

1580128973.585000038

1580128973.588000059

1580128973.589999914

1580128973.594000101

1580128973.595999956

1580128973.598000050

1580128973.598999977

1580128973.601000071

1580128973.602999926

1580128973.608000040

1580128973.609999895

1580128973.611999989

1580128973.614000082

1580128973.618000031

1580128973.619999886

1580128973.621000051

1580128973.625000000

1580128973.630000114

1580128973.631999969

1580128973.634000063

1580128973.635999918

1580128973.638000011

1580128973.641999960

1580128973.644000053

1580128973.645999908

1580128973.650000095

1580128973.654000044

1580128973.655999899

1580128973.657999992

1580128973.660000086

1580128973.661000013

1580128973.663000107

1580128973.667999983

1580128973.671999931

1580128973.674000025

1580128973.676000118

1580128973.680000067

1580128973.680999994

1580128973.683000088

1580128973.684999943

1580128973.687000036

1580128973.693000078

1580128973.694999933

1580128973.697000027

1580128973.698999882

1580128973.700999975

1580128973.703999996

1580128973.706000090

1580128973.707999945

1580128973.710999966

1580128973.714999914

1580128973.717000008

1580128973.719000101

1580128973.720999956

1580128973.721999884

1580128973.726999998

1580128973.729000092

1580128973.733000040

1580128973.734999895

1580128973.739000082

1580128973.740999937

1580128973.743000031

1580128973.743999958

1580128973.746000051

1580128973.747999907

1580128973.753000021

1580128973.755000114

1580128973.756999969

1580128973.759000063

1580128973.760999918

1580128973.763999939

1580128973.766000032

1580128973.767999887

1580128973.770999908

1580128973.775000095

1580128973.776999950

1580128973.779000044

1580128973.780999899

1580128973.782999992

1580128973.786999941

1580128973.789000034

1580128973.792000055

1580128973.793999910

1580128973.796000004

1580128973.799000025

1580128973.801000118

1580128973.802999973

1580128973.805000067

1580128973.806999922

1580128973.812999964

1580128973.815999985

1580128973.816999912

1580128973.819999933

1580128973.823999882

1580128973.826999903

1580128973.828999996

1580128973.831000090

1580128973.836999893

1580128973.839999914

1580128973.841000080

1580128973.842999935

1580128973.845000029

1580128973.848000050

1580128973.849999905

1580128973.851999998

1580128973.855999947

1580128973.859999895

1580128973.861999989

1580128973.864000082

1580128973.865999937

1580128973.867000103

1580128973.868999958

1580128973.871999979

1580128973.875999928

1580128973.878000021

1580128973.880000114

1580128973.884000063

1580128973.885999918

1580128973.887000084

1580128973.888999939

1580128973.891000032

1580128973.897000074

1580128973.898999929

1580128973.901000023

1580128973.903000116

1580128973.904999971

1580128973.907999992

1580128973.910000086

1580128973.911999941

1580128973.915999889

1580128973.920000076

1580128973.921999931

1580128973.924000025

1580128973.927000046

1580128973.928999901

1580128973.931999922

1580128973.934000015

1580128973.938999891

1580128973.940999985

1580128973.944999933

1580128973.947000027

1580128973.953000069

1580128973.956000090

1580128973.957999945

1580128973.960000038

1580128973.963999987

1580128973.967999935

1580128973.970000029

1580128973.971999884

1580128973.974999905

1580128973.976000071

1580128973.977999926

1580128973.980999947

1580128973.984999895

1580128973.986999989

1580128973.989000082

1580128973.993000031

1580128973.994999886

1580128973.996999979

1580128973.997999907

1580128974.000000000

1580128974.006000042

1580128974.007999897

1580128974.009999990

1580128974.012000084

1580128974.013999939

1580128974.016999960

1580128974.019000053

1580128974.020999908

1580128974.025000095

1580128974.029000044

1580128974.030999899

1580128974.032999992

1580128974.035000086

1580128974.036999941

1580128974.040999889

1580128974.042999983

1580128974.046999931

1580128974.049000025

1580128974.052000046

1580128974.053999901

1580128974.055999994

1580128974.058000088

1580128974.059999943

1580128974.063999891

1580128974.068000078

1580128974.069999933

1580128974.072000027

1580128974.073999882

1580128974.076999903

1580128974.078999996

1580128974.081000090

1580128974.082999945

1580128974.088999987

1580128974.091000080

1580128974.092999935

1580128974.095000029

1580128974.096999884

1580128974.099999905

1580128974.101999998

1580128974.104000092

1580128974.108000040

1580128974.111999989

1580128974.114000082

1580128974.115999937

1580128974.117000103

1580128974.118999958

1580128974.121000051

1580128974.124000072

1580128974.130000114

1580128974.131999969

1580128974.135999918

1580128974.138000011

1580128974.140000105

1580128974.141999960

1580128974.142999887

1580128974.144999981

1580128974.151999950

1580128974.154000044

1580128974.155999899

1580128974.157000065

1580128974.161000013

1580128974.164000034

1580128974.164999962

1580128974.167000055

1580128974.173000097

1580128974.174999952

1580128974.177000046

1580128974.178999901

1580128974.180000067

1580128974.184999943

1580128974.187000036

1580128974.188999891

1580128974.191999912

1580128974.196000099

1580128974.197999954

1580128974.200000048

1580128974.201999903

1580128974.203000069

1580128974.204999924

1580128974.207999945

1580128974.211999893

1580128974.213999987

1580128974.216000080

1580128974.220000029

1580128974.221999884

1580128974.223999977

1580128974.226999998

1580128974.229000092

1580128974.234999895

1580128974.236999989

1580128974.239000082

1580128974.240999937

1580128974.243999958

1580128974.246000051

1580128974.247999907

1580128974.250000000

1580128974.253000021

1580128974.256999969

1580128974.259000063

1580128974.260999918

1580128974.263000011

1580128974.265000105

1580128974.267999887

1580128974.269999981

1580128974.273999929

1580128974.276000023

1580128974.279999971

1580128974.282000065

1580128974.285000086

1580128974.286999941

1580128974.289000034

1580128974.290999889

1580128974.296000004

1580128974.298000097

1580128974.299999952

1580128974.302000046

1580128974.305000067

1580128974.306999922

1580128974.309999943

1580128974.312000036

1580128974.318000078

1580128974.319000006

1580128974.321000099

1580128974.322999954

1580128974.325000048

1580128974.328999996

1580128974.332000017

1580128974.332999945

1580128974.336999893

1580128974.341000080

1580128974.342999935

1580128974.345000029

1580128974.345999956

1580128974.348000050

1580128974.349999905

1580128974.352999926

1580128974.361000061

1580128974.365000010

1580128974.367000103

1580128974.368999958

1580128974.369999886

1580128974.371999979

1580128974.374000072

1580128974.377000093

1580128974.381000042

1580128974.382999897

1580128974.384999990

1580128974.388999939

1580128974.391000032

1580128974.392999887

1580128974.394999981

1580128974.395999908

1580128974.401999950

1580128974.404000044

1580128974.405999899

1580128974.407999992

1580128974.408999920

1580128974.413000107

1580128974.414999962

1580128974.417000055

1580128974.421000004

1580128974.424999952

1580128974.427999973

1580128974.430000067

1580128974.431999922

1580128974.434000015

1580128974.438999891

1580128974.440999985

1580128974.444000006

1580128974.446000099

1580128974.450000048

1580128974.451999903

1580128974.453999996

1580128974.456000090

1580128974.457000017

1580128974.459000111

1580128974.464999914

1580128974.467000008

1580128974.469000101

1580128974.470999956

1580128974.473999977

1580128974.476000071

1580128974.477999926

1580128974.480000019

1580128974.486000061

1580128974.487999916

1580128974.490000010

1580128974.492000103

1580128974.493000031

1580128974.494999886

1580128974.499000072

1580128974.500999928

1580128974.505000114

1580128974.506999969

1580128974.509999990

1580128974.512000084

1580128974.513999939

1580128974.516000032

1580128974.517999887

1580128974.519999981

1580128974.526000023

1580128974.529000044

1580128974.530999899

1580128974.533999920

1580128974.536000013

1580128974.538000107

1580128974.539999962

1580128974.542000055

1580128974.548000097

1580128974.549999952

1580128974.552000046

1580128974.553999901

1580128974.555999994

1580128974.559000015

1580128974.561000109

1580128974.562999964

1580128974.566999912

1580128974.569999933

1580128974.572000027

1580128974.573999882

1580128974.575999975

1580128974.578000069

1580128974.582000017

1580128974.584000111

1580128974.586999893

1580128974.588999987

1580128974.591000080

1580128974.595000029

1580128974.596999884

1580128974.598999977

1580128974.601000071

1580128974.602999926

1580128974.608999968

1580128974.611000061

1580128974.612999916

1580128974.615000010

1580128974.618999958

1580128974.621000051

1580128974.621999979

1580128974.624000072

1580128974.631000042

1580128974.632999897

1580128974.634999990

1580128974.637000084

1580128974.638999939

1580128974.642999887

1580128974.644999981

1580128974.645999908

1580128974.650000095

1580128974.651999950

1580128974.655999899

1580128974.657999992

1580128974.660000086

1580128974.661000013

1580128974.663000107

1580128974.667000055

1580128974.671000004

1580128974.673000097

1580128974.674999952

1580128974.678999901

1580128974.680999994

1580128974.683000088

1580128974.684999943

1580128974.686000109

1580128974.691999912

1580128974.694000006

1580128974.696000099

1580128974.697999954

1580128974.698999882

1580128974.703000069

1580128974.704999924

1580128974.707000017

1580128974.710999966

1580128974.714999914

1580128974.717000008

1580128974.719000101

1580128974.720000029

1580128974.721999884

1580128974.723999977

1580128974.726999998

1580128974.732000113

1580128974.733999968

1580128974.737999916

1580128974.740000010

1580128974.742000103

1580128974.743999958

1580128974.744999886

1580128974.746999979

1580128974.753999949

1580128974.756000042

1580128974.762000084

1580128974.763999939

1580128974.766000032

1580128974.767999887

1580128974.769999981

1580128974.772000074

1580128974.776999950

1580128974.779000044

1580128974.780999899

1580128974.782999992

1580128974.786999941

1580128974.789000034

1580128974.789999962

1580128974.792000055

1580128974.796000004

1580128974.799999952

1580128974.802000046

1580128974.803999901

1580128974.805999994

1580128974.808000088

1580128974.811000109

1580128974.812999964

1580128974.816999912

1580128974.819000006

1580128974.822999954

1580128974.825000048

1580128974.826999903

1580128974.829999924

1580128974.832000017

1580128974.835000038

1580128974.838999987

1580128974.841000080

1580128974.842999935

1580128974.846999884

1580128974.848000050

1580128974.849999905

1580128974.851999998

1580128974.854000092

1580128974.859999895

1580128974.861999989

1580128974.864000082

1580128974.865999937

1580128974.868000031

1580128974.871000051

1580128974.872999907

1580128974.875000000

1580128974.878999949

1580128974.882999897

1580128974.884999990

1580128974.887000084

1580128974.888000011

1580128974.890000105

1580128974.891999960

1580128974.894999981

1580128974.900000095

1580128974.901000023

1580128974.904000044

1580128974.907999992

1580128974.910000086

1580128974.911999941

1580128974.913000107

1580128974.915999889

1580128974.921999931

1580128974.924000025

1580128974.926000118

1580128974.927999973

1580128974.930999994

1580128974.934000015

1580128974.934999943

1580128974.937000036

1580128974.943000078

1580128974.944999933

1580128974.947000027

1580128974.948999882

1580128974.950000048

1580128974.951999903

1580128974.956000090

1580128974.957999945

1580128974.961999893

1580128974.963999987

1580128974.967999935

1580128974.970000029

1580128974.971999884

1580128974.973999977

1580128974.974999905

1580128974.979000092

1580128974.983000040

1580128974.984999895

1580128974.986999989

1580128974.989000082

1580128974.992000103

1580128974.993999958

1580128974.996000051

1580128974.997999907

1580128975.003000021

1580128975.005000114

1580128975.006999969

1580128975.009000063

1580128975.012000084

1580128975.016000032

1580128975.017999887

1580128975.022000074

1580128975.023999929

1580128975.028000116

1580128975.029999971

1580128975.032000065

1580128975.033999920

1580128975.035000086

1580128975.039000034

1580128975.042999983

1580128975.045000076

1580128975.046999931

1580128975.049000025

1580128975.052000046

1580128975.053999901

1580128975.055999994

1580128975.059999943

1580128975.066999912

1580128975.069000006

1580128975.069999933

1580128975.072000027

1580128975.075999975

1580128975.078000069

1580128975.079999924

1580128975.081000090

1580128975.085000038

1580128975.088999987

1580128975.091000080

1580128975.092999935

1580128975.095000029

1580128975.095999956

1580128975.099999905

1580128975.101999998

1580128975.105999947

1580128975.108000040

1580128975.111999989

1580128975.112999916

1580128975.115999937

1580128975.117000103

1580128975.118999958

1580128975.121000051

1580128975.125999928

1580128975.128000021

1580128975.131000042

1580128975.132999897

1580128975.137000084

1580128975.138999939

1580128975.141000032

1580128975.142999887

1580128975.148000002

1580128975.150000095

1580128975.151999950

1580128975.157999992

1580128975.161000013

1580128975.163000107

1580128975.164999962

1580128975.167000055

1580128975.173000097

1580128975.174999952

1580128975.177000046

1580128975.178999901

1580128975.180999994

1580128975.184999943

1580128975.187999964

1580128975.191999912

1580128975.196000099

1580128975.197999954

1580128975.198999882

1580128975.200999975

1580128975.203000069

1580128975.204999924

1580128975.209000111

1580128975.213000059

1580128975.214999914

1580128975.217000008

1580128975.220999956

1580128975.223000050

1580128975.223999977

1580128975.226000071

1580128975.227999926

1580128975.233999968

1580128975.236000061

1580128975.237999916

1580128975.240000010

1580128975.243999958

1580128975.246000051

1580128975.246999979

1580128975.249000072

1580128975.253000021

1580128975.256999969

1580128975.259000063

1580128975.260999918

1580128975.262000084

1580128975.263999939

1580128975.267999887

1580128975.269999981

1580128975.273999929

1580128975.276000023

1580128975.279999971

1580128975.282000065

1580128975.283999920

1580128975.286000013

1580128975.286999941

1580128975.289000034

1580128975.293999910

1580128975.296000004

1580128975.298000097

1580128975.299999952

1580128975.303999901

1580128975.305999994

1580128975.308000088

1580128975.309999943

1580128975.312999964

1580128975.316999912

1580128975.321000099

1580128975.322999954

1580128975.325000048

1580128975.328000069

1580128975.331000090

1580128975.335000038

1580128975.338999987

1580128975.341000080

1580128975.342999935

1580128975.345000029

1580128975.345999956

1580128975.348000050

1580128975.351999998

1580128975.355999947

1580128975.358000040

1580128975.359999895

1580128975.362999916

1580128975.365000010

1580128975.368000031

1580128975.369999886

1580128975.371000051

1580128975.377000093

1580128975.378999949

1580128975.381000042

1580128975.382999897

1580128975.384000063

1580128975.388000011

1580128975.390000105

1580128975.391999960

1580128975.395999908

1580128975.400000095

1580128975.401999950

1580128975.404000044

1580128975.405999899

1580128975.407000065

1580128975.408999920

1580128975.413000107

1580128975.417000055

1580128975.418999910

1580128975.421000004

1580128975.424000025

1580128975.426000118

1580128975.427999973

1580128975.430999994

1580128975.433000088

1580128975.438999891

1580128975.440999985

1580128975.443000078

1580128975.444999933

1580128975.447999954

1580128975.450000048

1580128975.451999903

1580128975.453000069

1580128975.459000111

1580128975.460999966

1580128975.463000059

1580128975.464999914

1580128975.467000008

1580128975.469000101

1580128975.471999884

1580128975.473999977

1580128975.477999926

1580128975.480000019

1580128975.483000040

1580128975.484999895

1580128975.486999989

1580128975.489000082

1580128975.490000010

1580128975.492000103

1580128975.497999907

1580128975.500000000

1580128975.502000093

1580128975.503999949

1580128975.506999969

1580128975.509000063

1580128975.510999918

1580128975.513000011

1580128975.519000053

1580128975.520999908

1580128975.523999929

1580128975.526000023

1580128975.528000116

1580128975.530999899

1580128975.532999992

1580128975.535000086

1580128975.539000034

1580128975.542999983

1580128975.545000076

1580128975.546999931

1580128975.548000097

1580128975.549999952

1580128975.552000046

1580128975.555999994

1580128975.563999891

1580128975.568000078

1580128975.569999933

1580128975.572000027

1580128975.573999882

1580128975.575000048

1580128975.578999996

1580128975.581000090

1580128975.585000038

1580128975.586999893

1580128975.591000080

1580128975.592000008

1580128975.594000101

1580128975.595999956

1580128975.598000050

1580128975.598999977

1580128975.605000019

1580128975.607000113

1580128975.608999968

1580128975.609999895

1580128975.611999989

1580128975.615999937

1580128975.618000031

1580128975.619999886

1580128975.622999907

1580128975.627000093

1580128975.628999949

1580128975.631000042

1580128975.632999897

1580128975.634999990

1580128975.638000011

1580128975.641000032

1580128975.644999981

1580128975.647000074

1580128975.650000095

1580128975.651999950

1580128975.654000044

1580128975.655999899

1580128975.657000065

1580128975.658999920

1580128975.664999962

1580128975.667000055

1580128975.668999910

1580128975.671000004

1580128975.674000025

1580128975.676000118

1580128975.678999901

1580128975.680999994

1580128975.687000036

1580128975.688999891

1580128975.690999985

1580128975.693000078

1580128975.694999933

1580128975.697000027

1580128975.700000048

1580128975.701999903

1580128975.706000090

1580128975.707999945

1580128975.710999966

1580128975.713000059

1580128975.714999914

1580128975.717000008

1580128975.717999935

1580128975.720000029

1580128975.726000071

1580128975.727999926

1580128975.730999947

1580128975.733999968

1580128975.736000061

1580128975.737999916

1580128975.740000010

1580128975.742000103

1580128975.747999907

1580128975.750000000

1580128975.752000093

1580128975.753999949

1580128975.757999897

1580128975.759000063

1580128975.762000084

1580128975.763999939

1580128975.766999960

1580128975.770999908

1580128975.773000002

1580128975.775000095

1580128975.776000023

1580128975.778000116

1580128975.782000065

1580128975.783999920

1580128975.788000107

1580128975.789999962

1580128975.792000055

1580128975.795000076

1580128975.796999931

1580128975.799000025

1580128975.801000118

1580128975.802000046

1580128975.808000088

1580128975.809999943

1580128975.812000036

1580128975.813999891

1580128975.818000078

1580128975.819000006

1580128975.821000099

1580128975.822999954

1580128975.828999996

1580128975.831000090

1580128975.834000111

1580128975.835999966

1580128975.838000059

1580128975.842000008

1580128975.842999935

1580128975.845000029

1580128975.848999977

1580128975.851000071

1580128975.854000092

1580128975.855999947

1580128975.858000040

1580128975.859999895

1580128975.861999989

1580128975.864000082

1580128975.868999958

1580128975.871000051

1580128975.872999907

1580128975.875000000

1580128975.878000021

1580128975.880000114

1580128975.881999969

1580128975.884000063

1580128975.890000105

1580128975.891999960

1580128975.892999887

1580128975.894999981

1580128975.897000074

1580128975.898999929

1580128975.901999950

1580128975.904000044

1580128975.907999992

1580128975.910000086

1580128975.914000034

1580128975.914999962

1580128975.917000055

1580128975.918999910

1580128975.921000004

1580128975.924000025

1580128975.928999901

1580128975.931999922

1580128975.933000088

1580128975.937000036

1580128975.938999891

1580128975.940999985

1580128975.943000078

1580128975.944999933

1580128975.950999975

1580128975.953000069

1580128975.960999966

1580128975.963000059

1580128975.964999914

1580128975.967000008

1580128975.967999935

1580128975.970000029

1580128975.976000071

1580128975.977999926

1580128975.980000019

1580128975.982000113

1580128975.984999895

1580128975.987999916

1580128975.990000010

1580128975.992000103

1580128975.997999907

1580128976.000000000

1580128976.002000093

1580128976.003999949

1580128976.005000114

1580128976.006999969

1580128976.010999918

1580128976.013000011

1580128976.016999960

1580128976.019000053

1580128976.023000002

1580128976.025000095

1580128976.026999950

1580128976.029000044

1580128976.029999971

1580128976.033999920

1580128976.038000107

1580128976.039999962

1580128976.042000055

1580128976.046000004

1580128976.048000097

1580128976.049999952

1580128976.052000046

1580128976.053999901

1580128976.059999943

1580128976.062000036

1580128976.063999891

1580128976.065999985

1580128976.069000006

1580128976.071000099

1580128976.072999954

1580128976.075000048

1580128976.081000090

1580128976.082999945

1580128976.085000038

1580128976.086999893

1580128976.088999987

1580128976.091000080

1580128976.094000101

1580128976.095999956

1580128976.098999977

1580128976.101000071

1580128976.105000019

1580128976.107000113

1580128976.108000040

1580128976.109999895

1580128976.111999989

1580128976.114000082

1580128976.118999958

1580128976.121000051

1580128976.122999907

1580128976.125000000

1580128976.128000021

1580128976.131999969

1580128976.134000063

1580128976.140000105

1580128976.142999887

1580128976.144999981

1580128976.147000074

1580128976.148999929

1580128976.151000023

1580128976.154000044

1580128976.155999899

1580128976.158999920

1580128976.161000013

1580128976.164999962

1580128976.167000055

1580128976.168999910

1580128976.171000004

1580128976.173000097

1580128976.177000046

1580128976.180999994

1580128976.183000088

1580128976.184999943

1580128976.188999891

1580128976.190999985

1580128976.191999912

1580128976.194999933

1580128976.196000099

1580128976.201999903

1580128976.203999996

1580128976.206000090

1580128976.207999945

1580128976.210000038

1580128976.213000059

1580128976.214999914

1580128976.217000008

1580128976.220999956

1580128976.224999905

1580128976.226999998

1580128976.229000092

1580128976.230999947

1580128976.233000040

1580128976.236000061

1580128976.237999916

1580128976.242000103

1580128976.243999958

1580128976.247999907

1580128976.250000000

1580128976.252000093

1580128976.253000021

1580128976.255000114

1580128976.256999969

1580128976.262000084

1580128976.263999939

1580128976.266000032

1580128976.267999887

1580128976.269999981

1580128976.273000002

1580128976.275000095

1580128976.276999950

1580128976.279999971

1580128976.283999920

1580128976.286000013

1580128976.286999941

1580128976.289000034

1580128976.290999889

1580128976.292999983

1580128976.296999931

1580128976.302000046

1580128976.303999901

1580128976.305000067

1580128976.309000015

1580128976.311000109

1580128976.312999964

1580128976.315000057

1580128976.316999912

1580128976.325999975

1580128976.328000069

1580128976.332000017

1580128976.334000111

1580128976.335999966

1580128976.338000059

1580128976.338999987

1580128976.341000080

1580128976.346999884

1580128976.349999905

1580128976.351000071

1580128976.352999926

1580128976.357000113

1580128976.358999968

1580128976.361000061

1580128976.368000031

1580128976.371999979

1580128976.374000072

1580128976.375999928

1580128976.380000114

1580128976.381999969

1580128976.382999897

1580128976.384999990

1580128976.387000084

1580128976.392999887

1580128976.394999981

1580128976.397000074

1580128976.398999929

1580128976.401000023

1580128976.404000044

1580128976.405999899

1580128976.407999992

1580128976.411999941

1580128976.415999889

1580128976.417999983

1580128976.420000076

1580128976.421999931

1580128976.424000025

1580128976.427000046

1580128976.428999901

1580128976.434000015

1580128976.436000109

1580128976.440000057

1580128976.441999912

1580128976.444000006

1580128976.444999933

1580128976.447000027

1580128976.451999903

1580128976.456000090

1580128976.457999945

1580128976.460000038

1580128976.461999893

1580128976.464999914

1580128976.467000008

1580128976.469000101

1580128976.470000029

1580128976.476000071

1580128976.477999926

1580128976.480000019

1580128976.482000113

1580128976.483999968

1580128976.484999895

1580128976.489000082

1580128976.490999937

1580128976.494999886

1580128976.496999979

1580128976.500999928

1580128976.503000021

1580128976.503999949

1580128976.506000042

1580128976.507999897

1580128976.512000084

1580128976.516000032

1580128976.517999887

1580128976.519999981

1580128976.523999929

1580128976.526000023

1580128976.528000116

1580128976.529999971

1580128976.532000065

1580128976.536999941

1580128976.539999962

1580128976.542000055

1580128976.542999983

1580128976.546999931

1580128976.549000025

1580128976.551000118

1580128976.552999973

1580128976.559000015

1580128976.561000109

1580128976.562999964

1580128976.565000057

1580128976.566999912

1580128976.569000006

1580128976.572000027

1580128976.573999882

1580128976.578000069

1580128976.579999924

1580128976.582999945

1580128976.585000038

1580128976.586999893

1580128976.588999987

1580128976.591000080

1580128976.592999935

1580128976.598000050

1580128976.599999905

1580128976.601999998

1580128976.604000092

1580128976.608000040

1580128976.609999895

1580128976.611999989

1580128976.614000082

1580128976.619999886

1580128976.621999979

1580128976.624000072

1580128976.625999928

1580128976.628000021

1580128976.631999969

1580128976.634999990

1580128976.637000084

1580128976.640000105

1580128976.644000053

1580128976.645999908

1580128976.648000002

1580128976.650000095

1580128976.651000023

1580128976.654999971

1580128976.657000065

1580128976.660000086

1580128976.661999941

1580128976.664000034

1580128976.667000055

1580128976.668999910

1580128976.671000004

1580128976.673000097

1580128976.674000025

1580128976.680999994

1580128976.683000088

1580128976.684999943

1580128976.687000036

1580128976.690999985

1580128976.691999912

1580128976.694000006

1580128976.696000099

1580128976.700000048

1580128976.703999996

1580128976.706000090

1580128976.707999945

1580128976.709000111

1580128976.710999966

1580128976.714999914

1580128976.717000008

1580128976.720999956

1580128976.723000050

1580128976.726000071

1580128976.727999926

1580128976.730000019

1580128976.732000113

1580128976.733999968

1580128976.734999895

1580128976.740999937

1580128976.743000031

1580128976.744999886

1580128976.746999979

1580128976.750000000

1580128976.752000093

1580128976.753999949

1580128976.756000042

1580128976.765000105

1580128976.766999960

1580128976.769000053

1580128976.770999908

1580128976.773000002

1580128976.776000023

1580128976.778000116

1580128976.779999971

1580128976.783999920

1580128976.786999941

1580128976.790999889

1580128976.792999983

1580128976.795000076

1580128976.796999931

1580128976.799999952

1580128976.803999901

1580128976.805999994

1580128976.808000088

1580128976.811000109

1580128976.812999964

1580128976.815000057

1580128976.816999912

1580128976.819000006

1580128976.825999975

1580128976.828000069

1580128976.829999924

1580128976.834000111

1580128976.835000038

1580128976.836999893

1580128976.838999987

1580128976.841000080

1580128976.846999884

1580128976.848999977

1580128976.851000071

1580128976.852999926

1580128976.854000092

1580128976.858000040

1580128976.859999895

1580128976.861999989

1580128976.865999937

1580128976.869999886

1580128976.871999979

1580128976.874000072

1580128976.875000000

1580128976.878000021

1580128976.880000114

1580128976.882999897

1580128976.887000084

1580128976.888999939

1580128976.891000032

1580128976.894000053

1580128976.895999908

1580128976.898000002

1580128976.900000095

1580128976.901000023

1580128976.907000065

1580128976.908999920

1580128976.911000013

1580128976.913000107

1580128976.914999962

1580128976.918999910

1580128976.921000004

1580128976.923000097

1580128976.930000067

1580128976.931999922

1580128976.934000015

1580128976.936000109

1580128976.937999964

1580128976.941999912

1580128976.943000078

1580128976.944999933

1580128976.948999882

1580128976.950999975

1580128976.953999996

1580128976.956000090

1580128976.957999945

1580128976.960000038

1580128976.961999893

1580128976.963999987

1580128976.969000101

1580128976.970999956

1580128976.973000050

1580128976.974999905

1580128976.977999926

1580128976.980000019

1580128976.982000113

1580128976.983999968

1580128976.990000010

1580128976.992000103

1580128976.993999958

1580128976.996000051

1580128976.996999979

1580128976.999000072

1580128977.003000021

1580128977.005000114

1580128977.009000063

1580128977.010999918

1580128977.013999939

1580128977.016000032

1580128977.017999887

1580128977.019999981

1580128977.020999908

1580128977.026000023

1580128977.032999992

1580128977.035000086

1580128977.039000034

1580128977.040999889

1580128977.042999983

1580128977.043999910

1580128977.046000004

1580128977.049999952

1580128977.053999901

1580128977.055999994

1580128977.058000088

1580128977.062000036

1580128977.063999891

1580128977.065000057

1580128977.066999912

1580128977.069000006

1580128977.075999975

1580128977.078000069

1580128977.079999924

1580128977.082000017

1580128977.084000111

1580128977.086999893

1580128977.088999987

1580128977.091000080

1580128977.095000029

1580128977.098999977

1580128977.101000071

1580128977.102999926

1580128977.105000019

1580128977.105999947

1580128977.108000040

1580128977.111999989

1580128977.115999937

1580128977.118000031

1580128977.119999886

1580128977.122999907

1580128977.125999928

1580128977.128000021

1580128977.130000114

1580128977.131999969

1580128977.137000084

1580128977.138999939

1580128977.141000032

1580128977.142999887

1580128977.145999908

1580128977.148000002

1580128977.150000095

1580128977.151999950

1580128977.157999992

1580128977.160000086

1580128977.170000076

1580128977.171999931

1580128977.174000025

1580128977.176000118

1580128977.177000046

1580128977.178999901

1580128977.184999943

1580128977.187000036

1580128977.188999891

1580128977.190999985

1580128977.194000006

1580128977.196000099

1580128977.197999954

1580128977.200000048

1580128977.206000090

1580128977.207999945

1580128977.210000038

1580128977.211999893

1580128977.213999987

1580128977.216000080

1580128977.219000101

1580128977.220999956

1580128977.226000071

1580128977.230000019

1580128977.232000113

1580128977.233999968

1580128977.236000061

1580128977.236999989

1580128977.239000082

1580128977.243000031

1580128977.246999979

1580128977.249000072

1580128977.250999928

1580128977.253999949

1580128977.256000042

1580128977.257999897

1580128977.259999990

1580128977.262000084

1580128977.267999887

1580128977.269999981

1580128977.272000074

1580128977.273999929

1580128977.278000116

1580128977.279999971

1580128977.282000065

1580128977.283999920

1580128977.289999962

1580128977.290999889

1580128977.293999910

1580128977.295000076

1580128977.296999931

1580128977.299000025

1580128977.302999973

1580128977.305000067

1580128977.308000088

1580128977.309999943

1580128977.313999891

1580128977.315999985

1580128977.318000078

1580128977.319000006

1580128977.321000099

1580128977.325000048

1580128977.329999924

1580128977.332000017

1580128977.334000111

1580128977.336999893

1580128977.338999987

1580128977.341000080

1580128977.342999935

1580128977.344000101

1580128977.349999905

1580128977.351999998

1580128977.354000092

1580128977.355999947

1580128977.358000040

1580128977.361000061

1580128977.362999916

1580128977.365000010

1580128977.368999958

1580128977.372999907

1580128977.375000000

1580128977.377000093

1580128977.378999949

1580128977.381999969

1580128977.384000063

1580128977.387000084

1580128977.391000032

1580128977.392999887

1580128977.394999981

1580128977.398000002

1580128977.400000095

1580128977.401999950

1580128977.404000044

1580128977.405999899

1580128977.411000013

1580128977.413000107

1580128977.414999962

1580128977.417000055

1580128977.417999983

1580128977.421999931

1580128977.424999952

1580128977.427000046

1580128977.433000088

1580128977.434999943

1580128977.437000036

1580128977.438999891

1580128977.440999985

1580128977.444999933

1580128977.447000027

1580128977.448999882

1580128977.451999903

1580128977.453999996

1580128977.457999945

1580128977.460000038

1580128977.461999893

1580128977.463999987

1580128977.464999914

1580128977.469000101

1580128977.473000050

1580128977.474999905

1580128977.476999998

1580128977.479000092

1580128977.482000113

1580128977.483999968

1580128977.486000061

1580128977.486999989

1580128977.493000031

1580128977.494999886

1580128977.499000072

1580128977.502000093

1580128977.506000042

1580128977.507999897

1580128977.512000084

1580128977.513999939

1580128977.516999960

1580128977.519000053

1580128977.520999908

1580128977.523000002

1580128977.525000095

1580128977.529000044

1580128977.532999992

1580128977.536000013

1580128977.538000107

1580128977.540999889

1580128977.542999983

1580128977.545000076

1580128977.546999931

1580128977.549000025

1580128977.555000067

1580128977.556999922

1580128977.559000015

1580128977.565000057

1580128977.566999912

1580128977.569000006

1580128977.571000099

1580128977.572999954

1580128977.578999996

1580128977.581000090

1580128977.582999945

1580128977.585000038

1580128977.588999987

1580128977.591000080

1580128977.592999935

1580128977.594000101

1580128977.598000050

1580128977.601999998

1580128977.604000092

1580128977.605999947

1580128977.607000113

1580128977.608999968

1580128977.612999916

1580128977.615000010

1580128977.618999958

1580128977.621000051

1580128977.624000072

1580128977.627000093

1580128977.628000021

1580128977.630000114

1580128977.631999969

1580128977.635999918

1580128977.638999939

1580128977.641000032

1580128977.642999887

1580128977.644999981

1580128977.648000002

1580128977.650000095

1580128977.651999950

1580128977.654000044

1580128977.660000086

1580128977.661999941

1580128977.664000034

1580128977.665999889

1580128977.667999983

1580128977.671999931

1580128977.674000025

1580128977.676000118

1580128977.680000067

1580128977.684000015

1580128977.686000109

1580128977.687999964

1580128977.688999891

1580128977.691999912

1580128977.694000006

1580128977.697000027

1580128977.700999975

1580128977.703000069

1580128977.704999924

1580128977.709000111

1580128977.710999966

1580128977.711999893

1580128977.713999987

1580128977.716000080

1580128977.723000050

1580128977.724999905

1580128977.726999998

1580128977.727999926

1580128977.732000113

1580128977.733999968

1580128977.736000061

1580128977.737999916

1580128977.743999958

1580128977.746000051

1580128977.747999907

1580128977.750000000

1580128977.752000093

1580128977.756000042

1580128977.757999897

1580128977.759000063

1580128977.763000011

1580128977.765000105

1580128977.767999887

1580128977.769999981

1580128977.772000074

1580128977.773999929

1580128977.776000023

1580128977.778000116

1580128977.783999920

1580128977.785000086

1580128977.786999941

1580128977.789000034

1580128977.792000055

1580128977.793999910

1580128977.796000004

1580128977.798000097

1580128977.803999901

1580128977.805999994

1580128977.808000088

1580128977.809999943

1580128977.812000036

1580128977.813999891

1580128977.816999912

1580128977.819000006

1580128977.822999954

1580128977.826999903

1580128977.828999996

1580128977.831000090

1580128977.832999945

1580128977.835000038

1580128977.838999987

1580128977.841000080

1580128977.844000101

1580128977.846999884

1580128977.848999977

1580128977.851999998

1580128977.854000092

1580128977.855999947

1580128977.858000040

1580128977.859999895

1580128977.865999937

1580128977.868000031

1580128977.869999886

1580128977.871999979

1580128977.875999928

1580128977.878999949

1580128977.880000114

1580128977.881999969

1580128977.888000011

1580128977.890000105

1580128977.891999960

1580128977.894000053

1580128977.895999908

1580128977.900000095

1580128977.901999950

1580128977.903000116

1580128977.907000065

1580128977.908999920

1580128977.913000107

1580128977.914999962

1580128977.917000055

1580128977.917999983

1580128977.920000076

1580128977.924000025

1580128977.927999973

1580128977.930000067

1580128977.933000088

1580128977.936000109

1580128977.937999964

1580128977.940000057

1580128977.941999912

1580128977.943000078

1580128977.948999882

1580128977.950999975

1580128977.953000069

1580128977.954999924

1580128977.959000111

1580128977.960999966

1580128977.967000008

1580128977.970999956

1580128977.974999905

1580128977.976999998

1580128977.979000092

1580128977.980999947

1580128977.983999968

1580128977.986000061

1580128977.987999916

1580128977.989000082

1580128977.994999886

1580128977.996999979

1580128977.999000072

1580128978.002000093

1580128978.003999949

1580128978.006000042

1580128978.009000063

1580128978.010999918

1580128978.015000105

1580128978.016999960

1580128978.019999981

1580128978.022000074

1580128978.023999929

1580128978.026000023

1580128978.028000116

1580128978.032000065

1580128978.036000013

1580128978.038000107

1580128978.039999962

1580128978.043999910

1580128978.046000004

1580128978.048000097

1580128978.049999952

1580128978.051000118

1580128978.056999922

1580128978.059000015

1580128978.061000109

1580128978.062999964

1580128978.066999912

1580128978.069000006

1580128978.069999933

1580128978.072999954

1580128978.075999975

1580128978.079999924

1580128978.082000017

1580128978.084000111

1580128978.085999966

1580128978.088000059

1580128978.091000080

1580128978.094000101

1580128978.098000050

1580128978.099999905

1580128978.104000092

1580128978.105999947

1580128978.108000040

1580128978.108999968

1580128978.111000061

1580128978.115000010

1580128978.118999958

1580128978.121999979

1580128978.124000072

1580128978.127000093

1580128978.128999949

1580128978.131000042

1580128978.132999897

1580128978.134000063

1580128978.140000105

1580128978.141999960

1580128978.144000053

1580128978.145999908

1580128978.150000095

1580128978.151000023

1580128978.154000044

1580128978.157000065

1580128978.160000086

1580128978.164000034

1580128978.167000055

1580128978.168999910

1580128978.171000004

1580128978.173000097

1580128978.176000118

1580128978.177999973

1580128978.181999922

1580128978.184000015

1580128978.187000036

1580128978.188999891

1580128978.190999985

1580128978.193000078

1580128978.194999933

1580128978.197000027

1580128978.201999903

1580128978.203999996

1580128978.206000090

1580128978.207999945

1580128978.210999966

1580128978.213000059

1580128978.214999914

1580128978.217000008

1580128978.223000050

1580128978.224999905

1580128978.226999998

1580128978.229000092

1580128978.230999947

1580128978.233999968

1580128978.236000061

1580128978.237999916

1580128978.242000103

1580128978.246000051

1580128978.247999907

1580128978.250000000

1580128978.252000093

1580128978.253000021

1580128978.255000114

1580128978.259000063

1580128978.263000011

1580128978.265000105

1580128978.266999960

1580128978.269999981

1580128978.272000074

1580128978.273999929

1580128978.275000095

1580128978.278000116

1580128978.283999920

1580128978.286000013

1580128978.288000107

1580128978.289999962

1580128978.293999910

1580128978.296000004

1580128978.296999931

1580128978.299000025

1580128978.302999973

1580128978.306999922

1580128978.309999943

1580128978.312000036

1580128978.312999964

1580128978.315999985

1580128978.319999933

1580128978.322000027

1580128978.325999975

1580128978.329999924

1580128978.332000017

1580128978.334000111

1580128978.335999966

1580128978.336999893

1580128978.338999987

1580128978.342999935

1580128978.346999884

1580128978.348999977

1580128978.351000071

1580128978.354000092

1580128978.355999947

1580128978.358000040

1580128978.359999895

1580128978.361999989

1580128978.368000031

1580128978.374000072

1580128978.378000021

1580128978.380000114

1580128978.381000042

1580128978.382999897

1580128978.384999990

1580128978.387000084

1580128978.391999960

1580128978.394000053

1580128978.395999908

1580128978.398000002

1580128978.401999950

1580128978.404000044

1580128978.405999899

1580128978.407999992

1580128978.414999962

1580128978.417000055

1580128978.418999910

1580128978.421000004

1580128978.424999952

1580128978.426000118

1580128978.427999973

1580128978.430000067

1580128978.434000015

1580128978.437999964

1580128978.440000057

1580128978.441999912

1580128978.444000006

1580128978.444999933

1580128978.448999882

1580128978.450999975

1580128978.453999996

1580128978.456000090

1580128978.457999945

1580128978.460999966

1580128978.463000059

1580128978.466000080

1580128978.467999935

1580128978.469000101

1580128978.474999905

1580128978.476999998

1580128978.479000092

1580128978.480999947

1580128978.483000040

1580128978.486000061

1580128978.487999916

1580128978.490000010

1580128978.493999958

1580128978.497999907

1580128978.500000000

1580128978.500999928

1580128978.503000021

1580128978.505000114

1580128978.506999969

1580128978.510999918

1580128978.515000105

1580128978.516999960

1580128978.519000053

1580128978.522000074

1580128978.523999929

1580128978.526000023

1580128978.528000116

1580128978.529999971

1580128978.535000086

1580128978.538000107

1580128978.539000034

1580128978.540999889

1580128978.545000076

1580128978.546999931

1580128978.549000025

1580128978.549999952

1580128978.553999901

1580128978.558000088

1580128978.559999943

1580128978.562000036

1580128978.562999964

1580128978.565000057

1580128978.569000006

1580128978.571000099

1580128978.575000048

1580128978.576999903

1580128978.581000090

1580128978.582999945

1580128978.584000111

1580128978.585999966

1580128978.588000059

1580128978.589999914

1580128978.595000029

1580128978.596999884

1580128978.598999977

1580128978.601000071

1580128978.605000019

1580128978.607000113

1580128978.608000040

1580128978.611000061

1580128978.614000082

1580128978.618000031

1580128978.621000051

1580128978.622999907

1580128978.625000000

1580128978.628999949

1580128978.630000114

1580128978.632999897

1580128978.635999918

1580128978.638000011

1580128978.641999960

1580128978.644000053

1580128978.645999908

1580128978.647000074

1580128978.648999929

1580128978.653000116

1580128978.657000065

1580128978.658999920

1580128978.661000013

1580128978.664999962

1580128978.667000055

1580128978.668999910

1580128978.670000076

1580128978.671999931

1580128978.677999973

1580128978.680000067

1580128978.681999922

1580128978.684000015

1580128978.686000109

1580128978.688999891

1580128978.690999985

1580128978.693000078

1580128978.697000027

1580128978.700999975

1580128978.703000069

1580128978.704999924

1580128978.706000090

1580128978.707999945

1580128978.710000038

1580128978.713000059

1580128978.717000008

1580128978.719000101

1580128978.720999956

1580128978.724999905

1580128978.726999998

1580128978.729000092

1580128978.730999947

1580128978.733000040

1580128978.739000082

1580128978.740999937

1580128978.743000031

1580128978.743999958

1580128978.749000072

1580128978.750000000

1580128978.752000093

1580128978.753999949

1580128978.759999990

1580128978.762000084

1580128978.763999939

1580128978.766000032

1580128978.767999887

1580128978.776000023

1580128978.778000116

1580128978.779999971

1580128978.786000013

1580128978.788000107

1580128978.789999962

1580128978.792000055

1580128978.793999910

1580128978.796999931

1580128978.799000025

1580128978.801000118

1580128978.805000067

1580128978.809000015

1580128978.811000109

1580128978.812000036

1580128978.813999891

1580128978.815999985

1580128978.818000078

1580128978.821000099

1580128978.825000048

1580128978.826999903

1580128978.828999996

1580128978.832000017

1580128978.834000111

1580128978.835999966

1580128978.838000059

1580128978.839999914

1580128978.845999956

1580128978.848000050

1580128978.849999905

1580128978.851999998

1580128978.855999947

1580128978.858000040

1580128978.859999895

1580128978.861999989

1580128978.865999937

1580128978.868999958

1580128978.871000051

1580128978.871999979

1580128978.874000072

1580128978.875999928

1580128978.880000114

1580128978.881999969

1580128978.884999990

1580128978.887000084

1580128978.888999939

1580128978.892999887

1580128978.894999981

1580128978.897000074

1580128978.898999929

1580128978.901000023

1580128978.907000065

1580128978.908999920

1580128978.910000086

1580128978.911999941

1580128978.915999889

1580128978.918999910

1580128978.920000076

1580128978.921999931

1580128978.927999973

1580128978.930999994

1580128978.933000088

1580128978.934999943

1580128978.937000036

1580128978.940000057

1580128978.941999912

1580128978.944000006

1580128978.947999954

1580128978.951999903

1580128978.953999996

1580128978.954999924

1580128978.957000017

1580128978.959000111

1580128978.960999966

1580128978.963999987

1580128978.969000101

1580128978.970000029

1580128978.971999884

1580128978.976000071

1580128978.977999926

1580128978.979000092

1580128978.980999947

1580128978.983000040

1580128978.989000082

1580128978.990999937

1580128978.993000031

1580128978.994999886

1580128978.996000051

1580128979.000000000

1580128979.002000093

1580128979.003000021

1580128979.006999969

1580128979.009000063

1580128979.013000011

1580128979.015000105

1580128979.016999960

1580128979.019000053

1580128979.020999908

1580128979.023999929

1580128979.028000116

1580128979.029999971

1580128979.032000065

1580128979.036000013

1580128979.038000107

1580128979.039999962

1580128979.040999889

1580128979.042999983

1580128979.049000025

1580128979.051000118

1580128979.052999973

1580128979.055000067

1580128979.059000015

1580128979.059999943

1580128979.062000036

1580128979.063999891

1580128979.068000078

1580128979.072000027

1580128979.073999882

1580128979.075999975

1580128979.076999903

1580128979.078999996

1580128979.082999945

1580128979.085999966

1580128979.088999987

1580128979.091000080

1580128979.092999935

1580128979.096999884

1580128979.098999977

1580128979.101000071

1580128979.102999926

1580128979.104000092

1580128979.109999895

1580128979.111999989

1580128979.114000082

1580128979.115999937

1580128979.118999958

1580128979.121999979

1580128979.122999907

1580128979.125000000

1580128979.131000042

1580128979.132999897

1580128979.134999990

1580128979.137000084

1580128979.138000011

1580128979.140000105

1580128979.144000053

1580128979.145999908

1580128979.150000095

1580128979.153000116

1580128979.155999899

1580128979.157999992

1580128979.160000086

1580128979.161999941

1580128979.164000034

1580128979.167999983

1580128979.176000118

1580128979.180000067

1580128979.181999922

1580128979.184000015

1580128979.186000109

1580128979.187000036

1580128979.190999985

1580128979.193000078

1580128979.196000099

1580128979.197999954

1580128979.200000048

1580128979.203000069

1580128979.204999924

1580128979.207000017

1580128979.209000111

1580128979.210999966

1580128979.217000008

1580128979.219000101

1580128979.220999956

1580128979.223000050

1580128979.226000071

1580128979.229000092

1580128979.230999947

1580128979.232000113

1580128979.239000082

1580128979.240999937

1580128979.243000031

1580128979.244999886

1580128979.246000051

1580128979.247999907

1580128979.252000093

1580128979.253999949

1580128979.257999897

1580128979.259999990

1580128979.263000011

1580128979.265000105

1580128979.267999887

1580128979.269000053

1580128979.270999908

1580128979.275000095

1580128979.279000044

1580128979.280999899

1580128979.282999992

1580128979.286999941

1580128979.289000034

1580128979.289999962

1580128979.292000055

1580128979.293999910

1580128979.299999952

1580128979.302000046

1580128979.303999901

1580128979.305999994

1580128979.308000088

1580128979.311000109

1580128979.312999964

1580128979.315000057

1580128979.319000006

1580128979.322999954

1580128979.325000048

1580128979.326999903

1580128979.328999996

1580128979.331000090

1580128979.334000111

1580128979.335999966

1580128979.339999914

1580128979.342000008

1580128979.345999956

1580128979.348000050

1580128979.349999905

1580128979.351999998

1580128979.354000092

1580128979.358000040

1580128979.361000061

1580128979.362999916

1580128979.365000010

1580128979.367000103

1580128979.369999886

1580128979.371999979

1580128979.374000072

1580128979.375999928

1580128979.381999969

1580128979.384000063

1580128979.385999918

1580128979.388000011

1580128979.390000105

1580128979.394999981

1580128979.397000074

1580128979.398999929

1580128979.403000116

1580128979.407000065

1580128979.408999920

1580128979.411000013

1580128979.411999941

1580128979.414000034

1580128979.417999983

1580128979.420000076

1580128979.424000025

1580128979.426000118

1580128979.430000067

1580128979.431999922

1580128979.434000015

1580128979.434999943

1580128979.437000036

1580128979.438999891

1580128979.444999933

1580128979.447000027

1580128979.448999882

1580128979.450999975

1580128979.453999996

1580128979.456000090

1580128979.457999945

1580128979.460000038

1580128979.466000080

1580128979.467999935

1580128979.470000029

1580128979.471999884

1580128979.473999977

1580128979.476000071

1580128979.479000092

1580128979.480999947

1580128979.484999895

1580128979.486999989

1580128979.490000010

1580128979.492000103

1580128979.493999958

1580128979.496000051

1580128979.497999907

1580128979.502000093

1580128979.506000042

1580128979.507999897

1580128979.512000084

1580128979.516999960

1580128979.520999908

1580128979.526999950

1580128979.529000044

1580128979.530999899

1580128979.532999992

1580128979.536999941

1580128979.539000034

1580128979.540999889

1580128979.542999983

1580128979.546000004

1580128979.551000118

1580128979.552999973

1580128979.555000067

1580128979.555999994

1580128979.558000088

1580128979.562000036

1580128979.563999891

1580128979.568000078

1580128979.569999933

1580128979.576999903

1580128979.578999996

1580128979.581000090

1580128979.582999945

1580128979.585999966

1580128979.588000059

1580128979.592000008

1580128979.594000101

1580128979.598000050

1580128979.599999905

1580128979.601999998

1580128979.604000092

1580128979.605999947

1580128979.607000113

1580128979.612999916

1580128979.615999937

1580128979.617000103

1580128979.621000051

1580128979.622999907

1580128979.625000000

1580128979.627000093

1580128979.628000021

1580128979.634000063

1580128979.635999918

1580128979.638000011

1580128979.640000105

1580128979.641000032

1580128979.645999908

1580128979.648000002

1580128979.650000095

1580128979.653000116

1580128979.657000065

1580128979.658999920

1580128979.660000086

1580128979.661999941

1580128979.664000034

1580128979.665999889

1580128979.668999910

1580128979.673000097

1580128979.674999952

1580128979.677000046

1580128979.680999994

1580128979.683000088

1580128979.684999943

1580128979.687000036

1580128979.687999964

1580128979.694000006

1580128979.696000099

1580128979.697999954

1580128979.700000048

1580128979.700999975

1580128979.706000090

1580128979.707999945

1580128979.710000038

1580128979.713999987

1580128979.717000008

1580128979.720000029

1580128979.720999956

1580128979.723000050

1580128979.724999905

1580128979.729000092

1580128979.730999947

1580128979.734999895

1580128979.736999989

1580128979.740999937

1580128979.743000031

1580128979.743999958

1580128979.746000051

1580128979.747999907

1580128979.750000000

1580128979.756000042

1580128979.757999897

1580128979.759999990

1580128979.762000084

1580128979.765000105

1580128979.766999960

1580128979.769000053

1580128979.770999908

1580128979.776999950

1580128979.779000044

1580128979.780999899

1580128979.782999992

1580128979.785000086

1580128979.789000034

1580128979.790999889

1580128979.792000055

1580128979.796999931

1580128979.801000118

1580128979.802000046

1580128979.803999901

1580128979.805999994

1580128979.808000088

1580128979.809999943

1580128979.812999964

1580128979.818000078

1580128979.819999933

1580128979.823999882

1580128979.825999975

1580128979.828000069

1580128979.829999924

1580128979.831000090

1580128979.832999945

1580128979.838000059

1580128979.839999914

1580128979.842000008

1580128979.844000101

1580128979.848000050

1580128979.849999905

1580128979.851999998

1580128979.854000092

1580128979.857000113

1580128979.861999989

1580128979.864000082

1580128979.865999937

1580128979.867000103

1580128979.868999958

1580128979.872999907

1580128979.875000000

1580128979.878999949

1580128979.881000042

1580128979.884999990

1580128979.887000084

1580128979.888000011

1580128979.890000105

1580128979.891999960

1580128979.894000053

1580128979.900000095

1580128979.901999950

1580128979.904000044

1580128979.905999899

1580128979.908999920

1580128979.911000013

1580128979.913000107

1580128979.914999962

1580128979.921000004

1580128979.923000097

1580128979.924999952

1580128979.927000046

1580128979.928999901

1580128979.931999922

1580128979.934000015

1580128979.936000109

1580128979.940000057

1580128979.944000006

1580128979.946000099

1580128979.947999954

1580128979.950000048

1580128979.951999903

1580128979.953999996

1580128979.957000017

1580128979.960999966

1580128979.963000059

1580128979.964999914

1580128979.967999935

1580128979.970000029

1580128979.976999998

1580128979.980000019

1580128979.982000113

1580128979.986000061

1580128979.987999916

1580128979.992000103

1580128979.993999958

1580128979.994999886

1580128979.996999979

1580128979.999000072

1580128980.000999928

1580128980.006000042

1580128980.007999897

1580128980.009999990

1580128980.012000084

1580128980.016999960

1580128980.019000053

1580128980.020999908

1580128980.023000002

1580128980.029000044

1580128980.030999899

1580128980.032999992

1580128980.035000086

1580128980.036999941

1580128980.039000034

1580128980.042000055

1580128980.043999910

1580128980.048000097

1580128980.049999952

1580128980.052000046

1580128980.055000067

1580128980.055999994

1580128980.058000088

1580128980.059999943

1580128980.063999891

1580128980.068000078

1580128980.069999933

1580128980.072000027

1580128980.075999975

1580128980.078000069

1580128980.078999996

1580128980.081000090

1580128980.082999945

1580128980.088999987

1580128980.091000080

1580128980.092999935

1580128980.095000029

1580128980.096999884

1580128980.099999905

1580128980.101999998

1580128980.104000092

1580128980.108000040

1580128980.111999989

1580128980.114000082

1580128980.115999937

1580128980.118000031

1580128980.119999886

1580128980.122999907

1580128980.125000000

1580128980.128999949

1580128980.131000042

1580128980.134999990

1580128980.137000084

1580128980.138999939

1580128980.142999887

1580128980.144999981

1580128980.150000095

1580128980.153000116

1580128980.154999971

1580128980.157000065

1580128980.160000086

1580128980.163000107

1580128980.164999962

1580128980.167000055

1580128980.171999931

1580128980.174000025

1580128980.176000118

1580128980.177999973

1580128980.180000067

1580128980.180999994

1580128980.184999943

1580128980.187000036

1580128980.190000057

1580128980.191999912

1580128980.196000099

1580128980.197999954

1580128980.198999882

1580128980.200999975

1580128980.203000069

1580128980.204999924

1580128980.211999893

1580128980.213999987

1580128980.217000008

1580128980.220999956

1580128980.223000050

1580128980.224999905

1580128980.226999998

1580128980.229000092

1580128980.233999968

1580128980.236000061

1580128980.237999916

1580128980.240000010

1580128980.243000031

1580128980.244999886

1580128980.246999979

1580128980.249000072

1580128980.255000114

1580128980.256999969

1580128980.259000063

1580128980.260999918

1580128980.263000011

1580128980.266999960

1580128980.269999981

1580128980.272000074

1580128980.276000023

1580128980.279999971

1580128980.282000065

1580128980.283999920

1580128980.286000013

1580128980.286999941

1580128980.289000034

1580128980.292999983

1580128980.296999931

1580128980.299000025

1580128980.301000118

1580128980.303999901

1580128980.305999994

1580128980.308000088

1580128980.309999943

1580128980.312000036

1580128980.318000078

1580128980.319999933

1580128980.322000027

1580128980.323999882

1580128980.326999903

1580128980.328999996

1580128980.331000090

1580128980.332999945

1580128980.338999987

1580128980.341000080

1580128980.342999935

1580128980.345000029

1580128980.346999884

1580128980.348999977

1580128980.351999998

1580128980.354000092

1580128980.358000040

1580128980.359999895

1580128980.362999916

1580128980.365000010

1580128980.367000103

1580128980.368999958

1580128980.371000051

1580128980.372999907

1580128980.381999969

1580128980.384000063

1580128980.388999939

1580128980.391000032

1580128980.392999887

1580128980.394999981

1580128980.397000074

1580128980.400000095

1580128980.404000044

1580128980.405999899

1580128980.407999992

1580128980.411999941

1580128980.414000034

1580128980.415999889

1580128980.417999983

1580128980.418999910

1580128980.426000118

1580128980.427999973

1580128980.430000067

1580128980.431999922

1580128980.434999943

1580128980.437000036

1580128980.438999891

1580128980.440999985

1580128980.447000027

1580128980.448999882

1580128980.450999975

1580128980.453000069

1580128980.454999924

1580128980.459000111

1580128980.460999966

1580128980.461999893

1580128980.466000080

1580128980.469000101

1580128980.471999884

1580128980.473999977

1580128980.476000071

1580128980.477999926

1580128980.479000092

