1576845749.167999983

1576845749.170000076

1576845749.171999931

1576845749.174999952

1576845749.178999901

1576845749.180999994

1576845749.183000088

1576845749.184000015

1576845749.186000109

1576845749.187000036

1576845749.190999985

1576845749.196000099

1576845749.197000027

1576845749.198999882

1576845749.200000048

1576845749.203999996

1576845749.206000090

1576845749.207000017

1576845749.209000111

1576845749.214999914

1576845749.217000008

1576845749.219000101

1576845749.220999956

1576845749.223000050

1576845749.223999977

1576845749.227999926

1576845749.230000019

1576845749.233999968

1576845749.236000061

1576845749.239000082

1576845749.240999937

1576845749.243000031

1576845749.243999958

1576845749.246000051

1576845749.246999979

1576845749.253999949

1576845749.256000042

1576845749.256999969

1576845749.259000063

1576845749.259999990

1576845749.263999939

1576845749.266000032

1576845749.266999960

1576845749.272000074

1576845749.276000023

1576845749.278000116

1576845749.279000044

1576845749.280999899

1576845749.282000065

1576845749.286000013

1576845749.288000107

1576845749.290999889

1576845749.292999983

1576845749.295000076

1576845749.299000025

1576845749.299999952

1576845749.302000046

1576845749.303999901

1576845749.305999994

1576845749.311000109

1576845749.312999964

1576845749.315000057

1576845749.316999912

1576845749.319000006

1576845749.322999954

1576845749.323999882

1576845749.325999975

1576845749.329999924

1576845749.334000111

1576845749.335999966

1576845749.338999987

1576845749.341000080

1576845749.342000008

1576845749.344000101

1576845749.348000050

1576845749.351000071

1576845749.352999926

1576845749.355000019

1576845749.358999968

1576845749.361000061

1576845749.362999916

1576845749.365000010

1576845749.365999937

1576845749.371999979

1576845749.374000072

1576845749.377000093

1576845749.378999949

1576845749.382999897

1576845749.384999990

1576845749.387000084

1576845749.388999939

1576845749.394999981

1576845749.397000074

1576845749.398999929

1576845749.401000023

1576845749.403000116

1576845749.405999899

1576845749.407999992

1576845749.410000086

1576845749.414000034

1576845749.417999983

1576845749.420000076

1576845749.421999931

1576845749.423000097

1576845749.424999952

1576845749.427000046

1576845749.430999994

1576845749.434000015

1576845749.436000109

1576845749.437999964

1576845749.440000057

1576845749.443000078

1576845749.444999933

1576845749.447000027

1576845749.448999882

1576845749.454999924

1576845749.457000017

1576845749.459000111

1576845749.460999966

1576845749.463000059

1576845749.467000008

1576845749.467999935

1576845749.470000029

1576845749.476999998

1576845749.479000092

1576845749.480999947

1576845749.483000040

1576845749.484999895

1576845749.489000082

1576845749.490999937

1576845749.493000031

1576845749.496999979

1576845749.500999928

1576845749.503000021

1576845749.505000114

1576845749.506999969

1576845749.509000063

1576845749.510999918

1576845749.515000105

1576845749.519000053

1576845749.520999908

1576845749.523000002

1576845749.526999950

1576845749.528000116

1576845749.529999971

1576845749.532000065

1576845749.533999920

1576845749.539999962

1576845749.542999983

1576845749.543999910

1576845749.546000004

1576845749.552999973

1576845749.555000067

1576845749.556999922

1576845749.559000015

1576845749.565000057

1576845749.566999912

1576845749.569000006

1576845749.571000099

1576845749.575999975

1576845749.576999903

1576845749.578999996

1576845749.581000090

1576845749.586999893

1576845749.588999987

1576845749.591000080

1576845749.592999935

1576845749.595000029

1576845749.598000050

1576845749.599999905

1576845749.601999998

1576845749.605999947

1576845749.609999895

1576845749.611000061

1576845749.612999916

1576845749.615000010

1576845749.617000103

1576845749.618999958

1576845749.622999907

1576845749.625999928

1576845749.628000021

1576845749.630000114

1576845749.632999897

1576845749.634999990

1576845749.638000011

1576845749.640000105

1576845749.641999960

1576845749.647000074

1576845749.648999929

1576845749.651000023

1576845749.653000116

1576845749.654999971

1576845749.657999992

1576845749.660000086

1576845749.661999941

1576845749.665999889

1576845749.670000076

1576845749.671999931

1576845749.674000025

1576845749.676000118

1576845749.677999973

1576845749.681999922

1576845749.684000015

1576845749.687000036

1576845749.690000057

1576845749.691999912

1576845749.694999933

1576845749.697000027

1576845749.698999882

1576845749.700999975

1576845749.703000069

1576845749.707999945

1576845749.710000038

1576845749.710999966

1576845749.713999987

1576845749.717000008

1576845749.719000101

1576845749.720999956

1576845749.723000050

1576845749.729000092

1576845749.730999947

1576845749.733000040

1576845749.734999895

1576845749.736999989

1576845749.739000082

1576845749.742000103

1576845749.743999958

1576845749.747999907

1576845749.750000000

1576845749.753999949

1576845749.755000114

1576845749.756999969

1576845749.759000063

1576845749.760999918

1576845749.765000105

1576845749.769000053

1576845749.770999908

1576845749.773000002

1576845749.776999950

1576845749.779000044

1576845749.780999899

1576845749.782999992

1576845749.783999920

1576845749.789999962

1576845749.792000055

1576845749.793999910

1576845749.796000004

1576845749.799999952

1576845749.802000046

1576845749.803999901

1576845749.805999994

1576845749.812000036

1576845749.813999891

1576845749.815999985

1576845749.818000078

1576845749.819999933

1576845749.823999882

1576845749.825999975

1576845749.828000069

1576845749.832000017

1576845749.835999966

1576845749.838000059

1576845749.839999914

1576845749.842000008

1576845749.842999935

1576845749.845000029

1576845749.848999977

1576845749.851999998

1576845749.854000092

1576845749.855999947

1576845749.859999895

1576845749.861999989

1576845749.864000082

1576845749.867000103

1576845749.868999958

1576845749.875000000

1576845749.877000093

1576845749.878999949

1576845749.881000042

1576845749.884999990

1576845749.887000084

1576845749.888999939

1576845749.891000032

1576845749.897000074

1576845749.898999929

1576845749.901000023

1576845749.903000116

1576845749.904999971

1576845749.907999992

1576845749.910000086

1576845749.911999941

1576845749.915999889

1576845749.920000076

1576845749.921999931

1576845749.924000025

1576845749.926000118

1576845749.927999973

1576845749.928999901

1576845749.933000088

1576845749.937000036

1576845749.938999891

1576845749.940999985

1576845749.944999933

1576845749.946000099

1576845749.947999954

1576845749.950000048

1576845749.951999903

1576845749.957999945

1576845749.960000038

1576845749.961999893

1576845749.963999987

1576845749.964999914

1576845749.969000101

1576845749.970999956

1576845749.973000050

1576845749.979000092

1576845749.980999947

1576845749.983000040

1576845749.984999895

1576845749.986999989

1576845749.990999937

1576845749.993000031

1576845749.994999886

1576845749.999000072

1576845750.003000021

1576845750.005000114

1576845750.006999969

1576845750.009000063

1576845750.010999918

1576845750.013000011

1576845750.016000032

1576845750.019999981

1576845750.022000074

1576845750.023999929

1576845750.028000116

1576845750.029999971

1576845750.030999899

1576845750.032999992

1576845750.035000086

1576845750.040999889

1576845750.043999910

1576845750.046000004

1576845750.048000097

1576845750.049000025

1576845750.052999973

1576845750.055000067

1576845750.056999922

1576845750.066999912

1576845750.069000006

1576845750.071000099

1576845750.075000048

1576845750.078000069

1576845750.079999924

1576845750.081000090

1576845750.082999945

1576845750.088999987

1576845750.091000080

1576845750.092999935

1576845750.095000029

1576845750.096999884

1576845750.099999905

1576845750.101999998

1576845750.104000092

1576845750.108000040

1576845750.111999989

1576845750.112999916

1576845750.115000010

1576845750.117000103

1576845750.118999958

1576845750.122999907

1576845750.125000000

1576845750.130000114

1576845750.131999969

1576845750.135999918

1576845750.138000011

1576845750.141000032

1576845750.142999887

1576845750.144999981

1576845750.148000002

1576845750.151999950

1576845750.154000044

1576845750.155999899

1576845750.160000086

1576845750.161000013

1576845750.163000107

1576845750.164999962

1576845750.167000055

1576845750.173000097

1576845750.174999952

1576845750.177000046

1576845750.178999901

1576845750.183000088

1576845750.184000015

1576845750.186000109

1576845750.187999964

1576845750.194000006

1576845750.196000099

1576845750.197999954

1576845750.200000048

1576845750.201999903

1576845750.203999996

1576845750.207000017

1576845750.209000111

1576845750.213000059

1576845750.214999914

1576845750.220000029

1576845750.220999956

1576845750.223000050

1576845750.224999905

1576845750.226999998

1576845750.229000092

1576845750.233999968

1576845750.236000061

1576845750.237999916

1576845750.240000010

1576845750.243999958

1576845750.246000051

1576845750.247999907

1576845750.250000000

1576845750.256000042

1576845750.257999897

1576845750.259999990

1576845750.262000084

1576845750.263999939

1576845750.267999887

1576845750.269000053

1576845750.272000074

1576845750.278000116

1576845750.279999971

1576845750.282000065

1576845750.283999920

1576845750.286000013

1576845750.288000107

1576845750.290999889

1576845750.292999983

1576845750.296999931

1576845750.299000025

1576845750.302999973

1576845750.303999901

1576845750.306999922

1576845750.308000088

1576845750.309999943

1576845750.313999891

1576845750.318000078

1576845750.319999933

1576845750.322000027

1576845750.325999975

1576845750.328000069

1576845750.329999924

1576845750.332000017

1576845750.334000111

1576845750.338999987

1576845750.341000080

1576845750.342999935

1576845750.345000029

1576845750.346999884

1576845750.349999905

1576845750.351999998

1576845750.354000092

1576845750.358000040

1576845750.361999989

1576845750.364000082

1576845750.365999937

1576845750.368000031

1576845750.369999886

1576845750.374000072

1576845750.375999928

1576845750.380000114

1576845750.381999969

1576845750.385999918

1576845750.388000011

1576845750.388999939

1576845750.391000032

1576845750.392999887

1576845750.395999908

1576845750.401000023

1576845750.403000116

1576845750.404999971

1576845750.407000065

1576845750.411000013

1576845750.411999941

1576845750.414000034

1576845750.415999889

1576845750.421999931

1576845750.424000025

1576845750.426000118

1576845750.427999973

1576845750.430000067

1576845750.430999994

1576845750.434999943

1576845750.437000036

1576845750.440999985

1576845750.443000078

1576845750.447000027

1576845750.448999882

1576845750.450000048

1576845750.451999903

1576845750.453999996

1576845750.456000090

1576845750.460999966

1576845750.463000059

1576845750.464999914

1576845750.467000008

1576845750.470999956

1576845750.473000050

1576845750.474999905

1576845750.476999998

1576845750.482000113

1576845750.483999968

1576845750.486000061

1576845750.487999916

1576845750.490000010

1576845750.493999958

1576845750.496000051

1576845750.497999907

1576845750.502000093

1576845750.506000042

1576845750.507999897

1576845750.509999990

1576845750.512000084

1576845750.513999939

1576845750.517999887

1576845750.519000053

1576845750.523000002

1576845750.525000095

1576845750.529000044

1576845750.530999899

1576845750.532999992

1576845750.535000086

1576845750.536999941

1576845750.538000107

1576845750.543999910

1576845750.546000004

1576845750.548000097

1576845750.549999952

1576845750.552999973

1576845750.555000067

1576845750.556999922

1576845750.559000015

1576845750.565000057

1576845750.566999912

1576845750.569999933

1576845750.572999954

1576845750.573999882

1576845750.578000069

1576845750.579999924

1576845750.585999966

1576845750.592000008

1576845750.595000029

1576845750.595999956

1576845750.598000050

1576845750.601999998

1576845750.604000092

1576845750.605999947

1576845750.607000113

1576845750.612999916

1576845750.615000010

1576845750.617000103

1576845750.618999958

1576845750.621000051

1576845750.621999979

1576845750.625999928

1576845750.628999949

1576845750.632999897

1576845750.637000084

1576845750.638999939

1576845750.641000032

1576845750.642999887

1576845750.644000053

1576845750.645999908

1576845750.650000095

1576845750.653000116

1576845750.654999971

1576845750.657000065

1576845750.661000013

1576845750.663000107

1576845750.664999962

1576845750.665999889

1576845750.667999983

1576845750.674000025

1576845750.676000118

1576845750.677999973

1576845750.680000067

1576845750.681999922

1576845750.684999943

1576845750.687000036

1576845750.688999891

1576845750.693000078

1576845750.697000027

1576845750.698999882

1576845750.700999975

1576845750.703000069

1576845750.704999924

1576845750.706000090

1576845750.710000038

1576845750.713999987

1576845750.716000080

1576845750.720000029

1576845750.721999884

1576845750.723999977

1576845750.726000071

1576845750.727999926

1576845750.730000019

1576845750.736000061

1576845750.737999916

1576845750.739000082

1576845750.740999937

1576845750.744999886

1576845750.746000051

1576845750.749000072

1576845750.750999928

1576845750.756999969

1576845750.759000063

1576845750.760999918

1576845750.763000011

1576845750.765000105

1576845750.766999960

1576845750.770999908

1576845750.773000002

1576845750.776000023

1576845750.779999971

1576845750.782000065

1576845750.783999920

1576845750.786000013

1576845750.788000107

1576845750.789000034

1576845750.792999983

1576845750.796999931

1576845750.799000025

1576845750.801000118

1576845750.805000067

1576845750.805999994

1576845750.808000088

1576845750.809999943

1576845750.812000036

1576845750.816999912

1576845750.819000006

1576845750.821000099

1576845750.822999954

1576845750.825000048

1576845750.828999996

1576845750.829999924

1576845750.832000017

1576845750.835999966

1576845750.839999914

1576845750.842000008

1576845750.844000101

1576845750.845999956

1576845750.846999884

1576845750.848999977

1576845750.852999926

1576845750.857000113

1576845750.858999968

1576845750.861000061

1576845750.865000010

1576845750.867000103

1576845750.868999958

1576845750.871000051

1576845750.875000000

1576845750.880000114

1576845750.881000042

1576845750.882999897

1576845750.887000084

1576845750.888999939

1576845750.891000032

1576845750.892999887

1576845750.894999981

1576845750.900000095

1576845750.901999950

1576845750.904000044

1576845750.905999899

1576845750.907999992

1576845750.911999941

1576845750.914000034

1576845750.914999962

1576845750.918999910

1576845750.923000097

1576845750.926000118

1576845750.927999973

1576845750.930000067

1576845750.930999994

1576845750.933000088

1576845750.937000036

1576845750.940000057

1576845750.941999912

1576845750.944000006

1576845750.947999954

1576845750.950000048

1576845750.951999903

1576845750.953999996

1576845750.956000090

1576845750.960999966

1576845750.963000059

1576845750.964999914

1576845750.967000008

1576845750.970999956

1576845750.973000050

1576845750.974999905

1576845750.976999998

1576845750.983000040

1576845750.984999895

1576845750.986999989

1576845750.989000082

1576845750.990999937

1576845750.992000103

1576845750.996000051

1576845750.997999907

1576845751.002000093

1576845751.003999949

1576845751.007999897

1576845751.010999918

1576845751.013000011

1576845751.015000105

1576845751.019000053

1576845751.023000002

1576845751.025000095

1576845751.026999950

1576845751.029000044

1576845751.032000065

1576845751.033999920

1576845751.036000013

1576845751.038000107

1576845751.043999910

1576845751.046000004

1576845751.048000097

1576845751.049999952

1576845751.052000046

1576845751.055000067

1576845751.056999922

1576845751.059000015

1576845751.062999964

1576845751.066999912

1576845751.069999933

1576845751.072000027

1576845751.073999882

1576845751.075000048

1576845751.078999996

1576845751.081000090

1576845751.085000038

1576845751.086999893

1576845751.091000080

1576845751.092000008

1576845751.094000101

1576845751.095999956

1576845751.104000092

1576845751.107000113

1576845751.111000061

1576845751.115000010

1576845751.117000103

1576845751.118999958

1576845751.121000051

1576845751.122999907

1576845751.127000093

1576845751.128999949

1576845751.132999897

1576845751.134999990

1576845751.138999939

1576845751.141000032

1576845751.142999887

1576845751.144999981

1576845751.145999908

1576845751.148000002

1576845751.154000044

1576845751.155999899

1576845751.157999992

1576845751.160000086

1576845751.164000034

1576845751.164999962

1576845751.167999983

1576845751.170000076

1576845751.174999952

1576845751.177000046

1576845751.178999901

1576845751.180999994

1576845751.183000088

1576845751.187000036

1576845751.187999964

1576845751.190000057

1576845751.194000006

1576845751.197999954

1576845751.200000048

1576845751.201999903

1576845751.203999996

1576845751.206000090

1576845751.207999945

1576845751.210999966

1576845751.214999914

1576845751.217000008

1576845751.219000101

1576845751.223000050

1576845751.223999977

1576845751.226000071

1576845751.227999926

1576845751.230000019

1576845751.236000061

1576845751.237999916

1576845751.240000010

1576845751.242000103

1576845751.246000051

1576845751.247999907

1576845751.250000000

1576845751.252000093

1576845751.255000114

1576845751.259000063

1576845751.259999990

1576845751.263000011

1576845751.263999939

1576845751.266999960

1576845751.269999981

1576845751.272000074

1576845751.276000023

1576845751.279000044

1576845751.282999992

1576845751.283999920

1576845751.286000013

1576845751.288000107

1576845751.289999962

1576845751.292000055

1576845751.296999931

1576845751.299000025

1576845751.301000118

1576845751.302999973

1576845751.306999922

1576845751.308000088

1576845751.311000109

1576845751.312000036

1576845751.318000078

1576845751.321000099

1576845751.322000027

1576845751.323999882

1576845751.325999975

1576845751.329999924

1576845751.332000017

1576845751.334000111

1576845751.336999893

1576845751.338999987

1576845751.342999935

1576845751.344000101

1576845751.345999956

1576845751.348000050

1576845751.349999905

1576845751.354000092

1576845751.358999968

1576845751.359999895

1576845751.361999989

1576845751.367000103

1576845751.368999958

1576845751.371000051

1576845751.372999907

1576845751.375000000

1576845751.380000114

1576845751.381999969

1576845751.384000063

1576845751.385999918

1576845751.390000105

1576845751.391999960

1576845751.392999887

1576845751.394999981

1576845751.401000023

1576845751.403000116

1576845751.404999971

1576845751.407000065

1576845751.408999920

1576845751.411000013

1576845751.414000034

1576845751.415999889

1576845751.420000076

1576845751.421999931

1576845751.426000118

1576845751.427999973

1576845751.430000067

1576845751.431999922

1576845751.433000088

1576845751.437000036

1576845751.440999985

1576845751.443000078

1576845751.444999933

1576845751.447000027

1576845751.450000048

1576845751.451999903

1576845751.454999924

1576845751.457000017

1576845751.463000059

1576845751.464999914

1576845751.467999935

1576845751.469000101

1576845751.473000050

1576845751.474999905

1576845751.476999998

1576845751.479000092

1576845751.486000061

1576845751.487999916

1576845751.490000010

1576845751.492000103

1576845751.493999958

1576845751.497999907

1576845751.499000072

1576845751.502000093

1576845751.505000114

1576845751.509000063

1576845751.510999918

1576845751.513000011

1576845751.515000105

1576845751.516999960

1576845751.520999908

1576845751.523000002

1576845751.526999950

1576845751.529000044

1576845751.530999899

1576845751.533999920

1576845751.536000013

1576845751.538000107

1576845751.539999962

1576845751.542000055

1576845751.546999931

1576845751.549000025

1576845751.551000118

1576845751.552999973

1576845751.556999922

1576845751.559000015

1576845751.561000109

1576845751.562000036

1576845751.569000006

1576845751.571000099

1576845751.572999954

1576845751.575000048

1576845751.576999903

1576845751.581000090

1576845751.582999945

1576845751.585000038

1576845751.588000059

1576845751.592000008

1576845751.594000101

1576845751.595999956

1576845751.598000050

1576845751.599999905

1576845751.601999998

1576845751.605000019

1576845751.608999968

1576845751.611000061

1576845751.612999916

1576845751.617000103

1576845751.618000031

1576845751.625000000

1576845751.628999949

1576845751.631000042

1576845751.634999990

1576845751.637000084

1576845751.641000032

1576845751.642999887

1576845751.644999981

1576845751.647000074

1576845751.648999929

1576845751.651000023

1576845751.655999899

1576845751.657999992

1576845751.660000086

1576845751.661999941

1576845751.667000055

1576845751.670000076

1576845751.671999931

1576845751.676000118

1576845751.680000067

1576845751.681999922

1576845751.684000015

1576845751.686000109

1576845751.688999891

1576845751.690999985

1576845751.693000078

1576845751.694999933

1576845751.700000048

1576845751.703999996

1576845751.706000090

1576845751.707999945

1576845751.711999893

1576845751.713999987

1576845751.716000080

1576845751.720000029

1576845751.723999977

1576845751.726000071

1576845751.727999926

1576845751.730000019

1576845751.730999947

1576845751.733000040

1576845751.736999989

1576845751.740999937

1576845751.743000031

1576845751.744999886

1576845751.749000072

1576845751.750000000

1576845751.752000093

1576845751.753999949

1576845751.756000042

1576845751.762000084

1576845751.763999939

1576845751.766000032

1576845751.767999887

1576845751.772000074

1576845751.773999929

1576845751.776000023

1576845751.778000116

1576845751.782999992

1576845751.785000086

1576845751.786999941

1576845751.789000034

1576845751.790999889

1576845751.792999983

1576845751.796000004

1576845751.799000025

1576845751.802999973

1576845751.808000088

1576845751.809999943

1576845751.812000036

1576845751.813999891

1576845751.815000057

1576845751.816999912

1576845751.821000099

1576845751.825000048

1576845751.826999903

1576845751.828999996

1576845751.832999945

1576845751.834000111

1576845751.835999966

1576845751.838000059

1576845751.839999914

1576845751.845999956

1576845751.848000050

1576845751.849999905

1576845751.851999998

1576845751.854000092

1576845751.858000040

1576845751.858999968

1576845751.861000061

1576845751.868000031

1576845751.869999886

1576845751.871999979

1576845751.874000072

1576845751.875999928

1576845751.878999949

1576845751.881000042

1576845751.882999897

1576845751.887000084

1576845751.891000032

1576845751.892999887

1576845751.894999981

1576845751.897000074

1576845751.898999929

1576845751.903000116

1576845751.904999971

1576845751.908999920

1576845751.911000013

1576845751.913000107

1576845751.915999889

1576845751.917999983

1576845751.920000076

1576845751.921999931

1576845751.924000025

1576845751.930000067

1576845751.931999922

1576845751.934000015

1576845751.936000109

1576845751.940000057

1576845751.940999985

1576845751.943000078

1576845751.944999933

1576845751.950999975

1576845751.953000069

1576845751.954999924

1576845751.957000017

1576845751.959000111

1576845751.960999966

1576845751.964999914

1576845751.967000008

1576845751.970999956

1576845751.974999905

1576845751.976999998

1576845751.979000092

1576845751.980999947

1576845751.983999968

1576845751.986999989

1576845751.989000082

1576845751.993000031

1576845751.994999886

1576845751.999000072

1576845752.000999928

1576845752.003000021

1576845752.005000114

1576845752.006000042

1576845752.007999897

1576845752.013000011

1576845752.015000105

1576845752.016999960

1576845752.019000053

1576845752.020999908

1576845752.023999929

1576845752.026000023

1576845752.028000116

1576845752.032000065

1576845752.036000013

1576845752.036999941

1576845752.039000034

1576845752.040999889

1576845752.042999983

1576845752.045000076

1576845752.048000097

1576845752.052000046

1576845752.053999901

1576845752.055999994

1576845752.059999943

1576845752.062000036

1576845752.063999891

1576845752.065999985

1576845752.068000078

1576845752.072999954

1576845752.075000048

1576845752.076999903

1576845752.078999996

1576845752.082999945

1576845752.084000111

1576845752.085999966

1576845752.088000059

1576845752.094000101

1576845752.095999956

1576845752.098000050

1576845752.101000071

1576845752.102999926

1576845752.107000113

1576845752.108999968

1576845752.111000061

1576845752.115000010

1576845752.118999958

1576845752.119999886

1576845752.122999907

1576845752.124000072

1576845752.125999928

1576845752.130000114

1576845752.131999969

1576845752.141999960

1576845752.144000053

1576845752.145999908

1576845752.148000002

1576845752.150000095

1576845752.151000023

1576845752.154999971

1576845752.157000065

1576845752.161999941

1576845752.165999889

1576845752.168999910

1576845752.171000004

1576845752.171999931

1576845752.174000025

1576845752.177999973

1576845752.180000067

1576845752.184000015

1576845752.186000109

1576845752.190000057

1576845752.191999912

1576845752.194000006

1576845752.196000099

1576845752.197999954

1576845752.198999882

1576845752.204999924

1576845752.207000017

1576845752.209000111

1576845752.210999966

1576845752.214999914

1576845752.217000008

1576845752.219000101

1576845752.220000029

1576845752.226000071

1576845752.227999926

1576845752.230000019

1576845752.232000113

1576845752.233999968

1576845752.237999916

1576845752.240000010

1576845752.242000103

1576845752.244999886

1576845752.246999979

1576845752.250999928

1576845752.253000021

1576845752.253999949

1576845752.256000042

1576845752.257999897

1576845752.262000084

1576845752.266000032

1576845752.267999887

1576845752.269999981

1576845752.273999929

1576845752.275000095

1576845752.276999950

1576845752.279000044

1576845752.280999899

1576845752.286999941

1576845752.289000034

1576845752.290999889

1576845752.292999983

1576845752.295000076

1576845752.298000097

1576845752.299999952

1576845752.302000046

1576845752.305999994

1576845752.309999943

1576845752.311000109

1576845752.313999891

1576845752.315000057

1576845752.316999912

1576845752.321000099

1576845752.322999954

1576845752.326999903

1576845752.328999996

1576845752.332999945

1576845752.335000038

1576845752.338000059

1576845752.339999914

1576845752.342000008

1576845752.342999935

1576845752.348999977

1576845752.351000071

1576845752.352999926

1576845752.355000019

1576845752.358999968

1576845752.361000061

1576845752.362999916

1576845752.365000010

1576845752.371000051

1576845752.372999907

1576845752.375000000

1576845752.377000093

1576845752.381000042

1576845752.382999897

1576845752.384000063

1576845752.385999918

1576845752.390000105

1576845752.394000053

1576845752.395999908

1576845752.398000002

1576845752.398999929

1576845752.401000023

1576845752.404999971

1576845752.407000065

1576845752.411000013

1576845752.413000107

1576845752.414999962

1576845752.417999983

1576845752.420000076

1576845752.421999931

1576845752.424000025

1576845752.426000118

1576845752.430999994

1576845752.433000088

1576845752.434999943

1576845752.437000036

1576845752.437999964

1576845752.441999912

1576845752.444000006

1576845752.446000099

1576845752.450000048

1576845752.453999996

1576845752.456000090

1576845752.457999945

1576845752.459000111

1576845752.463999987

1576845752.466000080

1576845752.467999935

1576845752.471999884

1576845752.476000071

1576845752.477999926

1576845752.480000019

1576845752.482000113

1576845752.483999968

1576845752.486000061

1576845752.489000082

1576845752.493000031

1576845752.494999886

1576845752.496999979

1576845752.500999928

1576845752.502000093

1576845752.505000114

1576845752.506999969

1576845752.507999897

1576845752.515000105

1576845752.517999887

1576845752.519000053

1576845752.520999908

1576845752.525000095

1576845752.526999950

1576845752.529000044

1576845752.530999899

1576845752.538000107

1576845752.539999962

1576845752.540999889

1576845752.542999983

1576845752.545000076

1576845752.549000025

1576845752.551000118

1576845752.552999973

1576845752.556999922

1576845752.561000109

1576845752.563999891

1576845752.565999985

1576845752.566999912

1576845752.569000006

1576845752.572999954

1576845752.575000048

1576845752.578999996

1576845752.581000090

1576845752.585000038

1576845752.586999893

1576845752.588000059

1576845752.589999914

1576845752.592000008

1576845752.595999956

1576845752.601000071

1576845752.601999998

1576845752.604000092

1576845752.608000040

1576845752.609999895

1576845752.611999989

1576845752.612999916

1576845752.615000010

1576845752.621000051

1576845752.622999907

1576845752.625000000

1576845752.627000093

1576845752.628999949

1576845752.632999897

1576845752.634999990

1576845752.637000084

1576845752.640000105

1576845752.644000053

1576845752.645999908

1576845752.648000002

1576845752.650000095

1576845752.657000065

1576845752.658999920

1576845752.661000013

1576845752.664000034

1576845752.667999983

1576845752.670000076

1576845752.671999931

1576845752.674000025

1576845752.676000118

1576845752.677000046

1576845752.680999994

1576845752.684999943

1576845752.687000036

1576845752.691999912

1576845752.694000006

1576845752.696000099

1576845752.697999954

1576845752.700000048

1576845752.701999903

1576845752.707000017

1576845752.709000111

1576845752.710999966

1576845752.713000059

1576845752.717000008

1576845752.719000101

1576845752.720000029

1576845752.721999884

1576845752.729000092

1576845752.730999947

1576845752.732000113

1576845752.733999968

1576845752.736000061

1576845752.740000010

1576845752.742000103

1576845752.743999958

1576845752.747999907

1576845752.752000093

1576845752.753999949

1576845752.755000114

1576845752.756999969

1576845752.759000063

1576845752.763000011

1576845752.766000032

1576845752.769999981

1576845752.772000074

1576845752.776000023

1576845752.778000116

1576845752.779000044

1576845752.780999899

1576845752.782999992

1576845752.785000086

1576845752.789999962

1576845752.792000055

1576845752.793999910

1576845752.796000004

1576845752.799999952

1576845752.801000118

1576845752.802999973

1576845752.805000067

1576845752.811000109

1576845752.812999964

1576845752.815000057

1576845752.816999912

1576845752.819000006

1576845752.821000099

1576845752.823999882

1576845752.825999975

1576845752.829999924

1576845752.832000017

1576845752.835999966

1576845752.838000059

1576845752.839999914

1576845752.842000008

1576845752.844000101

1576845752.848000050

1576845752.851000071

1576845752.852999926

1576845752.855000019

1576845752.858999968

1576845752.861999989

1576845752.864000082

1576845752.865999937

1576845752.868000031

1576845752.872999907

1576845752.875000000

1576845752.877000093

1576845752.878999949

1576845752.881000042

1576845752.884000063

1576845752.885999918

1576845752.888000011

1576845752.891999960

1576845752.895999908

1576845752.898000002

1576845752.900000095

1576845752.901000023

1576845752.903000116

1576845752.907000065

1576845752.911999941

1576845752.915999889

1576845752.920000076

1576845752.921999931

1576845752.924000025

1576845752.924999952

1576845752.927000046

1576845752.930999994

1576845752.933000088

1576845752.937000036

1576845752.938999891

1576845752.940999985

1576845752.944000006

1576845752.946000099

1576845752.947999954

1576845752.950000048

1576845752.951999903

1576845752.957999945

1576845752.960000038

1576845752.963000059

1576845752.966000080

1576845752.969000101

1576845752.970999956

1576845752.971999884

1576845752.973999977

1576845752.980000019

1576845752.982000113

1576845752.983999968

1576845752.986000061

1576845752.990000010

1576845752.992000103

1576845752.993999958

1576845752.994999886

1576845752.999000072

1576845753.003000021

1576845753.003999949

1576845753.006000042

1576845753.007999897

1576845753.009999990

1576845753.012000084

1576845753.015000105

1576845753.019000053

1576845753.020999908

1576845753.023000002

1576845753.026999950

1576845753.029000044

1576845753.029999971

1576845753.032000065

1576845753.033999920

1576845753.039999962

1576845753.042999983

1576845753.045000076

1576845753.046999931

1576845753.049000025

1576845753.052000046

1576845753.053999901

1576845753.055999994

1576845753.062999964

1576845753.065000057

1576845753.066999912

1576845753.069000006

1576845753.071000099

1576845753.075000048

1576845753.075999975

1576845753.078999996

1576845753.082999945

1576845753.086999893

1576845753.088999987

1576845753.091000080

1576845753.092999935

1576845753.095000029

1576845753.098999977

1576845753.101000071

1576845753.105000019

1576845753.107000113

1576845753.111000061

1576845753.112999916

1576845753.114000082

1576845753.115999937

1576845753.118000031

1576845753.121999979

1576845753.125999928

1576845753.128000021

1576845753.130000114

1576845753.131999969

1576845753.134999990

1576845753.137000084

1576845753.138999939

1576845753.141000032

1576845753.147000074

1576845753.148999929

1576845753.151000023

1576845753.153000116

1576845753.154000044

1576845753.158999920

1576845753.161000013

1576845753.163000107

1576845753.174000025

1576845753.176000118

1576845753.177999973

1576845753.181999922

1576845753.183000088

1576845753.184999943

1576845753.187000036

1576845753.188999891

1576845753.194999933

1576845753.197000027

1576845753.198999882

1576845753.200999975

1576845753.204999924

1576845753.207000017

1576845753.209000111

1576845753.210999966

1576845753.217000008

1576845753.220000029

1576845753.221999884

1576845753.223999977

1576845753.226000071

1576845753.226999998

1576845753.230999947

1576845753.233000040

1576845753.236999989

1576845753.239000082

1576845753.243000031

1576845753.244999886

1576845753.246999979

1576845753.247999907

1576845753.250000000

1576845753.253999949

1576845753.259000063

1576845753.260999918

1576845753.262000084

1576845753.266000032

1576845753.267999887

1576845753.269999981

1576845753.272000074

1576845753.273999929

1576845753.279999971

1576845753.282000065

1576845753.283999920

1576845753.286000013

1576845753.289000034

1576845753.290999889

1576845753.292999983

1576845753.295000076

1576845753.302000046

1576845753.303999901

1576845753.305999994

1576845753.306999922

1576845753.309000015

1576845753.312999964

1576845753.315000057

1576845753.316999912

1576845753.321000099

1576845753.325000048

1576845753.326999903

1576845753.328999996

1576845753.331000090

1576845753.332999945

1576845753.336999893

1576845753.338999987

1576845753.342999935

1576845753.345000029

1576845753.348999977

1576845753.351000071

1576845753.352999926

1576845753.355000019

1576845753.355999947

1576845753.361000061

1576845753.365000010

1576845753.367000103

1576845753.368999958

1576845753.371999979

1576845753.374000072

1576845753.375999928

1576845753.378000021

1576845753.380000114

1576845753.385999918

1576845753.388000011

1576845753.390000105

1576845753.391999960

1576845753.392999887

1576845753.398000002

1576845753.400000095

1576845753.401999950

1576845753.405999899

1576845753.410000086

1576845753.411000013

1576845753.413000107

1576845753.414999962

1576845753.417000055

1576845753.418999910

1576845753.421999931

1576845753.426000118

1576845753.427999973

1576845753.430000067

1576845753.434000015

1576845753.434999943

1576845753.437000036

1576845753.438999891

1576845753.440999985

1576845753.447000027

1576845753.448999882

1576845753.450999975

1576845753.453000069

1576845753.457999945

1576845753.460000038

1576845753.461999893

1576845753.463999987

1576845753.470000029

1576845753.471999884

1576845753.473999977

1576845753.476000071

1576845753.477999926

1576845753.480999947

1576845753.483000040

1576845753.484999895

1576845753.489000082

1576845753.493000031

1576845753.494999886

1576845753.496999979

1576845753.497999907

1576845753.500000000

1576845753.503999949

1576845753.506000042

1576845753.509999990

1576845753.513000011

1576845753.516999960

1576845753.517999887

1576845753.519999981

1576845753.523000002

1576845753.525000095

1576845753.528000116

1576845753.532000065

1576845753.533999920

1576845753.536000013

1576845753.539999962

1576845753.542000055

1576845753.543999910

1576845753.545000076

1576845753.546999931

1576845753.552999973

1576845753.555000067

1576845753.558000088

1576845753.559000015

1576845753.562999964

1576845753.565000057

1576845753.566999912

1576845753.569000006

1576845753.575999975

1576845753.578000069

1576845753.579999924

1576845753.582000017

1576845753.584000111

1576845753.588000059

1576845753.589999914

1576845753.592000008

1576845753.595999956

1576845753.599999905

1576845753.601999998

1576845753.604000092

1576845753.605999947

1576845753.607000113

1576845753.608999968

1576845753.612999916

1576845753.615999937

1576845753.618000031

1576845753.619999886

1576845753.624000072

1576845753.625999928

1576845753.628000021

1576845753.630000114

1576845753.631999969

1576845753.637000084

1576845753.638999939

1576845753.641000032

1576845753.642999887

1576845753.644000053

1576845753.648000002

1576845753.650000095

1576845753.651999950

1576845753.655999899

1576845753.660000086

1576845753.661999941

1576845753.664000034

1576845753.668999910

1576845753.671999931

1576845753.676000118

1576845753.677999973

1576845753.680000067

1576845753.681999922

1576845753.684999943

1576845753.691999912

1576845753.696000099

1576845753.697999954

1576845753.701999903

1576845753.703999996

1576845753.707999945

1576845753.710000038

1576845753.710999966

1576845753.713000059

1576845753.714999914

1576845753.719000101

1576845753.723000050

1576845753.724999905

1576845753.726999998

1576845753.729000092

1576845753.732000113

1576845753.733999968

1576845753.736000061

1576845753.737999916

1576845753.743999958

1576845753.746000051

1576845753.749000072

1576845753.750999928

1576845753.753000021

1576845753.756999969

1576845753.759000063

1576845753.760999918

1576845753.766999960

1576845753.769000053

1576845753.770999908

1576845753.773000002

1576845753.775000095

1576845753.776999950

1576845753.779999971

1576845753.782000065

1576845753.786000013

1576845753.788000107

1576845753.792000055

1576845753.792999983

1576845753.795000076

1576845753.796999931

1576845753.799000025

1576845753.801000118

1576845753.805999994

1576845753.808000088

1576845753.809999943

1576845753.812000036

1576845753.815999985

1576845753.818000078

1576845753.819999933

1576845753.822000027

1576845753.828000069

1576845753.829999924

1576845753.832000017

1576845753.834000111

1576845753.835999966

1576845753.838999987

1576845753.841000080

1576845753.842999935

1576845753.846999884

1576845753.851000071

1576845753.852999926

1576845753.855000019

1576845753.857000113

1576845753.858999968

1576845753.862999916

1576845753.865000010

1576845753.868999958

1576845753.871000051

1576845753.875000000

1576845753.877000093

1576845753.878999949

1576845753.880000114

1576845753.881999969

1576845753.885999918

1576845753.890000105

1576845753.891999960

1576845753.894000053

1576845753.895999908

1576845753.898999929

1576845753.901000023

1576845753.903000116

1576845753.904999971

1576845753.911000013

1576845753.913000107

1576845753.914999962

1576845753.917000055

1576845753.918999910

1576845753.923000097

1576845753.924999952

1576845753.927000046

1576845753.930999994

1576845753.934999943

1576845753.937000036

1576845753.938999891

1576845753.940999985

1576845753.941999912

1576845753.944000006

1576845753.947999954

1576845753.951999903

1576845753.953999996

1576845753.959000111

1576845753.960999966

1576845753.963000059

1576845753.963999987

1576845753.966000080

1576845753.970000029

1576845753.973999977

1576845753.976000071

1576845753.977999926

1576845753.980000019

1576845753.983000040

1576845753.984999895

1576845753.986999989

1576845753.989000082

1576845753.993999958

1576845753.996000051

1576845753.997999907

1576845754.000000000

1576845754.002000093

1576845754.006000042

1576845754.007999897

1576845754.009000063

1576845754.013000011

1576845754.015000105

1576845754.019000053

1576845754.019999981

1576845754.022000074

1576845754.023999929

1576845754.026000023

1576845754.028000116

1576845754.032999992

1576845754.035000086

1576845754.036999941

1576845754.039000034

1576845754.042000055

1576845754.043999910

1576845754.046000004

1576845754.048000097

1576845754.055000067

1576845754.056999922

1576845754.059000015

1576845754.061000109

1576845754.062000036

1576845754.066999912

1576845754.069000006

1576845754.071000099

1576845754.073999882

1576845754.078000069

1576845754.079999924

1576845754.082000017

1576845754.082999945

1576845754.085000038

1576845754.088999987

1576845754.091000080

1576845754.096999884

1576845754.101999998

1576845754.104000092

1576845754.105999947

1576845754.108000040

1576845754.109999895

1576845754.111000061

1576845754.115000010

1576845754.118999958

1576845754.121000051

1576845754.122999907

1576845754.127000093

1576845754.128000021

1576845754.130000114

1576845754.131999969

1576845754.134000063

1576845754.140000105

1576845754.141999960

1576845754.145999908

1576845754.147000074

1576845754.151000023

1576845754.153000116

1576845754.154999971

1576845754.161999941

1576845754.164000034

1576845754.165999889

1576845754.167999983

1576845754.168999910

1576845754.173000097

1576845754.174999952

1576845754.177000046

1576845754.180999994

1576845754.184999943

1576845754.187000036

1576845754.188999891

1576845754.190999985

1576845754.193000078

1576845754.197000027

1576845754.198999882

1576845754.209000111

1576845754.210999966

1576845754.213000059

1576845754.214999914

1576845754.217000008

1576845754.220999956

1576845754.223000050

1576845754.224999905

1576845754.229000092

1576845754.233000040

1576845754.234999895

1576845754.236999989

1576845754.239000082

1576845754.240999937

1576845754.242000103

1576845754.246000051

1576845754.250000000

1576845754.252000093

1576845754.256000042

1576845754.257999897

1576845754.259999990

1576845754.262000084

1576845754.263999939

1576845754.265000105

1576845754.270999908

1576845754.273000002

1576845754.275000095

1576845754.278000116

1576845754.280999899

1576845754.282999992

1576845754.285000086

1576845754.286999941

1576845754.292999983

1576845754.295000076

1576845754.296999931

1576845754.299000025

1576845754.301000118

1576845754.302000046

1576845754.305999994

1576845754.308000088

1576845754.312999964

1576845754.315000057

1576845754.318000078

1576845754.319999933

1576845754.322000027

1576845754.323999882

1576845754.325999975

1576845754.329999924

1576845754.332999945

1576845754.335000038

1576845754.336999893

1576845754.338999987

1576845754.342000008

1576845754.344000101

1576845754.345999956

1576845754.348000050

1576845754.355000019

1576845754.357000113

1576845754.358999968

1576845754.361000061

1576845754.365000010

1576845754.365999937

1576845754.368000031

1576845754.369999886

1576845754.375999928

1576845754.378000021

1576845754.380000114

1576845754.381999969

1576845754.384000063

1576845754.385999918

1576845754.388999939

1576845754.391000032

1576845754.394999981

1576845754.397000074

1576845754.401000023

1576845754.401999950

1576845754.404000044

1576845754.405999899

1576845754.407999992

1576845754.410000086

1576845754.414999962

1576845754.417000055

1576845754.418999910

1576845754.421000004

1576845754.424000025

1576845754.426000118

1576845754.427999973

1576845754.430000067

1576845754.436000109

1576845754.437999964

1576845754.440000057

1576845754.441999912

1576845754.444000006

1576845754.446000099

1576845754.450000048

1576845754.450999975

1576845754.457000017

1576845754.460999966

1576845754.463000059

1576845754.464999914

1576845754.466000080

1576845754.467999935

1576845754.471999884

1576845754.473999977

1576845754.477999926

1576845754.480000019

1576845754.483999968

1576845754.486000061

1576845754.487999916

1576845754.489000082

1576845754.490999937

1576845754.493000031

1576845754.497999907

1576845754.500000000

1576845754.502000093

1576845754.503999949

1576845754.507999897

1576845754.509999990

1576845754.512000084

1576845754.513999939

1576845754.519999981

1576845754.522000074

1576845754.523999929

1576845754.526000023

1576845754.528000116

1576845754.532000065

1576845754.533999920

1576845754.536000013

1576845754.539999962

1576845754.543999910

1576845754.546000004

1576845754.548000097

1576845754.549999952

1576845754.551000118

1576845754.555000067

1576845754.558000088

1576845754.562000036

1576845754.563999891

1576845754.568000078

1576845754.569999933

1576845754.572000027

1576845754.573999882

1576845754.575999975

1576845754.578999996

1576845754.582999945

1576845754.585000038

1576845754.586999893

1576845754.591000080

1576845754.592999935

1576845754.595000029

1576845754.595999956

1576845754.598000050

1576845754.604000092

1576845754.605999947

1576845754.608000040

1576845754.609999895

1576845754.611999989

1576845754.615000010

1576845754.617000103

1576845754.618999958

1576845754.622999907

1576845754.627000093

1576845754.628999949

1576845754.631999969

1576845754.634000063

1576845754.634999990

1576845754.637000084

1576845754.641000032

1576845754.644999981

1576845754.647000074

1576845754.648999929

1576845754.653000116

1576845754.654999971

1576845754.655999899

1576845754.657999992

1576845754.660000086

1576845754.665999889

1576845754.667999983

1576845754.670000076

1576845754.671999931

1576845754.676000118

1576845754.677999973

1576845754.680000067

1576845754.681999922

1576845754.687999964

1576845754.690000057

1576845754.691999912

1576845754.694000006

1576845754.696000099

1576845754.698999882

1576845754.700999975

1576845754.703000069

1576845754.707000017

1576845754.710999966

1576845754.713000059

1576845754.714999914

1576845754.717000008

1576845754.723999977

1576845754.726000071

1576845754.727999926

1576845754.730999947

1576845754.734999895

1576845754.736999989

1576845754.739000082

1576845754.740999937

1576845754.742000103

1576845754.743999958

1576845754.747999907

1576845754.753000021

1576845754.755000114

1576845754.757999897

1576845754.759999990

1576845754.762000084

1576845754.763999939

1576845754.766000032

1576845754.769999981

1576845754.773999929

1576845754.776000023

1576845754.778000116

1576845754.779999971

1576845754.782999992

1576845754.785000086

1576845754.786999941

1576845754.788000107

1576845754.793999910

1576845754.796000004

1576845754.798000097

1576845754.799999952

1576845754.802000046

1576845754.806999922

1576845754.809000015

1576845754.811000109

1576845754.815000057

1576845754.819000006

1576845754.821000099

1576845754.822999954

1576845754.825000048

1576845754.826999903

1576845754.828999996

1576845754.832000017

1576845754.835999966

1576845754.838000059

1576845754.839999914

1576845754.844000101

1576845754.845000029

1576845754.846999884

1576845754.848999977

1576845754.851000071

1576845754.857000113

1576845754.858999968

1576845754.861000061

1576845754.862999916

1576845754.865999937

1576845754.868000031

1576845754.869999886

1576845754.871999979

1576845754.878000021

1576845754.880000114

1576845754.881999969

1576845754.884000063

1576845754.884999990

1576845754.887000084

1576845754.891000032

1576845754.892999887

1576845754.897000074

1576845754.898999929

1576845754.901999950

1576845754.904000044

1576845754.905999899

1576845754.907999992

1576845754.910000086

1576845754.914000034

1576845754.917999983

1576845754.920000076

1576845754.921999931

1576845754.924000025

1576845754.927999973

1576845754.930000067

1576845754.931999922

1576845754.933000088

1576845754.938999891

1576845754.940999985

1576845754.943000078

1576845754.944999933

1576845754.947000027

1576845754.950999975

1576845754.953000069

1576845754.954999924

1576845754.960999966

1576845754.963000059

1576845754.964999914

1576845754.967000008

1576845754.969000101

1576845754.970999956

1576845754.973999977

1576845754.976000071

1576845754.980000019

1576845754.982000113

1576845754.986000061

1576845754.987999916

1576845754.990000010

1576845754.992000103

1576845754.993999958

1576845754.997999907

1576845755.002000093

1576845755.003999949

1576845755.006000042

1576845755.007999897

1576845755.010999918

1576845755.013000011

1576845755.015000105

1576845755.016999960

1576845755.023000002

1576845755.025000095

1576845755.026999950

1576845755.029000044

1576845755.030999899

1576845755.035000086

1576845755.036000013

1576845755.038000107

1576845755.042000055

1576845755.046000004

1576845755.048000097

1576845755.049999952

1576845755.052000046

1576845755.053999901

1576845755.058000088

1576845755.059999943

1576845755.063999891

1576845755.065999985

1576845755.069000006

1576845755.071000099

1576845755.072999954

1576845755.075000048

1576845755.076999903

1576845755.078999996

1576845755.084000111

1576845755.085999966

1576845755.088000059

1576845755.089999914

1576845755.092999935

1576845755.095999956

1576845755.098000050

1576845755.099999905

1576845755.105000019

1576845755.107000113

1576845755.108999968

1576845755.111000061

1576845755.111999989

1576845755.114000082

1576845755.118000031

1576845755.119999886

1576845755.124000072

1576845755.125999928

1576845755.128999949

1576845755.131000042

1576845755.132999897

1576845755.134999990

1576845755.137000084

1576845755.138999939

1576845755.144000053

1576845755.145999908

1576845755.148000002

1576845755.151999950

1576845755.154000044

1576845755.155999899

1576845755.157999992

1576845755.161000013

1576845755.167000055

1576845755.168999910

1576845755.171000004

1576845755.173000097

1576845755.174999952

1576845755.177999973

1576845755.180000067

1576845755.181999922

1576845755.186000109

1576845755.190000057

1576845755.191999912

1576845755.194000006

1576845755.194999933

1576845755.197000027

1576845755.200999975

1576845755.203000069

1576845755.207000017

1576845755.209000111

1576845755.213000059

1576845755.214999914

1576845755.217000008

1576845755.219000101

1576845755.220999956

1576845755.221999884

1576845755.232000113

1576845755.233999968

1576845755.237999916

1576845755.240000010

1576845755.242000103

1576845755.243000031

1576845755.246000051

1576845755.250000000

1576845755.253999949

1576845755.256000042

1576845755.259999990

1576845755.262000084

1576845755.263999939

1576845755.265000105

1576845755.266999960

1576845755.269000053

1576845755.273999929

1576845755.276000023

1576845755.278000116

1576845755.279999971

1576845755.282000065

1576845755.285000086

1576845755.286999941

1576845755.289000034

1576845755.292999983

1576845755.296999931

1576845755.299000025

1576845755.301000118

1576845755.302999973

1576845755.303999901

1576845755.309000015

1576845755.311000109

1576845755.315000057

1576845755.316999912

1576845755.319999933

1576845755.322000027

1576845755.323999882

1576845755.325999975

1576845755.328000069

1576845755.329999924

1576845755.335999966

1576845755.338000059

1576845755.339999914

1576845755.342000008

1576845755.345000029

1576845755.346999884

1576845755.349999905

1576845755.351999998

1576845755.357000113

1576845755.358999968

1576845755.361000061

1576845755.362999916

1576845755.364000082

1576845755.368000031

1576845755.369999886

1576845755.371999979

1576845755.375999928

1576845755.380000114

1576845755.381999969

1576845755.384000063

1576845755.384999990

1576845755.388000011

1576845755.390000105

1576845755.392999887

1576845755.397000074

1576845755.398999929

1576845755.401000023

1576845755.404999971

1576845755.407000065

1576845755.407999992

1576845755.410000086

1576845755.411999941

1576845755.417999983

1576845755.420000076

1576845755.424000025

1576845755.426000118

1576845755.428999901

1576845755.430999994

1576845755.433000088

1576845755.437000036

1576845755.440999985

1576845755.443000078

1576845755.444999933

1576845755.446000099

1576845755.448999882

1576845755.451999903

1576845755.453999996

1576845755.457999945

1576845755.460000038

1576845755.463000059

1576845755.464999914

1576845755.467000008

1576845755.469000101

1576845755.470999956

1576845755.474999905

1576845755.479000092

1576845755.480999947

1576845755.483000040

1576845755.484999895

1576845755.487999916

1576845755.490000010

1576845755.492000103

1576845755.493000031

1576845755.499000072

1576845755.500999928

1576845755.503000021

1576845755.505000114

1576845755.506999969

1576845755.509000063

1576845755.513000011

1576845755.515000105

1576845755.519000053

1576845755.520999908

1576845755.523999929

1576845755.526000023

1576845755.528000116

1576845755.529999971

1576845755.532000065

1576845755.536000013

1576845755.539999962

1576845755.542000055

1576845755.543999910

1576845755.548000097

1576845755.549999952

1576845755.552000046

1576845755.553999901

1576845755.555999994

1576845755.562000036

1576845755.563999891

1576845755.565999985

1576845755.568000078

1576845755.571000099

1576845755.572999954

1576845755.575000048

1576845755.576999903

1576845755.582999945

1576845755.585000038

1576845755.586999893

1576845755.588999987

1576845755.591000080

1576845755.595000029

1576845755.596999884

1576845755.598999977

1576845755.602999926

1576845755.607000113

1576845755.608999968

1576845755.611000061

1576845755.611999989

1576845755.614000082

1576845755.615999937

1576845755.619999886

1576845755.624000072

1576845755.625999928

1576845755.628000021

1576845755.631000042

1576845755.632999897

1576845755.634999990

1576845755.637000084

1576845755.638999939

1576845755.644999981

1576845755.648000002

1576845755.653000116

1576845755.654999971

1576845755.657000065

1576845755.658999920

1576845755.661000013

1576845755.663000107

1576845755.668999910

1576845755.671000004

1576845755.673000097

1576845755.674000025

1576845755.677999973

1576845755.680000067

1576845755.681999922

1576845755.684000015

1576845755.690999985

1576845755.693000078

1576845755.694999933

1576845755.697000027

1576845755.698999882

1576845755.700999975

1576845755.703999996

1576845755.706000090

1576845755.710000038

1576845755.711999893

1576845755.714999914

1576845755.717000008

1576845755.719000101

1576845755.720999956

1576845755.723000050

1576845755.726999998

1576845755.730999947

1576845755.733000040

1576845755.734999895

1576845755.739000082

1576845755.740999937

1576845755.746999979

1576845755.750999928

1576845755.753000021

1576845755.756999969

1576845755.759000063

1576845755.762000084

1576845755.763999939

1576845755.766000032

1576845755.767999887

1576845755.769999981

1576845755.772000074

1576845755.776999950

1576845755.779000044

1576845755.780999899

1576845755.782999992

1576845755.786999941

1576845755.789000034

1576845755.790999889

1576845755.792999983

1576845755.798000097

1576845755.799999952

1576845755.802000046

1576845755.803999901

1576845755.805999994

1576845755.809999943

1576845755.812000036

1576845755.813999891

1576845755.818000078

1576845755.822000027

1576845755.823999882

1576845755.825999975

1576845755.828000069

1576845755.829999924

1576845755.832000017

1576845755.835000038

1576845755.838999987

1576845755.841000080

1576845755.842999935

1576845755.846999884

1576845755.848999977

1576845755.851000071

1576845755.852999926

1576845755.857000113

1576845755.861000061

1576845755.862999916

1576845755.865999937

1576845755.868000031

1576845755.871000051

1576845755.872999907

1576845755.875000000

1576845755.875999928

1576845755.881999969

1576845755.884000063

1576845755.885999918

1576845755.888000011

1576845755.890000105

1576845755.891999960

1576845755.894999981

1576845755.897000074

1576845755.901000023

1576845755.903000116

1576845755.905999899

1576845755.907999992

1576845755.910000086

1576845755.911999941

1576845755.914000034

1576845755.917999983

1576845755.921999931

1576845755.924000025

1576845755.926000118

1576845755.930000067

1576845755.931999922

1576845755.934000015

1576845755.936000109

1576845755.937000036

1576845755.943000078

1576845755.944999933

1576845755.947999954

1576845755.950000048

1576845755.953000069

1576845755.954999924

1576845755.957000017

1576845755.959000111

1576845755.964999914

1576845755.967000008

1576845755.969000101

1576845755.970999956

1576845755.973000050

1576845755.973999977

1576845755.977999926

1576845755.980000019

1576845755.983999968

1576845755.986000061

1576845755.989000082

1576845755.990999937

1576845755.993000031

1576845755.994999886

1576845755.996999979

1576845755.999000072

1576845756.003999949

1576845756.006000042

1576845756.007999897

1576845756.009999990

1576845756.013000011

1576845756.015000105

1576845756.016999960

1576845756.019000053

1576845756.025000095

1576845756.026999950

1576845756.029000044

1576845756.030999899

1576845756.032999992

1576845756.035000086

1576845756.038000107

1576845756.039999962

1576845756.045000076

1576845756.049000025

1576845756.052000046

1576845756.053999901

1576845756.055999994

1576845756.056999922

1576845756.061000109

1576845756.062999964

1576845756.066999912

1576845756.069000006

1576845756.072999954

1576845756.075000048

1576845756.076999903

1576845756.078999996

1576845756.079999924

1576845756.082000017

1576845756.088000059

1576845756.089999914

1576845756.092999935

1576845756.095000029

1576845756.098000050

1576845756.099999905

1576845756.101999998

1576845756.104000092

1576845756.109999895

1576845756.111999989

1576845756.114000082

1576845756.115999937

1576845756.117000103

1576845756.121000051

1576845756.122999907

1576845756.125000000

1576845756.128999949

1576845756.132999897

1576845756.134999990

1576845756.137000084

1576845756.138999939

1576845756.141000032

1576845756.141999960

1576845756.147000074

1576845756.151000023

1576845756.153000116

1576845756.155999899

1576845756.157999992

1576845756.160000086

1576845756.161999941

1576845756.164000034

1576845756.167999983

1576845756.171999931

1576845756.174000025

1576845756.176000118

1576845756.180000067

1576845756.181999922

1576845756.184000015

1576845756.186000109

1576845756.187000036

1576845756.193000078

1576845756.194999933

1576845756.197000027

1576845756.198999882

1576845756.200999975

1576845756.203999996

1576845756.206000090

1576845756.207999945

1576845756.211999893

1576845756.216000080

1576845756.219000101

1576845756.220999956

1576845756.223000050

1576845756.223999977

1576845756.226000071

1576845756.230000019

1576845756.234999895

1576845756.236999989

1576845756.240999937

1576845756.243000031

1576845756.244999886

1576845756.246999979

1576845756.249000072

1576845756.252000093

1576845756.256999969

1576845756.259000063

1576845756.260999918

1576845756.265000105

1576845756.266000032

1576845756.267999887

1576845756.269999981

1576845756.276999950

1576845756.280999899

1576845756.282999992

1576845756.285000086

1576845756.288000107

1576845756.289999962

1576845756.292000055

1576845756.293999910

1576845756.296000004

1576845756.302000046

1576845756.303999901

1576845756.305999994

1576845756.308000088

1576845756.309999943

1576845756.312999964

1576845756.315000057

1576845756.316999912

1576845756.321000099

1576845756.325000048

1576845756.326999903

1576845756.328999996

1576845756.329999924

1576845756.332000017

1576845756.335999966

1576845756.338000059

1576845756.342000008

1576845756.344000101

1576845756.348000050

1576845756.349999905

1576845756.351999998

1576845756.354000092

1576845756.355999947

1576845756.359999895

1576845756.364000082

1576845756.365999937

1576845756.367000103

1576845756.371000051

1576845756.372999907

1576845756.375000000

1576845756.377000093

1576845756.378999949

1576845756.384999990

1576845756.387000084

1576845756.388999939

1576845756.391000032

1576845756.395999908

1576845756.398000002

1576845756.400000095

1576845756.401000023

1576845756.404999971

1576845756.408999920

1576845756.411000013

1576845756.413000107

1576845756.414999962

1576845756.417000055

1576845756.421000004

1576845756.423000097

1576845756.427000046

1576845756.428999901

1576845756.431999922

1576845756.434000015

1576845756.436000109

1576845756.437999964

1576845756.440000057

1576845756.444000006

1576845756.447999954

1576845756.450000048

1576845756.451999903

1576845756.456000090

1576845756.457999945

1576845756.460000038

1576845756.460999966

1576845756.463000059

1576845756.469000101

1576845756.470999956

1576845756.473000050

1576845756.474999905

1576845756.476999998

1576845756.480000019

1576845756.482000113

1576845756.483999968

1576845756.487999916

1576845756.490999937

1576845756.493000031

1576845756.494999886

1576845756.496999979

1576845756.497999907

1576845756.500000000

1576845756.503999949

1576845756.507999897

1576845756.509999990

1576845756.512000084

1576845756.515000105

1576845756.516999960

1576845756.519000053

1576845756.520999908

1576845756.523000002

1576845756.529999971

1576845756.532000065

1576845756.533999920

1576845756.535000086

1576845756.539999962

1576845756.542000055

1576845756.545000076

1576845756.546000004

1576845756.552000046

1576845756.553999901

1576845756.555999994

1576845756.558000088

1576845756.562000036

1576845756.563999891

1576845756.565999985

1576845756.566999912

1576845756.572000027

1576845756.575000048

1576845756.576999903

1576845756.578999996

1576845756.581000090

1576845756.582999945

1576845756.586999893

1576845756.588999987

1576845756.592999935

1576845756.595000029

1576845756.598999977

1576845756.601000071

1576845756.602999926

1576845756.605000019

1576845756.605999947

1576845756.608000040

1576845756.614000082

1576845756.617000103

1576845756.618000031

1576845756.619999886

1576845756.624000072

1576845756.625999928

1576845756.628000021

1576845756.628999949

1576845756.634999990

1576845756.637000084

1576845756.638999939

1576845756.641000032

1576845756.642999887

1576845756.647000074

1576845756.648999929

1576845756.651000023

1576845756.654999971

1576845756.658999920

1576845756.661000013

1576845756.663000107

1576845756.664999962

1576845756.667000055

1576845756.671000004

1576845756.673000097

1576845756.677000046

1576845756.678999901

1576845756.681999922

1576845756.684000015

1576845756.686000109

1576845756.687999964

1576845756.690000057

1576845756.694000006

1576845756.697999954

1576845756.700000048

1576845756.701999903

1576845756.703000069

1576845756.707000017

1576845756.709000111

1576845756.710999966

1576845756.713000059

1576845756.719000101

1576845756.720999956

1576845756.723000050

1576845756.724999905

1576845756.726000071

1576845756.730000019

1576845756.732000113

1576845756.733999968

1576845756.737999916

1576845756.743000031

1576845756.744999886

1576845756.747999907

1576845756.749000072

1576845756.750999928

1576845756.753999949

1576845756.756000042

1576845756.759999990

1576845756.762000084

1576845756.763999939

1576845756.766999960

1576845756.769000053

1576845756.770999908

1576845756.772000074

1576845756.775000095

1576845756.779999971

1576845756.782000065

1576845756.789000034

1576845756.790999889

1576845756.792999983

1576845756.795000076

1576845756.796999931

1576845756.798000097

1576845756.803999901

1576845756.805999994

1576845756.808000088

1576845756.809999943

1576845756.812000036

1576845756.815000057

1576845756.816999912

1576845756.819000006

1576845756.822999954

1576845756.825999975

1576845756.828999996

1576845756.831000090

1576845756.832999945

1576845756.834000111

1576845756.838999987

1576845756.841000080

1576845756.845000029

1576845756.848999977

1576845756.851000071

1576845756.852999926

1576845756.855000019

1576845756.857000113

1576845756.861000061

1576845756.862999916

1576845756.867000103

1576845756.868999958

1576845756.872999907

1576845756.875000000

1576845756.877000093

1576845756.878000021

1576845756.880000114

1576845756.881999969

1576845756.887000084

1576845756.888999939

1576845756.891000032

1576845756.892999887

1576845756.895999908

1576845756.898999929

1576845756.901000023

1576845756.903000116

1576845756.907000065

1576845756.911000013

1576845756.913000107

1576845756.914999962

1576845756.917000055

1576845756.918999910

1576845756.921999931

1576845756.924000025

1576845756.927999973

1576845756.930000067

1576845756.934000015

1576845756.936000109

1576845756.937999964

1576845756.940000057

1576845756.941999912

1576845756.944999933

1576845756.950000048

1576845756.951999903

1576845756.953000069

1576845756.957000017

1576845756.959000111

1576845756.960999966

1576845756.963000059

1576845756.964999914

1576845756.970999956

1576845756.973000050

1576845756.974999905

1576845756.976999998

1576845756.979000092

1576845756.982000113

1576845756.983999968

1576845756.986000061

1576845756.990000010

1576845756.993000031

1576845756.994999886

1576845756.996999979

1576845756.999000072

1576845757.000999928

1576845757.003000021

1576845757.006000042

1576845757.009999990

1576845757.012000084

1576845757.013000011

1576845757.016999960

1576845757.019000053

1576845757.023000002

1576845757.023999929

1576845757.026000023

1576845757.032000065

1576845757.033999920

1576845757.036000013

1576845757.038000107

1576845757.042000055

1576845757.045000076

1576845757.046000004

1576845757.048000097

1576845757.053999901

1576845757.055999994

1576845757.058000088

1576845757.059000015

1576845757.062000036

1576845757.065000057

1576845757.066999912

1576845757.069000006

1576845757.072999954

1576845757.076999903

1576845757.078999996

1576845757.081000090

1576845757.082000017

1576845757.084000111

1576845757.085999966

1576845757.088999987

1576845757.094000101

1576845757.095999956

1576845757.098000050

1576845757.101000071

1576845757.102999926

1576845757.105000019

1576845757.107000113

1576845757.108999968

1576845757.115000010

1576845757.117000103

1576845757.118999958

1576845757.119999886

1576845757.121999979

1576845757.125999928

1576845757.128000021

1576845757.130000114

1576845757.134000063

1576845757.138000011

1576845757.138999939

1576845757.141999960

1576845757.144000053

1576845757.148999929

1576845757.151000023

1576845757.153000116

1576845757.157000065

1576845757.161000013

1576845757.163000107

1576845757.164999962

1576845757.167000055

1576845757.168999910

1576845757.171000004

1576845757.174000025

1576845757.177999973

1576845757.180000067

1576845757.180999994

1576845757.184999943

1576845757.187000036

1576845757.188999891

1576845757.190999985

1576845757.193000078

1576845757.198999882

1576845757.200999975

1576845757.203000069

1576845757.204999924

1576845757.207000017

1576845757.210000038

1576845757.211999893

1576845757.213999987

1576845757.217999935

1576845757.221999884

1576845757.223000050

1576845757.224999905

1576845757.226999998

1576845757.229000092

1576845757.233000040

1576845757.234999895

1576845757.239000082

1576845757.240999937

1576845757.244999886

1576845757.246999979

1576845757.249000072

1576845757.250999928

1576845757.253000021

1576845757.256000042

1576845757.259999990

1576845757.262000084

1576845757.263999939

1576845757.267999887

1576845757.269999981

1576845757.273000002

1576845757.273999929

1576845757.276000023

1576845757.282000065

1576845757.283999920

1576845757.286000013

1576845757.288000107

1576845757.289999962

1576845757.293999910

1576845757.296000004

1576845757.302000046

1576845757.308000088

1576845757.309999943

1576845757.312000036

1576845757.313999891

1576845757.316999912

1576845757.319000006

1576845757.321000099

1576845757.322999954

1576845757.328999996

1576845757.331000090

1576845757.332999945

1576845757.335000038

1576845757.336999893

1576845757.338000059

1576845757.342000008

1576845757.345000029

1576845757.348999977

1576845757.351999998

1576845757.354000092

1576845757.355999947

1576845757.358000040

1576845757.359999895

1576845757.361999989

1576845757.365000010

1576845757.368999958

1576845757.371000051

1576845757.371999979

1576845757.375999928

1576845757.378000021

1576845757.380000114

1576845757.381999969

1576845757.384000063

1576845757.390000105

1576845757.391999960

1576845757.394000053

1576845757.395999908

1576845757.398999929

1576845757.401999950

1576845757.404000044

1576845757.405999899

1576845757.410000086

1576845757.414000034

1576845757.415999889

1576845757.417999983

1576845757.420000076

1576845757.421000004

1576845757.424999952

1576845757.427000046

1576845757.430999994

1576845757.433000088

1576845757.437000036

1576845757.437999964

1576845757.440999985

1576845757.441999912

1576845757.444000006

1576845757.447999954

1576845757.451999903

1576845757.453999996

1576845757.456000090

1576845757.460000038

1576845757.461999893

1576845757.463999987

1576845757.464999914

1576845757.467000008

1576845757.473000050

1576845757.474999905

1576845757.476999998

1576845757.479000092

1576845757.480999947

1576845757.483999968

1576845757.486000061

1576845757.487999916

1576845757.492000103

1576845757.496000051

1576845757.497999907

1576845757.499000072

1576845757.500999928

1576845757.503000021

1576845757.505000114

1576845757.507999897

1576845757.513000011

1576845757.515000105

1576845757.516999960

1576845757.519999981

1576845757.522000074

1576845757.525000095

1576845757.526999950

1576845757.529000044

1576845757.535000086

1576845757.536999941

1576845757.539000034

1576845757.542000055

1576845757.545000076

1576845757.546999931

1576845757.549000025

1576845757.551000118

1576845757.556999922

1576845757.559000015

1576845757.561000109

1576845757.562000036

1576845757.563999891

1576845757.568000078

1576845757.569999933

1576845757.571000099

1576845757.575999975

1576845757.579999924

1576845757.582000017

1576845757.582999945

1576845757.585000038

1576845757.586999893

1576845757.588999987

1576845757.592000008

1576845757.595999956

1576845757.598000050

1576845757.599999905

1576845757.601999998

1576845757.605000019

1576845757.607000113

1576845757.608999968

1576845757.611000061

1576845757.617000103

1576845757.618999958

1576845757.621000051

1576845757.621999979

1576845757.624000072

1576845757.628000021

1576845757.630000114

1576845757.631999969

1576845757.635999918

1576845757.640000105

1576845757.641999960

1576845757.644000053

1576845757.645999908

1576845757.648000002

1576845757.653000116

1576845757.654999971

1576845757.658999920

1576845757.661000013

1576845757.664999962

1576845757.667000055

1576845757.668999910

1576845757.671999931

1576845757.674000025

1576845757.677000046

1576845757.681999922

1576845757.684000015

1576845757.684999943

1576845757.688999891

1576845757.690999985

1576845757.693000078

1576845757.694999933

1576845757.696000099

1576845757.701999903

1576845757.703999996

1576845757.706000090

1576845757.707999945

1576845757.709000111

1576845757.713000059

1576845757.714999914

1576845757.717000008

1576845757.720999956

1576845757.724999905

1576845757.726999998

1576845757.729000092

1576845757.730999947

1576845757.732000113

1576845757.736000061

1576845757.739000082

1576845757.743000031

1576845757.744999886

1576845757.747999907

1576845757.750000000

1576845757.752000093

1576845757.753999949

1576845757.756000042

1576845757.759999990

1576845757.763999939

1576845757.766000032

1576845757.767999887

1576845757.772000074

1576845757.773999929

1576845757.776999950

1576845757.778000116

1576845757.779999971

1576845757.786000013

1576845757.788000107

1576845757.789999962

1576845757.792000055

1576845757.792999983

1576845757.796999931

1576845757.799000025

1576845757.801000118

1576845757.805000067

1576845757.809000015

1576845757.815000057

1576845757.816999912

1576845757.821000099

1576845757.822999954

1576845757.825000048

1576845757.826999903

1576845757.832999945

1576845757.835000038

1576845757.836999893

1576845757.838999987

1576845757.842000008

1576845757.845000029

1576845757.846999884

1576845757.848999977

1576845757.852999926

1576845757.855999947

1576845757.858000040

1576845757.859999895

1576845757.861999989

1576845757.864000082

1576845757.868000031

1576845757.869999886

1576845757.874000072

1576845757.875999928

1576845757.878999949

1576845757.881000042

1576845757.882999897

1576845757.884999990

1576845757.887000084

1576845757.888999939

1576845757.894999981

1576845757.897000074

1576845757.898999929

1576845757.901000023

1576845757.904999971

1576845757.907000065

1576845757.908999920

1576845757.911000013

1576845757.917000055

1576845757.918999910

1576845757.921000004

1576845757.923000097

1576845757.924999952

1576845757.927999973

1576845757.930000067

1576845757.931999922

1576845757.936000109

1576845757.937999964

1576845757.941999912

1576845757.944000006

1576845757.946000099

1576845757.947000027

1576845757.948999882

1576845757.953000069

1576845757.957000017

1576845757.959000111

1576845757.960999966

1576845757.963999987

1576845757.966000080

1576845757.967999935

1576845757.970000029

1576845757.971999884

1576845757.977999926

1576845757.980000019

1576845757.982000113

1576845757.983999968

1576845757.986000061

1576845757.989000082

1576845757.990999937

1576845757.993000031

1576845757.996999979

1576845758.000999928

1576845758.002000093

1576845758.003999949

1576845758.006000042

1576845758.007999897

1576845758.012000084

1576845758.013999939

1576845758.017999887

1576845758.019999981

1576845758.023999929

1576845758.026000023

1576845758.026999950

1576845758.030999899

1576845758.032000065

1576845758.033999920

1576845758.039999962

1576845758.042000055

1576845758.043999910

1576845758.048000097

1576845758.049999952

1576845758.052000046

1576845758.053999901

1576845758.055000067

1576845758.061000109

1576845758.062999964

1576845758.065000057

1576845758.065999985

1576845758.068000078

1576845758.072000027

1576845758.073999882

1576845758.075999975

1576845758.081000090

1576845758.084000111

1576845758.085999966

1576845758.088000059

1576845758.091000080

1576845758.092999935

1576845758.095999956

1576845758.098000050

1576845758.101999998

1576845758.104000092

1576845758.105999947

1576845758.108999968

1576845758.111000061

1576845758.112999916

1576845758.114000082

1576845758.115999937

1576845758.121999979

1576845758.124000072

1576845758.125999928

1576845758.127000093

1576845758.130000114

1576845758.132999897

1576845758.134999990

1576845758.137000084

1576845758.142999887

1576845758.145999908

1576845758.148000002

1576845758.150000095

1576845758.151999950

1576845758.155999899

1576845758.157999992

1576845758.160000086

1576845758.164000034

1576845758.167999983

1576845758.170000076

1576845758.171999931

1576845758.174000025

1576845758.176000118

1576845758.177999973

1576845758.180999994

1576845758.184999943

1576845758.187000036

1576845758.188999891

1576845758.191999912

1576845758.194000006

1576845758.196000099

1576845758.197999954

1576845758.200000048

1576845758.207000017

1576845758.209000111

1576845758.210999966

1576845758.213000059

1576845758.216000080

1576845758.217999935

1576845758.220000029

1576845758.221999884

1576845758.227999926

1576845758.230000019

1576845758.232000113

1576845758.233999968

1576845758.234999895

1576845758.237999916

1576845758.242000103

1576845758.243999958

1576845758.247999907

1576845758.252000093

1576845758.253999949

1576845758.256000042

1576845758.257999897

1576845758.259000063

1576845758.263000011

1576845758.265000105

1576845758.269000053

1576845758.270999908

1576845758.275000095

1576845758.276999950

1576845758.279000044

1576845758.282000065

1576845758.282999992

1576845758.285000086

1576845758.290999889

1576845758.292999983

1576845758.295000076

1576845758.296000004

1576845758.299999952

1576845758.302000046

1576845758.303999901

1576845758.305999994

1576845758.312000036

1576845758.313999891

1576845758.315999985

1576845758.318000078

1576845758.319000006

1576845758.321000099

1576845758.325000048

1576845758.331000090

1576845758.336999893

1576845758.338999987

1576845758.341000080

1576845758.342999935

1576845758.346999884

1576845758.348999977

1576845758.351000071

1576845758.352999926

1576845758.358999968

1576845758.361000061

1576845758.362999916

1576845758.365000010

1576845758.365999937

1576845758.368000031

1576845758.371999979

1576845758.374000072

1576845758.378000021

1576845758.380000114

1576845758.382999897

1576845758.384999990

1576845758.387000084

1576845758.388999939

1576845758.391000032

1576845758.392999887

1576845758.398000002

1576845758.400000095

1576845758.401999950

1576845758.404999971

1576845758.408999920

1576845758.411000013

1576845758.411999941

1576845758.414000034

1576845758.420000076

1576845758.421999931

1576845758.424000025

1576845758.426000118

1576845758.427999973

1576845758.430000067

1576845758.433000088

1576845758.434999943

1576845758.438999891

1576845758.443000078

1576845758.444999933

1576845758.447000027

1576845758.448999882

1576845758.450999975

1576845758.453999996

1576845758.456000090

1576845758.460000038

1576845758.461999893

1576845758.463999987

1576845758.467000008

1576845758.469000101

1576845758.470999956

1576845758.473000050

1576845758.474999905

1576845758.480999947

1576845758.483000040

1576845758.484999895

1576845758.486999989

1576845758.490000010

1576845758.492000103

1576845758.493999958

1576845758.496000051

1576845758.500000000

1576845758.503000021

1576845758.505000114

1576845758.506999969

1576845758.509000063

1576845758.509999990

1576845758.513000011

1576845758.516000032

1576845758.519999981

1576845758.522000074

1576845758.523999929

1576845758.526999950

1576845758.529000044

1576845758.530999899

1576845758.533999920

1576845758.536000013

1576845758.542000055

1576845758.543999910

1576845758.546000004

1576845758.548000097

1576845758.551000118

1576845758.552999973

1576845758.555000067

1576845758.556999922

1576845758.562999964

1576845758.565000057

1576845758.566999912

1576845758.569000006

1576845758.571000099

1576845758.572999954

1576845758.575999975

1576845758.578000069

1576845758.582000017

1576845758.584000111

1576845758.586999893

1576845758.588999987

1576845758.591000080

1576845758.592999935

1576845758.595000029

1576845758.598000050

1576845758.602999926

1576845758.605000019

1576845758.607000113

1576845758.609999895

1576845758.611999989

1576845758.615000010

1576845758.617000103

1576845758.618000031

1576845758.624000072

1576845758.625999928

1576845758.628000021

1576845758.630000114

1576845758.631000042

1576845758.634999990

1576845758.637000084

1576845758.638999939

1576845758.644000053

1576845758.647000074

1576845758.648999929

1576845758.651000023

1576845758.653000116

1576845758.654999971

1576845758.660000086

1576845758.661999941

1576845758.665999889

1576845758.667999983

1576845758.671000004

1576845758.673000097

1576845758.674999952

1576845758.677000046

1576845758.678999901

1576845758.680999994

1576845758.687000036

1576845758.688999891

1576845758.690999985

1576845758.694999933

1576845758.697000027

1576845758.698999882

1576845758.700999975

1576845758.703000069

1576845758.709000111

1576845758.710999966

1576845758.711999893

1576845758.713999987

1576845758.716000080

1576845758.720000029

1576845758.720999956

1576845758.723999977

1576845758.727999926

1576845758.730999947

1576845758.733000040

1576845758.734999895

1576845758.736999989

1576845758.740000010

1576845758.743999958

1576845758.746000051

1576845758.750000000

1576845758.752000093

1576845758.755000114

1576845758.756999969

1576845758.759000063

1576845758.760999918

1576845758.763000011

1576845758.766999960

1576845758.770999908

1576845758.773000002

1576845758.775000095

1576845758.779000044

1576845758.779999971

1576845758.782000065

1576845758.785000086

1576845758.786999941

1576845758.792999983

1576845758.795000076

1576845758.796999931

1576845758.798000097

1576845758.799999952

1576845758.803999901

1576845758.805999994

1576845758.808000088

1576845758.812000036

1576845758.815999985

1576845758.818000078

1576845758.819999933

1576845758.822000027

1576845758.822999954

1576845758.825999975

1576845758.828999996

1576845758.832999945

1576845758.835000038

1576845758.836999893

1576845758.845999956

1576845758.848000050

1576845758.851000071

1576845758.852999926

1576845758.855000019

1576845758.858999968

1576845758.862999916

1576845758.865000010

1576845758.867000103

1576845758.868000031

1576845758.869999886

1576845758.871999979

1576845758.875999928

1576845758.880000114

1576845758.881999969

1576845758.884000063

1576845758.888000011

1576845758.890000105

1576845758.891000032

1576845758.892999887

1576845758.894999981

1576845758.901000023

1576845758.903000116

1576845758.904999971

1576845758.905999899

1576845758.907999992

1576845758.913000107

1576845758.914999962

1576845758.917000055

1576845758.921000004

1576845758.924000025

1576845758.926000118

1576845758.927999973

1576845758.930000067

1576845758.931999922

1576845758.934000015

1576845758.937000036

1576845758.941999912

1576845758.944000006

1576845758.947000027

1576845758.950000048

1576845758.950999975

1576845758.953000069

1576845758.954999924

1576845758.959000111

1576845758.963000059

1576845758.964999914

1576845758.967000008

1576845758.969000101

1576845758.971999884

1576845758.973999977

1576845758.974999905

1576845758.976999998

1576845758.983999968

1576845758.986000061

1576845758.987999916

1576845758.990000010

1576845758.990999937

1576845758.996000051

1576845758.996999979

1576845758.999000072

1576845759.003000021

1576845759.006999969

1576845759.009000063

1576845759.010999918

1576845759.013000011

1576845759.015000105

1576845759.019000053

1576845759.020999908

1576845759.025000095

1576845759.026999950

1576845759.029999971

1576845759.032000065

1576845759.033999920

1576845759.036999941

1576845759.039000034

1576845759.043999910

1576845759.049000025

1576845759.049999952

1576845759.052000046

1576845759.055999994

1576845759.058000088

1576845759.059999943

1576845759.062000036

1576845759.062999964

1576845759.069999933

1576845759.072000027

1576845759.073999882

1576845759.075999975

1576845759.078999996

1576845759.081000090

1576845759.082999945

1576845759.085000038

1576845759.088999987

1576845759.092000008

1576845759.095000029

1576845759.096999884

1576845759.098999977

1576845759.099999905

1576845759.104000092

1576845759.105999947

1576845759.109999895

1576845759.111999989

1576845759.115000010

1576845759.118000031

1576845759.119999886

1576845759.121000051

1576845759.122999907

1576845759.125000000

1576845759.131000042

1576845759.132999897

1576845759.134999990

1576845759.137000084

1576845759.141000032

1576845759.142999887

1576845759.144999981

1576845759.147000074

1576845759.153000116

1576845759.154999971

1576845759.157000065

1576845759.158999920

1576845759.160000086

1576845759.164999962

1576845759.167000055

1576845759.167999983

1576845759.173000097

1576845759.176000118

1576845759.177999973

1576845759.180000067

1576845759.181999922

1576845759.184000015

1576845759.186000109

1576845759.188999891

1576845759.193000078

1576845759.194999933

1576845759.196000099

1576845759.200000048

1576845759.201999903

1576845759.203999996

1576845759.206000090

1576845759.207999945

1576845759.213999987

1576845759.216000080

1576845759.217999935

1576845759.219000101

1576845759.223000050

1576845759.224999905

1576845759.226999998

1576845759.229000092

1576845759.233000040

1576845759.236999989

1576845759.239000082

1576845759.240999937

1576845759.243000031

1576845759.246999979

1576845759.249000072

1576845759.250999928

1576845759.255000114

1576845759.259000063

1576845759.260999918

1576845759.262000084

1576845759.263999939

1576845759.266000032

1576845759.270999908

1576845759.273000002

1576845759.276999950

1576845759.279000044

1576845759.282000065

1576845759.283999920

1576845759.286000013

1576845759.289000034

1576845759.290999889

1576845759.292000055

1576845759.299000025

1576845759.301000118

1576845759.302999973

1576845759.303999901

1576845759.308000088

1576845759.309999943

1576845759.312000036

1576845759.313999891

1576845759.319999933

1576845759.322000027

1576845759.323999882

1576845759.325999975

1576845759.326999903

1576845759.329999924

1576845759.332999945

1576845759.335000038

1576845759.338999987

1576845759.344000101

1576845759.345999956

1576845759.348000050

1576845759.349999905

1576845759.351999998

1576845759.355000019

1576845759.357000113

1576845759.368000031

1576845759.369999886

1576845759.371999979

1576845759.374000072

1576845759.375999928

1576845759.380000114

1576845759.381999969

1576845759.384000063

1576845759.388000011

1576845759.391999960

1576845759.392999887

1576845759.395999908

1576845759.397000074

1576845759.398999929

1576845759.401000023

1576845759.404999971

1576845759.408999920

1576845759.410000086

1576845759.411999941

1576845759.417000055

1576845759.418999910

1576845759.421000004

1576845759.423000097

1576845759.424999952

1576845759.430999994

1576845759.433000088

1576845759.434999943

1576845759.436000109

1576845759.437999964

1576845759.441999912

1576845759.444000006

1576845759.446000099

1576845759.451999903

1576845759.453999996

1576845759.456000090

1576845759.457000017

1576845759.459000111

1576845759.460999966

1576845759.464999914

1576845759.467000008

1576845759.470999956

1576845759.471999884

1576845759.476000071

1576845759.477999926

1576845759.480000019

1576845759.482000113

1576845759.483000040

1576845759.484999895

1576845759.490999937

1576845759.493000031

1576845759.494999886

1576845759.496999979

1576845759.500999928

1576845759.503000021

1576845759.505000114

1576845759.506999969

1576845759.513000011

1576845759.515000105

1576845759.516999960

1576845759.519000053

1576845759.519999981

1576845759.523999929

1576845759.526000023

1576845759.528000116

1576845759.532000065

1576845759.536000013

1576845759.536999941

1576845759.540999889

1576845759.542999983

1576845759.543999910

1576845759.548000097

1576845759.549999952

1576845759.555000067

1576845759.556999922

1576845759.559999943

1576845759.562000036

1576845759.563999891

1576845759.565999985

1576845759.568000078

1576845759.572000027

1576845759.575999975

1576845759.578000069

1576845759.578999996

1576845759.581000090

1576845759.585000038

1576845759.586999893

1576845759.588999987

1576845759.589999914

1576845759.596999884

1576845759.598999977

1576845759.601000071

1576845759.601999998

1576845759.604000092

1576845759.608000040

1576845759.609999895

1576845759.611999989

1576845759.615999937

1576845759.619999886

1576845759.621999979

1576845759.624000072

1576845759.625999928

1576845759.627000093

1576845759.631000042

1576845759.632999897

1576845759.638000011

1576845759.640000105

1576845759.644999981

1576845759.648000002

1576845759.651000023

1576845759.654999971

1576845759.657000065

1576845759.657999992

1576845759.663000107

1576845759.667000055

1576845759.670000076

1576845759.671000004

1576845759.673000097

1576845759.674999952

1576845759.677000046

1576845759.680000067

1576845759.684999943

1576845759.686000109

1576845759.687999964

1576845759.691999912

1576845759.694000006

1576845759.696000099

1576845759.697999954

1576845759.698999882

1576845759.706000090

1576845759.707999945

1576845759.710000038

1576845759.711999893

1576845759.713999987

1576845759.717000008

1576845759.719000101

1576845759.720999956

1576845759.724999905

1576845759.727999926

1576845759.730000019

1576845759.732000113

1576845759.733999968

1576845759.734999895

1576845759.736999989

1576845759.742000103

1576845759.746000051

1576845759.747999907

1576845759.752000093

1576845759.753999949

1576845759.755000114

1576845759.756999969

1576845759.759000063

1576845759.763000011

1576845759.766999960

1576845759.769000053

1576845759.770999908

1576845759.773999929

1576845759.776000023

1576845759.778000116

1576845759.779999971

1576845759.782000065

1576845759.788000107

1576845759.789999962

1576845759.792999983

1576845759.793999910

1576845759.796000004

1576845759.799999952

1576845759.802000046

1576845759.803999901

1576845759.808000088

1576845759.812000036

1576845759.813999891

1576845759.815999985

1576845759.818000078

1576845759.819000006

1576845759.821000099

1576845759.825000048

1576845759.828999996

1576845759.831000090

1576845759.832000017

1576845759.835999966

1576845759.838000059

1576845759.839999914

1576845759.842000008

1576845759.845000029

1576845759.849999905

1576845759.851999998

1576845759.854000092

1576845759.855999947

1576845759.858999968

1576845759.861999989

1576845759.864000082

1576845759.865000010

1576845759.871999979

1576845759.874000072

1576845759.882999897

1576845759.884999990

1576845759.887000084

1576845759.888000011

1576845759.890000105

1576845759.891999960

1576845759.898000002

1576845759.900000095

1576845759.901000023

1576845759.903000116

1576845759.907000065

1576845759.908999920

1576845759.911000013

1576845759.913000107

1576845759.920000076

1576845759.921999931

1576845759.924000025

1576845759.926000118

1576845759.927000046

1576845759.930000067

1576845759.933000088

1576845759.934000015

1576845759.938999891

1576845759.944000006

1576845759.946000099

1576845759.947999954

1576845759.950000048

1576845759.951999903

1576845759.956000090

1576845759.957999945

1576845759.961999893

1576845759.963000059

1576845759.967000008

1576845759.969000101

1576845759.970999956

1576845759.973000050

1576845759.974999905

1576845759.976999998

1576845759.983000040

1576845759.984999895

1576845759.986999989

1576845759.989000082

1576845759.992000103

1576845759.993999958

1576845759.996000051

1576845759.997999907

1576845760.003999949

1576845760.006000042

1576845760.007999897

1576845760.009999990

1576845760.012000084

1576845760.016000032

1576845760.017999887

1576845760.019999981

1576845760.023999929

1576845760.028000116

1576845760.029999971

1576845760.032000065

1576845760.032999992

1576845760.035000086

1576845760.036999941

1576845760.040999889

1576845760.046999931

1576845760.048000097

1576845760.052000046

1576845760.053999901

1576845760.055999994

1576845760.058000088

1576845760.059000015

1576845760.061000109

1576845760.066999912

1576845760.069000006

1576845760.071000099

1576845760.072000027

1576845760.075999975

1576845760.078000069

1576845760.079999924

1576845760.082000017

1576845760.088000059

1576845760.089999914

1576845760.092000008

1576845760.095000029

1576845760.095999956

1576845760.099999905

1576845760.101999998

1576845760.104000092

1576845760.108000040

1576845760.111999989

1576845760.114000082

1576845760.115000010

1576845760.117000103

1576845760.118999958

1576845760.121000051

1576845760.125000000

1576845760.128999949

1576845760.131000042

1576845760.132999897

1576845760.135999918

1576845760.138000011

1576845760.140000105

1576845760.141999960

1576845760.144000053

1576845760.150000095

1576845760.151999950

1576845760.153000116

1576845760.154999971

1576845760.158999920

1576845760.161000013

1576845760.163000107

1576845760.164999962

1576845760.171999931

1576845760.174000025

1576845760.176000118

1576845760.177999973

1576845760.180000067

1576845760.181999922

1576845760.184999943

1576845760.187000036

1576845760.190999985

1576845760.191999912

1576845760.196000099

1576845760.197999954

1576845760.200000048

1576845760.201999903

1576845760.203999996

1576845760.207000017

1576845760.211999893

1576845760.213999987

1576845760.216000080

1576845760.220000029

1576845760.221999884

1576845760.223999977

1576845760.226000071

1576845760.227999926

1576845760.233999968

1576845760.236000061

1576845760.237999916

1576845760.240999937

1576845760.244999886

1576845760.246999979

1576845760.249000072

1576845760.250999928

1576845760.256999969

1576845760.259000063

1576845760.260999918

1576845760.263000011

1576845760.263999939

1576845760.267999887

1576845760.269999981

1576845760.272000074

1576845760.276999950

1576845760.279999971

1576845760.282000065

1576845760.283999920

1576845760.286000013

1576845760.288000107

1576845760.292000055

1576845760.292999983

1576845760.299000025

1576845760.299999952

1576845760.303999901

1576845760.305999994

1576845760.308000088

1576845760.309999943

1576845760.312000036

1576845760.313999891

1576845760.319999933

1576845760.322000027

1576845760.323999882

1576845760.325999975

1576845760.328999996

1576845760.331000090

1576845760.332999945

1576845760.335000038

1576845760.342000008

1576845760.344000101

1576845760.345999956

1576845760.346999884

1576845760.349999905

1576845760.352999926

1576845760.355000019

1576845760.357000113

1576845760.361000061

1576845760.364000082

1576845760.365999937

1576845760.368000031

1576845760.369999886

1576845760.371000051

1576845760.375000000

1576845760.377000093

1576845760.381999969

1576845760.384000063

1576845760.388000011

1576845760.390000105

1576845760.391000032

1576845760.392999887

1576845760.394999981

1576845760.397000074

1576845760.407999992

1576845760.411999941

1576845760.414000034

1576845760.414999962

1576845760.417000055

1576845760.418999910

1576845760.421000004

1576845760.426000118

1576845760.430000067

1576845760.431999922

1576845760.433000088

1576845760.437000036

1576845760.438999891

1576845760.441999912

1576845760.444000006

1576845760.446000099

1576845760.451999903

1576845760.453999996

1576845760.456000090

1576845760.457000017

1576845760.460999966

1576845760.463000059

1576845760.464999914

1576845760.467000008

1576845760.473000050

1576845760.474999905

1576845760.476999998

1576845760.477999926

1576845760.480000019

1576845760.482000113

1576845760.486000061

1576845760.487999916

1576845760.492000103

1576845760.493000031

1576845760.496999979

1576845760.499000072

1576845760.500999928

1576845760.503000021

1576845760.505000114

1576845760.507999897

1576845760.513000011

1576845760.515000105

1576845760.516999960

1576845760.519999981

1576845760.522000074

1576845760.523999929

1576845760.526000023

1576845760.528000116

