nSeg: 16

breaks: 
0.000000000000000
0.333124995231628
0.666249990463257
0.999374985694885
1.332499980926514
1.665624976158142
1.998749971389771
2.331874966621399
2.664999961853027
2.998124957084656
3.331249952316284
3.664374947547913
3.997499942779541
4.330624938011169
4.663749933242798
4.996874928474426
5.329999923706055

coefs_q:
q1:
0.007216030005661
-0.003583754518227
0.000000000000000
-1.734366298000000
q2:
-0.088838965430822
0.026602080805360
-0.000000000000000
1.497528791000000
q3:
0.153361941859672
-0.050150916658115
-0.000000000000000
-2.460270405000001
q4:
-0.022829419790913
0.005648017264497
0.000000000000000
1.435238003999999
q5:
-0.019648483536764
0.002533245121952
-0.000000000000000
-1.421700001000000
q6:
-0.178113472311140
0.060188365351020
-0.000000000000000
-0.665859520000000
q7:
0.011457906398794
-0.003478265124583
0.000000000000000
-0.374600917000000

q1:
-0.103932389700399
0.003627765365455
0.000014661113273
-1.734497235787885
q2:
-0.260615219567269
-0.062181359001216
-0.011852346879339
1.497196717698378
q3:
0.015326319037573
0.103115171794035
0.017643717239600
-2.460166337488029
q4:
0.259686518710998
-0.017167133812469
-0.003837305645116
1.435020827609818
q5:
0.221643658921581
-0.017102957831527
-0.004853535476903
-1.422145239013360
q6:
-0.018230369388719
-0.117813783491992
-0.019196467143432
-0.665764714649855
q7:
-0.120002941222657
0.007972479918806
0.001497135281896
-0.374563336255542

q1:
-0.046177583554248
-0.100239665104617
-0.032169177526653
-1.737931905059005
q2:
0.005454059248928
-0.322633690328125
-0.140043858352235
1.476713670454513
q3:
0.129089480203510
0.118431911662964
0.091446588359794
-2.442279272601153
q4:
-0.131066724412460
0.242357077109489
0.071179093141914
1.441437445788188
q5:
-0.016489651469467
0.204402170632590
0.057540513894338
-1.417466385171241
q6:
-0.065368875344009
-0.136032758639056
-0.103759095280403
-0.685907533407667
q7:
0.005616601696662
-0.111955457748931
-0.033142193711935
-0.377616103795895

q1:
0.207741445657186
-0.146388387008568
-0.114327146210844
-1.761479160619129
q2:
0.341269696035051
-0.317183039944249
-0.353182803573335
1.394459793919327
q3:
-0.389041796238328
0.247440709094707
0.213327903405076
-2.393901338397657
q4:
-0.419070054744494
0.111372271274712
0.189015180635688
1.487198667268886
q5:
-0.562054984793490
0.187922825431178
0.188233776337329
-1.376224813837057
q6:
0.584543674870517
-0.201360777500865
-0.216153315398196
-0.737984677206200
q7:
0.267316836138406
-0.106342366508676
-0.105862655376826
-0.400872914879871

q1:
0.148892150184223
0.061223217273317
-0.142697792972800
-1.808129731345382
q2:
0.264536367565996
0.023873357648878
-0.450891590089371
1.254223187964729
q3:
-0.172105209705026
-0.141357930455685
0.248666728533358
-2.309759381172285
q4:
0.103139351593946
-0.307435858690722
0.123701499012634
1.547031552762888
q5:
0.296532543258179
-0.373780866956556
0.126319817140428
-1.313443060078422
q6:
-0.198523653250105
0.382817549210893
-0.155705529187547
-0.810727013552321
q7:
-0.112426147516982
0.160807392783145
-0.087718993758852
-0.438057393386010

q1:
-0.216495632968218
0.210022307733756
-0.052339128748218
-1.843367663440970
q2:
0.139341979035800
0.288244386200922
-0.346917368157700
1.116448493398135
q3:
0.281806445643466
-0.313355571942661
0.097190295215152
-2.248971410243505
q4:
-0.013010206242847
-0.204360970666943
-0.046790817326701
1.557935579076901
q5:
-0.182004372890114
-0.077433660779846
-0.023991020260202
-1.301879973415296
q6:
-0.096039528511234
0.184417976083973
0.033254802471516
-0.827453237512577
q7:
-0.042257902052114
0.048451513216631
-0.018009621695501
-0.453589751286409

q1:
0.130482981044714
-0.006338012366862
0.015513201174636
-1.845499816210386
q2:
-0.136144894604357
0.427499274506522
-0.108485264597464
1.038019921796913
q3:
0.046668313128663
-0.031725259358996
-0.017764755066738
-2.240950952728794
q4:
0.053010977083426
-0.217363045344775
-0.187277628149668
1.519189032459226
q5:
0.303634909077202
-0.259324278333310
-0.136173507121485
-1.325193241567449
q6:
-0.264999524420136
0.088438473651914
0.124150105988702
-0.799460305733533
q7:
-0.076081071149957
0.006220022957804
0.000202833531913
-0.455774607060689

q1:
-0.137184637821012
0.124063414948124
0.054730475348160
-1.836211677576298
q2:
-0.293726395411057
0.291439472408861
0.131011202040556
1.044288375543075
q3:
0.127800931619043
0.014913885406366
-0.023365043934545
-2.248664243345761
q4:
0.078096083209696
-0.164385200880354
-0.314447510853096
1.434640594980311
q5:
0.058826478161577
0.044120854582187
-0.207863146632408
-1.388109178042833
q6:
0.118033119271077
-0.176395422274611
0.094849447898178
-0.758084990294068
q7:
-0.127525671863120
-0.069813496434336
-0.020981742016719
-0.457829325344176

q1:
0.033183993634438
-0.013035480511807
0.091716655477836
-1.809283381929197
q2:
-0.061559419892365
-0.002103339803274
0.227396299835130
1.109414809219158
q3:
-0.195109190676405
0.142634939614941
0.029118407649427
-2.250068197773681
q4:
0.136786381020813
-0.086337928839838
-0.397969652245594
1.314535099224181
q5:
0.095903843462762
0.102910565353394
-0.158883305567468
-1.450282720981807
q6:
0.042824322253125
-0.058436075391555
0.016621206357900
-0.741699862310392
q7:
0.125259159943874
-0.197259462928273
-0.109950420330885
-0.477280552116080

q1:
0.004834278564608
0.020127772651908
0.094079275263189
-1.778950114530403
q2:
0.105273177851109
-0.063624284177592
0.205500785409917
1.182657082012373
q3:
-0.033679176050557
-0.052352305026232
0.059193809866289
-2.231752331639881
q4:
-0.020577289516293
0.050362958736092
-0.409953813989863
1.177437014343417
q5:
-0.190295296130519
0.198754467542075
-0.058391142922616
-1.488245164901702
q6:
0.139858062522528
-0.015638518952445
-0.008054892529729
-0.741064592628027
q7:
0.129699486241876
-0.072078591751210
-0.199673658511684
-0.531167579425051

q1:
0.001991205598729
0.024959029723259
0.109098816089426
-1.745197620095177
q2:
-0.084600037225068
0.041583096431415
0.198158314847073
1.247945699761127
q3:
0.123132749323491
-0.086010431109973
0.013101724050681
-2.219088087210656
q4:
-0.063655706127446
0.029798530320107
-0.383250018330256
1.045699349771622
q5:
-0.045773414205335
0.008578108693834
0.010676520547333
-1.492675248109737
q6:
-0.131182072810942
0.124132130280321
0.028087041226532
-0.740313098770009
q7:
-0.032274729642840
0.057539830456399
-0.204516883298692
-0.600887907176231

q1:
-0.073107016214243
0.026948990790004
0.126390675175390
-1.706010707348126
q2:
0.051423118033063
-0.042964064560174
0.197698279845765
1.315444294493990
q3:
-0.066474947369128
0.037045358483763
-0.003209765534441
-2.219716421123637
q4:
0.167930520758060
-0.033817390080408
-0.384588800968743
0.918982798698563
q5:
0.154062095537442
-0.037166696472829
0.001152947379776
-1.489858834965566
q6:
0.007030388051734
-0.006967951858540
0.067117357604605
-0.722030870863003
q7:
-0.030993586952285
0.025285272981279
-0.176925771110956
-0.663825388189028

q1:
0.074691202179992
-0.046112332493300
0.120006887061857
-1.663618817251742
q2:
-0.110302045518411
0.008426913288504
0.186193091493076
1.378435704603800
q3:
0.062577644999894
-0.029388041092327
-0.000658921714932
-2.219132088558875
q4:
-0.161655279228891
0.134008171699913
-0.351212747319492
0.793321858018195
q5:
-0.206501777924237
0.116799108051026
0.027680494107046
-1.487903920547937
q6:
0.019218249514209
0.000058042100091
0.064815493949271
-0.700185753998202
q7:
0.063492653428051
-0.005688942535794
-0.170397743624747
-0.721103580488530

q1:
-0.134145930742928
0.028532186616863
0.114150501050597
-1.625997556380036
q2:
0.017180549003921
-0.101806191873575
0.155086119759691
1.437318825260501
q3:
-0.073538187362955
0.033150491984262
0.000594444720503
-2.220299501759054
q4:
0.310090619926622
-0.027546070666963
-0.315747560420541
0.685219289980992
q5:
0.362834787885173
-0.089573603307977
0.036749990244753
-1.473355277037196
q6:
-0.227494305983576
0.019264279933435
0.071252242384553
-0.677877198600424
q7:
-0.136038198589102
0.057764027075595
-0.153050231335739
-0.776151469646197

q1:
0.086822215995807
-0.105529901000378
0.088500637813743
-1.589763947684203
q2:
0.025548460134433
-0.084636380958551
0.092977438574017
1.478319348976855
q3:
0.032763785504972
-0.040341732959618
-0.001801137395122
-2.219141225092400
q4:
-0.220177930995019
0.282350738186322
-0.230865756768158
0.588442352305996
q5:
-0.483288761161433
0.273034407644375
0.097865369814506
-1.457639978341137
q6:
0.338708324696314
-0.208087838854569
0.008350395219331
-0.660413421298604
q7:
0.265553162623056
-0.078189145693346
-0.159854348877883
-0.825755132847144

q1:
-0.103917158031690
-0.018761950131570
0.047095915498082
-1.568783453065806
q2:
-0.017169444699075
-0.059103888977176
0.045093961837085
1.500844633211790
q3:
0.068586667983481
-0.007598425289277
-0.017771202383188
-2.223006842712095
q4:
0.223888354828158
0.062310421547845
-0.116050509575186
0.534728841148155
q5:
0.063082167021101
-0.209952291127832
0.118879599578281
-1.412605373777565
q6:
-0.208335591550637
0.130408788293548
-0.017526438128406
-0.668202428681380
q7:
-0.003544228860247
0.187198042404302
-0.123540760680840
-0.877866566222007

coefs_qdot:
qdot1:
0.021648090016984
-0.007167509036453
0.000000000000000
qdot2:
-0.266516896292466
0.053204161610720
-0.000000000000000
qdot3:
0.460085825579016
-0.100301833316230
-0.000000000000000
qdot4:
-0.068488259372739
0.011296034528994
0.000000000000000
qdot5:
-0.058945450610291
0.005066490243904
-0.000000000000000
qdot6:
-0.534340416933420
0.120376730702039
-0.000000000000000
qdot7:
0.034373719196383
-0.006956530249165
0.000000000000000

qdot1:
-0.311797169101198
0.007255530730911
0.000014661113273
qdot2:
-0.781845658701807
-0.124362718002432
-0.011852346879339
qdot3:
0.045978957112718
0.206230343588069
0.017643717239600
qdot4:
0.779059556132995
-0.034334267624939
-0.003837305645116
qdot5:
0.664930976764744
-0.034205915663055
-0.004853535476903
qdot6:
-0.054691108166158
-0.235627566983984
-0.019196467143432
qdot7:
-0.360008823667971
0.015944959837612
0.001497135281896

qdot1:
-0.138532750662744
-0.200479330209233
-0.032169177526653
qdot2:
0.016362177746783
-0.645267380656250
-0.140043858352235
qdot3:
0.387268440610529
0.236863823325928
0.091446588359794
qdot4:
-0.393200173237379
0.484714154218978
0.071179093141914
qdot5:
-0.049468954408401
0.408804341265180
0.057540513894338
qdot6:
-0.196106626032026
-0.272065517278112
-0.103759095280403
qdot7:
0.016849805089986
-0.223910915497862
-0.033142193711935

qdot1:
0.623224336971557
-0.292776774017135
-0.114327146210844
qdot2:
1.023809088105153
-0.634366079888497
-0.353182803573335
qdot3:
-1.167125388714984
0.494881418189413
0.213327903405076
qdot4:
-1.257210164233483
0.222744542549423
0.189015180635688
qdot5:
-1.686164954380471
0.375845650862355
0.188233776337329
qdot6:
1.753631024611551
-0.402721555001731
-0.216153315398196
qdot7:
0.801950508415217
-0.212684733017351
-0.105862655376826

qdot1:
0.446676450552669
0.122446434546634
-0.142697792972800
qdot2:
0.793609102697988
0.047746715297757
-0.450891590089371
qdot3:
-0.516315629115079
-0.282715860911370
0.248666728533358
qdot4:
0.309418054781838
-0.614871717381444
0.123701499012634
qdot5:
0.889597629774536
-0.747561733913112
0.126319817140428
qdot6:
-0.595570959750316
0.765635098421786
-0.155705529187547
qdot7:
-0.337278442550945
0.321614785566291
-0.087718993758852

qdot1:
-0.649486898904654
0.420044615467511
-0.052339128748218
qdot2:
0.418025937107401
0.576488772401845
-0.346917368157700
qdot3:
0.845419336930398
-0.626711143885322
0.097190295215152
qdot4:
-0.039030618728540
-0.408721941333886
-0.046790817326701
qdot5:
-0.546013118670341
-0.154867321559691
-0.023991020260202
qdot6:
-0.288118585533703
0.368835952167946
0.033254802471516
qdot7:
-0.126773706156341
0.096903026433262
-0.018009621695501

qdot1:
0.391448943134141
-0.012676024733725
0.015513201174636
qdot2:
-0.408434683813072
0.854998549013045
-0.108485264597464
qdot3:
0.140004939385989
-0.063450518717991
-0.017764755066738
qdot4:
0.159032931250278
-0.434726090689550
-0.187277628149668
qdot5:
0.910904727231607
-0.518648556666619
-0.136173507121485
qdot6:
-0.794998573260409
0.176876947303829
0.124150105988702
qdot7:
-0.228243213449871
0.012440045915608
0.000202833531913

qdot1:
-0.411553913463035
0.248126829896249
0.054730475348160
qdot2:
-0.881179186233172
0.582878944817722
0.131011202040556
qdot3:
0.383402794857130
0.029827770812733
-0.023365043934545
qdot4:
0.234288249629087
-0.328770401760708
-0.314447510853096
qdot5:
0.176479434484730
0.088241709164375
-0.207863146632408
qdot6:
0.354099357813232
-0.352790844549221
0.094849447898178
qdot7:
-0.382577015589361
-0.139626992868672
-0.020981742016719

qdot1:
0.099551980903314
-0.026070961023614
0.091716655477836
qdot2:
-0.184678259677095
-0.004206679606549
0.227396299835130
qdot3:
-0.585327572029215
0.285269879229882
0.029118407649427
qdot4:
0.410359143062439
-0.172675857679676
-0.397969652245594
qdot5:
0.287711530388285
0.205821130706787
-0.158883305567468
qdot6:
0.128472966759376
-0.116872150783110
0.016621206357900
qdot7:
0.375777479831622
-0.394518925856545
-0.109950420330885

qdot1:
0.014502835693824
0.040255545303817
0.094079275263189
qdot2:
0.315819533553326
-0.127248568355184
0.205500785409917
qdot3:
-0.101037528151670
-0.104704610052464
0.059193809866289
qdot4:
-0.061731868548880
0.100725917472184
-0.409953813989863
qdot5:
-0.570885888391558
0.397508935084151
-0.058391142922616
qdot6:
0.419574187567583
-0.031277037904889
-0.008054892529729
qdot7:
0.389098458725628
-0.144157183502421
-0.199673658511684

qdot1:
0.005973616796187
0.049918059446518
0.109098816089426
qdot2:
-0.253800111675203
0.083166192862829
0.198158314847073
qdot3:
0.369398247970474
-0.172020862219945
0.013101724050681
qdot4:
-0.190967118382339
0.059597060640214
-0.383250018330256
qdot5:
-0.137320242616004
0.017156217387667
0.010676520547333
qdot6:
-0.393546218432825
0.248264260560641
0.028087041226532
qdot7:
-0.096824188928521
0.115079660912797
-0.204516883298692

qdot1:
-0.219321048642728
0.053897981580009
0.126390675175390
qdot2:
0.154269354099188
-0.085928129120348
0.197698279845765
qdot3:
-0.199424842107384
0.074090716967527
-0.003209765534441
qdot4:
0.503791562274179
-0.067634780160815
-0.384588800968743
qdot5:
0.462186286612325
-0.074333392945658
0.001152947379776
qdot6:
0.021091164155201
-0.013935903717079
0.067117357604605
qdot7:
-0.092980760856854
0.050570545962558
-0.176925771110956

qdot1:
0.224073606539975
-0.092224664986601
0.120006887061857
qdot2:
-0.330906136555234
0.016853826577009
0.186193091493076
qdot3:
0.187732934999683
-0.058776082184654
-0.000658921714932
qdot4:
-0.484965837686674
0.268016343399826
-0.351212747319492
qdot5:
-0.619505333772711
0.233598216102052
0.027680494107046
qdot6:
0.057654748542628
0.000116084200183
0.064815493949271
qdot7:
0.190477960284154
-0.011377885071588
-0.170397743624747

qdot1:
-0.402437792228783
0.057064373233725
0.114150501050597
qdot2:
0.051541647011764
-0.203612383747149
0.155086119759691
qdot3:
-0.220614562088864
0.066300983968524
0.000594444720503
qdot4:
0.930271859779865
-0.055092141333927
-0.315747560420541
qdot5:
1.088504363655518
-0.179147206615953
0.036749990244753
qdot6:
-0.682482917950727
0.038528559866870
0.071252242384553
qdot7:
-0.408114595767306
0.115528054151191
-0.153050231335739

qdot1:
0.260466647987420
-0.211059802000755
0.088500637813743
qdot2:
0.076645380403298
-0.169272761917101
0.092977438574017
qdot3:
0.098291356514916
-0.080683465919237
-0.001801137395122
qdot4:
-0.660533792985058
0.564701476372645
-0.230865756768158
qdot5:
-1.449866283484300
0.546068815288749
0.097865369814506
qdot6:
1.016124974088942
-0.416175677709138
0.008350395219331
qdot7:
0.796659487869168
-0.156378291386693
-0.159854348877883

qdot1:
-0.311751474095070
-0.037523900263140
0.047095915498082
qdot2:
-0.051508334097224
-0.118207777954352
0.045093961837085
qdot3:
0.205760003950442
-0.015196850578554
-0.017771202383188
qdot4:
0.671665064484475
0.124620843095691
-0.116050509575186
qdot5:
0.189246501063302
-0.419904582255664
0.118879599578281
qdot6:
-0.625006774651912
0.260817576587096
-0.017526438128406
qdot7:
-0.010632686580740
0.374396084808604
-0.123540760680840

coefs_qdotdot:
qdotdot1:
0.043296180033969
-0.007167509036453
qdotdot2:
-0.533033792584933
0.053204161610720
qdotdot3:
0.920171651158031
-0.100301833316230
qdotdot4:
-0.136976518745478
0.011296034528994
qdotdot5:
-0.117890901220583
0.005066490243904
qdotdot6:
-1.068680833866839
0.120376730702039
qdotdot7:
0.068747438392767
-0.006956530249165

qdotdot1:
-0.623594338202396
0.007255530730911
qdotdot2:
-1.563691317403613
-0.124362718002432
qdotdot3:
0.091957914225436
0.206230343588069
qdotdot4:
1.558119112265990
-0.034334267624939
qdotdot5:
1.329861953529487
-0.034205915663055
qdotdot6:
-0.109382216332317
-0.235627566983984
qdotdot7:
-0.720017647335941
0.015944959837612

qdotdot1:
-0.277065501325488
-0.200479330209233
qdotdot2:
0.032724355493566
-0.645267380656250
qdotdot3:
0.774536881221058
0.236863823325928
qdotdot4:
-0.786400346474759
0.484714154218978
qdotdot5:
-0.098937908816802
0.408804341265180
qdotdot6:
-0.392213252064052
-0.272065517278112
qdotdot7:
0.033699610179971
-0.223910915497862

qdotdot1:
1.246448673943114
-0.292776774017135
qdotdot2:
2.047618176210306
-0.634366079888497
qdotdot3:
-2.334250777429968
0.494881418189413
qdotdot4:
-2.514420328466967
0.222744542549423
qdotdot5:
-3.372329908760942
0.375845650862355
qdotdot6:
3.507262049223102
-0.402721555001731
qdotdot7:
1.603901016830434
-0.212684733017351

qdotdot1:
0.893352901105338
0.122446434546634
qdotdot2:
1.587218205395976
0.047746715297757
qdotdot3:
-1.032631258230158
-0.282715860911370
qdotdot4:
0.618836109563675
-0.614871717381444
qdotdot5:
1.779195259549071
-0.747561733913112
qdotdot6:
-1.191141919500633
0.765635098421786
qdotdot7:
-0.674556885101891
0.321614785566291

qdotdot1:
-1.298973797809308
0.420044615467511
qdotdot2:
0.836051874214801
0.576488772401845
qdotdot3:
1.690838673860796
-0.626711143885322
qdotdot4:
-0.078061237457080
-0.408721941333886
qdotdot5:
-1.092026237340682
-0.154867321559691
qdotdot6:
-0.576237171067407
0.368835952167946
qdotdot7:
-0.253547412312682
0.096903026433262

qdotdot1:
0.782897886268283
-0.012676024733725
qdotdot2:
-0.816869367626143
0.854998549013045
qdotdot3:
0.280009878771978
-0.063450518717991
qdotdot4:
0.318065862500557
-0.434726090689550
qdotdot5:
1.821809454463215
-0.518648556666619
qdotdot6:
-1.589997146520817
0.176876947303829
qdotdot7:
-0.456486426899743
0.012440045915608

qdotdot1:
-0.823107826926070
0.248126829896249
qdotdot2:
-1.762358372466343
0.582878944817722
qdotdot3:
0.766805589714260
0.029827770812733
qdotdot4:
0.468576499258175
-0.328770401760708
qdotdot5:
0.352958868969460
0.088241709164375
qdotdot6:
0.708198715626465
-0.352790844549221
qdotdot7:
-0.765154031178722
-0.139626992868672

qdotdot1:
0.199103961806628
-0.026070961023614
qdotdot2:
-0.369356519354190
-0.004206679606549
qdotdot3:
-1.170655144058429
0.285269879229882
qdotdot4:
0.820718286124878
-0.172675857679676
qdotdot5:
0.575423060776570
0.205821130706787
qdotdot6:
0.256945933518752
-0.116872150783110
qdotdot7:
0.751554959663243
-0.394518925856545

qdotdot1:
0.029005671387649
0.040255545303817
qdotdot2:
0.631639067106652
-0.127248568355184
qdotdot3:
-0.202075056303340
-0.104704610052464
qdotdot4:
-0.123463737097761
0.100725917472184
qdotdot5:
-1.141771776783116
0.397508935084151
qdotdot6:
0.839148375135165
-0.031277037904889
qdotdot7:
0.778196917451257
-0.144157183502421

qdotdot1:
0.011947233592375
0.049918059446518
qdotdot2:
-0.507600223350406
0.083166192862829
qdotdot3:
0.738796495940948
-0.172020862219945
qdotdot4:
-0.381934236764679
0.059597060640214
qdotdot5:
-0.274640485232009
0.017156217387667
qdotdot6:
-0.787092436865651
0.248264260560641
qdotdot7:
-0.193648377857042
0.115079660912797

qdotdot1:
-0.438642097285457
0.053897981580009
qdotdot2:
0.308538708198376
-0.085928129120348
qdotdot3:
-0.398849684214767
0.074090716967527
qdotdot4:
1.007583124548357
-0.067634780160815
qdotdot5:
0.924372573224650
-0.074333392945658
qdotdot6:
0.042182328310403
-0.013935903717079
qdotdot7:
-0.185961521713708
0.050570545962558

qdotdot1:
0.448147213079950
-0.092224664986601
qdotdot2:
-0.661812273110469
0.016853826577009
qdotdot3:
0.375465869999366
-0.058776082184654
qdotdot4:
-0.969931675373349
0.268016343399826
qdotdot5:
-1.239010667545421
0.233598216102052
qdotdot6:
0.115309497085255
0.000116084200183
qdotdot7:
0.380955920568309
-0.011377885071588

qdotdot1:
-0.804875584457566
0.057064373233725
qdotdot2:
0.103083294023527
-0.203612383747149
qdotdot3:
-0.441229124177728
0.066300983968524
qdotdot4:
1.860543719559730
-0.055092141333927
qdotdot5:
2.177008727311036
-0.179147206615953
qdotdot6:
-1.364965835901455
0.038528559866870
qdotdot7:
-0.816229191534611
0.115528054151191

qdotdot1:
0.520933295974840
-0.211059802000755
qdotdot2:
0.153290760806595
-0.169272761917101
qdotdot3:
0.196582713029831
-0.080683465919237
qdotdot4:
-1.321067585970116
0.564701476372645
qdotdot5:
-2.899732566968600
0.546068815288749
qdotdot6:
2.032249948177884
-0.416175677709138
qdotdot7:
1.593318975738337
-0.156378291386693

qdotdot1:
-0.623502948190140
-0.037523900263140
qdotdot2:
-0.103016668194449
-0.118207777954352
qdotdot3:
0.411520007900885
-0.015196850578554
qdotdot4:
1.343330128968950
0.124620843095691
qdotdot5:
0.378493002126604
-0.419904582255664
qdotdot6:
-1.250013549303824
0.260817576587096
qdotdot7:
-0.021265373161481
0.374396084808604

