0.000000000

0.002000093

0.003999949

0.004999876

0.006999969

0.009999990

0.012000084

0.013999939

0.016000032

0.017999887

0.019000053

0.023000002

0.025000095

0.026999950

0.029000044

0.029999971

0.033999920

0.035000086

0.036999941

0.039000034

0.039999962

0.042000055

0.049000025

0.095000029

0.096999884

0.099999905

0.101999998

0.104000092

0.106999874

0.108999968

0.111000061

0.112999916

0.115000010

0.118999958

0.121000051

0.122999907

0.125000000

0.127000093

0.131999969

0.132999897

0.134999990

0.137000084

0.138999939

0.141000032

0.144000053

0.145999908

0.148000002

0.148999929

0.151000023

0.154999971

0.155999899

0.157999992

0.160000086

0.161999941

0.162999868

0.167000055

0.168999910

0.170000076

0.171999931

0.174000025

0.175999880

0.194999933

0.197000027

0.198999882

0.203000069

0.204999924

0.207000017

0.208999872

0.210999966

0.221999884

0.234999895

0.237999916

0.240000010

0.243000031

0.244999886

0.246999979

0.249000072

0.252000093

0.253999949

0.256000042

0.256999969

0.259000063

0.263000011

0.263999939

0.266000032

0.267999887

0.269999981

0.270999908

0.275000095

0.276999950

0.279000044

0.280999899

0.287999868

0.289999962

0.292000055

0.292999983

0.297999859

0.299999952

0.300999880

0.303999901

0.305000067

0.306999922

0.309999943

0.312000036

0.313999891

0.315999985

0.318000078

0.319000006

0.322999954

0.325000048

0.326999903

0.328000069

0.329999924

0.333999872

0.335999966

0.338000059

0.339999914

0.341000080

0.342999935

0.345999956

0.348000050

0.349999905

0.351999998

0.354000092

0.358000040

0.359999895

0.361000061

0.362999916

0.365000010

0.366999865

0.371000051

0.371999979

0.374000072

0.375999928

0.378000021

0.379999876

0.381999969

0.384000063

0.385999918

0.388000011

0.388999939

0.392999887

0.394999981

0.395999908

0.398999929

0.401000023

0.401999950

0.405999899

0.407999992

0.408999920

0.411000013

0.412999868

0.414999962

0.417999983

0.418999910

0.421000004

0.422999859

0.425999880

0.430000067

0.431999922

0.434000015

0.434999943

0.437000036

0.438999891

0.443000078

0.444999933

0.447000027

0.448999882

0.450000048

0.453999996

0.456000090

0.457999945

0.460000038

0.461999893

0.463999987

0.467000008

0.468999863

0.470999956

0.471999884

0.473999977

0.477999926

0.479000092

0.481999874

0.483000040

0.484999895

0.489000082

0.490999937

0.493000031

0.494999886

0.496000051

0.497999907

0.502000093

0.503000021

0.504999876

0.506999969

0.509000063

0.510999918

0.513999939

0.516000032

0.517999887

0.519000053

0.520999908

0.523000002

0.526000023

0.527999878

0.529999971

0.530999899

0.532999992

0.536999941

0.539000034

0.540999889

0.542999983

0.543999910

0.546000004

0.549000025

0.550999880

0.552999973

0.555000067

0.556999922

0.559000015

0.562000036

0.563999891

0.565000057

0.566999912

0.569000006

0.572999954

0.573999882

0.578000069

0.581000090

0.583999872

0.585999966

0.588000059

0.589999914

0.592000008

0.593999863

0.596999884

0.598999977

0.599999905

0.601999998

0.604000092

0.606999874

0.609999895

0.611999989

0.612999916

0.615000010

0.616999865

0.621000051

0.622999907

0.624000072

0.625999928

0.628000021

0.629999876

0.632999897

0.634999990

0.637000084

0.638999939

0.639999866

0.641999960

0.644999981

0.647000074

0.648999929

0.651000023

0.651999950

0.654000044

0.657999992

0.660000086

0.661999941

0.664000034

0.664999962

0.668999910

0.671000004

0.671999931

0.674000025

0.675999880

0.677000046

0.680999994

0.681999922

0.684000015

0.685999870

0.687999964

0.691999912

0.694000006

0.695999861

0.697999954

0.698999882

0.700999975

0.707999945

0.710000038

0.711999893

0.716000080

0.717999935

0.720000029

0.720999956

0.723000050

0.724999905

0.727999926

0.730000019

0.731999874

0.733999968

0.734999895

0.736999989

0.740999937

0.741999865

0.743999958

0.746000051

0.747999907

0.750000000

0.753000021

0.753999949

0.756000042

0.757999897

0.759999990

0.763999939

0.764999866

0.766999960

0.769000053

0.770999908

0.772000074

0.776000023

0.776999950

0.779999971

0.782000065

0.782999992

0.786999941

0.789999962

0.792000055

0.793999910

0.795000076

0.796999931

0.799999952

0.802000046

0.803999901

0.805999994

0.808000088

0.809000015

0.812999964

0.815000057

0.816999912

0.818000078

0.819999933

0.823999882

0.825999975

0.828000069

0.829999924

0.831000090

0.832999945

0.835999966

0.838000059

0.839999914

0.842000008

0.842999935

0.845000029

0.848999977

0.849999905

0.851999998

0.854000092

0.855999947

0.859999895

0.861000061

0.862999916

0.865000010

0.866999865

0.868000031

0.871999979

0.874000072

0.875000000

0.877000093

0.879999876

0.882999897

0.884999990

0.887000084

0.888999939

0.891000032

0.892999887

0.895999908

0.898000002

0.900000095

0.901999950

0.902999878

0.907000065

0.908999920

0.911000013

0.911999941

0.914000034

0.915999889

0.918999910

0.921000004

0.922999859

0.924999952

0.925999880

0.927999973

0.931999922

0.934000015

0.934999943

0.937000036

0.938999891

0.943000078

0.944999933

0.945999861

0.947999954

0.950000048

0.951999903

0.954999924

0.957000017

0.958999872

0.960999966

0.961999893

0.963999987

0.967999935

0.970000029

0.970999956

0.973999977

0.976000071

0.979000092

0.980999947

0.983000040

0.984999895

0.986000061

0.987999916

0.990999937

0.993000031

0.994999886

0.996999979

0.997999907

1.000000000

1.003999949

1.006000042

1.007999897

1.009000063

1.010999918

1.014999866

1.016999960

1.017999887

1.019999981

1.022000074

1.023999929

1.026999950

1.029000044

1.030999899

1.032999992

1.033999920

1.036000013

1.039999962

1.042000055

1.043999910

1.046000004

1.046999931

1.050999880

1.052999973

1.055000067

1.056999922

1.058000088

1.059999943

1.063999891

1.065000057

1.068000078

1.069999933

1.070999861

1.075999975

1.078000069

1.079999924

1.082000017

1.082999945

1.086999893

1.088999987

1.091000080

1.092000008

1.093999863

1.098000050

1.099999905

1.101000071

1.102999926

1.105000019

1.106999874

1.109999895

1.111999989

1.114000082

1.115999937

1.116999865

1.118999958

1.121999979

1.124000072

1.125999928

1.128000021

1.134000063

1.135999918

1.138000011

1.139999866

1.141999960

1.142999887

1.147000074

1.148999929

1.150000095

1.151999950

1.154000044

1.158999920

1.160000086

1.161999941

1.164000034

1.165999889

1.167000055

1.171000004

1.172999859

1.174000025

1.175999880

1.178999901

1.180000067

1.184000015

1.185999870

1.187999964

1.190000057

1.191999912

1.194999933

1.197000027

1.200999975

1.203000069

1.203999996

1.207999945

1.210000038

1.211999893

1.213999987

1.217999935

1.218999863

1.220999956

1.223000050

1.224999905

1.226000071

1.230000019

1.231999874

1.233999968

1.236000061

1.236999989

1.239000082

1.243000031

1.243999958

1.246000051

1.247999907

1.250000000

1.252000093

1.254999876

1.256999969

1.257999897

1.259999990

1.262000084

1.266000032

1.266999960

1.269000053

1.270999908

1.273000002

1.275000095

1.276999950

1.279000044

1.280999899

1.282999992

1.283999920

1.286000013

1.289999962

1.292000055

1.292999983

1.295000076

1.296999931

1.299000025

1.302000046

1.303999901

1.305999994

1.306999922

1.309000015

1.310999870

1.313999891

1.315999985

1.318000078

1.319000006

1.320999861

1.325000048

1.326999903

1.328999996

1.329999924

1.332000017

1.332999945

1.336999893

1.338999987

1.341000080

1.342999935

1.345000029

1.345999956

1.349999905

1.351999998

1.354000092

1.355999947

1.358000040

1.361999989

1.362999916

1.365000010

1.366999865

1.368999958

1.369999886

1.374000072

1.375999928

1.378000021

1.379999876

1.381000042

1.384999990

1.387000084

1.388999939

1.392999887

1.397000074

1.398999929

1.401000023

1.402999878

1.404999971

1.407000065

1.410000086

1.411999941

1.412999868

1.414999962

1.417000055

1.421000004

1.422999859

1.424999952

1.427000046

1.427999973

1.430000067

1.433000088

1.434999943

1.437000036

1.438999891

1.440999985

1.443000078

1.445999861

1.447999954

1.450000048

1.451999903

1.453000069

1.457000017

1.458999872

1.460000038

1.461999893

1.463999987

1.466000080

1.468999863

1.470999956

1.473000050

1.474999905

1.476999998

1.480000019

1.481999874

1.483999968

1.486000061

1.487999916

1.490000010

1.493000031

1.494999886

1.496999979

1.497999907

1.500000000

1.503999949

1.504999876

1.506999969

1.509000063

1.510999918

1.512000084

1.516000032

1.517999887

1.520999908

1.523000002

1.523999929

1.526000023

1.529000044

1.530999899

1.532999992

1.535000086

1.536000013

1.537999868

1.540999889

1.542999983

1.545000076

1.546999931

1.549000025

1.552999973

1.559000015

1.560999870

1.565000057

1.565999985

1.568000078

1.569999933

1.572000027

1.573999882

1.575999975

1.578000069

1.581000090

1.582000017

1.583999872

1.588000059

1.589999914

1.591000080

1.592999935

1.595000029

1.595999956

1.599999905

1.601999998

1.602999926

1.605000019

1.606999874

1.608000040

1.611999989

1.614000082

1.615999937

1.618000031

1.618999958

1.621000051

1.625000000

1.627000093

1.628999949

1.631000042

1.631999969

1.635999918

1.638000011

1.638999939

1.641000032

1.642999887

1.644999981

1.648000002

1.650000095

1.651999950

1.654000044

1.654999971

1.657000065

1.661000013

1.662999868

1.664000034

1.665999889

1.667999983

1.671999931

1.674000025

1.675999880

1.677999973

1.680000067

1.683000088

1.684999943

1.687000036

1.688999891

1.690999985

1.693000078

1.695999861

1.697999954

1.698999882

1.700999975

1.703999996

1.707999945

1.708999872

1.710999966

1.713000059

1.714999914

1.717000008

1.720999956

1.723000050

1.724999905

1.726000071

1.727999926

1.731999874

1.733999968

1.734999895

1.737999916

1.739000082

1.740999937

1.743999958

1.746000051

1.747999907

1.750000000

1.750999928

1.753000021

1.756000042

1.757999897

1.759999990

1.762000084

1.763000011

1.764999866

1.767999887

1.769999981

1.772000074

1.775000095

1.776999950

1.779999971

1.782000065

1.783999920

1.786000013

1.786999941

1.790999889

1.792999983

1.795000076

1.796000004

1.797999859

1.799999952

1.802999973

1.805000067

1.806999922

1.809000015

1.810999870

1.812999964

1.815999985

1.818000078

1.819999933

1.822000027

1.822999954

1.826999903

1.828999996

1.829999924

1.832000017

1.833999872

1.835999966

1.838999987

1.841000080

1.842999935

1.845000029

1.845999956

1.848000050

1.851000071

1.852999926

1.855000019

1.856999874

1.858000040

1.859999895

1.862999916

1.865000010

1.866999865

1.868999958

1.871000051

1.871999979

1.875000000

1.877000093

1.878999949

1.881000042

1.881999969

1.887000084

1.888999939

1.891000032

1.892999887

1.895999908

1.898999929

1.901000023

1.902999878

1.904999971

1.907000065

1.908999920

1.911999941

1.914000034

1.914999962

1.917999983

1.918999910

1.922999859

1.924999952

1.927000046

1.928999901

1.930999994

1.934999943

1.935999870

1.937999964

1.940000057

1.941999912

1.944000006

1.947000027

1.948999882

1.950999975

1.953000069

1.953999996

1.956000090

1.960000038

1.961999893

1.963999987

1.964999914

1.967000008

1.970999956

1.971999884

1.974999905

1.976000071

1.977999926

1.986000061

1.987999916

1.990000010

1.993999958

1.996000051

1.997999907

2.000000000

2.003000021

2.006000042

2.007999897

2.009999990

2.012000084

2.013000011

2.014999866

2.017999887

2.019999981

2.026000023

2.029999971

2.030999899

2.032999992

2.035000086

2.036999941

2.039000034

2.042999983

2.043999910

2.046000004

2.047999859

2.049999952

2.050999880

2.055000067

2.059000015

2.059999943

2.062000036

2.065999985

2.068000078

2.069999933

2.072999954

2.075000048

2.078000069

2.079999924

2.082000017

2.083999872

2.085999966

2.089999914

2.091000080

2.092999935

2.095000029

2.096999884

2.098999977

2.101999998

2.104000092

2.105999947

2.108000040

2.108999968

2.111000061

2.114000082

2.115999937

2.118000031

2.119999886

2.121000051

2.122999907

2.125999928

2.128000021

2.129999876

2.131999969

2.132999897

2.134999990

2.138999939

2.139999866

2.141999960

2.144000053

2.145999908

2.148000002

2.151000023

2.152999878

2.154999971

2.155999899

2.157999992

2.161999941

2.164000034

2.165999889

2.167000055

2.168999910

2.171000004

2.174000025

2.175999880

2.177999973

2.180000067

2.180999994

2.184000015

2.187000036

2.188999891

2.190999985

2.193000078

2.194999933

2.197999954

2.200000048

2.201999903

2.203999996

2.204999924

2.207000017

2.210000038

2.211999893

2.213999987

2.216000080

2.217999935

2.218999863

2.221999884

2.223999977

2.226000071

2.227999926

2.230000019

2.233000040

