nSeg: 37

breaks: 
0.000000000000000
0.325675674386927
0.651351348773853
0.977027023160780
1.302702697547706
1.628378371934633
1.954054046321560
2.279729720708486
2.605405395095413
2.931081069482339
3.256756743869266
3.582432418256193
3.908108092643119
4.233783767030046
4.559459441416973
4.885135115803899
5.210810790190825
5.536486464577752
5.862162138964679
6.187837813351606
6.513513487738532
6.839189162125459
7.164864836512385
7.490540510899311
7.816216185286239
8.141891859673166
8.467567534060091
8.793243208447018
9.118918882833945
9.444594557220871
9.770270231607798
10.095945905994725
10.421621580381650
10.747297254768577
11.072972929155505
11.398648603542432
11.724324277929357
12.049999952316284

coefs_q:
q1:
-0.000054075884306
0.000021734348929
-0.000000000000000
-2.272238492999999
q2:
0.000012037834998
-0.000005622342597
-0.000000000000000
1.275148988000000
q3:
-0.037821571784358
0.021885004764463
-0.000000000000000
-2.775719880999999
q4:
0.053761395019234
-0.030941554215096
0.000000000000000
1.621232390000001
q5:
0.000015595690669
-0.000009278064597
0.000000000000000
-0.983284473000000
q6:
-0.000031926884856
0.000020758918535
-0.000000000000000
-0.378316998000000
q7:
-0.000052431603868
0.000016495332929
0.000000000000000
-1.238916039000000

q1:
0.000090600824239
-0.000031099251339
-0.000003049920908
-2.272238055679682
q2:
-0.000019977210356
0.000006138947497
0.000000168245649
1.275148807487248
q3:
0.036032852265150
-0.015067692927270
0.002220232630084
-2.774705113994066
q4:
-0.049030230203538
0.021584781521517
-0.003047273257066
1.619807647422293
q5:
-0.000016131538620
0.000005959346631
-0.000001080825712
-0.983284918357757
q6:
0.000009728851133
-0.000010434510735
0.000003362408473
-0.378315899052677
q7:
0.000110660210255
-0.000034731760918
-0.000005939160984
-1.238916100556210

q1:
-0.000166404009736
0.000057420202262
0.000005522172534
-2.272239217900976
q2:
0.000043785474117
-0.000013379326869
-0.000002189769786
1.275148823339770
q3:
-0.040382177227493
0.020137377457341
0.003871305558344
-2.774335516638378
q4:
0.050369238359781
-0.026319078339133
-0.004589118565891
1.619410971541356
q5:
0.000018007570020
-0.000009801602526
-0.000002332154991
-0.983285195506907
q6:
0.000002078540506
-0.000000929160273
-0.000000338462746
-0.378315574670165
q7:
-0.000227692644259
0.000073386254890
0.000006649667408
-1.238917896108706

q1:
0.000306003944904
-0.000105161012012
-0.000010025847877
-2.272237077249935
q2:
-0.000081155570690
0.000029400264566
0.000003027859903
1.275148203578856
q3:
0.018609732572298
-0.019317100947987
0.004138449663711
-2.772333771214690
q4:
-0.019964770267508
0.022893028674400
-0.005704899600936
1.616864771777949
q5:
-0.000003994075386
0.000007792280005
-0.000002986542458
-0.983286372606913
q6:
-0.000001592279205
0.000001101629970
-0.000000282293561
-0.378315711651954
q7:
0.000454525046460
-0.000149075611526
-0.000018000514858
-1.238915811899678

q1:
-0.000569503584097
0.000193813111353
0.000018845984362
-2.272240926095357
q2:
0.000138709985875
-0.000049890921078
-0.000003645448475
1.275149504677310
q3:
0.004171392709706
-0.001134889331057
-0.002522266062971
-2.772392010342374
q4:
-0.007397003423237
0.003386908611848
0.002853836697609
1.616745329143995
q5:
-0.000008608179902
0.000003889960420
0.000000818079071
-0.983286656731778
q6:
0.000001577785191
-0.000000454069842
-0.000000071398980
-0.378315741745691
q7:
-0.000865928475863
0.000295007641569
0.000029525997441
-1.238921785370445

q1:
0.001067390130081
-0.000362607280097
-0.000036126170377
-2.272233903874936
q2:
-0.000250463765670
0.000085632483504
0.000007994708972
1.275147817194519
q3:
0.000944119234475
0.002940674070542
-0.001934165900142
-2.773189731615665
q4:
-0.002368119584577
-0.003840163623068
0.002706222566161
1.617778473310870
q5:
0.000006755398380
-0.000004520463964
0.000000612739404
-0.983286275065613
q6:
-0.000002154940255
0.000001087468927
0.000000134883694
-0.378315758658438
q7:
0.001616271417928
-0.000551027879474
-0.000053853566196
-1.238910791076275

q1:
-0.001993203088117
0.000680261721247
0.000067326153967
-2.272247258592136
q2:
0.000448165583473
-0.000159077383878
-0.000015924508488
1.275150851767314
q3:
-0.002832146067221
0.003863104075710
0.000281659136018
-2.773475128444904
q4:
0.009055136082986
-0.006153880451275
-0.000548594477604
1.618170717394571
q5:
-0.000005930400000
0.000002079742805
-0.000000182144106
-0.983286321623170
q6:
-0.000000490259941
-0.000001017965936
0.000000157519127
-0.378315673825495
q7:
-0.003009694632887
0.001028112972604
0.000101521443249
-1.238930944111222

q1:
0.003704238947189
-0.001267151558490
-0.000123809589568
-2.272222030949632
q2:
-0.001659104086566
0.000278792502026
0.000023063793349
1.275144273894028
q3:
0.001147294272518
0.001096020834497
0.001896725485519
-2.773071490054332
q4:
-0.009805624241950
0.002693232200200
-0.001675643430589
1.617652132993921
q5:
0.000009360500239
-0.000003714418253
-0.000000714518134
-0.983286365207771
q6:
-0.000001022315144
-0.000001496963146
-0.000000661532097
-0.378315747430432
q7:
0.005565908753476
-0.001912440015189
-0.000186482362723
-1.238892797512191

q1:
-0.006885583720118
0.002351989993158
0.000229495899243
-2.272268798380123
q2:
0.004881682675401
-0.001342197024786
-0.000323261191747
1.275124045345362
q3:
-0.001713663546902
0.002216958342264
0.002975682213140
-2.772297893029208
q4:
0.008678439647031
-0.006887127663146
-0.003041493163792
1.617053360917613
q5:
-0.000030126127961
0.000005431043431
-0.000000155455072
-0.983286668540684
q6:
0.000002117501633
-0.000002495792668
-0.000001961875540
-0.378316156963708
q7:
-0.010114643612182
0.003525603245405
0.000338885660174
-1.238964111176740

q1:
0.012716404553983
-0.004375411371633
-0.000429483222761
-2.272182440643888
q2:
-0.051437637187837
0.003427338867577
0.000355818784096
1.275045033764835
q3:
0.003345081732563
0.000542662748335
0.003874423672874
-2.771152839340916
q4:
0.022758346082036
0.001591942390873
-0.004766006198343
1.615632116348551
q5:
0.000168636219020
-0.000024002997691
-0.000006203888800
-0.983287183763966
q6:
-0.000001636080095
-0.000000426936351
-0.000002913737284
-0.378316987470040
q7:
0.016488128058047
-0.006356676893338
-0.000583126159356
-1.238829189349116

q1:
-0.021750932359736
0.008048859515053
0.000766869478673
-2.272347130708940
q2:
-0.030471318264611
-0.046828622672480
-0.013778923588324
1.273747641195796
q3:
0.002946315827324
0.003810897995730
0.005292272504182
-2.769717928396388
q4:
0.062313827422773
0.023827461515467
0.003512475311368
1.615034927016754
q5:
-0.000321640637981
0.000140759145376
0.000031820748336
-0.983285924942996
q6:
0.000023710636708
-0.000002025430816
-0.000003712413615
-0.378318038200830
q7:
0.028885384024056
0.009752669780709
0.000522866114452
-1.239123773986889

q1:
-0.113959526880808
-0.013202389179352
-0.000911509770221
-2.271995015930157
q2:
0.063848220676122
-0.076599924048337
-0.053976598780224
1.263240758893433
q3:
0.095680078620561
0.006689528177792
0.008712005879594
-2.767488388807589
q4:
-0.087442493064600
0.084709754824094
0.038860406438834
1.620858592299994
q5:
0.000114513649821
-0.000173492449679
0.000021160307383
-0.983271742458498
q6:
-0.000076148054221
0.000021140501984
0.000002512900079
-0.378318643041426
q7:
-0.143578300675579
0.037974470546588
0.016066434727104
-1.236921297330017

q1:
0.192132338244663
-0.124543926488519
-0.045772134019669
-2.277628646081227
q2:
-0.049082576265556
-0.014218487067033
-0.083553946066972
1.239742838262312
q3:
-0.146208900963852
0.100171550568228
0.043514059765918
-2.760636532150783
q4:
0.047963867502718
-0.000723923872570
0.066212548572918
1.639478693840364
q5:
0.000217967070804
-0.000061609519283
-0.000055406684909
-0.983279296868427
q6:
0.000059095473654
-0.000053258204751
-0.000007947054430
-0.378318212748633
q7:
0.174675658082100
-0.102305409152957
-0.004884587087469
-1.232620680173690

q1:
-0.104400875787792
0.063174559999584
-0.065758643837651
-2.299108459162711
q2:
0.017809427976599
-0.062173490444831
-0.108432954860899
1.209327828279716
q3:
0.080471791173846
-0.042678496700094
0.062238148856986
-2.740890847964254
q4:
-0.007240060141133
0.046138070812888
0.081002831504413
1.662622527796266
q5:
-0.000158613103071
0.000151350199052
-0.000026180328505
-0.983296346904051
q6:
0.000061248775679
0.000004479669956
-0.000023833036644
-0.378324408407792
q7:
-0.074117139137820
0.068357429081647
-0.015940618391267
-1.239028693815094

q1:
0.016739060441247
-0.038827916886741
-0.057829534422818
-2.317430148065229
q2:
0.045196692008349
-0.044773198044659
-0.143262889758162
1.168034628672306
q3:
0.024162593735898
0.035944617878905
0.060045088330656
-2.722368365550230
q4:
-0.092843264439486
0.039064336405693
0.108751182934714
1.693646706627632
q5:
-0.000081046489726
-0.000003619088875
0.000021932100430
-0.983294299215906
q6:
-0.000127861287361
0.000064321378930
-0.000001426208650
-0.378329579416933
q7:
0.002063213168940
-0.004057018735370
0.005000461111613
-1.239530063249665

q1:
-0.020286857197179
-0.022473402493321
-0.077793882952729
-2.339803877983690
q2:
-0.034772737884785
-0.000614808595027
-0.158044659429620
1.118189751716542
q3:
-0.013952750548751
0.059552124908533
0.091146054439710
-2.698166047166991
q4:
0.076559414712295
-0.051646041870147
0.104653627522641
1.730000611752427
q5:
0.000258012804196
-0.000082803699470
-0.000006213699447
-0.983290339884219
q6:
0.000130194108858
-0.000060602554038
-0.000000215077845
-0.378327638345045
q7:
-0.001466950836446
-0.002041203714775
0.003014418402600
-1.238260572054924

q1:
0.001999808553298
-0.042294210189968
-0.098887118891790
-2.368223849042272
q2:
0.036487283223621
-0.034588713177748
-0.169509590123763
1.065452097843241
q3:
0.057032343919733
0.045919910574982
0.125495730724765
-2.662647584763025
q4:
-0.103253456387351
0.023154575181138
0.095374649894425
1.761250500343739
q5:
-0.000494280511254
0.000169281782551
0.000021950108580
-0.983292233627579
q6:
-0.000148249337658
0.000066600608573
0.000001738342611
-0.378329638926283
q7:
0.007112316979175
-0.003474454323631
0.001218102751255
-1.237546021261544

q1:
-0.005856413569036
-0.040340343192248
-0.125799182792206
-2.404845819823703
q2:
0.024512275954981
0.001060348533450
-0.180428962890386
1.007838676541313
q3:
-0.046971754543164
0.101642051778761
0.173553072328179
-2.614936149311780
q4:
0.060498995957218
-0.077726841944057
0.077601790113588
1.791200935000589
q5:
0.000918594645572
-0.000313643633966
-0.000025065034735
-0.983284203969949
q6:
0.000140953406626
-0.000078243000485
-0.000002053301227
-0.378327129749137
q7:
-0.012824077707862
0.003474471562309
0.001218108365473
-1.237272153138423

q1:
0.068053994702038
-0.046062217508002
-0.153938395017017
-2.450296533881330
q2:
0.041177836519270
0.025009504540641
-0.171938645909313
0.950036537439462
q3:
0.027083712232719
0.055749378264814
0.224811632450343
-2.549256037351568
q4:
-0.152710189455448
-0.018617688019760
0.046224720344131
1.810319677580642
q5:
-0.002026648283916
0.000583848158088
0.000062934005881
-0.983293902826627
q6:
-0.000121614636873
0.000059472286795
-0.000008166466067
-0.378331228367780
q7:
0.018685431167347
-0.009054998905386
-0.000599333640418
-1.236949904227854

q1:
0.039058321111778
0.020428374349930
-0.162286714174651
-2.502965330230662
q2:
0.062628621683649
0.065241363575265
-0.142546133571660
0.898115319811573
q3:
-0.196042696736439
0.082210897003691
0.269741938137019
-2.469191775472187
q4:
0.136962112142737
-0.167819669829735
-0.014493391904420
1.818124247677901
q5:
0.006201782204113
-0.001396241981740
-0.000201642900505
-0.983281486956772
q6:
0.000077517395287
-0.000059348499842
-0.000008126151667
-0.378331780974990
q7:
-0.055020396615053
0.009201172284523
-0.000551728526590
-1.237460063087315

q1:
0.190012855594834
0.058589409555429
-0.136552544112713
-2.552302258159943
q2:
0.000461142921759
0.126431219383503
-0.080123035855079
0.860774673797956
q3:
-0.132545576944718
-0.109328115401124
0.260910519747937
-2.379395557373339
q4:
-0.077740486887722
-0.034003985117104
-0.080222446836466
1.800335406502803
q5:
-0.052922884601019
0.004663066823436
0.000862282482919
-0.983281022908788
q6:
0.000058598607242
0.000016388090119
-0.000022117312076
-0.378338044584302
q7:
0.112973825919816
-0.044555242033407
-0.012065689034380
-1.238564380241402

q1:
-0.333653711851287
0.244237104219529
-0.037929315016811
-2.583996282864875
q2:
-0.158288204028796
0.126881768479600
0.002374842298205
0.848106361558476
q3:
0.320381889420386
-0.238828725876550
0.147524305672408
-2.310597674390271
q4:
0.149093935642998
-0.109958541600084
-0.127107539811532
1.767916922068517
q5:
0.067515890012908
-0.047044021575380
-0.012940163537083
-0.984333709942665
q6:
-0.000154224643598
0.000073640512913
0.000007202813931
-0.378341485305238
q7:
-0.112022510216976
0.065823238800115
-0.005139219844524
-1.243317199454490

q1:
0.156424137363258
-0.081751588637078
0.014988264848611
-2.581969308033021
q2:
0.126446134409291
-0.027770084304120
0.034653106881678
0.856869761693084
q3:
-0.165509199245063
0.074193037818475
0.093906466935939
-2.276817033248170
q4:
-0.039001692926355
0.035710262512518
-0.151288398175444
1.720008477980044
q5:
-0.135424673230841
0.018920827459983
-0.022099203746529
-0.991205534442420
q6:
0.000118878022356
-0.000077041131519
0.000006095315173
-0.378336656200805
q7:
0.120179373218306
-0.043625780884175
0.002089952231925
-1.241878957029868

q1:
0.080542603751332
0.071079020641439
0.011512469069191
-2.580355639887981
q2:
0.013896124743984
0.095771205987977
0.056799418045136
0.869577799210755
q3:
-0.001615479856004
-0.087513922425653
0.089568178858066
-2.244081853528219
q4:
-0.157766585429369
-0.002395445425549
-0.140438572653568
1.673177900396019
q5:
0.036887236038300
-0.113392737889267
-0.052866406886208
-1.001073807121317
q6:
-0.000080733105818
0.000039105908782
-0.000006259264075
-0.378338736080320
q7:
-0.018967357801602
0.073792714376635
0.011914588641268
-1.241674146383698

q1:
-0.106742639224492
0.149771321022221
0.083438053029087
-2.566285180711651
q2:
-0.166838648600266
0.109348095380063
0.123601784847948
0.898713936258289
q3:
0.095237679352637
-0.089092289900341
0.032051831557877
-2.224249612575024
q4:
0.072742687268931
-0.156537662741846
-0.192199219838395
1.621736721621454
q5:
0.248264172947869
-0.077352911470137
-0.114987624877704
-1.029043886516446
q6:
-0.000158718827962
-0.000039772517265
-0.000006476362242
-0.378339415553457
q7:
-0.196226364971258
0.055261093246511
0.053944274471136
-1.230622239918728

q1:
-0.050707585441297
0.045480877976391
0.147026944613490
-2.526913170812270
q2:
0.083110649934567
-0.053657772810022
0.141738768207772
0.944802944624957
q3:
-0.027054640429010
0.003957496450307
0.004325500287245
-2.219970888625515
q4:
0.121628077180489
-0.085466091542767
-0.271013955719205
1.545051726460669
q5:
-0.217085793474102
0.165207894382593
-0.086375394069438
-1.066121259301940
q6:
0.000427155574672
-0.000194845101268
-0.000082885613381
-0.378351225777869
q7:
0.161119904723562
-0.136457367987018
0.027500622937315
-1.213970837222778

q1:
-0.046097766170145
-0.004061803278991
0.160516129698048
-2.475957733931864
q2:
-0.032001727845318
0.027543578088505
0.133234010230770
0.988143485078395
q3:
0.042650532641418
-0.022475618350733
-0.001705401551056
-2.219076967591642
q4:
0.022633673537928
0.033367826637655
-0.287981093276566
1.451925502124947
q5:
0.060490267616455
-0.046890792185904
-0.047842392020025
-1.084227631322981
q6:
-0.000224272435237
0.000222497438280
-0.000073879919876
-0.378384130686293
q7:
-0.049036586227465
0.020961132896991
-0.010113691314780
-1.213922343114428

q1:
0.079184860220178
-0.049100566534569
0.143202439057010
-2.425704689008485
q2:
0.031985516782105
-0.003722974804207
0.140991801269687
1.033350535763988
q3:
-0.020527103590191
0.019195104592133
-0.002773785081723
-2.220542980393831
q4:
-0.130892140889323
0.055481537317611
-0.259045016751585
1.362458039667874
q5:
0.047656716882923
0.012209833913600
-0.059137136493742
-1.102692694190117
q6:
0.000022290758729
0.000003377208503
-0.000000318041958
-0.378392339437029
q7:
-0.050090519507263
-0.026948936970796
-0.012063773444613
-1.216686746085772

q1:
-0.013320644329118
0.028265181725754
0.136416861058288
-2.381539715376106
q2:
0.001166169532561
0.027527739441672
0.148744434046615
1.079978125027977
q3:
0.017784068839516
-0.000860430322704
0.003197372325637
-2.220119473831708
q4:
0.023516596380057
-0.072403621450626
-0.264556127913637
1.279456644043754
q5:
-0.027511923063332
0.058771734143339
-0.036020166447757
-1.119010998829799
q6:
-0.000034347404793
0.000025155882148
0.000008974491582
-0.378391314830709
q7:
0.015418608913379
-0.075888728133553
-0.045555499379849
-1.225204213591411

q1:
-0.034249473937719
0.015250552250292
0.150588877067379
-2.334574256375334
q2:
-0.010686919257197
0.028667118588570
0.167045732332692
1.131380571420713
q3:
0.001105341276201
0.016515085515254
0.008295712712766
-2.218555119374222
q4:
0.056777367469895
-0.049427271294546
-0.304233486069582
1.186430010414603
q5:
0.009928427576902
0.031891841851343
-0.006493245193359
-1.125458623128060
q6:
0.000025190727676
-0.000008402460510
0.000014430673472
-0.378386910358636
q7:
-0.002404002711188
-0.060824330565634
-0.090079616969206
-1.247557042581589

q1:
0.008860133929525
-0.018212109315900
0.149624369972802
-2.285096646311151
q2:
-0.017826378402487
0.018225709679951
0.182317585802953
1.188454715928655
q3:
0.024046904637612
0.017595033811918
0.019404548828061
-2.214063559417319
q4:
-0.018598934568483
0.006045751027471
-0.318361791938492
1.084067320828003
q5:
-0.013634811667666
0.041592183891471
0.017438714447099
-1.123847763810009
q6:
-0.000041514237235
0.000016209561162
0.000016973256242
-0.378382231688199
q7:
0.009700081911857
-0.063173106178217
-0.130462565803010
-1.283428134292264

q1:
0.004790090707376
-0.009555519037930
0.140581128882542
-2.237993236898190
q2:
-0.020513821609533
0.000808856255631
0.188516680900686
1.249148451271485
q3:
-0.028852346516002
0.041089509466235
0.038516677036263
-2.205047114472825
q4:
0.015071022044356
-0.012125910647936
-0.320341952023267
0.980383413027671
q5:
0.035715744437404
0.028270604436454
0.040191325150347
-1.114227921372214
q6:
0.000020916482100
-0.000024350970462
0.000014321797278
-0.378376418662971
q7:
-0.007117125831983
-0.053695864023460
-0.168523946488347
-1.332281984691081

q1:
-0.030291752440433
-0.004875470973433
0.135881306478521
-2.193057423131426
q2:
-0.043283118293708
-0.019233701805182
0.182516156900861
1.309920937240734
q3:
-0.012723808838491
0.012899987238502
0.056099742785389
-2.189141662695308
q4:
0.077286210170116
0.002598885156052
-0.323444672475238
0.875290294773924
q5:
-0.036550915827039
0.063165851904102
0.069969954732608
-1.096906355485429
q6:
-0.000005805980679
-0.000003915002221
0.000005116257563
-0.378373614667781
q7:
0.067325434350698
-0.060649488288542
-0.205763446215569
-1.393107211926374

q1:
0.003711570519601
-0.034471331686633
0.123067009987235
-2.150367660257141
q2:
0.026625477136194
-0.061522478024800
0.156215833573820
1.365826879296611
q3:
-0.048205558427186
0.000468482165765
0.060453528074144
-2.169942622955558
q4:
0.017630068888686
0.078109601009938
-0.297159881814382
0.772897555190616
q5:
-0.012828173010193
0.027454619419810
0.099482837844284
-1.068681746037159
q6:
0.000021092328500
-0.000009587602240
0.000000718787749
-0.378372564224571
q7:
0.038158113678589
0.005129280418127
-0.223845027355868
-1.464226526893399

q1:
-0.023032113317201
-0.030845026990616
0.101795060826523
-2.113815710765624
q2:
-0.041075990280272
-0.035508667358188
0.124615149864679
1.411096931658229
q3:
0.003068951869768
-0.046629651084152
0.045419958256160
-2.151869838962398
q4:
0.039361882024541
0.095334654734371
-0.240673306856315
0.685013467108874
q5:
-0.046537998872525
0.014921147731070
0.113283594388810
-1.033813760680973
q6:
-0.000020253820474
0.000011020172686
0.000001185341095
-0.378372618453070
q7:
0.061396591998713
0.042410788634950
-0.208362383306606
-1.535265288519644

q1:
-0.011975559518194
-0.053348024102023
0.074375432133235
-2.084730693315163
q2:
0.040598374539796
-0.075641019865104
0.088416400520338
1.446495965863086
q3:
0.038527321411300
-0.043631202174608
0.016024194000374
-2.141917411003892
q4:
-0.008978288992851
0.133792277154814
-0.166052238793097
0.618103326579786
q5:
-0.047272684616772
-0.030547734771214
0.108194395116145
-0.996944990404691
q6:
0.000016152213681
-0.000008768357240
0.000001918702609
-0.378371763186740
q7:
0.001661147796643
0.102396918147670
-0.161202035743752
-1.596504760475619

q1:
0.020593836865218
-0.065048469368768
0.035816574277088
-2.066580431386591
q2:
-0.089986346013556
-0.035975310843320
0.052065676744278
1.468670575265700
q3:
0.012686636527064
-0.005988968025768
-0.000135888392828
-2.139995612048385
q4:
0.001040842391699
0.125020246187052
-0.081763295713953
0.577904647975972
q5:
-0.073144493120735
-0.076734425099157
0.073255205350677
-0.966581667420363
q6:
-0.000018588504085
0.000007012792011
0.000001346957719
-0.378371510384007
q7:
0.082413867566795
0.104019904434454
-0.093977097844512
-1.638086268930061

coefs_qdot:
qdot1:
-0.000162227652918
0.000043468697858
-0.000000000000000
qdot2:
0.000036113504995
-0.000011244685194
-0.000000000000000
qdot3:
-0.113464715353075
0.043770009528926
-0.000000000000000
qdot4:
0.161284185057703
-0.061883108430192
0.000000000000000
qdot5:
0.000046787072006
-0.000018556129194
0.000000000000000
qdot6:
-0.000095780654568
0.000041517837069
-0.000000000000000
qdot7:
-0.000157294811605
0.000032990665857
0.000000000000000

qdot1:
0.000271802472716
-0.000062198502679
-0.000003049920908
qdot2:
-0.000059931631069
0.000012277894994
0.000000168245649
qdot3:
0.108098556795450
-0.030135385854541
0.002220232630084
qdot4:
-0.147090690610613
0.043169563043035
-0.003047273257066
qdot5:
-0.000048394615859
0.000011918693262
-0.000001080825712
qdot6:
0.000029186553400
-0.000020869021470
0.000003362408473
qdot7:
0.000331980630765
-0.000069463521836
-0.000005939160984

qdot1:
-0.000499212029209
0.000114840404525
0.000005522172534
qdot2:
0.000131356422352
-0.000026758653737
-0.000002189769786
qdot3:
-0.121146531682479
0.040274754914683
0.003871305558344
qdot4:
0.151107715079343
-0.052638156678265
-0.004589118565891
qdot5:
0.000054022710060
-0.000019603205051
-0.000002332154991
qdot6:
0.000006235621518
-0.000001858320547
-0.000000338462746
qdot7:
-0.000683077932776
0.000146772509779
0.000006649667408

qdot1:
0.000918011834711
-0.000210322024025
-0.000010025847877
qdot2:
-0.000243466712070
0.000058800529132
0.000003027859903
qdot3:
0.055829197716894
-0.038634201895974
0.004138449663711
qdot4:
-0.059894310802523
0.045786057348800
-0.005704899600936
qdot5:
-0.000011982226159
0.000015584560011
-0.000002986542458
qdot6:
-0.000004776837615
0.000002203259940
-0.000000282293561
qdot7:
0.001363575139380
-0.000298151223052
-0.000018000514858

qdot1:
-0.001708510752290
0.000387626222705
0.000018845984362
qdot2:
0.000416129957625
-0.000099781842157
-0.000003645448475
qdot3:
0.012514178129119
-0.002269778662114
-0.002522266062971
qdot4:
-0.022191010269712
0.006773817223696
0.002853836697609
qdot5:
-0.000025824539706
0.000007779920841
0.000000818079071
qdot6:
0.000004733355573
-0.000000908139684
-0.000000071398980
qdot7:
-0.002597785427590
0.000590015283138
0.000029525997441

qdot1:
0.003202170390243
-0.000725214560194
-0.000036126170377
qdot2:
-0.000751391297011
0.000171264967008
0.000007994708972
qdot3:
0.002832357703426
0.005881348141084
-0.001934165900142
qdot4:
-0.007104358753730
-0.007680327246135
0.002706222566161
qdot5:
0.000020266195140
-0.000009040927928
0.000000612739404
qdot6:
-0.000006464820765
0.000002174937853
0.000000134883694
qdot7:
0.004848814253785
-0.001102055758948
-0.000053853566196

qdot1:
-0.005979609264351
0.001360523442495
0.000067326153967
qdot2:
0.001344496750420
-0.000318154767757
-0.000015924508488
qdot3:
-0.008496438201663
0.007726208151421
0.000281659136018
qdot4:
0.027165408248957
-0.012307760902550
-0.000548594477604
qdot5:
-0.000017791200000
0.000004159485611
-0.000000182144106
qdot6:
-0.000001470779822
-0.000002035931871
0.000000157519127
qdot7:
-0.009029083898662
0.002056225945208
0.000101521443249

qdot1:
0.011112716841568
-0.002534303116981
-0.000123809589568
qdot2:
-0.004977312259698
0.000557585004051
0.000023063793349
qdot3:
0.003441882817553
0.002192041668994
0.001896725485519
qdot4:
-0.029416872725851
0.005386464400400
-0.001675643430589
qdot5:
0.000028081500717
-0.000007428836506
-0.000000714518134
qdot6:
-0.000003066945432
-0.000002993926292
-0.000000661532097
qdot7:
0.016697726260428
-0.003824880030377
-0.000186482362723

qdot1:
-0.020656751160355
0.004703979986316
0.000229495899243
qdot2:
0.014645048026202
-0.002684394049571
-0.000323261191747
qdot3:
-0.005140990640707
0.004433916684528
0.002975682213140
qdot4:
0.026035318941092
-0.013774255326292
-0.003041493163792
qdot5:
-0.000090378383884
0.000010862086862
-0.000000155455072
qdot6:
0.000006352504900
-0.000004991585336
-0.000001961875540
qdot7:
-0.030343930836546
0.007051206490809
0.000338885660174

qdot1:
0.038149213661949
-0.008750822743267
-0.000429483222761
qdot2:
-0.154312911563510
0.006854677735153
0.000355818784096
qdot3:
0.010035245197688
0.001085325496670
0.003874423672874
qdot4:
0.068275038246107
0.003183884781746
-0.004766006198343
qdot5:
0.000505908657061
-0.000048005995381
-0.000006203888800
qdot6:
-0.000004908240286
-0.000000853872702
-0.000002913737284
qdot7:
0.049464384174140
-0.012713353786676
-0.000583126159356

qdot1:
-0.065252797079208
0.016097719030105
0.000766869478673
qdot2:
-0.091413954793832
-0.093657245344960
-0.013778923588324
qdot3:
0.008838947481971
0.007621795991460
0.005292272504182
qdot4:
0.186941482268318
0.047654923030935
0.003512475311368
qdot5:
-0.000964921913944
0.000281518290752
0.000031820748336
qdot6:
0.000071131910124
-0.000004050861632
-0.000003712413615
qdot7:
0.086656152072167
0.019505339561418
0.000522866114452

qdot1:
-0.341878580642425
-0.026404778358703
-0.000911509770221
qdot2:
0.191544662028366
-0.153199848096674
-0.053976598780224
qdot3:
0.287040235861683
0.013379056355584
0.008712005879594
qdot4:
-0.262327479193801
0.169419509648187
0.038860406438834
qdot5:
0.000343540949463
-0.000346984899357
0.000021160307383
qdot6:
-0.000228444162662
0.000042281003968
0.000002512900079
qdot7:
-0.430734902026738
0.075948941093176
0.016066434727104

qdot1:
0.576397014733988
-0.249087852977038
-0.045772134019669
qdot2:
-0.147247728796669
-0.028436974134066
-0.083553946066972
qdot3:
-0.438626702891557
0.200343101136455
0.043514059765918
qdot4:
0.143891602508153
-0.001447847745140
0.066212548572918
qdot5:
0.000653901212413
-0.000123219038565
-0.000055406684909
qdot6:
0.000177286420962
-0.000106516409501
-0.000007947054430
qdot7:
0.524026974246300
-0.204610818305914
-0.004884587087469

qdot1:
-0.313202627363376
0.126349119999167
-0.065758643837651
qdot2:
0.053428283929797
-0.124346980889663
-0.108432954860899
qdot3:
0.241415373521539
-0.085356993400188
0.062238148856986
qdot4:
-0.021720180423398
0.092276141625777
0.081002831504413
qdot5:
-0.000475839309212
0.000302700398104
-0.000026180328505
qdot6:
0.000183746327038
0.000008959339912
-0.000023833036644
qdot7:
-0.222351417413459
0.136714858163295
-0.015940618391267

qdot1:
0.050217181323741
-0.077655833773482
-0.057829534422818
qdot2:
0.135590076025047
-0.089546396089318
-0.143262889758162
qdot3:
0.072487781207694
0.071889235757811
0.060045088330656
qdot4:
-0.278529793318457
0.078128672811385
0.108751182934714
qdot5:
-0.000243139469179
-0.000007238177751
0.000021932100430
qdot6:
-0.000383583862083
0.000128642757860
-0.000001426208650
qdot7:
0.006189639506820
-0.008114037470740
0.005000461111613

qdot1:
-0.060860571591536
-0.044946804986642
-0.077793882952729
qdot2:
-0.104318213654354
-0.001229617190054
-0.158044659429620
qdot3:
-0.041858251646254
0.119104249817066
0.091146054439710
qdot4:
0.229678244136886
-0.103292083740294
0.104653627522641
qdot5:
0.000774038412588
-0.000165607398941
-0.000006213699447
qdot6:
0.000390582326573
-0.000121205108075
-0.000000215077845
qdot7:
-0.004400852509337
-0.004082407429550
0.003014418402600

qdot1:
0.005999425659895
-0.084588420379937
-0.098887118891790
qdot2:
0.109461849670862
-0.069177426355496
-0.169509590123763
qdot3:
0.171097031759199
0.091839821149964
0.125495730724765
qdot4:
-0.309760369162054
0.046309150362277
0.095374649894425
qdot5:
-0.001482841533762
0.000338563565102
0.000021950108580
qdot6:
-0.000444748012975
0.000133201217145
0.000001738342611
qdot7:
0.021336950937526
-0.006948908647261
0.001218102751255

qdot1:
-0.017569240707108
-0.080680686384496
-0.125799182792206
qdot2:
0.073536827864944
0.002120697066901
-0.180428962890386
qdot3:
-0.140915263629492
0.203284103557521
0.173553072328179
qdot4:
0.181496987871655
-0.155453683888114
0.077601790113588
qdot5:
0.002755783936715
-0.000627287267932
-0.000025065034735
qdot6:
0.000422860219879
-0.000156486000970
-0.000002053301227
qdot7:
-0.038472233123586
0.006948943124618
0.001218108365473

qdot1:
0.204161984106113
-0.092124435016003
-0.153938395017017
qdot2:
0.123533509557810
0.050019009081283
-0.171938645909313
qdot3:
0.081251136698156
0.111498756529628
0.224811632450343
qdot4:
-0.458130568366344
-0.037235376039519
0.046224720344131
qdot5:
-0.006079944851747
0.001167696316177
0.000062934005881
qdot6:
-0.000364843910620
0.000118944573591
-0.000008166466067
qdot7:
0.056056293502042
-0.018109997810772
-0.000599333640418

qdot1:
0.117174963335335
0.040856748699860
-0.162286714174651
qdot2:
0.187885865050946
0.130482727150530
-0.142546133571660
qdot3:
-0.588128090209318
0.164421794007381
0.269741938137019
qdot4:
0.410886336428212
-0.335639339659470
-0.014493391904420
qdot5:
0.018605346612338
-0.002792483963480
-0.000201642900505
qdot6:
0.000232552185862
-0.000118696999684
-0.000008126151667
qdot7:
-0.165061189845159
0.018402344569046
-0.000551728526590

qdot1:
0.570038566784503
0.117178819110857
-0.136552544112713
qdot2:
0.001383428765276
0.252862438767006
-0.080123035855079
qdot3:
-0.397636730834155
-0.218656230802248
0.260910519747937
qdot4:
-0.233221460663166
-0.068007970234207
-0.080222446836466
qdot5:
-0.158768653803058
0.009326133646872
0.000862282482919
qdot6:
0.000175795821725
0.000032776180238
-0.000022117312076
qdot7:
0.338921477759448
-0.089110484066815
-0.012065689034380

qdot1:
-1.000961135553860
0.488474208439058
-0.037929315016811
qdot2:
-0.474864612086387
0.253763536959201
0.002374842298205
qdot3:
0.961145668261157
-0.477657451753101
0.147524305672408
qdot4:
0.447281806928993
-0.219917083200169
-0.127107539811532
qdot5:
0.202547670038725
-0.094088043150760
-0.012940163537083
qdot6:
-0.000462673930795
0.000147281025827
0.000007202813931
qdot7:
-0.336067530650928
0.131646477600229
-0.005139219844524

qdot1:
0.469272412089775
-0.163503177274156
0.014988264848611
qdot2:
0.379338403227872
-0.055540168608240
0.034653106881678
qdot3:
-0.496527597735190
0.148386075636950
0.093906466935939
qdot4:
-0.117005078779064
0.071420525025037
-0.151288398175444
qdot5:
-0.406274019692523
0.037841654919965
-0.022099203746529
qdot6:
0.000356634067068
-0.000154082263039
0.000006095315173
qdot7:
0.360538119654919
-0.087251561768350
0.002089952231925

qdot1:
0.241627811253995
0.142158041282878
0.011512469069191
qdot2:
0.041688374231953
0.191542411975954
0.056799418045136
qdot3:
-0.004846439568011
-0.175027844851307
0.089568178858066
qdot4:
-0.473299756288108
-0.004790890851097
-0.140438572653568
qdot5:
0.110661708114901
-0.226785475778534
-0.052866406886208
qdot6:
-0.000242199317453
0.000078211817565
-0.000006259264075
qdot7:
-0.056902073404805
0.147585428753270
0.011914588641268

qdot1:
-0.320227917673475
0.299542642044442
0.083438053029087
qdot2:
-0.500515945800798
0.218696190760126
0.123601784847948
qdot3:
0.285713038057911
-0.178184579800682
0.032051831557877
qdot4:
0.218228061806793
-0.313075325483693
-0.192199219838395
qdot5:
0.744792518843608
-0.154705822940275
-0.114987624877704
qdot6:
-0.000476156483886
-0.000079545034530
-0.000006476362242
qdot7:
-0.588679094913773
0.110522186493021
0.053944274471136

qdot1:
-0.152122756323891
0.090961755952781
0.147026944613490
qdot2:
0.249331949803701
-0.107315545620045
0.141738768207772
qdot3:
-0.081163921287029
0.007914992900614
0.004325500287245
qdot4:
0.364884231541468
-0.170932183085534
-0.271013955719205
qdot5:
-0.651257380422306
0.330415788765186
-0.086375394069438
qdot6:
0.001281466724016
-0.000389690202537
-0.000082885613381
qdot7:
0.483359714170686
-0.272914735974036
0.027500622937315

qdot1:
-0.138293298510435
-0.008123606557981
0.160516129698048
qdot2:
-0.096005183535953
0.055087156177010
0.133234010230770
qdot3:
0.127951597924255
-0.044951236701467
-0.001705401551056
qdot4:
0.067901020613785
0.066735653275311
-0.287981093276566
qdot5:
0.181470802849366
-0.093781584371808
-0.047842392020025
qdot6:
-0.000672817305712
0.000444994876560
-0.000073879919876
qdot7:
-0.147109758682394
0.041922265793983
-0.010113691314780

qdot1:
0.237554580660534
-0.098201133069138
0.143202439057010
qdot2:
0.095956550346314
-0.007445949608414
0.140991801269687
qdot3:
-0.061581310770574
0.038390209184266
-0.002773785081723
qdot4:
-0.392676422667969
0.110963074635221
-0.259045016751585
qdot5:
0.142970150648770
0.024419667827200
-0.059137136493742
qdot6:
0.000066872276187
0.000006754417006
-0.000000318041958
qdot7:
-0.150271558521788
-0.053897873941591
-0.012063773444613

qdot1:
-0.039961932987354
0.056530363451508
0.136416861058288
qdot2:
0.003498508597682
0.055055478883343
0.148744434046615
qdot3:
0.053352206518548
-0.001720860645409
0.003197372325637
qdot4:
0.070549789140170
-0.144807242901253
-0.264556127913637
qdot5:
-0.082535769189995
0.117543468286678
-0.036020166447757
qdot6:
-0.000103042214379
0.000050311764296
0.000008974491582
qdot7:
0.046255826740137
-0.151777456267107
-0.045555499379849

qdot1:
-0.102748421813157
0.030501104500584
0.150588877067379
qdot2:
-0.032060757771592
0.057334237177140
0.167045732332692
qdot3:
0.003316023828604
0.033030171030508
0.008295712712766
qdot4:
0.170332102409685
-0.098854542589092
-0.304233486069582
qdot5:
0.029785282730706
0.063783683702687
-0.006493245193359
qdot6:
0.000075572183027
-0.000016804921020
0.000014430673472
qdot7:
-0.007212008133563
-0.121648661131269
-0.090079616969206

qdot1:
0.026580401788576
-0.036424218631800
0.149624369972802
qdot2:
-0.053479135207462
0.036451419359902
0.182317585802953
qdot3:
0.072140713912837
0.035190067623836
0.019404548828061
qdot4:
-0.055796803705450
0.012091502054942
-0.318361791938492
qdot5:
-0.040904435002998
0.083184367782943
0.017438714447099
qdot6:
-0.000124542711705
0.000032419122325
0.000016973256242
qdot7:
0.029100245735570
-0.126346212356433
-0.130462565803010

qdot1:
0.014370272122127
-0.019111038075860
0.140581128882542
qdot2:
-0.061541464828598
0.001617712511262
0.188516680900686
qdot3:
-0.086557039548007
0.082179018932471
0.038516677036263
qdot4:
0.045213066133069
-0.024251821295873
-0.320341952023267
qdot5:
0.107147233312213
0.056541208872908
0.040191325150347
qdot6:
0.000062749446301
-0.000048701940924
0.000014321797278
qdot7:
-0.021351377495948
-0.107391728046919
-0.168523946488347

qdot1:
-0.090875257321300
-0.009750941946866
0.135881306478521
qdot2:
-0.129849354881125
-0.038467403610364
0.182516156900861
qdot3:
-0.038171426515473
0.025799974477005
0.056099742785389
qdot4:
0.231858630510347
0.005197770312103
-0.323444672475238
qdot5:
-0.109652747481117
0.126331703808204
0.069969954732608
qdot6:
-0.000017417942037
-0.000007830004441
0.000005116257563
qdot7:
0.201976303052095
-0.121298976577084
-0.205763446215569

qdot1:
0.011134711558802
-0.068942663373265
0.123067009987235
qdot2:
0.079876431408583
-0.123044956049600
0.156215833573820
qdot3:
-0.144616675281557
0.000936964331529
0.060453528074144
qdot4:
0.052890206666059
0.156219202019876
-0.297159881814382
qdot5:
-0.038484519030578
0.054909238839619
0.099482837844284
qdot6:
0.000063276985499
-0.000019175204480
0.000000718787749
qdot7:
0.114474341035768
0.010258560836254
-0.223845027355868

qdot1:
-0.069096339951604
-0.061690053981232
0.101795060826523
qdot2:
-0.123227970840816
-0.071017334716376
0.124615149864679
qdot3:
0.009206855609304
-0.093259302168303
0.045419958256160
qdot4:
0.118085646073624
0.190669309468741
-0.240673306856315
qdot5:
-0.139613996617576
0.029842295462139
0.113283594388810
qdot6:
-0.000060761461422
0.000022040345372
0.000001185341095
qdot7:
0.184189775996139
0.084821577269900
-0.208362383306606

qdot1:
-0.035926678554581
-0.106696048204046
0.074375432133235
qdot2:
0.121795123619388
-0.151282039730207
0.088416400520338
qdot3:
0.115581964233900
-0.087262404349217
0.016024194000374
qdot4:
-0.026934866978552
0.267584554309628
-0.166052238793097
qdot5:
-0.141818053850317
-0.061095469542427
0.108194395116145
qdot6:
0.000048456641043
-0.000017536714479
0.000001918702609
qdot7:
0.004983443389930
0.204793836295340
-0.161202035743752

qdot1:
0.061781510595654
-0.130096938737537
0.035816574277088
qdot2:
-0.269959038040669
-0.071950621686641
0.052065676744278
qdot3:
0.038059909581193
-0.011977936051535
-0.000135888392828
qdot4:
0.003122527175096
0.250040492374104
-0.081763295713953
qdot5:
-0.219433479362204
-0.153468850198314
0.073255205350677
qdot6:
-0.000055765512255
0.000014025584022
0.000001346957719
qdot7:
0.247241602700386
0.208039808868909
-0.093977097844512

coefs_qdotdot:
qdotdot1:
-0.000324455305836
0.000043468697858
qdotdot2:
0.000072227009990
-0.000011244685194
qdotdot3:
-0.226929430706150
0.043770009528926
qdotdot4:
0.322568370115406
-0.061883108430192
qdotdot5:
0.000093574144012
-0.000018556129194
qdotdot6:
-0.000191561309136
0.000041517837069
qdotdot7:
-0.000314589623210
0.000032990665857

qdotdot1:
0.000543604945431
-0.000062198502679
qdotdot2:
-0.000119863262139
0.000012277894994
qdotdot3:
0.216197113590900
-0.030135385854541
qdotdot4:
-0.294181381221226
0.043169563043035
qdotdot5:
-0.000096789231718
0.000011918693262
qdotdot6:
0.000058373106800
-0.000020869021470
qdotdot7:
0.000663961261530
-0.000069463521836

qdotdot1:
-0.000998424058418
0.000114840404525
qdotdot2:
0.000262712844705
-0.000026758653737
qdotdot3:
-0.242293063364958
0.040274754914683
qdotdot4:
0.302215430158686
-0.052638156678265
qdotdot5:
0.000108045420121
-0.000019603205051
qdotdot6:
0.000012471243036
-0.000001858320547
qdotdot7:
-0.001366155865552
0.000146772509779

qdotdot1:
0.001836023669423
-0.000210322024025
qdotdot2:
-0.000486933424140
0.000058800529132
qdotdot3:
0.111658395433787
-0.038634201895974
qdotdot4:
-0.119788621605046
0.045786057348800
qdotdot5:
-0.000023964452319
0.000015584560011
qdotdot6:
-0.000009553675230
0.000002203259940
qdotdot7:
0.002727150278761
-0.000298151223052

qdotdot1:
-0.003417021504580
0.000387626222705
qdotdot2:
0.000832259915251
-0.000099781842157
qdotdot3:
0.025028356258238
-0.002269778662114
qdotdot4:
-0.044382020539423
0.006773817223696
qdotdot5:
-0.000051649079412
0.000007779920841
qdotdot6:
0.000009466711146
-0.000000908139684
qdotdot7:
-0.005195570855180
0.000590015283138

qdotdot1:
0.006404340780486
-0.000725214560194
qdotdot2:
-0.001502782594021
0.000171264967008
qdotdot3:
0.005664715406852
0.005881348141084
qdotdot4:
-0.014208717507460
-0.007680327246135
qdotdot5:
0.000040532390280
-0.000009040927928
qdotdot6:
-0.000012929641529
0.000002174937853
qdotdot7:
0.009697628507569
-0.001102055758948

qdotdot1:
-0.011959218528702
0.001360523442495
qdotdot2:
0.002688993500840
-0.000318154767757
qdotdot3:
-0.016992876403327
0.007726208151421
qdotdot4:
0.054330816497914
-0.012307760902550
qdotdot5:
-0.000035582400001
0.000004159485611
qdotdot6:
-0.000002941559644
-0.000002035931871
qdotdot7:
-0.018058167797324
0.002056225945208

qdotdot1:
0.022225433683136
-0.002534303116981
qdotdot2:
-0.009954624519395
0.000557585004051
qdotdot3:
0.006883765635105
0.002192041668994
qdotdot4:
-0.058833745451702
0.005386464400400
qdotdot5:
0.000056163001434
-0.000007428836506
qdotdot6:
-0.000006133890864
-0.000002993926292
qdotdot7:
0.033395452520857
-0.003824880030377

qdotdot1:
-0.041313502320710
0.004703979986316
qdotdot2:
0.029290096052403
-0.002684394049571
qdotdot3:
-0.010281981281413
0.004433916684528
qdotdot4:
0.052070637882185
-0.013774255326292
qdotdot5:
-0.000180756767768
0.000010862086862
qdotdot6:
0.000012705009799
-0.000004991585336
qdotdot7:
-0.060687861673093
0.007051206490809

qdotdot1:
0.076298427323898
-0.008750822743267
qdotdot2:
-0.308625823127020
0.006854677735153
qdotdot3:
0.020070490395375
0.001085325496670
qdotdot4:
0.136550076492214
0.003183884781746
qdotdot5:
0.001011817314122
-0.000048005995381
qdotdot6:
-0.000009816480572
-0.000000853872702
qdotdot7:
0.098928768348279
-0.012713353786676

qdotdot1:
-0.130505594158417
0.016097719030105
qdotdot2:
-0.182827909587664
-0.093657245344960
qdotdot3:
0.017677894963942
0.007621795991460
qdotdot4:
0.373882964536637
0.047654923030935
qdotdot5:
-0.001929843827889
0.000281518290752
qdotdot6:
0.000142263820248
-0.000004050861632
qdotdot7:
0.173312304144333
0.019505339561418

qdotdot1:
-0.683757161284851
-0.026404778358703
qdotdot2:
0.383089324056732
-0.153199848096674
qdotdot3:
0.574080471723365
0.013379056355584
qdotdot4:
-0.524654958387601
0.169419509648187
qdotdot5:
0.000687081898926
-0.000346984899357
qdotdot6:
-0.000456888325323
0.000042281003968
qdotdot7:
-0.861469804053477
0.075948941093176

qdotdot1:
1.152794029467976
-0.249087852977038
qdotdot2:
-0.294495457593338
-0.028436974134066
qdotdot3:
-0.877253405783113
0.200343101136455
qdotdot4:
0.287783205016306
-0.001447847745140
qdotdot5:
0.001307802424825
-0.000123219038565
qdotdot6:
0.000354572841923
-0.000106516409501
qdotdot7:
1.048053948492599
-0.204610818305914

qdotdot1:
-0.626405254726751
0.126349119999167
qdotdot2:
0.106856567859593
-0.124346980889663
qdotdot3:
0.482830747043079
-0.085356993400188
qdotdot4:
-0.043440360846795
0.092276141625777
qdotdot5:
-0.000951678618425
0.000302700398104
qdotdot6:
0.000367492654077
0.000008959339912
qdotdot7:
-0.444702834826918
0.136714858163295

qdotdot1:
0.100434362647483
-0.077655833773482
qdotdot2:
0.271180152050095
-0.089546396089318
qdotdot3:
0.144975562415389
0.071889235757811
qdotdot4:
-0.557059586636914
0.078128672811385
qdotdot5:
-0.000486278938358
-0.000007238177751
qdotdot6:
-0.000767167724166
0.000128642757860
qdotdot7:
0.012379279013639
-0.008114037470740

qdotdot1:
-0.121721143183072
-0.044946804986642
qdotdot2:
-0.208636427308708
-0.001229617190054
qdotdot3:
-0.083716503292507
0.119104249817066
qdotdot4:
0.459356488273773
-0.103292083740294
qdotdot5:
0.001548076825177
-0.000165607398941
qdotdot6:
0.000781164653147
-0.000121205108075
qdotdot7:
-0.008801705018674
-0.004082407429550

qdotdot1:
0.011998851319790
-0.084588420379937
qdotdot2:
0.218923699341724
-0.069177426355496
qdotdot3:
0.342194063518398
0.091839821149964
qdotdot4:
-0.619520738324107
0.046309150362277
qdotdot5:
-0.002965683067523
0.000338563565102
qdotdot6:
-0.000889496025950
0.000133201217145
qdotdot7:
0.042673901875051
-0.006948908647261

qdotdot1:
-0.035138481414217
-0.080680686384496
qdotdot2:
0.147073655729888
0.002120697066901
qdotdot3:
-0.281830527258985
0.203284103557521
qdotdot4:
0.362993975743311
-0.155453683888114
qdotdot5:
0.005511567873431
-0.000627287267932
qdotdot6:
0.000845720439758
-0.000156486000970
qdotdot7:
-0.076944466247171
0.006948943124618

qdotdot1:
0.408323968212227
-0.092124435016003
qdotdot2:
0.247067019115619
0.050019009081283
qdotdot3:
0.162502273396313
0.111498756529628
qdotdot4:
-0.916261136732688
-0.037235376039519
qdotdot5:
-0.012159889703495
0.001167696316177
qdotdot6:
-0.000729687821240
0.000118944573591
qdotdot7:
0.112112587004085
-0.018109997810772

qdotdot1:
0.234349926670670
0.040856748699860
qdotdot2:
0.375771730101892
0.130482727150530
qdotdot3:
-1.176256180418635
0.164421794007381
qdotdot4:
0.821772672856424
-0.335639339659470
qdotdot5:
0.037210693224675
-0.002792483963480
qdotdot6:
0.000465104371723
-0.000118696999684
qdotdot7:
-0.330122379690318
0.018402344569046

qdotdot1:
1.140077133569006
0.117178819110857
qdotdot2:
0.002766857530552
0.252862438767006
qdotdot3:
-0.795273461668310
-0.218656230802248
qdotdot4:
-0.466442921326332
-0.068007970234207
qdotdot5:
-0.317537307606117
0.009326133646872
qdotdot6:
0.000351591643450
0.000032776180238
qdotdot7:
0.677842955518896
-0.089110484066815

qdotdot1:
-2.001922271107721
0.488474208439058
qdotdot2:
-0.949729224172774
0.253763536959201
qdotdot3:
1.922291336522314
-0.477657451753101
qdotdot4:
0.894563613857985
-0.219917083200169
qdotdot5:
0.405095340077451
-0.094088043150760
qdotdot6:
-0.000925347861590
0.000147281025827
qdotdot7:
-0.672135061301856
0.131646477600229

qdotdot1:
0.938544824179550
-0.163503177274156
qdotdot2:
0.758676806455744
-0.055540168608240
qdotdot3:
-0.993055195470379
0.148386075636950
qdotdot4:
-0.234010157558127
0.071420525025037
qdotdot5:
-0.812548039385046
0.037841654919965
qdotdot6:
0.000713268134136
-0.000154082263039
qdotdot7:
0.721076239309838
-0.087251561768350

qdotdot1:
0.483255622507991
0.142158041282878
qdotdot2:
0.083376748463907
0.191542411975954
qdotdot3:
-0.009692879136023
-0.175027844851307
qdotdot4:
-0.946599512576215
-0.004790890851097
qdotdot5:
0.221323416229802
-0.226785475778534
qdotdot6:
-0.000484398634906
0.000078211817565
qdotdot7:
-0.113804146809611
0.147585428753270

qdotdot1:
-0.640455835346951
0.299542642044442
qdotdot2:
-1.001031891601596
0.218696190760126
qdotdot3:
0.571426076115823
-0.178184579800682
qdotdot4:
0.436456123613586
-0.313075325483693
qdotdot5:
1.489585037687216
-0.154705822940275
qdotdot6:
-0.000952312967771
-0.000079545034530
qdotdot7:
-1.177358189827545
0.110522186493021

qdotdot1:
-0.304245512647782
0.090961755952781
qdotdot2:
0.498663899607402
-0.107315545620045
qdotdot3:
-0.162327842574058
0.007914992900614
qdotdot4:
0.729768463082936
-0.170932183085534
qdotdot5:
-1.302514760844613
0.330415788765186
qdotdot6:
0.002562933448032
-0.000389690202537
qdotdot7:
0.966719428341372
-0.272914735974036

qdotdot1:
-0.276586597020871
-0.008123606557981
qdotdot2:
-0.192010367071906
0.055087156177010
qdotdot3:
0.255903195848510
-0.044951236701467
qdotdot4:
0.135802041227570
0.066735653275311
qdotdot5:
0.362941605698732
-0.093781584371808
qdotdot6:
-0.001345634611423
0.000444994876560
qdotdot7:
-0.294219517364789
0.041922265793983

qdotdot1:
0.475109161321068
-0.098201133069138
qdotdot2:
0.191913100692627
-0.007445949608414
qdotdot3:
-0.123162621541148
0.038390209184266
qdotdot4:
-0.785352845335939
0.110963074635221
qdotdot5:
0.285940301297540
0.024419667827200
qdotdot6:
0.000133744552375
0.000006754417006
qdotdot7:
-0.300543117043576
-0.053897873941591

qdotdot1:
-0.079923865974709
0.056530363451508
qdotdot2:
0.006997017195364
0.055055478883343
qdotdot3:
0.106704413037096
-0.001720860645409
qdotdot4:
0.141099578280340
-0.144807242901253
qdotdot5:
-0.165071538379991
0.117543468286678
qdotdot6:
-0.000206084428757
0.000050311764296
qdotdot7:
0.092511653480274
-0.151777456267107

qdotdot1:
-0.205496843626314
0.030501104500584
qdotdot2:
-0.064121515543185
0.057334237177140
qdotdot3:
0.006632047657208
0.033030171030508
qdotdot4:
0.340664204819370
-0.098854542589092
qdotdot5:
0.059570565461411
0.063783683702687
qdotdot6:
0.000151144366055
-0.000016804921020
qdotdot7:
-0.014424016267127
-0.121648661131269

qdotdot1:
0.053160803577152
-0.036424218631800
qdotdot2:
-0.106958270414924
0.036451419359902
qdotdot3:
0.144281427825674
0.035190067623836
qdotdot4:
-0.111593607410900
0.012091502054942
qdotdot5:
-0.081808870005995
0.083184367782943
qdotdot6:
-0.000249085423411
0.000032419122325
qdotdot7:
0.058200491471141
-0.126346212356433

qdotdot1:
0.028740544244253
-0.019111038075860
qdotdot2:
-0.123082929657196
0.001617712511262
qdotdot3:
-0.173114079096015
0.082179018932471
qdotdot4:
0.090426132266138
-0.024251821295873
qdotdot5:
0.214294466624425
0.056541208872908
qdotdot6:
0.000125498892603
-0.000048701940924
qdotdot7:
-0.042702754991896
-0.107391728046919

qdotdot1:
-0.181750514642599
-0.009750941946866
qdotdot2:
-0.259698709762250
-0.038467403610364
qdotdot3:
-0.076342853030946
0.025799974477005
qdotdot4:
0.463717261020693
0.005197770312103
qdotdot5:
-0.219305494962235
0.126331703808204
qdotdot6:
-0.000034835884073
-0.000007830004441
qdotdot7:
0.403952606104190
-0.121298976577084

qdotdot1:
0.022269423117604
-0.068942663373265
qdotdot2:
0.159752862817167
-0.123044956049600
qdotdot3:
-0.289233350563114
0.000936964331529
qdotdot4:
0.105780413332117
0.156219202019876
qdotdot5:
-0.076969038061156
0.054909238839619
qdotdot6:
0.000126553970999
-0.000019175204480
qdotdot7:
0.228948682071536
0.010258560836254

qdotdot1:
-0.138192679903208
-0.061690053981232
qdotdot2:
-0.246455941681633
-0.071017334716376
qdotdot3:
0.018413711218608
-0.093259302168303
qdotdot4:
0.236171292147247
0.190669309468741
qdotdot5:
-0.279227993235151
0.029842295462139
qdotdot6:
-0.000121522922844
0.000022040345372
qdotdot7:
0.368379551992279
0.084821577269900

qdotdot1:
-0.071853357109162
-0.106696048204046
qdotdot2:
0.243590247238777
-0.151282039730207
qdotdot3:
0.231163928467800
-0.087262404349217
qdotdot4:
-0.053869733957105
0.267584554309628
qdotdot5:
-0.283636107700635
-0.061095469542427
qdotdot6:
0.000096913282087
-0.000017536714479
qdotdot7:
0.009966886779861
0.204793836295340

qdotdot1:
0.123563021191308
-0.130096938737537
qdotdot2:
-0.539918076081338
-0.071950621686641
qdotdot3:
0.076119819162387
-0.011977936051535
qdotdot4:
0.006245054350192
0.250040492374104
qdotdot5:
-0.438866958724408
-0.153468850198314
qdotdot6:
-0.000111531024511
0.000014025584022
qdotdot7:
0.494483205400772
0.208039808868909

