0.000000000

0.000999928

0.003000021

0.004999876

0.009000063

0.010999918

0.013999939

0.014999866

0.016999960

0.020999908

0.023000002

0.024999857

0.029999971

0.036999941

0.037999868

0.039999962

0.042000055

0.044999838

0.046999931

0.049000025

0.050999880

0.052999973

0.055999994

0.057999849

0.059999943

0.062000036

0.063999891

0.065000057

0.069000006

0.069999933

0.072000027

0.073999882

0.075999975

0.095000029

0.096999884

0.099999905

0.100999832

0.108999968

0.111000061

0.112999916

0.115000010

0.131999969

0.132999897

0.134999990

0.136999846

0.138000011

0.141999960

0.144000053

0.144999981

0.146999836

0.148999929

0.151999950

0.154000044

0.157000065

0.157999992

0.159999847

0.161999941

0.164999962

0.165999889

0.167999983

0.169999838

0.171999931

0.174000025

0.177000046

0.178999901

0.180000067

0.181999922

0.184000015

0.184999943

0.188999891

0.190999985

0.191999912

0.194000006

0.195999861

0.197000027

0.201999903

0.203999996

0.205999851

0.207000017

0.208999872

0.213000059

0.214999914

0.215999842

0.217999935

0.220000029

0.220999956

0.224999905

0.228999853

0.230999947

0.233000040

0.233999968

0.237999916

0.240000010

0.241999865

0.243999958

0.244999886

0.248999834

0.250999928

0.253000021

0.253999949

0.256000042

0.259999990

0.261999846

0.263999939

0.264999866

0.266999960

0.269000053

0.271999836

0.273999929

0.276000023

0.277999878

0.279000044

0.280999899

0.283999920

0.286000013

0.287999868

0.289000034

0.292000055

0.293999910

0.296999931

0.299000025

0.300999880

0.302999973

0.303999901

0.305999994

0.309000015

0.310999870

0.312999964

0.315000057

0.315999985

0.317999840

0.320999861

0.322999954

0.325000048

0.326999903

0.327999830

0.329999924

0.333999872

0.335999966

0.338000059

0.339999914

0.340999842

0.345000029

0.346999884

0.348000050

0.349999905

0.351999998

0.355999947

0.356999874

0.358999968

0.361000061

0.362999916

0.365000010

0.368000031

0.369999886

0.371999979

0.372999907

0.375000000

0.376999855

0.379999876

0.381999969

0.384999990

0.386999846

0.388000011

0.389999866

0.392999887

0.394999981

0.396999836

0.398999929

0.401000023

0.401999950

0.405999899

0.407999992

0.408999920

0.414000034

0.417999983

0.418999910

0.421000004

0.422999859

0.424000025

0.425999880

0.428999901

0.430999994

0.437000036

0.440999985

0.441999912

0.444000006

0.445999861

0.447999954

0.450000048

0.452999830

0.454999924

0.457000017

0.457999945

0.460000038

0.463999987

0.465999842

0.467000008

0.468999863

0.470999956

0.473000050

0.476999998

0.478999853

0.480999947

0.483000040

0.483999968

0.486000061

0.488999844

0.490999937

0.493000031

0.494999886

0.496000051

0.497999907

0.500999928

0.503000021

0.504999876

0.506000042

0.507999897

0.509999990

0.513000011

0.514999866

0.516999960

0.517999887

0.519999981

0.521999836

0.524999857

0.526999950

0.529000044

0.529999971

0.532000065

0.533999920

0.536999941

0.539000034

0.540999889

0.542000055

0.543999910

0.546000004

0.549000025

0.550999880

0.552999973

0.555000067

0.556999922

0.559999943

0.562000036

0.563999891

0.565999985

0.566999912

0.569999933

0.573999882

0.575999975

0.576999903

0.578999996

0.580999851

0.582000017

0.585999966

0.588000059

0.589999914

0.590999842

0.595000029

0.598000050

0.599999905

0.600999832

0.602999926

0.605000019

0.605999947

0.609999895

0.611000061

0.612999916

0.615000010

0.615999937

0.618000031

0.621999979

0.623999834

0.625000000

0.626999855

0.628999949

0.632999897

0.634000063

0.635999918

0.638000011

0.638999939

0.641000032

0.644999981

0.646999836

0.648000002

0.651000023

0.654000044

0.657999992

0.662999868

0.664000034

0.665999889

0.669999838

0.671000004

0.672999859

0.674999952

0.677000046

0.678999901

0.681999922

0.684000015

0.685999870

0.687999964

0.688999891

0.690999985

0.694000006

0.695999861

0.697999954

0.700000048

0.700999975

0.702999830

0.707000017

0.707999945

0.710999966

0.711999893

0.713999987

0.715999842

0.718999863

0.720999956

0.721999884

0.723999977

0.725999832

0.726999998

0.730999947

0.731999874

0.733999968

0.736999989

0.738999844

0.741999865

0.743999958

0.746000051

0.747999907

0.748999834

0.753000021

0.756000042

0.756999969

0.759000063

0.760999918

0.761999846

0.766000032

0.767999887

0.769999981

0.771999836

0.773999929

0.774999857

0.779000044

0.780999899

0.782999992

0.783999920

0.786000013

0.787999868

0.790999889

0.792999983

0.793999910

0.796000004

0.802000046

0.803999901

0.805999994

0.807999849

0.809000015

0.810999870

0.813999891

0.815999985

0.817999840

0.819000006

0.820999861

0.822999954

0.826999903

0.827999830

0.829999924

0.832000017

0.833999872

0.835000038

0.838999987

0.839999914

0.842000008

0.843999863

0.845999956

0.848999977

0.851999998

0.853999853

0.855999947

0.856999874

0.858999968

0.862999916

0.865000010

0.866999865

0.868000031

0.869999886

0.871000051

0.875000000

0.876999855

0.878000021

0.879999876

0.881999969

0.885999918

0.886999846

0.888999939

0.891000032

0.892999887

0.894999981

0.898000002

0.899999857

0.901999950

0.902999878

0.904999971

0.907000065

0.909999847

0.911999941

0.914000034

0.915999889

0.917000055

0.918999910

0.921999931

0.924000025

0.925999880

0.927000046

0.928999901

0.930999994

0.934000015

0.935999870

0.937999964

0.940999985

0.941999912

0.944000006

0.947999954

0.950000048

0.951999903

0.953999996

0.955999851

0.958999872

0.960999966

0.963000059

0.964999914

0.965999842

0.970000029

0.970999956

0.973000050

0.974999905

0.976999998

0.977999926

0.981999874

0.983999968

0.984999895

0.986999989

0.988999844

0.990000010

0.993999958

0.996000051

0.996999979

0.998999834

1.000999928

1.001999855

1.006000042

1.006999969

1.009000063

1.010999918

1.013000011

1.013999939

1.017999887

1.019999981

1.021999836

1.023000002

1.024999857

1.026999950

1.029999971

1.032000065

1.034999847

1.036000013

1.037999868

1.039999962

1.042999983

1.044999838

1.046999931

1.047999859

1.049999952

1.052000046

1.055000067

1.056999922

1.059000015

1.059999943

1.062000036

1.063999891

1.066999912

1.067999840

1.070999861

1.072000027

1.073999882

1.077999830

1.079999924

1.082000017

1.082999945

1.085000038

1.086999893

1.090999842

1.092000008

1.093999863

1.095999956

1.096999884

1.098999977

1.101999998

1.103999853

1.105999947

1.106999874

1.108999968

1.111000061

1.113999844

1.115999937

1.118000031

1.118999958

1.121000051

1.122999907

1.128000021

1.128999949

1.131000042

1.132999897

1.134999990

1.136999846

1.139999866

1.141999960

1.142999887

1.144999981

1.146999836

1.148000002

1.151999950

1.154000044

1.155999899

1.161999941

1.164000034

1.167000055

1.167999983

1.169999838

1.171000004

1.174999952

1.177000046

1.177999973

1.180000067

1.181999922

1.182999849

1.187000036

1.188999891

1.190000057

1.191999912

1.192999840

1.195999861

1.198999882

1.200999975

1.201999903

1.203999996

1.205999851

1.207999945

1.210999966

1.211999893

1.213999987

1.215999842

1.217000008

1.220000029

1.223999977

1.224999905

1.226999998

1.228999853

1.230999947

1.231999874

1.236000061

1.237999916

1.238999844

1.241999865

1.243000031

1.246999979

1.247999907

1.250000000

1.251999855

1.253999949

1.257999897

1.259000063

1.260999918

1.263000011

1.264999866

1.266999960

1.270999908

1.271999836

1.273999929

1.276000023

1.277999878

1.279000044

1.282999992

1.283999920

1.286000013

1.287999868

1.289999962

1.290999889

1.294999838

1.296999931

1.297999859

1.299999952

1.302000046

1.302999973

1.306999922

1.309000015

1.309999943

1.312999964

1.315000057

1.315999985

1.319999933

1.322000027

1.323999882

1.325000048

1.326999903

1.330999851

1.332999945

1.333999872

1.335999966

1.338000059

1.338999987

1.342999935

1.343999863

1.345999956

1.348000050

1.349999905

1.350999832

1.355000019

1.356999874

1.358999968

1.359999895

1.361999989

1.363999844

1.366999865

1.368999958

1.369999886

1.371999979

1.372999907

1.375000000

1.378999949

1.379999876

1.381999969

1.384000063

1.384999990

1.386999846

1.391000032

1.392999887

1.394000053

1.395999908

1.398000002

1.399999857

1.402999878

1.404000044

1.407000065

1.408999920

1.409999847

1.411999941

1.414999962

1.417000055

1.418999910

1.419999838

1.421999931

1.424000025

1.427000046

1.428999901

1.430999994

1.431999922

1.434000015

1.435999870

1.438999891

1.440999985

1.442999840

1.444999933

1.445999861

1.447999954

1.451999903

1.453999996

1.455999851

1.457999945

1.458999872

1.463000059

1.464999914

1.467000008

1.467999935

1.470000029

1.471999884

1.474999905

1.475999832

1.477999926

1.480000019

1.480999947

1.483000040

1.486000061

1.487999916

1.490000010

1.491999865

1.493000031

1.494999886

1.500000000

1.500999928

1.503000021

1.504999876

1.506000042

1.507999897

1.510999918

1.513000011

1.519000053

1.523000002

1.523999929

1.526000023

1.527999878

1.529000044

1.530999899

1.534999847

1.536000013

1.537999868

1.539999962

1.542000055

1.542999983

1.546999931

1.547999859

1.549999952

1.552000046

1.553999901

1.557999849

1.559000015

1.560999870

1.562999964

1.565000057

1.565999985

1.569999933

1.572000027

1.572999954

1.575000048

1.576999903

1.578999996

1.582000017

1.583999872

1.585999966

1.588000059

1.588999987

1.590999842

1.595000029

1.596999884

1.598999977

1.599999905

1.601999998

1.603999853

1.606999874

1.608999968

1.611000061

1.611999989

1.613999844

1.615999937

1.618999958

1.621000051

1.622999907

1.623999834

1.625999928

1.628000021

1.631000042

1.632999897

1.634999990

1.636999846

1.638000011

1.639999866

1.644000053

1.644999981

1.646999836

1.648999929

1.651000023

1.652999878

1.655999899

1.657999992

1.658999920

1.661000013

1.661999941

1.664000034

1.667999983

1.668999910

1.671000004

1.674000025

1.675999880

1.678999901

1.680999994

1.682999849

1.684999943

1.687000036

1.688999891

1.692999840

1.694999933

1.695999861

1.697999954

1.700000048

1.700999975

1.704999924

1.707000017

1.707999945

1.710000038

1.711999893

1.715999842

1.717000008

1.718999863

1.720999956

1.721999884

1.723999977

1.727999926

1.728999853

1.730999947

1.733000040

1.733999968

1.736000061

1.737999916

1.740999937

1.743000031

1.744999886

1.746000051

1.747999907

1.748999834

1.753000021

1.754999876

1.756999969

1.757999897

1.759999990

1.763999939

1.766000032

1.767999887

1.769000053

1.770999908

1.773999929

1.776000023

1.777999878

1.780999899

1.782000065

1.783999920

1.787999868

1.789000034

1.790999889

1.792999983

1.793999910

1.796000004

1.799999952

1.800999880

1.802999973

1.805000067

1.806999922

1.809000015

1.812000036

1.813999891

1.815999985

1.819000006

1.820999861

1.823999882

1.825999975

1.827999830

1.828999996

1.830999851

1.832999945

1.836999893

1.838000059

1.839999914

1.842000008

1.843999863

1.845999956

1.848999977

1.850999832

1.851999998

1.853999853

1.855999947

1.858999968

1.861000061

1.862999916

1.865000010

1.865999937

1.868000031

1.876999855

1.878999949

1.879999876

1.884000063

1.884999990

1.886999846

1.888999939

1.891000032

1.892999887

1.895999908

1.898000002

1.899999857

1.901999950

1.904000044

1.904999971

1.908999920

1.911000013

1.911999941

1.914000034

1.915999889

1.917000055

1.921000004

1.922999859

1.924000025

1.925999880

1.927999973

1.928999901

1.932999849

1.934000015

1.935999870

1.937999964

1.940000057

1.944000006

1.945999861

1.947999954

1.950000048

1.950999975

1.954999924

1.955999851

1.957999945

1.960000038

1.961999893

1.963000059

1.967999935

1.968999863

1.970999956

1.973000050

1.974999905

1.975999832

1.980000019

1.980999947

1.983000040

1.984999895

1.986000061

1.987999916

1.991999865

1.993000031

1.994999886

1.996999979

1.997999907

2.000000000

2.003999949

2.004999876

2.006999969

2.009000063

2.010999918

2.011999846

2.016000032

2.016999960

2.019000053

2.020999908

2.021999836

2.023999929

2.027999878

2.029000044

2.030999899

2.032999992

2.034999847

2.036000013

2.039999962

2.040999889

2.042999983

2.044999838

2.046000004

2.047999859

2.052000046

2.053999901

2.055999994

2.056999922

2.059000015

2.063999891

2.065999985

2.067999840

2.069000006

2.070999861

2.072999954

2.076999903

2.078999996

2.080999851

2.082000017

2.083999872

2.085999966

2.088999987

2.090999842

2.092000008

2.093999863

2.095999956

2.098000050

2.100999832

2.102999926

2.105000019

2.105999947

2.108000040

2.109999895

2.112999916

2.115000010

2.115999937

2.118000031

2.119999886

2.121000051

2.125000000

2.125999928

2.128000021

2.129999876

2.131999969

2.134000063

2.136999846

2.138999939

2.141000032

2.141999960

2.144000053

2.145999908

2.148999929

2.151000023

2.152999878

2.154999971

2.157000065

2.161000013

2.162999868

2.164000034

2.165999889

2.167999983

2.168999910

2.172999859

2.174000025

2.175999880

2.177999973

2.180000067

2.184000015

2.184999943

2.187000036

2.188999891

2.190999985

2.192999840

2.195999861

2.197999954

2.200000048

2.201999903

2.202999830

2.204999924

2.208999872

2.210999966

2.211999893

2.213999987

2.215999842

2.217000008

2.220999956

2.221999884

2.223999977

2.225999832

2.226999998

2.228999853

2.233000040

2.238999844

2.240000010

2.243999958

2.247999907

2.248999834

2.250999928

2.253000021

2.256000042

2.257999897

2.259999990

2.261999846

2.263999939

2.264999866

2.269000053

2.270999908

2.271999836

2.273999929

2.274999857

2.276999950

2.280999899

2.282000065

2.283999920

2.286000013

2.287999868

2.289000034

2.292999983

2.293999910

2.296000004

2.297999859

2.299000025

2.300999880

2.305000067

2.305999994

2.307999849

2.309999943

2.310999870

2.312999964

2.316999912

2.319000006

2.322999954

2.323999882

2.327999830

2.329999924

2.330999851

2.332999945

2.335000038

2.335999966

2.339999914

2.342999935

2.345000029

2.345999956

2.348000050

2.349999905

2.352999926

2.355000019

2.356999874

2.358999968

2.359999895

2.363999844

2.365999937

2.368000031

2.368999958

2.371000051

2.372999907

2.375999928

2.378000021

2.379999876

2.381000042

2.382999897

2.384999990

2.388999939

2.389999866

2.391999960

2.394000053

2.394999981

2.396999836

2.399999857

2.401999950

2.404000044

2.404999971

2.407000065

2.408999920

2.411999941

2.414000034

2.415999889

2.417000055

2.418999910

2.421000004

2.424000025

2.425999880

2.427999973

2.428999901

2.430999994

2.432999849

2.437000036

2.438999891

2.440999985

2.442999840

2.444000006

2.445999861

2.448999882

2.450999975

2.452999830

2.454999924

2.457000017

2.460000038

2.461999893

2.463999987

2.465999842

2.467000008

2.468999863

2.471999884

2.473999977

2.475999832

2.476999998

2.478999853

2.480999947

2.483999968

2.486000061

2.487999916

2.488999844

2.490999937

2.493000031

2.496000051

2.497999907

2.500000000

2.500999928

2.503000021

2.504999876

2.507999897

2.509999990

2.511999846

2.513999939

2.514999866

2.516999960

2.520999908

2.521999836

2.523999929

2.526000023

2.526999950

2.529999971

2.533999920

2.534999847

2.536999941

2.539000034

2.539999962

2.542000055

2.546000004

2.546999931

2.549000025

2.550999880

2.552000046

2.555999994

2.557999849

2.559000015

2.560999870

2.562999964

2.565000057

2.567999840

2.569999933

2.572000027

2.573999882

2.575999975

2.576999903

2.580999851

2.582000017

2.583999872

2.585999966

2.588000059

2.593999863

2.595999956

2.598000050

2.598999977

2.600999832

2.605000019

2.606999874

2.608000040

2.609999895

2.611999989

2.613999844

2.616999865

2.618000031

2.619999886

2.622999907

2.623999834

2.625999928

2.629999876

2.632999897

2.634999990

2.636999846

2.638000011

2.641999960

2.644000053

2.644999981

2.646999836

2.648999929

2.649999857

2.654000044

2.655999899

2.657000065

2.658999920

2.661000013

2.661999941

2.665999889

2.667999983

2.668999910

2.671000004

2.672999859

2.677000046

2.677999973

2.680000067

2.681999922

2.682999849

2.687000036

2.690000057

2.691999912

2.694000006

2.694999933

2.697000027

2.700000048

2.701999903

2.703999996

2.705999851

2.708999872

2.713000059

2.713999987

2.717000008

2.718999863

2.720000029

2.721999884

2.725999832

2.727999926

2.728999853

2.730999947

2.733000040

2.733999968

2.737999916

2.738999844

2.740999937

2.743000031

2.743999958

2.746000051

2.750000000

2.750999928

2.753000021

2.754999876

2.756999969

2.760999918

2.761999846

2.763999939

2.766000032

2.767999887

2.769999981

2.773000002

2.774999857

2.776999950

2.777999878

2.779999971

2.782000065

2.784999847

2.786999941

2.789000034

2.789999962

2.792000055

2.793999910

2.796999931

2.799000025

2.800999880

2.802000046

2.803999901

2.805999994

2.809999943

2.812000036

2.813999891

2.815000057

2.816999912

2.819000006

2.822999954

2.823999882

2.825999975

2.827999830

2.828999996

2.830999851

2.835000038

2.835999966

2.838000059

2.839999914

2.842000008

2.845000029

2.846999884

2.848999977

2.850999832

2.851999998

2.853999853

2.856999874

2.858999968

2.861000061

2.861999989

2.863999844

2.865999937

2.869999886

2.871000051

2.872999907

2.875000000

2.875999928

2.878000021

2.881999969

2.884000063

2.884999990

2.886999846

2.888999939

2.889999866

2.894000053

2.895999908

2.896999836

2.898999929

2.901000023

2.904000044

2.907000065

2.908999920

2.909999847

2.911999941

2.912999868

2.914999962

2.918999910

2.919999838

2.921999931

2.924000025

2.924999952

2.927000046

2.930999994

2.932999849

2.934000015

2.935999870

2.937999964

2.941999912

2.942999840

2.944999933

2.950999975

2.954999924

2.957000017

2.958999872

2.960000038

2.961999893

2.965999842

2.967999935

2.968999863

2.970999956

2.973000050

2.973999977

2.977999926

2.978999853

2.980999947

2.983000040

2.983999968

2.986000061

2.990000010

2.990999937

2.993000031

2.994999886

2.996999979

2.998999834

3.003000021

3.004999876

3.006000042

3.007999897

3.010999918

3.014999866

3.016999960

3.017999887

3.019999981

3.020999908

3.023000002

3.026999950

3.027999878

3.029999971

3.032000065

3.032999992

3.034999847

3.039000034

3.039999962

3.042000055

3.043999910

3.044999838

3.046999931

3.049999952

3.052000046

3.053999901

3.055999994

3.056999922

3.060999870

3.062999964

3.065000057

3.066999912

3.067999840

3.069999933

3.073999882

3.075999975

3.077999830

3.078999996

3.080999851

3.083999872

3.085999966

3.088000059

3.090999842

3.092000008

3.093999863

3.098000050

3.098999977

3.100999832

3.102999926

3.103999853

3.105999947

3.109999895

3.111999989

3.113999844

3.115000010

3.116999865

3.118999958

3.121999979

3.123999834

3.125999928

3.126999855

3.128999949

3.131000042

3.134000063

3.135999918

3.138000011

3.139999866

3.141000032

3.142999887

3.145999908

3.148000002

3.149999857

3.151000023

3.152999878

3.155999899

3.157999992

3.159999847

3.161999941

3.162999868

3.164999962

3.168999910

3.169999838

3.171999931

3.174000025

3.175999880

3.177000046

3.180999994

3.181999922

3.184999943

3.188999891

3.190999985

3.194000006

3.195999861

3.197999954

3.200000048

3.200999975

3.202999830

3.207000017

3.207999945

3.210000038

3.211999893

3.213000059

3.214999914

3.218999863

3.220999956

3.221999884

3.223999977

3.225999832

3.227999926

3.230999947

3.231999874

3.233999968

3.236000061

3.236999989

3.238999844

3.243000031

3.243999958

3.246000051

3.247999907

3.250000000

3.253999949

3.256000042

3.257999897

3.259000063

3.260999918

3.264999866

3.266000032

3.267999887

3.269999981

3.271999836

3.273000002

3.277999878

3.279000044

3.280999899

3.282999992

3.284999847

3.286000013

3.289999962

3.292000055

3.293999910

3.294999838

3.296999931

3.299000025

3.302000046

3.303999901

3.305999994

3.313999891

3.315999985

3.316999912

3.319000006

3.320999861

3.322999954

3.325999975

3.327999830

3.329999924

3.330999851

3.332999945

3.335000038

3.338000059

3.339999914

3.340999842

3.342999935

3.345000029

3.346999884

3.350999832

3.351999998

3.353999853

3.355999947

3.358000040

3.361000061

3.362999916

3.365000010

3.365999937

3.368000031

3.371000051

3.373999834

3.375999928

3.378000021

3.379999876

3.381999969

3.384999990

3.386999846

3.388999939

3.391000032

3.391999960

3.394000053

3.396999836

3.398999929

3.401000023

3.402999878

3.404000044

3.405999899

3.407000065

3.411000013

3.411999941

3.414000034

3.415999889

3.417000055

3.418999910

3.422999859

3.424000025

3.425999880

3.427999973

3.430999994

3.434000015

3.435999870

3.437999964

3.438999891

3.440999985

3.447000027

3.448999882

3.450000048

3.451999903

3.453999996

3.457000017

3.458999872

3.460999966

3.461999893

3.464999914

3.467000008

3.470000029

3.471999884

3.473999977

3.475999832

3.476999998

3.478999853

3.481999874

3.483999968

3.486000061

3.487999916

3.488999844

3.490999937

3.503000021

3.506999969

3.516000032

3.526000023

3.537999868

3.550999880

3.555000067

3.557999849

3.559000015

3.560999870

3.562999964

3.566999912

3.569000006

3.570999861

3.572999954

3.573999882

3.577999830

3.578999996

3.580999851

3.582999945

3.585000038

3.585999966

3.589999914

3.592000008

3.592999935

3.595000029

3.596999884

3.598000050

3.601999998

3.603999853

3.605999947

3.606999874

3.608999968

3.611000061

3.613999844

3.615999937

3.618000031

3.618999958

3.621000051

3.622999907

3.625999928

3.628000021

3.629999876

3.631999969

3.634000063

3.634999990

3.638999939

3.641000032

3.641999960

3.644000053

3.644999981

3.646999836

3.651999950

3.654000044

3.659999847

3.662999868

3.664999962

3.667000055

3.667999983

3.669999838

3.671999931

3.674999952

3.677000046

3.678999901

3.680999994

3.681999922

3.684000015

3.687999964

3.688999891

3.691999912

3.694000006

3.695999861

3.698999882

3.700999975

3.702999830

3.703999996

3.705999851

3.707999945

3.710999966

3.713000059

3.714999914

3.715999842

3.717999935

3.718999863

3.723000050

3.724999905

3.725999832

3.727999926

3.730000019

3.731999874

3.734999895

3.736999989

3.738999844

3.740000010

3.741999865

3.743999958

3.747999907

3.750000000

3.751999855

3.753999949

3.754999876

3.759000063

3.759999990

3.763000011

3.763999939

3.766000032

3.767999887

3.770999908

3.773000002

3.774999857

3.776000023

3.777999878

3.779999971

3.782999992

3.784999847

3.786999941

3.787999868

3.789999962

3.792000055

3.794999838

3.796999931

3.799000025

3.799999952

3.802000046

3.803999901

3.806999922

3.809000015

3.810999870

3.812999964

3.813999891

3.815999985

3.819000006

3.820999861

3.822999954

3.825000048

3.825999975

3.827999830

3.832000017

3.832999945

3.835000038

3.836999893

3.838999987

3.840999842

3.843999863

3.845999956

3.848000050

3.848999977

3.850999832

3.852999926

3.855999947

3.858000040

3.859999895

3.861999989

3.863999844

3.866999865

3.868999958

3.871000051

3.871999979

3.873999834

3.875999928

3.879999876

3.881000042

3.882999897

3.884999990

3.885999918

3.888000011

3.891000032

3.892999887

3.894999981

3.895999908

3.898000002

3.899999857

3.902999878

3.904999971

3.907000065

3.907999992

3.909999847

3.911999941

3.914999962

3.917000055

3.918999910

3.919999838

3.921999931

3.924000025

3.927000046

3.928999901

3.930999994

3.934000015

3.934999943

3.937000036

3.940999985

3.942999840

3.944000006

3.945999861

3.947999954

3.950999975

3.952999830

3.954999924

3.957999945

3.958999872

3.963000059

3.964999914

3.965999842

3.967999935

3.970000029

3.970999956

3.974999905

3.976999998

3.977999926

3.980000019

3.980999947

3.983000040

3.986999989

3.987999916

3.990000010

3.991999865

3.993000031

3.994999886

3.998999834

4.000999928

4.001999855

4.003999949

4.006000042

4.007999897

4.010999918

4.016999960

4.019000053

4.023000002

4.023999929

4.026999950

4.029000044

4.030999899

4.032000065

4.036000013

4.036999941

4.039000034

4.040999889

4.042000055

4.043999910

4.046999931

4.049000025

4.050999880

4.052999973

4.053999901

4.055999994

4.059999943

4.062000036

4.062999964

4.065000057

4.065999985

4.067999840

4.072000027

4.073999882

4.075000048

4.076999903

4.078999996

4.079999924

4.083999872

4.085999966

4.086999893

4.088999987

4.090999842

4.093999863

4.095999956

4.098000050

4.099999905

4.100999832

4.102999926

4.106999874

4.108000040

4.111999989

4.112999916

4.115000010

4.118000031

4.121000051

4.123999834

4.125000000

4.126999855

4.128999949

4.131999969

4.134000063

4.135999918

4.136999846

4.138999939

4.141000032

4.144000053

4.145999908

4.148000002

4.148999929

4.151000023

4.152999878

4.157000065

4.158999920

4.159999847

4.161999941

4.164000034

4.167000055

4.168999910

4.171000004

4.171999931

4.174000025

4.175999880

4.178999901

4.181999922

4.182999849

4.184999943

4.187000036

4.190000057

4.191999912

4.194000006

4.195999861

4.197999954

4.200000048

4.203999996

4.204999924

4.207000017

4.208999872

4.210000038

4.211999893

4.217000008

4.217999935

4.220000029

4.221999884

4.223000050

4.224999905

4.228999853

4.230999947

4.231999874

4.233999968

4.234999895

4.236999989

4.240999937

4.243000031

4.243999958

4.246000051

4.247999907

4.250999928

4.253999949

4.256000042

4.259000063

4.260999918

4.263999939

4.266000032

4.267999887

4.269000053

4.270999908

4.273000002

4.276000023

4.277999878

4.279999971

4.280999899

4.282999992

4.284999847

4.287999868

4.289999962

4.292000055

4.292999983

4.294999838

4.296999931

4.299999952

4.302000046

4.302999973

4.305000067

4.307999849

4.309999943

4.312999964

4.315000057

4.316999912

4.317999840

4.319999933

4.322000027

4.325000048

4.326999903

4.328999996

4.330999851

4.332000017

4.333999872

4.338000059

4.338999987

4.340999842

4.342999935

4.345000029

4.345999956

4.349999905

4.351999998

4.353999853

4.355000019

4.356999874

4.359999895

4.361999989

4.365000010

4.366999865

4.368999958

4.371999979

4.378000021

4.379999876

4.384000063

4.385999918

4.386999846

4.388999939

4.391000032

4.392999887

4.395999908

4.398000002

4.401000023

4.401999950

4.404000044

4.405999899

4.408999920

4.411000013

4.412999868

4.414999962

4.415999889

4.417999983

4.421999931

4.422999859

4.424999952

4.427000046

4.427999973

4.430000067

4.434000015

4.435999870

4.437000036

4.438999891

4.440999985

4.444000006

4.445999861

4.447999954

4.450000048

4.450999975

4.452999830

4.457000017

4.458999872

4.460999966

4.461999893

4.463999987

4.467999935

4.470000029

4.470999956

4.473000050

4.474999905

4.475999832

4.480000019

4.481999874

4.483999968

4.484999895

4.486999989

4.488999844

4.491999865

4.494999886

4.496999979

4.497999907

4.500000000

4.501999855

4.506000042

4.506999969

4.509000063

4.510999918

4.511999846

4.513999939

4.517999887

4.519999981

4.520999908

4.523000002

4.524999857

4.526000023

4.529999971

4.532000065

4.532999992

4.534999847

4.536999941

4.539999962

4.542000055

4.543999910

4.546000004

4.546999931

4.549000025

4.552999973

4.553999901

4.555999994

4.559000015

4.559999943

4.563999891

4.565999985

4.567999840

4.569999933

4.570999861

4.572999954

4.576999903

4.577999830

4.579999924

4.582000017

4.582999945

4.585000038

4.589999914

4.590999842

4.592999935

4.595000029

4.595999956

4.598000050

4.601999998

4.602999926

4.605000019

4.606999874

4.608000040

4.609999895

4.613999844

4.615000010

4.616999865

4.618999958

4.619999886

4.621999979

4.625999928

4.628000021

4.628999949

4.631000042

4.632999897

4.635999918

4.638000011

4.639999866

4.641000032

4.642999887

4.644999981

4.648000002

4.649999857

4.651999950

4.654000044

4.654999971

4.657000065

4.661999941

4.667000055

4.667999983

4.669999838

4.674000025

4.675999880

4.677000046

4.681999922

4.684999943

4.687000036

4.688999891

4.690999985

4.692999840

4.694000006

4.697999954

4.700000048

4.701999903

4.703999996

4.704999924

4.707000017

4.710999966

4.711999893

4.713999987

4.715999842

4.717000008

4.718999863

4.723000050

4.724999905

4.725999832

4.727999926

4.728999853

4.730999947

4.734999895

4.736000061

4.741999865

4.746000051

4.747999907

4.750000000

4.750999928

4.753000021

4.754999876

4.757999897

4.759999990

4.761999846

4.763000011

4.764999866

4.769000053

4.770999908

4.771999836

4.774999857

4.776999950

4.779000044

4.782999992

4.783999920

4.786000013

4.787999868

4.789999962

4.792999983

4.794999838

4.796999931

4.799000025

4.799999952

4.802000046

4.805999994

4.807999849

4.809000015

4.810999870

4.812999964

4.813999891

4.817999840

4.819999933

4.822000027

4.822999954

4.825000048

4.826999903

4.829999924

4.832000017

4.833999872

4.835000038

4.836999893

4.838999987

4.842000008

4.843999863

4.845999956

4.846999884

4.848999977

4.850999832

4.853999853

4.858000040

4.861000061

4.862999916

4.865999937

4.868999958

4.871000051

4.872999907

4.873999834

4.875999928

4.879999876

4.881000042

4.882999897

4.884000063

4.885999918

4.888000011

4.891999960

4.892999887

4.894999981

4.896999836

4.898000002

4.899999857

4.904000044

4.904999971

4.907000065

4.908999920

4.909999847

4.911999941

4.915999889

4.917999983

4.918999910

4.921000004

4.922999859

4.924000025

4.927999973

4.928999901

4.930999994

4.932999849

4.934999943

4.935999870

4.940000057

4.940999985

4.942999840

4.944999933

4.947000027

4.950000048

4.951999903

4.953999996

4.955999851

4.957000017

4.958999872

4.963999987

4.965999842

4.967000008

4.968999863

4.970999956

4.973999977

4.975999832

4.977999926

4.980000019

4.980999947

4.983000040

4.986999989

4.988999844

4.990999937

4.991999865

4.993999958

4.996000051

5.000000000

5.000999928

5.003000021

5.004999876

5.006000042

5.007999897

5.010999918

5.013000011

5.014999866

5.016999960

5.017999887

5.019999981

5.023000002

5.026000023

5.026999950

5.029000044

5.030999899

5.033999920

5.036000013

5.037999868

5.039999962

5.040999889

5.042999983

5.046000004

5.047999859

5.049999952

5.052000046

5.052999973

5.055999994

5.059999943

5.062000036

5.063999891

5.065999985

5.066999912

5.070999861

5.072999954

5.075000048

5.076999903

5.077999830

5.079999924

5.083999872

5.085000038

5.086999893

5.088999987

5.089999914

5.092000008

5.095000029

5.098000050

5.098999977

5.100999832

5.106999874

5.108999968

5.111000061

5.111999989

5.113999844

5.115999937

5.118999958

5.121000051

5.122999907

5.125000000

5.125999928

5.128000021

5.131000042

5.134000063

5.134999990

5.136999846

5.138999939

5.139999866

5.144000053

5.144999981

5.146999836

5.149999857

5.151999950

5.154999971

5.157000065

5.158999920

5.161999941

5.162999868

5.164999962

5.167999983

5.171000004

5.171999931

5.174000025

5.175999880

5.177000046

5.180999994

5.182999849

5.184999943

5.185999870

5.187999964

5.190999985

5.192999840

5.194999933

5.197000027

5.198999882

5.200000048

5.203999996

5.205999851

5.207999945

5.210000038

5.211999893

5.214999914

5.217000008

5.218999863

5.220999956

5.221999884

5.223999977

5.226999998

5.228999853

5.230999947

5.233000040

5.233999968

5.236000061

5.238999844

5.240999937

5.243999958

5.246000051

5.246999979

5.248999834

5.253000021

5.254999876

5.256000042

5.257999897

5.259999990

5.263999939

5.266000032

5.267999887

5.269000053

5.270999908

5.273000002

5.276000023

5.277999878

5.279000044

5.280999899

5.282999992

5.284999847

5.287999868

5.289999962

5.292000055

5.292999983

5.294999838

5.296999931

5.299999952

5.302000046

5.303999901

5.305000067

5.309000015

5.312000036

5.313999891

5.315999985

5.317999840

5.319999933

5.322999954

5.325000048

5.326999903

5.327999830

5.329999924

5.332000017

5.335000038

5.338000059

5.339999914

5.342000008

5.342999935

5.345000029

5.348000050

5.349999905

5.351999998

5.353999853

5.355000019

5.356999874

5.359999895

5.363999844

5.365000010

5.366999865

5.368999958

5.371999979

5.373999834

5.375999928

5.378000021

5.378999949

5.381000042

5.384000063

5.385999918

5.388000011

5.389999866

5.391000032

5.392999887

5.396999836

5.398999929

5.401000023

5.401999950

5.404000044

5.405999899

5.408999920

5.411000013

5.412999868

5.414000034

5.415999889

5.417999983

5.421000004

5.422999859

5.424000025

5.425999880

5.427999973

5.430000067

5.434000015

5.435999870

5.437999964

5.438999891

5.440999985

5.442999840

5.445999861

5.447999954

5.450000048

5.450999975

5.452999830

5.454999924

5.457999945

5.460000038

5.460999966

5.463999987

5.470000029

5.471999884

5.473999977

5.475999832

5.477999926

5.480999947

5.483000040

5.483999968

5.486000061

5.487999916

5.490000010

5.500999928

5.503999949

5.506000042

5.507999897

5.509000063

5.510999918

5.511999846

5.513999939

5.517999887

5.519000053

5.520999908

5.523999929

5.524999857

5.526999950

5.530999899

5.532000065

5.533999920

5.536000013

5.536999941

5.539000034

5.542000055

5.543999910

5.546000004

5.547999859

5.549000025

5.550999880

5.553999901

5.555999994

5.557999849

5.559999943

5.562000036

5.565000057

5.566999912

5.569000006

5.570999861

5.572000027

5.573999882

5.576999903

5.578999996

5.580999851

5.582000017

5.583999872

5.585999966

5.588999987

5.590999842

5.592999935

5.595000029

5.596999884

5.599999905

5.601999998

5.603999853

5.605000019

5.606999874

5.608999968

5.611999989

5.613999844

5.615999937

5.618999958

5.619999886

5.621999979

5.625999928

5.626999855

5.628999949

5.631000042

5.631999969

5.634000063

5.636999846

5.638999939

5.641000032

5.642999887

5.644000053

5.645999908

5.648999929

5.651000023

5.652999878

5.654999971

5.657000065

5.657999992

5.661999941

5.664000034

5.665999889

5.667000055

5.668999910

5.671000004

5.674000025

5.675999880

5.677999973

5.678999901

5.680999994

5.684999943

5.687000036

5.690000057

5.690999985

5.692999840

5.694999933

5.697999954

5.700000048

5.701999903

5.703999996

5.704999924

5.707000017

5.710999966

5.713000059

5.714999914

5.715999842

5.717999935

5.718999863

5.723000050

5.724999905

5.726999998

5.727999926

5.730000019

5.731999874

5.734999895

5.736999989

5.738999844

5.740000010

5.741999865

5.743999958

5.746999979

5.748999834

5.750999928

5.751999855

5.753999949

5.756000042

5.759000063

5.760999918

5.763000011

5.764999866

5.766999960

5.769999981

5.771999836

5.773999929

5.774999857

5.776999950

5.779000044

5.782000065

5.783999920

5.786000013

5.786999941

5.789000034

5.790999889

5.793999910

5.796000004

5.797999859

5.799000025

5.800999880

5.802999973

5.806999922

5.809000015

5.810999870

5.812000036

5.813999891

5.815999985

5.819000006

5.825000048

5.826999903

5.830999851

5.832999945

5.833999872

5.835999966

5.838000059

5.839999914

5.842999935

5.845999956

5.846999884

5.848999977

5.850999832

5.853999853

5.855999947

5.858000040

5.859999895

5.861000061

5.862999916

5.866999865

5.868999958

5.871000051

5.871999979

5.873999834

5.876999855

5.878999949

5.881000042

5.882999897

5.884000063

5.885999918

5.888999939

5.891000032

5.892999887

5.894999981

5.895999908

5.898999929

5.901999950

5.904000044

5.905999899

5.907999992

5.908999920

5.911000013

5.914000034

5.915999889

5.917999983

5.919999838

5.921000004

5.922999859

5.925999880

5.927999973

5.930000067

5.931999922

5.934000015

5.934999943

5.938999891

5.940999985

5.944999933

5.947999954

5.950999975

5.952999830

5.954999924

5.957000017

5.957999945

5.960000038

5.965999842

5.967000008

5.968999863

5.970999956

5.973999977

5.975999832

5.978999853

5.980000019

5.981999874

5.983999968

5.986999989

5.988999844

5.991999865

5.993000031

5.994999886

5.996999979

6.000000000

6.001999855

6.003999949

6.006000042

6.006999969

6.009000063

6.013000011

6.013999939

6.016000032

6.017999887

6.019000053

6.020999908

6.023999929

6.026000023

6.027999878

6.029999971

6.030999899

6.032999992

6.036000013

6.037999868

6.039999962

6.040999889

6.042999983

6.044999838

6.049000025

6.049999952

6.052000046

6.053999901

6.055999994

6.059000015

6.060999870

6.062999964

6.065999985

6.067999840

6.070999861

6.072999954

6.075000048

6.076999903

6.077999830

6.079999924

6.085000038

6.085999966

6.088000059

6.089999914

6.092000008

6.092999935

6.096999884

6.098999977

6.099999905

6.101999998

6.103999853

6.105000019

6.108999968

6.111000061

6.112999916

6.113999844

6.115999937

6.118000031

6.121000051

6.122999907

6.125000000

6.126999855

6.128000021

6.129999876

6.132999897

6.134999990

6.136999846

6.138000011

6.139999866

6.141999960

6.144999981

6.146999836

6.148999929

6.151000023

6.151999950

6.154000044

6.157000065

6.158999920

6.161000013

6.162999868

6.164000034

6.167000055

6.168999910

6.171999931

6.172999859

6.174999952

6.177000046

6.180999994

6.187000036

6.187999964

6.191999912

6.194000006

6.195999861

6.197000027

6.198999882

6.200999975

6.203999996

6.205999851

6.207999945

6.210000038

6.210999966

6.213000059

6.215999842

6.217999935

6.220000029

6.221999884

6.223999977

6.224999905

6.228999853

6.230999947

6.231999874

6.233999968

6.236000061

6.237999916

6.240999937

6.243000031

6.244999886

6.246000051

6.247999907

6.250000000

6.253000021

6.254999876

6.256999969

6.259000063

6.259999990

6.261999846

6.266999960

6.269000053

6.269999981

6.273000002

6.276000023

6.277999878

6.279999971

6.282000065

6.282999992

6.284999847

6.289000034

6.289999962

6.292000055

6.293999910

6.296000004

6.296999931

6.300999880

6.302999973

6.305000067

6.305999994

6.307999849

6.309999943

6.313999891

6.315000057

6.316999912

6.319000006

6.322000027

6.325000048

6.326999903

6.328999996

6.330999851

